334,28.99,27.73
517,28.99,27.73
454,28.99,27.73
314,28.99,27.73
395,28.99,27.73
451,28.99,27.73
579,28.99,27.73
284,28.99,27.73
543,28.99,27.73
443,28.99,27.73
601,28.99,27.73
521,28.99,27.73
431,28.99,27.73
329,28.99,27.73
515,28.99,27.73
417,28.99,27.73
420,28.99,27.73
637,28.99,27.73
371,28.99,27.73
531,28.99,27.73
320,28.99,27.73
519,28.97,27.73
209,28.97,27.73
864,28.97,27.73
605,28.97,27.73
531,28.97,27.73
443,28.97,27.73
809,28.97,27.73
542,28.97,27.73
453,28.97,27.73
444,28.97,27.73
445,28.97,27.73
490,28.97,27.73
304,28.97,27.73
708,28.97,27.73
128,28.97,27.73
655,28.97,27.73
427,28.97,27.73
686,28.97,27.73
343,28.97,27.73
810,28.97,27.73
828,28.97,27.73
674,28.97,27.73
351,28.97,27.73
871,28.97,27.73
418,28.97,27.73
166,28.97,27.73
405,28.97,27.73
285,28.97,27.73
406,28.97,27.73
125,28.97,27.73
547,28.97,27.73
134,28.97,27.73
586,28.97,27.73
374,28.97,27.73
800,28.97,27.73
472,28.97,27.73
428,28.97,27.73
487,28.97,27.73
536,28.97,27.73
302,28.97,27.73
387,28.97,27.73
566,28.97,27.73
386,28.97,27.73
467,28.97,27.73
465,28.97,27.73
688,28.97,27.73
230,28.97,27.73
542,28.97,27.73
461,28.97,27.73
666,28.97,27.73
122,28.97,27.73
830,28.97,27.73
509,28.97,27.73
717,28.97,27.73
359,28.97,27.73
700,28.97,27.73
704,28.97,27.73
657,28.97,27.73
656,28.97,27.73
576,28.97,27.73
794,28.97,27.73
395,28.97,27.73
770,28.97,27.73
241,28.97,27.73
693,28.97,27.73
550,28.97,27.73
712,28.97,27.73
329,28.97,27.73
534,28.97,27.73
670,28.97,27.73
833,28.97,27.73
537,28.97,27.73
543,28.97,27.73
741,28.97,27.73
391,28.97,27.73
561,28.97,27.73
639,28.97,27.73
617,28.97,27.73
476,28.97,27.73
579,28.97,27.73
562,28.97,27.73
459,28.97,27.73
297,28.97,27.73
407,28.97,27.81
675,28.97,27.81
414,28.97,27.81
615,28.97,27.81
820,28.97,27.81
716,28.97,27.81
414,28.97,27.81
762,28.97,27.81
529,28.97,27.81
606,28.97,27.81
151,28.97,27.81
880,28.97,27.81
486,28.97,27.81
788,28.97,27.81
455,28.97,27.81
585,28.97,27.81
394,28.97,27.81
330,28.97,27.81
637,28.97,27.81
335,28.97,27.81
565,28.97,27.81
395,28.97,27.81
865,28.97,27.81
123,28.97,27.81
730,28.97,27.81
134,28.97,27.81
631,28.97,27.81
175,28.97,27.81
430,28.97,27.81
495,28.97,27.81
206,28.97,27.81
666,28.97,27.81
382,28.97,27.81
577,28.97,27.81
119,28.97,27.81
686,28.97,27.81
547,28.97,27.81
363,28.97,27.81
272,28.97,27.81
697,28.97,27.81
473,28.97,27.81
586,28.97,27.81
457,28.97,27.81
720,28.97,27.81
354,28.97,27.81
656,28.97,27.81
348,28.97,27.81
357,28.97,27.81
691,28.97,27.81
491,28.97,27.81
729,28.97,27.81
229,28.97,27.81
631,28.97,27.81
502,28.97,27.81
808,28.97,27.81
484,28.97,27.81
677,28.97,27.81
579,28.97,27.81
856,28.97,27.81
415,28.97,27.81
677,28.97,27.85
531,28.97,27.85
624,28.97,27.85
561,28.97,27.85
435,28.97,27.85
555,28.97,27.85
275,28.97,27.85
745,28.97,27.85
369,28.97,27.85
711,28.97,27.85
274,28.97,27.85
710,28.97,27.85
689,28.97,27.85
364,28.97,27.85
750,28.97,27.85
579,28.97,27.85
493,28.97,27.85
650,28.97,27.85
416,28.97,27.85
550,28.97,27.85
343,28.97,27.85
370,28.97,27.85
618,28.97,27.85
130,28.97,27.85
782,28.97,27.85
301,28.97,27.85
368,28.97,27.85
381,28.97,27.85
618,28.97,27.85
360,28.97,27.85
461,28.97,27.85
825,28.97,27.85
248,28.97,27.85
718,28.97,27.85
171,28.97,27.85
344,28.97,27.85
492,28.99,27.85
345,28.99,27.85
397,28.99,27.85
687,28.99,27.85
252,28.99,27.85
334,28.99,27.85
411,28.99,27.85
503,28.99,27.85
325,28.99,27.85
456,28.99,27.85
668,28.99,27.85
470,28.99,27.85
451,28.99,27.85
296,28.99,27.85
442,28.99,27.85
574,28.99,27.85
713,28.99,27.85
163,28.99,27.85
320,28.99,27.85
344,28.99,27.85
427,28.99,27.85
354,28.99,27.85
457,28.99,27.85
376,28.99,27.85
742,28.99,27.85
608,28.99,27.85
548,28.99,27.85
529,28.99,27.85
232,28.99,27.85
503,28.99,27.85
371,28.99,27.85
654,28.99,27.85
135,28.99,27.85
650,28.99,27.85
505,28.99,27.85
604,28.99,27.85
659,28.99,27.85
526,28.99,27.85
630,28.99,27.85
356,28.99,27.85
580,28.99,27.85
386,28.99,27.85
339,28.99,27.85
691,28.99,27.85
712,28.99,27.85
677,28.99,27.85
628,28.99,27.85
507,28.99,27.85
664,28.99,27.85
348,28.99,27.85
753,28.99,27.85
672,28.99,27.85
320,28.99,27.85
567,28.99,27.85
254,28.99,27.85
682,28.99,27.85
153,28.99,27.85
846,28.99,27.85
542,28.99,27.85
602,28.99,27.85
254,28.99,27.85
604,28.99,27.85
751,28.99,27.85
413,28.99,27.85
472,28.99,27.85
319,28.99,27.85
422,28.99,27.85
504,28.99,27.85
120,28.99,27.85
505,28.99,27.85
499,28.99,27.85
120,28.99,27.85
741,28.99,27.85
221,28.99,27.85
563,28.99,27.85
412,28.99,27.85
588,28.99,27.85
473,28.99,27.85
120,28.99,27.85
741,28.99,27.85
309,28.99,27.85
640,28.99,27.85
267,28.99,27.85
735,28.99,27.85
411,28.99,27.73
288,28.99,27.73
660,28.99,27.73
481,28.99,27.73
442,28.99,27.73
463,28.99,27.73
368,28.99,27.73
561,28.99,27.73
313,28.99,27.73
669,28.99,27.73
882,28.99,27.73
216,28.99,27.73
754,28.99,27.73
558,28.99,27.73
848,28.99,27.73
132,28.99,27.73
811,28.99,27.73
503,28.99,27.73
538,28.99,27.73
545,28.99,27.73
476,28.99,27.73
475,28.99,27.73
126,28.99,27.73
882,28.99,27.73
369,28.99,27.73
553,28.99,27.73
583,28.99,27.73
772,28.99,27.73
605,28.99,27.73
585,28.99,27.73
383,28.99,27.73
867,28.99,27.73
568,28.99,27.73
695,28.99,27.73
542,28.99,27.73
167,28.99,27.73
798,28.97,27.73
119,28.97,27.73
882,28.97,27.73
119,28.97,27.73
692,28.97,27.73
449,28.97,27.73
691,28.97,27.73
144,28.97,27.73
236,28.97,27.73
759,28.97,27.73
276,28.97,27.73
511,28.97,27.73
445,28.97,27.73
604,28.97,27.73
490,28.97,27.73
245,28.97,27.73
521,28.97,27.73
633,28.97,27.73
119,28.97,27.73
639,28.97,27.73
238,28.97,27.73
588,28.97,27.73
384,28.97,27.73
682,28.97,27.87
436,28.97,27.87
518,28.97,27.87
611,28.97,27.87
407,28.97,27.87
526,28.97,27.87
130,28.97,27.87
704,28.97,27.87
405,28.97,27.87
691,28.97,27.87
535,28.97,27.87
730,28.97,27.87
341,28.97,27.87
489,28.97,27.87
585,28.97,27.87
521,28.97,27.87
440,28.97,27.87
812,28.97,27.87
515,28.97,27.87
219,28.97,27.87
772,28.97,27.87
580,28.97,27.87
634,28.97,27.87
298,28.97,27.87
870,28.97,27.87
140,28.97,27.87
738,28.97,27.87
474,28.97,27.87
639,28.97,27.87
270,28.97,27.87
362,28.97,27.87
542,28.97,27.87
457,28.97,27.87
245,28.97,27.87
528,28.97,27.87
772,28.97,27.87
336,28.97,27.87
500,28.99,27.87
624,28.99,27.87
781,28.99,27.87
352,28.99,27.87
879,28.99,27.87
249,28.99,27.87
302,28.99,27.87
488,28.99,27.87
684,28.99,27.87
350,28.99,27.87
342,28.99,27.87
510,28.99,27.87
317,28.99,27.87
864,28.99,27.87
333,28.99,27.87
657,28.99,27.87
572,28.99,27.87
554,28.99,27.87
348,28.99,27.87
500,28.99,27.87
204,28.99,27.87
682,28.99,27.87
408,28.99,27.87
523,28.99,27.95
408,28.99,27.95
263,28.99,27.95
552,28.99,27.95
275,28.99,27.95
456,28.99,27.95
551,28.99,27.95
567,28.99,27.95
427,28.99,27.95
560,28.99,27.95
338,28.99,27.95
595,28.99,27.95
278,28.99,27.95
514,28.99,27.95
691,28.99,27.95
358,28.99,27.95
