215,29.55,28.31
831,29.55,28.31
324,29.55,28.31
121,29.55,28.31
239,29.55,28.31
597,29.55,28.31
667,29.55,28.31
259,29.55,28.31
597,29.55,28.31
401,29.55,28.31
651,29.55,28.23
492,29.55,28.23
685,29.55,28.23
311,29.55,28.23
487,29.55,28.23
313,29.55,28.23
412,29.55,28.23
482,29.55,28.23
300,29.55,28.23
471,29.55,28.23
526,29.55,28.23
500,29.55,28.23
480,29.55,28.23
353,29.55,28.23
150,29.55,28.23
665,29.55,28.23
118,29.55,28.23
773,29.55,28.23
187,29.55,28.23
510,29.55,28.23
143,29.55,28.23
278,29.55,28.23
688,29.55,28.23
123,29.55,28.23
439,29.55,28.23
408,29.55,28.23
698,29.55,28.23
217,29.55,28.23
570,29.55,28.23
206,29.55,28.23
615,29.55,28.23
323,29.55,28.23
627,29.55,28.23
455,29.55,28.23
882,29.55,28.23
423,29.55,28.23
706,29.55,28.23
271,29.55,28.23
347,29.55,28.23
867,29.55,28.23
267,29.55,28.23
885,29.55,28.23
119,29.55,28.23
579,29.55,28.23
259,29.55,28.23
620,29.55,28.23
483,29.55,28.23
565,29.55,28.23
671,29.55,28.23
554,29.55,28.23
798,29.55,28.23
256,29.55,28.23
298,29.55,28.23
584,29.55,28.23
775,29.55,28.23
464,29.55,28.23
705,29.55,28.23
419,29.55,28.23
868,29.55,28.23
123,29.55,28.23
504,29.55,28.17
457,29.55,28.17
511,29.55,28.17
229,29.55,28.17
730,29.55,28.17
754,29.55,28.17
547,29.55,28.17
563,29.55,28.17
579,29.55,28.17
515,29.55,28.17
375,29.55,28.17
582,29.55,28.17
816,29.55,28.17
269,29.55,28.17
484,29.55,28.17
672,29.55,28.17
396,29.55,28.17
736,29.55,28.17
304,29.55,28.17
589,29.55,28.17
556,29.55,28.17
316,29.55,28.17
746,29.55,28.17
202,29.55,28.17
735,29.55,28.17
388,29.55,28.17
594,29.55,28.17
438,29.55,28.17
498,29.55,28.17
471,29.55,28.17
716,29.55,28.17
303,29.55,28.17
184,29.55,28.17
882,29.55,28.17
217,29.55,28.17
400,29.55,28.17
443,29.55,28.17
460,29.55,28.17
360,29.55,28.17
503,29.55,28.17
126,29.55,28.17
551,29.55,28.17
516,29.55,28.17
531,29.55,28.17
394,29.55,28.17
262,29.55,28.17
864,29.55,28.17
434,29.55,28.17
644,29.55,28.17
375,29.55,28.17
371,29.55,28.17
487,29.55,28.17
354,29.55,28.17
443,29.55,28.17
664,29.55,28.17
450,29.55,28.17
440,29.55,28.17
616,29.55,28.17
280,29.55,28.17
647,29.55,28.17
551,29.55,28.17
707,29.55,28.17
320,29.55,28.17
680,29.55,28.17
177,29.55,28.17
786,29.55,28.17
496,29.55,28.17
375,29.55,28.17
451,29.55,28.17
120,29.55,28.17
725,29.55,28.17
121,29.55,28.17
595,29.55,28.17
865,29.55,28.17
448,29.55,28.17
682,29.55,28.17
551,29.55,28.17
555,29.55,28.17
758,29.55,28.17
457,29.55,28.17
668,29.55,28.17
559,29.55,28.17
411,29.55,28.17
401,29.55,28.17
883,29.55,28.17
350,29.55,28.17
429,29.55,28.17
559,29.55,28.17
176,29.55,28.17
859,29.55,28.17
214,29.55,28.17
784,29.55,28.17
444,29.55,28.17
417,29.55,28.17
669,29.55,28.17
725,29.55,28.17
428,29.55,28.17
621,29.55,28.17
511,29.55,28.17
667,29.55,28.17
234,29.55,28.17
551,29.55,28.17
606,29.55,28.17
397,29.55,28.17
678,29.55,28.17
313,29.55,28.17
825,29.55,28.17
119,29.55,28.17
854,29.55,28.17
305,29.55,28.17
505,29.55,28.17
521,29.55,28.17
416,29.55,28.17
585,29.55,28.17
165,29.55,28.17
815,29.55,28.17
123,29.55,28.17
473,29.55,28.17
386,29.55,28.17
525,29.55,28.25
131,29.55,28.25
794,29.55,28.25
404,29.55,28.25
327,29.55,28.25
172,29.55,28.25
506,29.55,28.25
368,29.55,28.25
485,29.55,28.25
364,29.55,28.25
385,29.55,28.25
524,29.55,28.25
119,29.55,28.25
759,29.55,28.25
526,29.55,28.25
279,29.55,28.25
216,29.55,28.25
306,29.55,28.25
464,29.55,28.25
380,29.55,28.25
319,29.55,28.25
382,29.55,28.25
453,29.55,28.25
811,29.55,28.25
454,29.55,28.25
448,29.55,28.25
582,29.55,28.25
558,29.55,28.25
443,29.55,28.25
473,29.55,28.25
717,29.55,28.25
537,29.55,28.25
875,29.55,28.25
414,29.55,28.25
319,29.55,28.25
497,29.55,28.25
409,29.53,28.25
536,29.53,28.25
576,29.53,28.25
403,29.53,28.25
677,29.53,28.25
820,29.53,28.25
412,29.53,28.25
549,29.53,28.25
380,29.53,28.25
555,29.53,28.25
519,29.53,28.25
576,29.53,28.25
474,29.53,28.25
803,29.53,28.25
370,29.53,28.25
582,29.53,28.25
561,29.53,28.25
354,29.53,28.25
790,29.53,28.25
361,29.53,28.25
732,29.53,28.25
321,29.53,28.25
531,29.53,28.25
699,29.53,28.25
351,29.53,28.07
681,29.53,28.07
229,29.53,28.07
276,29.53,28.07
352,29.53,28.07
755,29.53,28.07
458,29.53,28.07
512,29.53,28.07
274,29.53,28.07
749,29.53,28.07
429,29.53,28.07
652,29.53,28.07
356,29.53,28.07
626,29.53,28.07
441,29.53,28.07
431,29.53,28.07
788,29.53,28.07
224,29.53,28.07
827,29.53,28.07
156,29.53,28.07
872,29.53,28.07
295,29.53,28.07
523,29.53,28.07
605,29.53,28.07
283,29.53,28.07
371,29.53,28.07
464,29.53,28.07
121,29.53,28.07
560,29.53,28.07
574,29.53,28.07
497,29.53,28.07
563,29.53,28.07
286,29.53,28.07
555,29.53,28.07
390,29.53,28.07
624,29.53,28.07
168,29.55,28.07
876,29.55,28.07
269,29.55,28.07
763,29.55,28.07
692,29.55,28.07
297,29.55,28.07
556,29.55,28.07
165,29.55,28.07
752,29.55,28.07
249,29.55,28.07
435,29.55,28.07
629,29.55,28.07
865,29.55,28.07
463,29.55,28.07
681,29.55,28.07
474,29.55,28.07
622,29.55,28.07
412,29.55,28.07
678,29.55,28.07
472,29.55,28.07
485,29.55,28.07
549,29.55,28.07
499,29.55,28.07
842,29.55,28.59
243,29.55,28.59
883,29.55,28.59
429,29.55,28.59
884,29.55,28.59
428,29.55,28.59
621,29.55,28.59
594,29.55,28.59
454,29.55,28.59
769,29.55,28.59
339,29.55,28.59
515,29.55,28.59
499,29.55,28.59
657,29.55,28.59
412,29.55,28.59
688,29.55,28.59
147,29.55,28.59
622,29.55,28.59
413,29.55,28.59
719,29.55,28.59
527,29.55,28.59
727,29.55,28.59
507,29.55,28.59
367,29.55,28.59
588,29.55,28.59
489,29.55,28.59
836,29.55,28.59
368,29.55,28.59
883,29.55,28.59
452,29.55,28.59
471,29.55,28.59
426,29.55,28.59
628,29.55,28.59
646,29.55,28.59
499,29.55,28.59
438,29.55,28.59
675,29.55,28.59
759,29.55,28.59
671,29.55,28.59
826,29.55,28.59
476,29.55,28.59
518,29.55,28.59
466,29.55,28.59
627,29.55,28.59
391,29.55,28.59
265,29.55,28.59
468,29.55,28.59
400,29.55,28.59
453,29.55,28.59
244,29.55,28.59
755,29.55,28.59
367,29.55,28.59
637,29.55,28.59
315,29.55,28.59
433,29.55,28.59
461,29.55,28.59
585,29.55,28.59
466,29.55,28.59
525,29.55,28.59
408,29.55,28.59
571,29.55,28.25
451,29.55,28.25
657,29.55,28.25
432,29.55,28.25
273,29.55,28.25
377,29.55,28.25
322,29.55,28.25
769,29.55,28.25
125,29.55,28.25
824,29.55,28.25
375,29.55,28.25
474,29.55,28.25
458,29.55,28.25
120,29.55,28.25
719,29.55,28.25
220,29.55,28.25
763,29.55,28.25
179,29.55,28.25
537,29.55,28.25
293,29.55,28.25
440,29.55,28.25
288,29.55,28.25
510,29.55,28.25
271,29.55,28.25
491,29.55,28.25
352,29.55,28.25
633,29.55,28.25
301,29.55,28.25
521,29.55,28.25
604,29.55,28.25
179,29.55,28.25
795,29.55,28.25
119,29.55,28.25
882,29.55,28.25
185,29.55,28.25
503,29.55,28.25
615,29.55,28.25
408,29.55,28.25
659,29.55,28.25
412,29.55,28.25
379,29.55,28.25
318,29.55,28.25
212,29.55,28.25
455,29.55,28.25
540,29.55,28.25
452,29.55,28.25
762,29.55,28.25
665,29.55,28.25
660,29.55,28.25
524,29.55,28.25
579,29.55,28.25
