690,31.29,30.17
400,31.29,30.17
819,31.29,30.17
120,31.29,30.17
525,31.29,30.17
495,31.29,30.17
723,31.29,30.17
686,31.29,30.17
745,31.29,30.17
745,31.29,30.17
210,31.29,30.17
538,31.29,30.17
598,31.29,30.17
170,31.29,30.17
381,31.29,30.17
758,31.29,30.17
344,31.29,30.17
884,31.29,30.17
479,31.29,30.17
873,31.29,30.17
466,31.29,30.17
363,31.29,30.17
567,31.29,30.17
318,31.29,30.17
271,31.29,30.17
561,31.31,30.17
495,31.31,30.17
172,31.31,30.17
728,31.31,30.17
722,31.31,30.17
457,31.31,30.17
309,31.31,30.17
499,31.31,30.17
412,31.31,30.17
268,31.31,30.17
122,31.31,30.17
859,31.31,30.17
322,31.31,30.17
378,31.31,30.17
201,31.31,30.17
383,31.31,30.17
592,31.31,30.17
523,31.31,30.17
690,31.31,30.17
424,31.31,30.17
476,31.31,30.17
666,31.31,30.17
776,31.31,30.17
547,31.31,30.03
589,31.31,30.03
879,31.31,30.03
407,31.31,30.03
550,31.31,30.03
791,31.31,30.03
343,31.31,30.03
238,31.31,30.03
663,31.31,30.03
266,31.31,30.03
693,31.31,30.03
347,31.31,30.03
806,31.31,30.03
124,31.31,30.03
546,31.31,30.03
420,31.31,30.03
567,31.31,30.03
883,31.31,30.03
297,31.31,30.03
884,31.31,30.03
601,31.31,30.03
659,31.31,30.03
518,31.31,30.03
739,31.31,30.03
849,31.31,30.03
654,31.31,30.03
611,31.31,30.03
673,31.31,30.03
458,31.31,30.03
512,31.31,30.03
881,31.31,30.03
549,31.31,30.03
234,31.31,30.03
668,31.31,30.03
447,31.31,30.03
181,31.31,30.03
620,31.31,30.03
659,31.31,30.03
801,31.31,30.03
439,31.31,30.03
419,31.31,30.03
837,31.31,30.03
209,31.31,30.03
365,31.31,30.03
716,31.31,30.03
282,31.31,30.03
121,31.31,30.03
882,31.31,30.03
445,31.31,30.03
340,31.31,30.03
434,31.31,30.03
589,31.31,30.03
552,31.31,30.03
532,31.31,30.03
180,31.31,30.03
664,31.31,30.03
589,31.31,30.03
561,31.31,30.03
315,31.31,30.03
420,31.31,30.03
883,31.31,30.17
374,31.31,30.17
568,31.31,30.17
300,31.31,30.17
316,31.31,30.17
675,31.31,30.17
563,31.31,30.17
762,31.31,30.17
594,31.31,30.17
493,31.31,30.17
441,31.31,30.17
300,31.31,30.17
618,31.31,30.17
417,31.31,30.17
119,31.31,30.17
412,31.31,30.17
449,31.31,30.17
552,31.31,30.17
132,31.31,30.17
665,31.31,30.17
329,31.31,30.17
614,31.31,30.17
283,31.31,30.17
409,31.31,30.17
498,31.31,30.17
362,31.31,30.17
884,31.31,30.17
270,31.31,30.17
273,31.31,30.17
587,31.31,30.17
648,31.31,30.17
543,31.31,30.17
772,31.31,30.17
302,31.31,30.17
637,31.31,30.17
121,31.31,30.17
734,31.31,30.17
664,31.31,30.17
537,31.31,30.17
567,31.31,30.17
706,31.31,30.17
695,31.31,30.17
118,31.31,30.17
869,31.31,30.17
264,31.31,30.17
665,31.31,30.17
356,31.31,30.17
494,31.31,30.17
490,31.31,30.17
534,31.31,30.17
441,31.31,30.17
782,31.31,30.17
122,31.31,30.17
790,31.31,30.17
521,31.31,30.17
377,31.31,30.17
773,31.31,30.17
329,31.31,30.17
551,31.31,30.17
362,31.31,30.05
682,31.31,30.05
183,31.31,30.05
647,31.31,30.05
203,31.31,30.05
533,31.31,30.05
556,31.31,30.05
298,31.31,30.05
544,31.31,30.05
286,31.31,30.05
336,31.31,30.05
396,31.31,30.05
597,31.31,30.05
533,31.31,30.05
530,31.31,30.05
385,31.31,30.05
611,31.31,30.05
316,31.31,30.05
804,31.31,30.05
336,31.31,30.05
474,31.31,30.05
660,31.31,30.05
287,31.31,30.05
411,31.31,30.05
152,31.31,30.05
567,31.31,30.05
287,31.31,30.05
593,31.31,30.05
318,31.31,30.05
743,31.31,30.05
453,31.31,30.05
504,31.31,30.05
524,31.31,30.05
704,31.31,30.05
407,31.31,30.05
295,31.31,30.05
615,31.29,30.05
454,31.29,30.05
219,31.29,30.05
238,31.29,30.05
742,31.29,30.05
130,31.29,30.05
527,31.29,30.05
564,31.29,30.05
829,31.29,30.05
627,31.29,30.05
575,31.29,30.05
316,31.29,30.05
238,31.29,30.05
288,31.29,30.05
451,31.29,30.05
814,31.29,30.05
118,31.29,30.05
728,31.29,30.05
853,31.29,30.05
610,31.29,30.05
500,31.29,30.05
664,31.29,30.05
539,31.29,30.05
397,31.29,30.05
471,31.29,30.15
728,31.29,30.15
580,31.29,30.15
586,31.29,30.15
672,31.29,30.15
566,31.29,30.15
882,31.29,30.15
391,31.29,30.15
855,31.29,30.15
117,31.29,30.15
662,31.29,30.15
552,31.29,30.15
679,31.29,30.15
528,31.29,30.15
529,31.29,30.15
589,31.29,30.15
341,31.29,30.15
650,31.29,30.15
629,31.29,30.15
754,31.29,30.15
502,31.29,30.15
707,31.29,30.15
258,31.29,30.15
599,31.29,30.15
498,31.29,30.15
884,31.29,30.15
595,31.29,30.15
342,31.29,30.15
535,31.29,30.15
589,31.29,30.15
624,31.29,30.15
338,31.29,30.15
692,31.29,30.15
256,31.29,30.15
729,31.29,30.15
206,31.29,30.15
544,31.27,30.15
445,31.27,30.15
470,31.27,30.15
593,31.27,30.15
414,31.27,30.15
304,31.27,30.15
511,31.27,30.15
662,31.27,30.15
533,31.27,30.15
437,31.27,30.15
190,31.27,30.15
624,31.27,30.15
117,31.27,30.15
798,31.27,30.15
158,31.27,30.15
293,31.27,30.15
303,31.27,30.15
780,31.27,30.15
332,31.27,30.15
263,31.27,30.15
738,31.27,30.15
314,31.27,30.15
570,31.27,30.15
123,31.27,30.15
519,31.27,29.89
569,31.27,29.89
361,31.27,29.89
313,31.27,29.89
571,31.27,29.89
415,31.27,29.89
794,31.27,29.89
617,31.27,29.89
557,31.27,29.89
403,31.27,29.89
553,31.27,29.89
680,31.27,29.89
563,31.27,29.89
760,31.27,29.89
356,31.27,29.89
670,31.27,29.89
125,31.27,29.89
442,31.27,29.89
479,31.27,29.89
421,31.27,29.89
299,31.27,29.89
574,31.27,29.89
701,31.27,29.89
490,31.27,29.89
497,31.27,29.89
586,31.27,29.89
423,31.27,29.89
627,31.27,29.89
585,31.27,29.89
118,31.27,29.89
868,31.27,29.89
458,31.27,29.89
883,31.27,29.89
515,31.27,29.89
557,31.27,29.89
698,31.27,29.89
700,31.31,29.89
599,31.31,29.89
266,31.31,29.89
842,31.31,29.89
224,31.31,29.89
784,31.31,29.89
443,31.31,29.89
575,31.31,29.89
546,31.31,29.89
554,31.31,29.89
569,31.31,29.89
362,31.31,29.89
441,31.31,29.89
885,31.31,29.89
192,31.31,29.89
566,31.31,29.89
807,31.31,29.89
133,31.31,29.89
647,31.31,29.89
206,31.31,29.89
710,31.31,29.89
215,31.31,29.89
456,31.31,29.89
511,31.31,29.93
797,31.31,29.93
314,31.31,29.93
521,31.31,29.93
872,31.31,29.93
273,31.31,29.93
374,31.31,29.93
517,31.31,29.93
336,31.31,29.93
445,31.31,29.93
458,31.31,29.93
349,31.31,29.93
279,31.31,29.93
219,31.31,29.93
723,31.31,29.93
195,31.31,29.93
461,31.31,29.93
575,31.31,29.93
404,31.31,29.93
546,31.31,29.93
323,31.31,29.93
776,31.31,29.93
584,31.31,29.93
493,31.31,29.93
120,31.31,29.93
650,31.31,29.93
499,31.31,29.93
468,31.31,29.93
655,31.31,29.93
276,31.31,29.93
300,31.31,29.93
430,31.31,29.93
542,31.31,29.93
496,31.31,29.93
493,31.31,29.93
569,31.31,29.93
482,31.31,29.93
263,31.31,29.93
884,31.31,29.93
466,31.31,29.93
777,31.31,29.93
506,31.31,29.93
627,31.31,29.93
586,31.31,29.93
387,31.31,29.93
706,31.31,29.93
739,31.31,29.93
612,31.31,29.93
118,31.31,29.93
671,31.31,29.93
580,31.31,29.93
438,31.31,29.93
491,31.31,29.93
796,31.31,29.93
280,31.31,29.93
679,31.31,29.93
415,31.31,29.93
724,31.31,29.93
226,31.31,29.93
540,31.31,29.93
863,31.31,29.97
261,31.31,29.97
884,31.31,29.97
373,31.31,29.97
749,31.31,29.97
233,31.31,29.97
484,31.31,29.97
659,31.31,29.97
495,31.31,29.97
473,31.31,29.97
662,31.31,29.97
452,31.31,29.97
470,31.31,29.97
