419,29.35,27.93
759,29.35,27.93
120,29.35,27.93
319,29.35,27.93
125,29.35,27.93
883,29.35,27.93
467,29.35,27.93
613,29.35,27.93
427,29.35,27.93
438,29.35,27.93
693,29.35,27.93
540,29.35,27.93
458,29.35,27.93
552,29.35,27.93
696,29.35,27.93
118,29.35,27.93
345,29.35,27.93
159,29.35,27.93
709,29.35,27.93
121,29.35,27.93
738,29.35,27.93
316,29.35,27.93
758,29.35,27.93
297,29.35,27.93
630,29.35,27.93
733,29.35,27.93
123,29.35,27.93
809,29.35,27.93
298,29.35,27.93
518,29.35,27.93
193,29.35,27.93
701,29.35,27.93
528,29.35,27.93
568,29.35,27.93
724,29.35,27.93
689,29.35,27.93
247,29.35,28.05
511,29.35,28.05
571,29.35,28.05
662,29.35,28.05
745,29.35,28.05
559,29.35,28.05
591,29.35,28.05
379,29.35,28.05
653,29.35,28.05
241,29.35,28.05
854,29.35,28.05
120,29.35,28.05
647,29.35,28.05
774,29.35,28.05
228,29.35,28.05
503,29.35,28.05
738,29.35,28.05
757,29.35,28.05
316,29.35,28.05
489,29.35,28.05
735,29.35,28.05
455,29.35,28.05
254,29.35,28.05
743,29.35,28.05
409,29.35,28.05
718,29.35,28.05
347,29.35,28.05
791,29.35,28.05
710,29.35,28.05
236,29.35,28.05
449,29.35,28.05
386,29.35,28.05
679,29.35,28.05
122,29.35,28.05
883,29.35,28.05
120,29.35,28.05
572,29.35,28.05
409,29.35,28.05
531,29.35,28.05
421,29.35,28.05
422,29.35,28.05
471,29.35,28.05
382,29.35,28.05
165,29.35,28.05
401,29.35,28.05
666,29.35,28.05
164,29.35,28.05
663,29.35,28.05
120,29.35,28.05
700,29.35,28.05
119,29.35,28.05
784,29.35,28.05
286,29.35,28.05
503,29.35,28.05
456,29.35,28.05
488,29.35,28.05
623,29.35,28.05
120,29.35,28.05
883,29.35,28.05
122,29.35,28.01
503,29.35,28.01
281,29.35,28.01
530,29.35,28.01
129,29.35,28.01
496,29.35,28.01
550,29.35,28.01
449,29.35,28.01
226,29.35,28.01
400,29.35,28.01
505,29.35,28.01
222,29.35,28.01
698,29.35,28.01
120,29.35,28.01
795,29.35,28.01
137,29.35,28.01
697,29.35,28.01
464,29.35,28.01
359,29.35,28.01
533,29.35,28.01
347,29.35,28.01
517,29.35,28.01
120,29.35,28.01
635,29.35,28.01
250,29.35,28.01
388,29.35,28.01
288,29.35,28.01
557,29.35,28.01
466,29.35,28.01
491,29.35,28.01
462,29.35,28.01
752,29.35,28.01
379,29.35,28.01
470,29.35,28.01
578,29.35,28.01
553,29.35,28.01
701,29.37,28.01
499,29.37,28.01
529,29.37,28.01
297,29.37,28.01
602,29.37,28.01
235,29.37,28.01
556,29.37,28.01
271,29.37,28.01
451,29.37,28.01
626,29.37,28.01
121,29.37,28.01
654,29.37,28.01
568,29.37,28.01
652,29.37,28.01
216,29.37,28.01
479,29.37,28.01
660,29.37,28.01
676,29.37,28.01
458,29.37,28.01
593,29.37,28.01
482,29.37,28.01
617,29.37,28.01
544,29.37,28.01
815,29.37,28.01
356,29.37,28.23
674,29.37,28.23
539,29.37,28.23
382,29.37,28.23
752,29.37,28.23
397,29.37,28.23
880,29.37,28.23
404,29.37,28.23
275,29.37,28.23
494,29.37,28.23
500,29.37,28.23
610,29.37,28.23
121,29.37,28.23
804,29.37,28.23
454,29.37,28.23
455,29.37,28.23
632,29.37,28.23
524,29.37,28.23
362,29.37,28.23
718,29.37,28.23
132,29.37,28.23
654,29.37,28.23
542,29.37,28.23
505,29.37,28.23
755,29.37,28.23
237,29.37,28.23
563,29.37,28.23
326,29.37,28.23
823,29.37,28.23
174,29.37,28.23
881,29.37,28.23
120,29.37,28.23
583,29.37,28.23
389,29.37,28.23
457,29.37,28.23
765,29.37,28.23
127,29.37,28.23
455,29.37,28.23
258,29.37,28.23
670,29.37,28.23
119,29.37,28.23
735,29.37,28.23
172,29.37,28.23
580,29.37,28.23
357,29.37,28.23
510,29.37,28.23
497,29.37,28.23
385,29.37,28.23
545,29.37,28.23
472,29.37,28.23
464,29.37,28.23
126,29.37,28.23
882,29.37,28.23
119,29.37,28.23
679,29.37,28.23
167,29.37,28.23
593,29.37,28.23
161,29.37,28.23
542,29.37,28.23
450,29.37,28.23
477,29.37,28.07
441,29.37,28.07
287,29.37,28.07
743,29.37,28.07
523,29.37,28.07
315,29.37,28.07
393,29.37,28.07
222,29.37,28.07
120,29.37,28.07
537,29.37,28.07
120,29.37,28.07
848,29.37,28.07
207,29.37,28.07
669,29.37,28.07
476,29.37,28.07
533,29.37,28.07
721,29.37,28.07
363,29.37,28.07
653,29.37,28.07
121,29.37,28.07
424,29.37,28.07
424,29.37,28.07
182,29.37,28.07
491,29.37,28.07
630,29.37,28.07
273,29.37,28.07
710,29.37,28.07
351,29.37,28.07
802,29.37,28.07
163,29.37,28.07
835,29.37,28.07
659,29.37,28.07
335,29.37,28.07
702,29.37,28.07
545,29.37,28.07
881,29.37,28.07
348,29.35,28.07
883,29.35,28.07
271,29.35,28.07
667,29.35,28.07
459,29.35,28.07
474,29.35,28.07
610,29.35,28.07
695,29.35,28.07
519,29.35,28.07
498,29.35,28.07
428,29.35,28.07
394,29.35,28.07
880,29.35,28.07
355,29.35,28.07
812,29.35,28.07
431,29.35,28.07
724,29.35,28.07
356,29.35,28.07
805,29.35,28.07
282,29.35,28.07
796,29.35,28.07
286,29.35,28.07
235,29.35,28.07
750,29.35,28.07
308,29.35,28.07
611,29.35,28.07
592,29.35,28.07
456,29.35,28.07
374,29.35,28.07
588,29.35,28.07
528,29.35,28.07
530,29.35,28.07
520,29.35,28.07
372,29.35,28.07
285,29.35,28.07
679,29.35,28.07
502,29.35,28.07
588,29.35,28.07
637,29.35,28.07
665,29.35,28.07
435,29.35,28.07
119,29.35,28.07
604,29.35,28.07
356,29.35,28.07
528,29.35,28.07
363,29.35,28.07
505,29.35,28.07
883,29.35,28.07
120,29.35,28.07
883,29.35,28.07
304,29.35,28.07
377,29.35,28.07
366,29.35,28.07
533,29.35,28.07
602,29.35,28.07
379,29.35,28.07
366,29.35,28.07
659,29.35,28.07
305,29.35,28.07
293,29.37,28.07
458,29.37,28.07
364,29.37,28.07
505,29.37,28.07
342,29.37,28.07
859,29.37,28.07
211,29.37,28.07
557,29.37,28.07
345,29.37,28.07
811,29.37,28.07
324,29.37,28.07
282,29.37,28.07
416,29.37,28.07
122,29.37,28.07
776,29.37,28.07
119,29.37,28.07
353,29.37,28.07
280,29.37,28.07
559,29.37,28.07
610,29.37,28.07
548,29.37,28.07
130,29.37,28.07
722,29.37,28.07
799,29.37,28.07
325,29.37,27.99
313,29.37,27.99
132,29.37,27.99
542,29.37,27.99
242,29.37,27.99
582,29.37,27.99
249,29.37,27.99
757,29.37,27.99
123,29.37,27.99
837,29.37,27.99
327,29.37,27.99
770,29.37,27.99
698,29.37,27.99
728,29.37,27.99
841,29.37,27.99
482,29.37,27.99
625,29.37,27.99
432,29.37,27.99
604,29.37,27.99
508,29.37,27.99
845,29.37,27.99
135,29.37,27.99
504,29.37,27.99
763,29.37,27.99
688,29.37,27.99
325,29.37,27.99
792,29.37,27.99
546,29.37,27.99
611,29.37,27.99
312,29.37,27.99
488,29.37,27.99
883,29.37,27.99
125,29.37,27.99
879,29.37,27.99
418,29.37,27.99
810,29.37,27.99
347,29.37,27.99
452,29.37,27.99
443,29.37,27.99
792,29.37,27.99
201,29.37,27.99
767,29.37,27.99
406,29.37,27.99
468,29.37,27.99
463,29.37,27.99
462,29.37,27.99
464,29.37,27.99
586,29.37,27.99
770,29.37,27.99
214,29.37,27.99
844,29.37,27.99
293,29.37,27.99
755,29.37,27.99
348,29.37,27.99
329,29.37,27.99
451,29.37,27.99
498,29.37,27.99
394,29.37,27.99
245,29.37,27.99
409,29.37,27.99
415,29.37,28.23
718,29.37,28.23
250,29.37,28.23
746,29.37,28.23
232,29.37,28.23
805,29.37,28.23
447,29.37,28.23
598,29.37,28.23
351,29.37,28.23
773,29.37,28.23
307,29.37,28.23
341,29.37,28.23
701,29.37,28.23
186,29.37,28.23
568,29.37,28.23
295,29.37,28.23
598,29.37,28.23
216,29.37,28.23
481,29.37,28.23
560,29.37,28.23
588,29.37,28.23
580,29.37,28.23
574,29.37,28.23
521,29.37,28.23
569,29.37,28.23
