421,27.97,27.25
784,27.97,27.25
520,27.97,27.25
124,27.97,27.25
125,27.97,27.25
880,27.97,27.25
549,27.97,27.25
662,27.97,27.25
694,27.97,27.25
732,27.97,27.25
525,27.97,27.25
482,27.97,27.25
496,27.97,27.25
836,27.97,27.25
356,27.97,27.25
677,27.97,27.25
702,27.97,27.25
123,27.97,27.25
492,27.97,27.05
426,27.97,27.05
879,27.97,27.05
123,27.97,27.05
881,27.97,27.05
392,27.97,27.05
435,27.97,27.05
398,27.97,27.05
586,27.97,27.05
722,27.97,27.05
345,27.97,27.05
663,27.97,27.05
236,27.97,27.05
710,27.97,27.05
460,27.97,27.05
487,27.97,27.05
680,27.97,27.05
630,27.97,27.05
550,27.97,27.05
725,27.97,27.05
462,27.97,27.05
664,27.97,27.05
650,27.97,27.05
793,27.97,27.05
259,27.97,27.05
125,27.97,27.05
881,27.97,27.05
125,27.97,27.05
817,27.97,27.05
463,27.97,27.05
415,27.97,27.05
881,27.97,27.05
547,27.97,27.05
796,27.97,27.05
634,27.97,27.05
464,27.97,27.05
425,27.97,27.05
651,28.01,27.05
735,28.01,27.05
693,28.01,27.05
499,28.01,27.05
617,28.01,27.05
131,28.01,27.05
804,28.01,27.05
567,28.01,27.05
416,28.01,27.05
125,28.01,27.05
469,28.01,27.05
623,28.01,27.05
249,28.01,27.05
628,28.01,27.05
155,28.01,27.05
880,28.01,27.05
413,28.01,27.05
535,28.01,27.05
166,28.01,27.05
521,28.01,27.05
560,28.01,27.05
317,28.01,27.05
659,28.01,27.05
134,28.01,26.99
880,28.01,26.99
407,28.01,26.99
496,28.01,26.99
515,28.01,26.99
690,28.01,26.99
502,28.01,26.99
737,28.01,26.99
451,28.01,26.99
427,28.01,26.99
462,28.01,26.99
591,28.01,26.99
836,28.01,26.99
127,28.01,26.99
879,28.01,26.99
220,28.01,26.99
719,28.01,26.99
137,28.01,26.99
444,28.01,26.99
531,28.01,26.99
489,28.01,26.99
573,28.01,26.99
203,28.01,26.99
880,28.01,26.99
120,28.01,26.99
775,28.01,26.99
171,28.01,26.99
449,28.01,26.99
754,28.01,26.99
589,28.01,26.99
317,28.01,26.99
595,28.01,26.99
368,28.01,26.99
674,28.01,26.99
544,28.01,26.99
414,28.01,26.99
678,28.01,26.99
363,28.05,26.99
759,28.05,26.99
120,28.05,26.99
881,28.05,26.99
351,28.05,26.99
697,28.05,26.99
630,28.05,26.99
603,28.05,26.99
209,28.05,26.99
367,28.05,26.99
765,28.05,26.99
123,28.05,26.99
840,28.05,26.99
125,28.05,26.99
696,28.05,26.99
436,28.05,26.99
387,28.05,26.99
625,28.05,26.99
539,28.05,26.99
580,28.05,26.99
257,28.05,26.99
634,28.05,26.99
271,28.05,26.99
467,28.05,27.09
141,28.05,27.09
633,28.05,27.09
280,28.05,27.09
566,28.05,27.09
413,28.05,27.09
630,28.05,27.09
434,28.05,27.09
725,28.05,27.09
582,28.05,27.09
605,28.05,27.09
619,28.05,27.09
481,28.05,27.09
649,28.05,27.09
266,28.05,27.09
565,28.05,27.09
427,28.05,27.09
627,28.05,27.09
489,28.05,27.09
479,28.05,27.09
537,28.05,27.09
375,28.05,27.09
470,28.05,27.09
686,28.05,27.09
640,28.05,27.09
383,28.05,27.09
486,28.05,27.09
138,28.05,27.09
700,28.05,27.09
120,28.05,27.09
568,28.05,27.09
593,28.05,27.09
438,28.05,27.09
345,28.05,27.09
243,28.05,27.09
804,28.05,27.09
120,28.05,27.09
524,28.05,27.09
409,28.05,27.09
608,28.05,27.09
159,28.05,27.09
450,28.05,27.09
850,28.05,27.09
483,28.05,27.09
797,28.05,27.09
503,28.05,27.09
655,28.05,27.09
284,28.05,27.09
562,28.05,27.09
748,28.05,27.09
583,28.05,27.09
123,28.05,27.09
688,28.05,27.09
700,28.05,27.09
333,28.05,27.09
631,28.05,27.09
345,28.05,27.09
488,28.05,27.09
332,28.05,27.09
778,28.05,27.09
331,28.05,27.09
802,28.05,27.31
289,28.05,27.31
770,28.05,27.31
630,28.05,27.31
241,28.05,27.31
627,28.05,27.31
328,28.05,27.31
607,28.05,27.31
310,28.05,27.31
511,28.05,27.31
368,28.05,27.31
245,28.05,27.31
623,28.05,27.31
601,28.05,27.31
355,28.05,27.31
741,28.05,27.31
647,28.05,27.31
741,28.05,27.31
269,28.05,27.31
880,28.05,27.31
545,28.05,27.31
657,28.05,27.31
585,28.05,27.31
272,28.05,27.31
881,28.05,27.31
301,28.05,27.31
797,28.05,27.31
374,28.05,27.31
633,28.05,27.31
433,28.05,27.31
857,28.05,27.31
571,28.05,27.31
473,28.05,27.31
704,28.05,27.31
564,28.05,27.31
604,28.05,27.31
334,28.03,27.31
530,28.03,27.31
640,28.03,27.31
502,28.03,27.31
312,28.03,27.31
600,28.03,27.31
254,28.03,27.31
571,28.03,27.31
635,28.03,27.31
678,28.03,27.31
404,28.03,27.31
381,28.03,27.31
728,28.03,27.31
375,28.03,27.31
733,28.03,27.31
295,28.03,27.31
715,28.03,27.31
865,28.03,27.31
412,28.03,27.31
655,28.03,27.31
697,28.03,27.31
670,28.03,27.31
365,28.03,27.31
587,28.03,27.31
309,28.03,27.23
824,28.03,27.23
560,28.03,27.23
518,28.03,27.23
495,28.03,27.23
653,28.03,27.23
211,28.03,27.23
436,28.03,27.23
682,28.03,27.23
227,28.03,27.23
441,28.03,27.23
441,28.03,27.23
881,28.03,27.23
178,28.03,27.23
596,28.03,27.23
711,28.03,27.23
278,28.03,27.23
356,28.03,27.23
473,28.03,27.23
614,28.03,27.23
359,28.03,27.23
255,28.03,27.23
431,28.03,27.23
175,28.03,27.23
463,28.03,27.23
534,28.03,27.23
721,28.03,27.23
347,28.03,27.23
220,28.03,27.23
866,28.03,27.23
301,28.03,27.23
512,28.03,27.23
491,28.03,27.23
507,28.03,27.23
217,28.03,27.23
120,28.03,27.23
870,28.03,27.23
122,28.03,27.23
480,28.03,27.23
552,28.03,27.23
662,28.03,27.23
606,28.03,27.23
391,28.03,27.23
651,28.03,27.23
583,28.03,27.23
526,28.03,27.23
387,28.03,27.23
575,28.03,27.23
469,28.03,27.23
121,28.03,27.23
652,28.03,27.23
537,28.03,27.23
341,28.03,27.23
840,28.03,27.23
316,28.03,27.23
880,28.03,27.23
367,28.03,27.23
864,28.03,27.23
412,28.03,27.23
547,28.03,27.23
771,28.03,27.17
635,28.03,27.17
636,28.03,27.17
284,28.03,27.17
776,28.03,27.17
703,28.03,27.17
280,28.03,27.17
295,28.03,27.17
828,28.03,27.17
123,28.03,27.17
682,28.03,27.17
482,28.03,27.17
879,28.03,27.17
122,28.03,27.17
703,28.03,27.17
519,28.03,27.17
394,28.03,27.17
632,28.03,27.17
423,28.03,27.17
881,28.03,27.17
323,28.03,27.17
700,28.03,27.17
594,28.03,27.17
605,28.03,27.17
333,28.03,27.17
800,28.03,27.17
321,28.03,27.17
794,28.03,27.17
395,28.03,27.17
587,28.03,27.17
475,28.03,27.17
615,28.03,27.17
523,28.03,27.17
497,28.03,27.17
640,28.03,27.17
129,28.03,27.17
880,28.03,27.17
263,28.03,27.17
599,28.03,27.17
335,28.03,27.17
740,28.03,27.17
439,28.03,27.17
654,28.03,27.17
557,28.03,27.17
479,28.03,27.17
135,28.03,27.17
485,28.03,27.17
735,28.03,27.17
268,28.03,27.17
852,28.03,27.17
445,28.03,27.17
411,28.03,27.17
262,28.03,27.17
658,28.03,27.17
176,28.03,27.17
625,28.03,27.17
453,28.03,27.17
562,28.03,27.17
282,28.03,27.17
126,28.03,27.17
774,28.03,27.11
229,28.03,27.11
461,28.03,27.11
469,28.03,27.11
227,28.03,27.11
379,28.03,27.11
776,28.03,27.11
650,28.03,27.11
601,28.03,27.11
432,28.03,27.11
567,28.03,27.11
588,28.03,27.11
351,28.03,27.11
269,28.03,27.11
335,28.03,27.11
450,28.03,27.11
355,28.03,27.11
786,28.03,27.11
268,28.03,27.11
775,28.03,27.11
404,28.03,27.11
655,28.03,27.11
343,28.03,27.11
347,28.03,27.11
881,28.03,27.11
386,28.03,27.11
722,28.03,27.11
275,28.03,27.11
487,28.03,27.11
645,28.03,27.11
696,28.03,27.11
717,28.03,27.11
880,28.03,27.11
376,28.03,27.11
611,28.03,27.11
343,28.03,27.11
537,28.03,27.11
385,28.03,27.11
749,28.03,27.11
645,28.03,27.11
