745,29.35,28.19
495,29.35,28.19
312,29.35,28.19
122,29.35,28.19
123,29.35,28.19
502,29.35,28.19
126,29.35,28.19
881,29.35,28.19
356,29.35,28.19
149,29.35,28.19
667,29.35,28.19
617,29.35,28.19
573,29.35,28.19
617,29.35,27.91
548,29.35,27.91
132,29.35,27.91
414,29.35,27.91
474,29.35,27.91
599,29.35,27.91
244,29.35,27.91
672,29.35,27.91
338,29.35,27.91
566,29.35,27.91
122,29.35,27.91
882,29.35,27.91
424,29.35,27.91
710,29.35,27.91
669,29.35,27.91
605,29.35,27.91
492,29.35,27.91
322,29.35,27.91
736,29.35,27.91
427,29.35,27.91
393,29.35,27.91
695,29.35,27.91
431,29.35,27.91
482,29.35,27.91
477,29.35,27.91
697,29.35,27.91
792,29.35,27.91
486,29.35,27.91
581,29.35,27.91
367,29.35,27.91
350,29.35,27.91
657,29.35,27.91
347,29.35,27.91
883,29.35,27.91
304,29.35,27.91
547,29.35,27.91
636,29.33,27.91
554,29.33,27.91
533,29.33,27.91
507,29.33,27.91
680,29.33,27.91
216,29.33,27.91
639,29.33,27.91
510,29.33,27.91
475,29.33,27.91
675,29.33,27.91
725,29.33,27.91
594,29.33,27.91
563,29.33,27.91
734,29.33,27.91
531,29.33,27.91
121,29.33,27.91
728,29.33,27.91
504,29.33,27.91
393,29.33,27.91
544,29.33,27.91
585,29.33,27.91
352,29.33,27.91
120,29.33,27.91
674,29.33,27.91
120,29.33,28.13
752,29.33,28.13
119,29.33,28.13
876,29.33,28.13
507,29.33,28.13
370,29.33,28.13
583,29.33,28.13
480,29.33,28.13
330,29.33,28.13
556,29.33,28.13
150,29.33,28.13
602,29.33,28.13
421,29.33,28.13
313,29.33,28.13
410,29.33,28.13
121,29.33,28.13
765,29.33,28.13
273,29.33,28.13
764,29.33,28.13
119,29.33,28.13
882,29.33,28.13
315,29.33,28.13
332,29.33,28.13
555,29.33,28.13
383,29.33,28.13
652,29.33,28.13
456,29.33,28.13
521,29.33,28.13
404,29.33,28.13
404,29.33,28.13
643,29.33,28.13
742,29.33,28.13
177,29.33,28.13
851,29.33,28.13
573,29.33,28.13
883,29.33,28.13
252,29.33,28.13
444,29.33,28.13
771,29.33,28.13
400,29.33,28.13
773,29.33,28.13
240,29.33,28.13
789,29.33,28.13
121,29.33,28.13
775,29.33,28.13
453,29.33,28.13
534,29.33,28.13
218,29.33,28.13
824,29.33,28.13
342,29.33,28.13
552,29.33,28.13
285,29.33,28.13
763,29.33,28.13
575,29.33,28.13
428,29.33,28.13
704,29.33,28.13
271,29.33,28.13
600,29.33,28.13
418,29.33,28.13
772,29.33,28.05
551,29.33,28.05
359,29.33,28.05
409,29.33,28.05
916,29.33,28.05
373,29.33,28.05
608,29.33,28.05
489,29.33,28.05
338,29.33,28.05
335,29.33,28.05
671,29.33,28.05
723,29.33,28.05
460,29.33,28.05
651,29.33,28.05
255,29.33,28.05
598,29.33,28.05
126,29.33,28.05
845,29.33,28.05
301,29.33,28.05
397,29.33,28.05
462,29.33,28.05
334,29.33,28.05
592,29.33,28.05
302,29.33,28.05
883,29.33,28.05
299,29.33,28.05
634,29.33,28.05
185,29.33,28.05
609,29.33,28.05
418,29.33,28.05
122,29.33,28.05
782,29.33,28.05
635,29.33,28.05
381,29.33,28.05
364,29.33,28.05
620,29.33,28.05
386,29.37,28.05
322,29.37,28.05
369,29.37,28.05
396,29.37,28.05
120,29.37,28.05
618,29.37,28.05
437,29.37,28.05
500,29.37,28.05
228,29.37,28.05
444,29.37,28.05
882,29.37,28.05
197,29.37,28.05
635,29.37,28.05
122,29.37,28.05
709,29.37,28.05
119,29.37,28.05
754,29.37,28.05
448,29.37,28.05
285,29.37,28.05
550,29.37,28.05
600,29.37,28.05
341,29.37,28.05
435,29.37,28.05
613,29.37,28.05
624,29.37,28.11
426,29.37,28.11
241,29.37,28.11
744,29.37,28.11
159,29.37,28.11
724,29.37,28.11
338,29.37,28.11
637,29.37,28.11
250,29.37,28.11
676,29.37,28.11
839,29.37,28.11
458,29.37,28.11
623,29.37,28.11
606,29.37,28.11
653,29.37,28.11
329,29.37,28.11
533,29.37,28.11
663,29.37,28.11
563,29.37,28.11
276,29.37,28.11
686,29.37,28.11
384,29.37,28.11
750,29.37,28.11
123,29.37,28.11
882,29.37,28.11
453,29.37,28.11
643,29.37,28.11
520,29.37,28.11
604,29.37,28.11
455,29.37,28.11
355,29.37,28.11
606,29.37,28.11
173,29.37,28.11
883,29.37,28.11
196,29.37,28.11
614,29.37,28.11
654,29.35,28.11
122,29.35,28.11
586,29.35,28.11
597,29.35,28.11
205,29.35,28.11
538,29.35,28.11
430,29.35,28.11
285,29.35,28.11
624,29.35,28.11
182,29.35,28.11
595,29.35,28.11
168,29.35,28.11
799,29.35,28.11
135,29.35,28.11
542,29.35,28.11
433,29.35,28.11
476,29.35,28.11
489,29.35,28.11
517,29.35,28.11
634,29.35,28.11
611,29.35,28.11
729,29.35,28.11
363,29.35,28.11
555,29.35,28.11
268,29.35,27.95
598,29.35,27.95
455,29.35,27.95
584,29.35,27.95
142,29.35,27.95
585,29.35,27.95
292,29.35,27.95
741,29.35,27.95
286,29.35,27.95
507,29.35,27.95
826,29.35,27.95
120,29.35,27.95
796,29.35,27.95
457,29.35,27.95
370,29.35,27.95
241,29.35,27.95
348,29.35,27.95
582,29.35,27.95
120,29.35,27.95
609,29.35,27.95
631,29.35,27.95
478,29.35,27.95
445,29.35,27.95
229,29.35,27.95
677,29.35,27.95
342,29.35,27.95
617,29.35,27.95
562,29.35,27.95
129,29.35,27.95
882,29.35,27.95
584,29.35,27.95
715,29.35,27.95
331,29.35,27.95
646,29.35,27.95
468,29.35,27.95
141,29.35,27.95
617,29.35,27.95
537,29.35,27.95
345,29.35,27.95
499,29.35,27.95
638,29.35,27.95
566,29.35,27.95
478,29.35,27.95
526,29.35,27.95
533,29.35,27.95
395,29.35,27.95
443,29.35,27.95
483,29.35,27.95
796,29.35,27.95
123,29.35,27.95
612,29.35,27.95
798,29.35,27.95
189,29.35,27.95
344,29.35,27.95
485,29.35,27.95
705,29.35,27.95
267,29.35,27.95
600,29.35,27.95
312,29.35,27.95
467,29.35,28.19
559,29.35,28.19
638,29.35,28.19
744,29.35,28.19
120,29.35,28.19
410,29.35,28.19
651,29.35,28.19
399,29.35,28.19
362,29.35,28.19
667,29.35,28.19
656,29.35,28.19
217,29.35,28.19
293,29.35,28.19
465,29.35,28.19
245,29.35,28.19
417,29.35,28.19
484,29.35,28.19
298,29.35,28.19
543,29.35,28.19
359,29.35,28.19
883,29.35,28.19
460,29.35,28.19
383,29.35,28.19
759,29.35,28.19
443,29.35,28.19
348,29.35,28.19
459,29.35,28.19
548,29.35,28.19
348,29.35,28.19
614,29.35,28.19
636,29.35,28.19
489,29.35,28.19
497,29.35,28.19
195,29.35,28.19
461,29.35,28.19
642,29.35,28.19
120,29.35,28.19
812,29.35,28.19
365,29.35,28.19
493,29.35,28.19
127,29.35,28.19
423,29.35,28.19
482,29.35,28.19
493,29.35,28.19
501,29.35,28.19
375,29.35,28.19
453,29.35,28.19
351,29.35,28.19
712,29.35,28.19
571,29.35,28.19
753,29.35,28.19
530,29.35,28.19
651,29.35,28.19
294,29.35,28.19
862,29.35,28.19
289,29.35,28.19
868,29.35,28.19
614,29.35,28.19
427,29.35,28.19
810,29.35,28.19
257,29.35,28.23
882,29.35,28.23
163,29.35,28.23
783,29.35,28.23
280,29.35,28.23
601,29.35,28.23
574,29.35,28.23
636,29.35,28.23
882,29.35,28.23
840,29.35,28.23
564,29.35,28.23
568,29.35,28.23
639,29.35,28.23
495,29.35,28.23
571,29.35,28.23
403,29.35,28.23
581,29.35,28.23
178,29.35,28.23
673,29.35,28.23
276,29.35,28.23
796,29.35,28.23
324,29.35,28.23
599,29.35,28.23
341,29.35,28.23
415,29.35,28.23
725,29.35,28.23
418,29.35,28.23
635,29.35,28.23
367,29.35,28.23
550,29.35,28.23
575,29.35,28.23
445,29.35,28.23
262,29.35,28.23
768,29.35,28.23
255,29.35,28.23
664,29.35,28.23
364,29.33,28.23
664,29.33,28.23
127,29.33,28.23
616,29.33,28.23
529,29.33,28.23
371,29.33,28.23
621,29.33,28.23
287,29.33,28.23
859,29.33,28.23
120,29.33,28.23
627,29.33,28.23
306,29.33,28.23
