352,30.69,29.43
590,30.69,29.43
153,30.69,29.43
144,30.69,29.43
462,30.69,29.43
834,30.69,29.43
598,30.69,29.43
411,30.69,29.43
853,30.69,29.43
156,30.69,29.43
475,30.69,29.43
524,30.69,29.43
468,30.69,29.43
731,30.69,29.43
459,30.69,29.43
543,30.69,29.43
430,30.69,29.43
691,30.69,29.43
426,30.69,29.43
632,30.69,29.43
227,30.69,29.39
490,30.69,29.39
675,30.69,29.39
261,30.69,29.39
242,30.69,29.39
697,30.69,29.39
515,30.69,29.39
650,30.69,29.39
511,30.69,29.39
527,30.69,29.39
420,30.69,29.39
277,30.69,29.39
885,30.69,29.39
118,30.69,29.39
309,30.69,29.39
509,30.69,29.39
569,30.69,29.39
574,30.69,29.39
407,30.69,29.39
397,30.69,29.39
652,30.69,29.39
430,30.69,29.39
363,30.69,29.39
563,30.69,29.39
661,30.69,29.39
416,30.69,29.39
505,30.69,29.39
628,30.69,29.39
118,30.69,29.39
731,30.69,29.39
318,30.69,29.39
584,30.69,29.39
265,30.69,29.39
593,30.69,29.39
537,30.69,29.39
482,30.73,29.39
639,30.73,29.39
652,30.73,29.39
601,30.73,29.39
587,30.73,29.39
881,30.73,29.39
325,30.73,29.39
560,30.73,29.39
510,30.73,29.39
733,30.73,29.39
577,30.73,29.39
514,30.73,29.39
476,30.73,29.39
706,30.73,29.39
390,30.73,29.39
830,30.73,29.39
415,30.73,29.39
396,30.73,29.39
861,30.73,29.39
581,30.73,29.39
863,30.73,29.39
270,30.73,29.39
735,30.73,29.39
509,30.73,29.39
593,30.73,29.49
576,30.73,29.49
695,30.73,29.49
609,30.73,29.49
254,30.73,29.49
483,30.73,29.49
619,30.73,29.49
530,30.73,29.49
572,30.73,29.49
606,30.73,29.49
521,30.73,29.49
313,30.73,29.49
224,30.73,29.49
865,30.73,29.49
288,30.73,29.49
630,30.73,29.49
476,30.73,29.49
444,30.73,29.49
371,30.73,29.49
172,30.73,29.49
816,30.73,29.49
429,30.73,29.49
119,30.73,29.49
636,30.73,29.49
631,30.73,29.49
119,30.73,29.49
643,30.73,29.49
203,30.73,29.49
740,30.73,29.49
158,30.73,29.49
795,30.73,29.49
336,30.73,29.49
872,30.73,29.49
522,30.73,29.49
541,30.73,29.49
499,30.73,29.49
123,30.71,29.49
860,30.71,29.49
119,30.71,29.49
433,30.71,29.49
291,30.71,29.49
592,30.71,29.49
156,30.71,29.49
739,30.71,29.49
609,30.71,29.49
767,30.71,29.49
295,30.71,29.49
554,30.71,29.49
529,30.71,29.49
582,30.71,29.49
458,30.71,29.49
774,30.71,29.49
716,30.71,29.49
302,30.71,29.49
778,30.71,29.49
279,30.71,29.49
689,30.71,29.49
343,30.71,29.49
612,30.71,29.49
214,30.71,29.35
402,30.71,29.35
604,30.71,29.35
368,30.71,29.35
652,30.71,29.35
496,30.71,29.35
528,30.71,29.35
663,30.71,29.35
347,30.71,29.35
685,30.71,29.35
807,30.71,29.35
572,30.71,29.35
482,30.71,29.35
495,30.71,29.35
882,30.71,29.35
398,30.71,29.35
877,30.71,29.35
432,30.71,29.35
352,30.71,29.35
719,30.71,29.35
351,30.71,29.35
576,30.71,29.35
309,30.71,29.35
810,30.71,29.35
286,30.71,29.35
526,30.71,29.35
635,30.71,29.35
302,30.71,29.35
573,30.71,29.35
584,30.71,29.35
391,30.71,29.35
670,30.71,29.35
369,30.71,29.35
456,30.71,29.35
827,30.71,29.35
164,30.71,29.35
426,30.71,29.35
386,30.67,29.35
503,30.67,29.35
133,30.67,29.35
582,30.67,29.35
569,30.67,29.35
261,30.67,29.35
564,30.67,29.35
196,30.67,29.35
870,30.67,29.35
117,30.67,29.35
640,30.67,29.35
158,30.67,29.35
663,30.67,29.35
450,30.67,29.35
791,30.67,29.35
246,30.67,29.35
466,30.67,29.35
423,30.67,29.35
517,30.67,29.35
551,30.67,29.35
244,30.67,29.35
786,30.67,29.35
593,30.67,29.35
645,30.67,29.29
125,30.67,29.29
883,30.67,29.29
382,30.67,29.29
881,30.67,29.29
407,30.67,29.29
288,30.67,29.29
349,30.67,29.29
209,30.67,29.29
764,30.67,29.29
397,30.67,29.29
864,30.67,29.29
648,30.67,29.29
708,30.67,29.29
438,30.67,29.29
505,30.67,29.29
242,30.67,29.29
883,30.67,29.29
405,30.67,29.29
781,30.67,29.29
410,30.67,29.29
519,30.67,29.29
663,30.67,29.29
633,30.67,29.29
401,30.67,29.29
566,30.67,29.29
881,30.67,29.29
223,30.67,29.29
812,30.67,29.29
310,30.67,29.29
785,30.67,29.29
408,30.67,29.29
678,30.67,29.29
546,30.67,29.29
861,30.67,29.29
173,30.67,29.29
522,30.65,29.29
490,30.65,29.29
560,30.65,29.29
297,30.65,29.29
520,30.65,29.29
606,30.65,29.29
146,30.65,29.29
840,30.65,29.29
174,30.65,29.29
603,30.65,29.29
120,30.65,29.29
883,30.65,29.29
137,30.65,29.29
535,30.65,29.29
569,30.65,29.29
314,30.65,29.29
825,30.65,29.29
167,30.65,29.29
527,30.65,29.29
583,30.65,29.29
409,30.65,29.29
444,30.65,29.29
882,30.65,29.29
119,30.65,29.29
743,30.65,29.43
463,30.65,29.43
835,30.65,29.43
119,30.65,29.43
724,30.65,29.43
331,30.65,29.43
401,30.65,29.43
479,30.65,29.43
361,30.65,29.43
783,30.65,29.43
174,30.65,29.43
699,30.65,29.43
160,30.65,29.43
270,30.65,29.43
467,30.65,29.43
588,30.65,29.43
492,30.65,29.43
432,30.65,29.43
338,30.65,29.43
623,30.65,29.43
342,30.65,29.43
590,30.65,29.43
671,30.65,29.43
329,30.65,29.43
478,30.65,29.43
346,30.65,29.43
884,30.65,29.43
346,30.65,29.43
883,30.65,29.43
393,30.65,29.43
883,30.65,29.43
351,30.65,29.43
621,30.65,29.43
529,30.65,29.43
320,30.65,29.43
517,30.69,29.43
249,30.69,29.43
592,30.69,29.43
640,30.69,29.43
591,30.69,29.43
615,30.69,29.43
713,30.69,29.43
205,30.69,29.43
883,30.69,29.43
351,30.69,29.43
670,30.69,29.43
472,30.69,29.43
833,30.69,29.43
493,30.69,29.43
520,30.69,29.43
883,30.69,29.43
279,30.69,29.43
586,30.69,29.43
577,30.69,29.43
623,30.69,29.43
588,30.69,29.43
796,30.69,29.43
751,30.69,29.43
261,30.69,29.43
633,30.69,29.55
282,30.69,29.55
460,30.69,29.55
549,30.69,29.55
432,30.69,29.55
368,30.69,29.55
640,30.69,29.55
118,30.69,29.55
884,30.69,29.55
331,30.69,29.55
628,30.69,29.55
727,30.69,29.55
459,30.69,29.55
185,30.69,29.55
495,30.69,29.55
743,30.69,29.55
183,30.69,29.55
851,30.69,29.55
306,30.69,29.55
598,30.69,29.55
637,30.69,29.55
324,30.69,29.55
393,30.69,29.55
605,30.69,29.55
154,30.69,29.55
440,30.69,29.55
384,30.69,29.55
495,30.69,29.55
360,30.69,29.55
612,30.69,29.55
440,30.69,29.55
120,30.69,29.55
848,30.69,29.55
308,30.69,29.55
632,30.69,29.55
299,30.69,29.55
762,30.69,29.55
364,30.69,29.55
404,30.69,29.55
592,30.69,29.55
501,30.69,29.55
306,30.69,29.55
462,30.69,29.55
576,30.69,29.55
512,30.69,29.55
371,30.69,29.55
834,30.69,29.55
861,30.69,29.55
125,30.69,29.55
616,30.69,29.55
702,30.69,29.55
589,30.69,29.55
310,30.69,29.55
831,30.69,29.55
642,30.69,29.55
549,30.69,29.55
472,30.69,29.55
534,30.69,29.55
556,30.69,29.55
313,30.69,29.43
741,30.69,29.43
211,30.69,29.43
776,30.69,29.43
586,30.69,29.43
789,30.69,29.43
342,30.69,29.43
607,30.69,29.43
462,30.69,29.43
815,30.69,29.43
261,30.69,29.43
662,30.69,29.43
679,30.69,29.43
139,30.69,29.43
509,30.69,29.43
382,30.69,29.43
683,30.69,29.43
387,30.69,29.43
778,30.69,29.43
407,30.69,29.43
438,30.69,29.43
214,30.69,29.43
655,30.69,29.43
797,30.69,29.43
323,30.69,29.43
652,30.69,29.43
628,30.69,29.43
510,30.69,29.43
362,30.69,29.43
612,30.69,29.43
505,30.69,29.43
283,30.69,29.43
217,30.69,29.43
813,30.69,29.43
120,30.69,29.43
672,30.69,29.43
534,30.67,29.43
365,30.67,29.43
473,30.67,29.43
473,30.67,29.43
580,30.67,29.43
382,30.67,29.43
