378,30.23,28.85
649,30.23,28.85
499,30.23,28.85
122,30.23,28.85
679,30.23,28.85
884,30.23,28.85
491,30.23,28.85
720,30.23,28.85
541,30.23,28.85
428,30.23,28.85
718,30.23,28.85
214,30.23,28.85
482,30.23,28.85
673,30.23,28.85
119,30.23,28.85
705,30.23,28.85
321,30.23,28.85
710,30.23,28.85
395,30.23,28.85
477,30.23,28.69
767,30.23,28.69
366,30.23,28.69
506,30.23,28.69
593,30.23,28.69
686,30.23,28.69
433,30.23,28.69
619,30.23,28.69
296,30.23,28.69
567,30.23,28.69
415,30.23,28.69
643,30.23,28.69
526,30.23,28.69
708,30.23,28.69
122,30.23,28.69
814,30.23,28.69
341,30.23,28.69
474,30.23,28.69
716,30.23,28.69
337,30.23,28.69
646,30.23,28.69
407,30.23,28.69
657,30.23,28.69
120,30.23,28.69
535,30.23,28.69
599,30.23,28.69
577,30.23,28.69
120,30.23,28.69
882,30.23,28.69
119,30.23,28.69
734,30.23,28.69
144,30.23,28.69
307,30.23,28.69
645,30.23,28.69
271,30.23,28.69
791,30.23,28.69
201,30.23,28.69
719,30.23,28.69
124,30.23,28.69
759,30.23,28.69
118,30.23,28.69
323,30.23,28.69
564,30.23,28.69
223,30.23,28.69
406,30.23,28.69
595,30.23,28.69
520,30.23,28.69
297,30.23,28.69
720,30.23,28.69
632,30.23,28.69
701,30.23,28.69
207,30.23,28.69
883,30.23,28.69
363,30.23,28.69
655,30.23,28.69
232,30.23,28.69
753,30.23,28.69
507,30.23,28.69
654,30.23,28.69
459,30.23,28.89
227,30.23,28.89
605,30.23,28.89
270,30.23,28.89
877,30.23,28.89
275,30.23,28.89
623,30.23,28.89
563,30.23,28.89
675,30.23,28.89
324,30.23,28.89
749,30.23,28.89
381,30.23,28.89
612,30.23,28.89
411,30.23,28.89
694,30.23,28.89
572,30.23,28.89
593,30.23,28.89
649,30.23,28.89
533,30.23,28.89
488,30.23,28.89
242,30.23,28.89
883,30.23,28.89
188,30.23,28.89
665,30.23,28.89
392,30.23,28.89
771,30.23,28.89
592,30.23,28.89
401,30.23,28.89
762,30.23,28.89
394,30.23,28.89
543,30.23,28.89
495,30.23,28.89
619,30.23,28.89
397,30.23,28.89
835,30.23,28.89
266,30.23,28.89
710,30.25,28.89
140,30.25,28.89
883,30.25,28.89
223,30.25,28.89
439,30.25,28.89
402,30.25,28.89
609,30.25,28.89
702,30.25,28.89
347,30.25,28.89
848,30.25,28.89
327,30.25,28.89
729,30.25,28.89
188,30.25,28.89
581,30.25,28.89
584,30.25,28.89
477,30.25,28.89
665,30.25,28.89
428,30.25,28.89
214,30.25,28.89
462,30.25,28.89
757,30.25,28.89
569,30.25,28.89
414,30.25,28.89
234,30.25,28.89
703,30.25,28.85
288,30.25,28.85
618,30.25,28.85
476,30.25,28.85
820,30.25,28.85
142,30.25,28.85
829,30.25,28.85
649,30.25,28.85
120,30.25,28.85
815,30.25,28.85
303,30.25,28.85
509,30.25,28.85
254,30.25,28.85
606,30.25,28.85
808,30.25,28.85
384,30.25,28.85
555,30.25,28.85
749,30.25,28.85
333,30.25,28.85
869,30.25,28.85
535,30.25,28.85
636,30.25,28.85
500,30.25,28.85
739,30.25,28.85
422,30.25,28.85
370,30.25,28.85
570,30.25,28.85
666,30.25,28.85
784,30.25,28.85
414,30.25,28.85
882,30.25,28.85
635,30.25,28.85
426,30.25,28.85
520,30.25,28.85
512,30.25,28.85
435,30.25,28.85
583,30.23,28.85
579,30.23,28.85
803,30.23,28.85
747,30.23,28.85
517,30.23,28.85
635,30.23,28.85
501,30.23,28.85
878,30.23,28.85
484,30.23,28.85
883,30.23,28.85
324,30.23,28.85
315,30.23,28.85
449,30.23,28.85
657,30.23,28.85
295,30.23,28.85
598,30.23,28.85
887,30.23,28.85
429,30.23,28.85
619,30.23,28.85
480,30.23,28.85
536,30.23,28.85
590,30.23,28.85
271,30.23,28.85
414,30.23,28.91
443,30.23,28.91
120,30.23,28.91
511,30.23,28.91
414,30.23,28.91
328,30.23,28.91
869,30.23,28.91
154,30.23,28.91
611,30.23,28.91
312,30.23,28.91
868,30.23,28.91
224,30.23,28.91
725,30.23,28.91
293,30.23,28.91
437,30.23,28.91
422,30.23,28.91
346,30.23,28.91
431,30.23,28.91
426,30.23,28.91
148,30.23,28.91
771,30.23,28.91
289,30.23,28.91
347,30.23,28.91
576,30.23,28.91
204,30.23,28.91
496,30.23,28.91
264,30.23,28.91
872,30.23,28.91
563,30.23,28.91
507,30.23,28.91
662,30.23,28.91
863,30.23,28.91
542,30.23,28.91
358,30.23,28.91
394,30.23,28.91
317,30.23,28.91
526,30.25,28.91
363,30.25,28.91
798,30.25,28.91
496,30.25,28.91
576,30.25,28.91
601,30.25,28.91
626,30.25,28.91
443,30.25,28.91
827,30.25,28.91
594,30.25,28.91
546,30.25,28.91
597,30.25,28.91
424,30.25,28.91
510,30.25,28.91
271,30.25,28.91
851,30.25,28.91
433,30.25,28.91
617,30.25,28.91
336,30.25,28.91
864,30.25,28.91
353,30.25,28.91
652,30.25,28.91
740,30.25,28.91
686,30.25,28.91
600,30.25,28.89
338,30.25,28.89
826,30.25,28.89
502,30.25,28.89
434,30.25,28.89
684,30.25,28.89
662,30.25,28.89
208,30.25,28.89
797,30.25,28.89
380,30.25,28.89
668,30.25,28.89
658,30.25,28.89
650,30.25,28.89
743,30.25,28.89
414,30.25,28.89
723,30.25,28.89
394,30.25,28.89
881,30.25,28.89
120,30.25,28.89
877,30.25,28.89
298,30.25,28.89
453,30.25,28.89
552,30.25,28.89
415,30.25,28.89
609,30.25,28.89
350,30.25,28.89
432,30.25,28.89
530,30.25,28.89
338,30.25,28.89
424,30.25,28.89
832,30.25,28.89
118,30.25,28.89
726,30.25,28.89
263,30.25,28.89
786,30.25,28.89
409,30.25,28.89
354,30.27,28.89
552,30.27,28.89
528,30.27,28.89
240,30.27,28.89
250,30.27,28.89
883,30.27,28.89
120,30.27,28.89
658,30.27,28.89
435,30.27,28.89
338,30.27,28.89
410,30.27,28.89
753,30.27,28.89
431,30.27,28.89
495,30.27,28.89
328,30.27,28.89
868,30.27,28.89
454,30.27,28.89
298,30.27,28.89
670,30.27,28.89
362,30.27,28.89
660,30.27,28.89
121,30.27,28.89
773,30.27,28.89
338,30.27,28.83
773,30.27,28.83
185,30.27,28.83
881,30.27,28.83
141,30.27,28.83
610,30.27,28.83
394,30.27,28.83
479,30.27,28.83
533,30.27,28.83
593,30.27,28.83
707,30.27,28.83
348,30.27,28.83
584,30.27,28.83
447,30.27,28.83
568,30.27,28.83
122,30.27,28.83
880,30.27,28.83
291,30.27,28.83
884,30.27,28.83
497,30.27,28.83
529,30.27,28.83
786,30.27,28.83
459,30.27,28.83
757,30.27,28.83
363,30.27,28.83
656,30.27,28.83
341,30.27,28.83
882,30.27,28.83
361,30.27,28.83
696,30.27,28.83
689,30.27,28.83
440,30.27,28.83
485,30.27,28.83
735,30.27,28.83
413,30.27,28.83
801,30.27,28.83
257,30.29,28.83
555,30.29,28.83
583,30.29,28.83
175,30.29,28.83
883,30.29,28.83
374,30.29,28.83
555,30.29,28.83
418,30.29,28.83
760,30.29,28.83
538,30.29,28.83
408,30.29,28.83
549,30.29,28.83
279,30.29,28.83
572,30.29,28.83
350,30.29,28.83
623,30.29,28.83
449,30.29,28.83
290,30.29,28.83
808,30.29,28.83
561,30.29,28.83
118,30.29,28.83
622,30.29,28.83
358,30.29,28.83
606,30.29,28.83
140,30.29,29.03
522,30.29,29.03
448,30.29,29.03
262,30.29,29.03
722,30.29,29.03
390,30.29,29.03
623,30.29,29.03
432,30.29,29.03
777,30.29,29.03
226,30.29,29.03
416,30.29,29.03
488,30.29,29.03
437,30.29,29.03
224,30.29,29.03
509,30.29,29.03
376,30.29,29.03
860,30.29,29.03
383,30.29,29.03
464,30.29,29.03
713,30.29,29.03
450,30.29,29.03
388,30.29,29.03
494,30.29,29.03
739,30.29,29.03
224,30.29,29.03
347,30.29,29.03
607,30.29,29.03
527,30.29,29.03
372,30.29,29.03
478,30.29,29.03
601,30.29,29.03
359,30.29,29.03
506,30.29,29.03
454,30.29,29.03
625,30.29,29.03
357,30.29,29.03
822,30.23,29.03
809,30.23,29.03
367,30.23,29.03
346,30.23,29.03
702,30.23,29.03
184,30.23,29.03
