308,30.21,28.79
592,30.21,28.79
464,30.21,28.79
123,30.21,28.79
476,30.21,28.79
882,30.21,28.79
461,30.21,28.79
242,30.21,28.79
422,30.21,28.79
448,30.21,28.79
223,30.21,28.79
638,30.21,28.79
220,30.21,28.79
851,30.19,28.79
356,30.19,28.79
549,30.19,28.79
791,30.19,28.79
392,30.19,28.79
624,30.19,28.79
378,30.19,28.79
878,30.19,28.79
120,30.19,28.79
883,30.19,28.79
121,30.19,28.79
819,30.19,28.79
775,30.19,28.79
554,30.19,28.79
570,30.19,28.79
512,30.19,28.79
459,30.19,28.79
613,30.19,28.79
526,30.19,28.79
603,30.19,28.79
838,30.19,28.79
280,30.19,28.79
737,30.19,28.79
281,30.19,28.85
724,30.19,28.85
420,30.19,28.85
517,30.19,28.85
141,30.19,28.85
662,30.19,28.85
450,30.19,28.85
351,30.19,28.85
681,30.19,28.85
120,30.19,28.85
693,30.19,28.85
343,30.19,28.85
288,30.19,28.85
198,30.19,28.85
569,30.19,28.85
371,30.19,28.85
817,30.19,28.85
262,30.19,28.85
596,30.19,28.85
257,30.19,28.85
386,30.19,28.85
509,30.19,28.85
380,30.19,28.85
321,30.19,28.85
335,30.19,28.85
750,30.19,28.85
121,30.19,28.85
799,30.19,28.85
120,30.19,28.85
831,30.19,28.85
290,30.19,28.85
537,30.19,28.85
665,30.19,28.85
381,30.19,28.85
563,30.19,28.85
500,30.19,28.85
615,30.23,28.85
463,30.23,28.85
818,30.23,28.85
423,30.23,28.85
297,30.23,28.85
282,30.23,28.85
883,30.23,28.85
122,30.23,28.85
850,30.23,28.85
412,30.23,28.85
566,30.23,28.85
514,30.23,28.85
406,30.23,28.85
620,30.23,28.85
258,30.23,28.85
859,30.23,28.85
489,30.23,28.85
884,30.23,28.85
317,30.23,28.85
667,30.23,28.85
360,30.23,28.85
171,30.23,28.85
281,30.23,28.85
517,30.23,28.85
170,30.23,28.85
700,30.23,28.85
378,30.23,28.85
729,30.23,28.85
857,30.23,28.85
255,30.23,28.85
872,30.23,28.85
383,30.23,28.85
593,30.23,28.85
619,30.23,28.85
839,30.23,28.85
119,30.23,28.85
798,30.23,28.85
614,30.23,28.85
573,30.23,28.85
513,30.23,28.85
693,30.23,28.85
455,30.23,28.85
565,30.23,28.85
314,30.23,28.85
646,30.23,28.85
373,30.23,28.85
487,30.23,28.85
700,30.23,28.85
214,30.23,28.85
882,30.23,28.85
121,30.23,28.85
883,30.23,28.85
705,30.23,28.85
183,30.23,28.85
551,30.23,28.85
622,30.23,28.85
493,30.23,28.85
295,30.23,28.85
677,30.23,28.85
141,30.23,28.85
245,30.19,28.85
689,30.19,28.85
464,30.19,28.85
453,30.19,28.85
664,30.19,28.85
347,30.19,28.85
678,30.19,28.85
257,30.19,28.85
559,30.19,28.85
609,30.19,28.85
272,30.19,28.85
478,30.19,28.85
201,30.19,28.85
689,30.19,28.85
119,30.19,28.85
584,30.19,28.85
487,30.19,28.85
304,30.19,28.85
777,30.19,28.85
419,30.19,28.85
477,30.19,28.85
538,30.19,28.85
542,30.19,28.85
340,30.19,28.91
413,30.19,28.91
379,30.19,28.91
387,30.19,28.91
716,30.19,28.91
356,30.19,28.91
386,30.19,28.91
634,30.19,28.91
325,30.19,28.91
589,30.19,28.91
521,30.19,28.91
433,30.19,28.91
591,30.19,28.91
555,30.19,28.91
841,30.19,28.91
125,30.19,28.91
788,30.19,28.91
538,30.19,28.91
619,30.19,28.91
345,30.19,28.91
619,30.19,28.91
774,30.19,28.91
355,30.19,28.91
742,30.19,28.91
830,30.19,28.91
171,30.19,28.91
883,30.19,28.91
430,30.19,28.91
676,30.19,28.91
455,30.19,28.91
337,30.19,28.91
883,30.19,28.91
222,30.19,28.91
868,30.19,28.91
488,30.19,28.91
369,30.19,28.91
481,30.21,28.91
600,30.21,28.91
733,30.21,28.91
554,30.21,28.91
730,30.21,28.91
609,30.21,28.91
883,30.21,28.91
315,30.21,28.91
541,30.21,28.91
575,30.21,28.91
405,30.21,28.91
344,30.21,28.91
698,30.21,28.91
155,30.21,28.91
853,30.21,28.91
537,30.21,28.91
384,30.21,28.91
455,30.21,28.91
187,30.21,28.91
870,30.21,28.91
119,30.21,28.91
710,30.21,28.91
627,30.21,28.91
397,30.21,28.91
415,30.21,28.85
658,30.21,28.85
530,30.21,28.85
169,30.21,28.85
687,30.21,28.85
568,30.21,28.85
604,30.21,28.85
429,30.21,28.85
867,30.21,28.85
882,30.21,28.85
333,30.21,28.85
192,30.21,28.85
268,30.21,28.85
282,30.21,28.85
629,30.21,28.85
120,30.21,28.85
636,30.21,28.85
119,30.21,28.85
241,30.21,28.85
594,30.21,28.85
459,30.21,28.85
425,30.21,28.85
712,30.21,28.85
434,30.21,28.85
185,30.21,28.85
577,30.21,28.85
647,30.21,28.85
477,30.21,28.85
490,30.21,28.85
460,30.21,28.85
471,30.21,28.85
601,30.21,28.85
311,30.21,28.85
778,30.21,28.85
314,30.21,28.85
519,30.21,28.85
748,30.19,28.85
438,30.19,28.85
822,30.19,28.85
250,30.19,28.85
880,30.19,28.85
659,30.19,28.85
247,30.19,28.85
824,30.19,28.85
753,30.19,28.85
437,30.19,28.85
719,30.19,28.85
848,30.19,28.85
463,30.19,28.85
718,30.19,28.85
740,30.19,28.85
645,30.19,28.85
354,30.19,28.85
655,30.19,28.85
576,30.19,28.85
698,30.19,28.85
297,30.19,28.85
883,30.19,28.85
720,30.19,28.85
633,30.19,28.85
413,30.19,28.83
602,30.19,28.83
883,30.19,28.83
126,30.19,28.83
827,30.19,28.83
653,30.19,28.83
414,30.19,28.83
535,30.19,28.83
586,30.19,28.83
627,30.19,28.83
795,30.19,28.83
464,30.19,28.83
544,30.19,28.83
425,30.19,28.83
582,30.19,28.83
583,30.19,28.83
410,30.19,28.83
273,30.19,28.83
546,30.19,28.83
653,30.19,28.83
145,30.19,28.83
742,30.19,28.83
367,30.19,28.83
604,30.19,28.83
121,30.19,28.83
577,30.19,28.83
664,30.19,28.83
489,30.19,28.83
695,30.19,28.83
696,30.19,28.83
481,30.19,28.83
547,30.19,28.83
632,30.19,28.83
357,30.19,28.83
406,30.19,28.83
253,30.19,28.83
289,30.21,28.83
124,30.21,28.83
607,30.21,28.83
120,30.21,28.83
687,30.21,28.83
358,30.21,28.83
535,30.21,28.83
762,30.21,28.83
228,30.21,28.83
585,30.21,28.83
531,30.21,28.83
527,30.21,28.83
236,30.21,28.83
701,30.21,28.83
547,30.21,28.83
670,30.21,28.83
606,30.21,28.83
593,30.21,28.83
446,30.21,28.83
441,30.21,28.83
474,30.21,28.83
731,30.21,28.83
363,30.21,28.83
496,30.21,28.65
537,30.21,28.65
227,30.21,28.65
718,30.21,28.65
323,30.21,28.65
883,30.21,28.65
218,30.21,28.65
270,30.21,28.65
696,30.21,28.65
603,30.21,28.65
634,30.21,28.65
569,30.21,28.65
536,30.21,28.65
432,30.21,28.65
328,30.21,28.65
812,30.21,28.65
460,30.21,28.65
196,30.21,28.65
804,30.21,28.65
522,30.21,28.65
581,30.21,28.65
269,30.21,28.65
834,30.21,28.65
123,30.21,28.65
497,30.21,28.65
391,30.21,28.65
511,30.21,28.65
748,30.21,28.65
493,30.21,28.65
884,30.21,28.65
395,30.21,28.65
118,30.21,28.65
737,30.21,28.65
352,30.21,28.65
353,30.21,28.65
652,30.21,28.65
224,30.19,28.65
623,30.19,28.65
177,30.19,28.65
571,30.19,28.65
602,30.19,28.65
449,30.19,28.65
454,30.19,28.65
540,30.19,28.65
651,30.19,28.65
136,30.19,28.65
883,30.19,28.65
238,30.19,28.65
694,30.19,28.65
184,30.19,28.65
381,30.19,28.65
628,30.19,28.65
295,30.19,28.65
691,30.19,28.65
660,30.19,28.65
454,30.19,28.65
560,30.19,28.65
839,30.19,28.65
168,30.19,28.65
544,30.19,28.65
248,30.19,28.77
772,30.19,28.77
118,30.19,28.77
647,30.19,28.77
259,30.19,28.77
668,30.19,28.77
184,30.19,28.77
552,30.19,28.77
637,30.19,28.77
119,30.19,28.77
779,30.19,28.77
335,30.19,28.77
880,30.19,28.77
133,30.19,28.77
877,30.19,28.77
477,30.19,28.77
504,30.19,28.77
589,30.19,28.77
684,30.19,28.77
297,30.19,28.77
437,30.19,28.77
452,30.19,28.77
529,30.19,28.77
396,30.19,28.77
