844,30.95,29.83
393,30.95,29.83
271,30.95,29.83
273,30.95,29.83
719,30.95,29.83
404,30.95,29.83
857,30.95,29.83
335,30.95,29.83
562,30.95,29.83
594,30.95,29.83
528,30.95,29.83
347,30.95,29.83
354,30.95,29.83
145,30.95,29.83
772,30.95,29.83
221,30.95,29.83
398,30.95,29.83
741,30.95,29.83
221,30.95,29.83
884,30.95,29.83
232,30.95,29.83
592,30.95,29.83
439,30.95,29.83
424,30.95,29.83
490,30.95,29.83
636,30.95,29.83
195,30.95,29.83
526,30.95,29.83
580,30.95,29.83
361,30.95,29.83
242,30.95,29.83
486,30.95,29.83
463,30.95,29.83
361,30.95,29.83
654,30.95,29.83
150,30.95,29.83
884,30.95,29.83
213,30.95,29.83
541,30.95,29.83
622,30.95,29.63
388,30.95,29.63
413,30.95,29.63
411,30.95,29.63
477,30.95,29.63
535,30.95,29.63
350,30.95,29.63
375,30.95,29.63
586,30.95,29.63
321,30.95,29.63
437,30.95,29.63
517,30.95,29.63
546,30.95,29.63
327,30.95,29.63
722,30.95,29.63
402,30.95,29.63
561,30.95,29.63
585,30.95,29.63
794,30.95,29.63
459,30.95,29.63
212,30.95,29.63
807,30.95,29.63
371,30.95,29.63
539,30.95,29.63
339,30.95,29.63
605,30.95,29.63
508,30.95,29.63
561,30.95,29.63
675,30.95,29.63
709,30.95,29.63
280,30.95,29.63
713,30.95,29.63
532,30.95,29.63
463,30.95,29.63
311,30.95,29.63
676,30.95,29.63
606,30.93,29.63
527,30.93,29.63
285,30.93,29.63
437,30.93,29.63
706,30.93,29.63
247,30.93,29.63
884,30.93,29.63
448,30.93,29.63
400,30.93,29.63
505,30.93,29.63
291,30.93,29.63
710,30.93,29.63
560,30.93,29.63
529,30.93,29.63
745,30.93,29.63
473,30.93,29.63
738,30.93,29.63
725,30.93,29.63
314,30.93,29.63
530,30.93,29.63
246,30.93,29.63
702,30.93,29.63
148,30.93,29.63
769,30.93,29.69
281,30.93,29.69
584,30.93,29.69
347,30.93,29.69
119,30.93,29.69
671,30.93,29.69
250,30.93,29.69
723,30.93,29.69
443,30.93,29.69
507,30.93,29.69
232,30.93,29.69
432,30.93,29.69
499,30.93,29.69
437,30.93,29.69
181,30.93,29.69
657,30.93,29.69
297,30.93,29.69
549,30.93,29.69
539,30.93,29.69
444,30.93,29.69
471,30.93,29.69
442,30.93,29.69
732,30.93,29.69
344,30.93,29.69
857,30.93,29.69
233,30.93,29.69
655,30.93,29.69
574,30.93,29.69
352,30.93,29.69
560,30.93,29.69
357,30.93,29.69
764,30.93,29.69
126,30.93,29.69
352,30.93,29.69
612,30.93,29.69
608,30.93,29.69
642,30.95,29.69
678,30.95,29.69
252,30.95,29.69
442,30.95,29.69
246,30.95,29.69
547,30.95,29.69
470,30.95,29.69
443,30.95,29.69
704,30.95,29.69
498,30.95,29.69
857,30.95,29.69
496,30.95,29.69
866,30.95,29.69
405,30.95,29.69
775,30.95,29.69
275,30.95,29.69
610,30.95,29.69
790,30.95,29.69
346,30.95,29.69
880,30.95,29.69
618,30.95,29.69
583,30.95,29.69
394,30.95,29.69
591,30.95,29.69
388,30.95,29.59
729,30.95,29.59
471,30.95,29.59
491,30.95,29.59
466,30.95,29.59
481,30.95,29.59
326,30.95,29.59
773,30.95,29.59
223,30.95,29.59
447,30.95,29.59
855,30.95,29.59
121,30.95,29.59
878,30.95,29.59
327,30.95,29.59
560,30.95,29.59
554,30.95,29.59
542,30.95,29.59
657,30.95,29.59
363,30.95,29.59
143,30.95,29.59
590,30.95,29.59
445,30.95,29.59
501,30.95,29.59
477,30.95,29.59
436,30.95,29.59
610,30.95,29.59
354,30.95,29.59
627,30.95,29.59
156,30.95,29.59
593,30.95,29.59
170,30.95,29.59
640,30.95,29.59
502,30.95,29.59
167,30.95,29.59
700,30.95,29.59
318,30.95,29.59
565,30.93,29.59
317,30.93,29.59
495,30.93,29.59
177,30.93,29.59
445,30.93,29.59
602,30.93,29.59
478,30.93,29.59
119,30.93,29.59
649,30.93,29.59
303,30.93,29.59
739,30.93,29.59
355,30.93,29.59
342,30.93,29.59
554,30.93,29.59
631,30.93,29.59
650,30.93,29.59
307,30.93,29.59
831,30.93,29.59
118,30.93,29.59
884,30.93,29.59
388,30.93,29.59
546,30.93,29.59
641,30.93,29.59
582,30.93,29.65
494,30.93,29.65
422,30.93,29.65
422,30.93,29.65
626,30.93,29.65
569,30.93,29.65
808,30.93,29.65
663,30.93,29.65
119,30.93,29.65
628,30.93,29.65
388,30.93,29.65
880,30.93,29.65
192,30.93,29.65
706,30.93,29.65
274,30.93,29.65
682,30.93,29.65
373,30.93,29.65
549,30.93,29.65
677,30.93,29.65
124,30.93,29.65
681,30.93,29.65
129,30.93,29.65
507,30.93,29.65
709,30.93,29.65
670,30.93,29.65
430,30.93,29.65
727,30.93,29.65
119,30.93,29.65
764,30.93,29.65
267,30.93,29.65
563,30.93,29.65
490,30.93,29.65
465,30.93,29.65
553,30.93,29.65
432,30.93,29.65
677,30.93,29.65
130,30.93,29.65
649,30.95,29.65
311,30.95,29.65
670,30.95,29.65
119,30.95,29.65
729,30.95,29.65
555,30.95,29.65
361,30.95,29.65
493,30.95,29.65
219,30.95,29.65
602,30.95,29.65
406,30.95,29.65
512,30.95,29.65
432,30.95,29.65
441,30.95,29.65
130,30.95,29.65
792,30.95,29.65
311,30.95,29.65
855,30.95,29.65
428,30.95,29.65
770,30.95,29.65
196,30.95,29.65
792,30.95,29.65
553,30.95,29.65
156,30.95,29.65
703,30.95,29.65
287,30.95,29.65
614,30.95,29.65
127,30.95,29.65
553,30.95,29.65
429,30.95,29.65
391,30.95,29.65
389,30.95,29.65
675,30.95,29.65
414,30.95,29.65
782,30.95,29.65
503,30.95,29.65
701,30.95,29.65
495,30.95,29.65
461,30.95,29.65
596,30.95,29.65
293,30.95,29.65
666,30.95,29.65
495,30.95,29.65
739,30.95,29.65
288,30.95,29.65
667,30.95,29.65
452,30.95,29.65
343,30.95,29.65
484,30.95,29.65
738,30.95,29.65
381,30.95,29.65
411,30.95,29.65
333,30.95,29.65
828,30.95,29.65
641,30.95,29.65
338,30.95,29.65
883,30.95,29.65
118,30.95,29.65
865,30.95,29.65
309,30.97,29.65
688,30.97,29.65
488,30.97,29.65
613,30.97,29.65
492,30.97,29.65
581,30.97,29.65
508,30.97,29.65
447,30.97,29.65
711,30.97,29.65
270,30.97,29.65
454,30.97,29.65
537,30.97,29.65
629,30.97,29.65
317,30.97,29.65
584,30.97,29.65
449,30.97,29.65
774,30.97,29.65
129,30.97,29.65
731,30.97,29.65
349,30.97,29.65
623,30.97,29.65
359,30.97,29.65
405,30.97,29.65
884,30.97,29.65
118,30.97,29.69
759,30.97,29.69
627,30.97,29.69
383,30.97,29.69
252,30.97,29.69
612,30.97,29.69
302,30.97,29.69
221,30.97,29.69
642,30.97,29.69
345,30.97,29.69
222,30.97,29.69
539,30.97,29.69
660,30.97,29.69
676,30.97,29.69
199,30.97,29.69
374,30.97,29.69
814,30.97,29.69
145,30.97,29.69
710,30.97,29.69
414,30.97,29.69
568,30.97,29.69
537,30.97,29.69
499,30.97,29.69
752,30.97,29.69
180,30.97,29.69
515,30.97,29.69
548,30.97,29.69
636,30.97,29.69
120,30.97,29.69
421,30.97,29.69
601,30.97,29.69
308,30.97,29.69
565,30.97,29.69
460,30.97,29.69
292,30.97,29.69
733,30.97,29.69
126,30.93,29.69
883,30.93,29.69
886,30.93,29.69
123,30.93,29.69
883,30.93,29.69
126,30.93,29.69
594,30.93,29.69
825,30.93,29.69
161,30.93,29.69
306,30.93,29.69
123,30.93,29.69
606,30.93,29.69
121,30.93,29.69
815,30.93,29.69
421,30.93,29.69
679,30.93,29.69
627,30.93,29.69
422,30.93,29.69
341,30.93,29.69
667,30.93,29.69
530,30.93,29.69
883,30.93,29.69
337,30.93,29.69
637,30.93,29.59
123,30.93,29.59
693,30.93,29.59
882,30.93,29.59
120,30.93,29.59
445,30.93,29.59
123,30.93,29.59
882,30.93,29.59
614,30.93,29.59
480,30.93,29.59
796,30.93,29.59
664,30.93,29.59
764,30.93,29.59
182,30.93,29.59
709,30.93,29.59
710,30.93,29.59
626,30.93,29.59
678,30.93,29.59
655,30.93,29.59
354,30.93,29.59
474,30.93,29.59
590,30.93,29.59
