508,29.69,28.45
838,29.69,28.45
148,29.69,28.45
239,29.69,28.45
653,29.69,28.45
668,29.69,28.45
619,29.69,28.45
635,29.69,28.45
489,29.69,28.45
274,29.69,28.45
828,29.69,28.45
229,29.69,28.45
883,29.69,28.45
292,29.69,28.45
586,29.69,28.45
649,29.69,28.45
118,29.69,28.45
883,29.69,28.45
382,29.69,28.45
464,29.69,28.37
316,29.69,28.37
633,29.69,28.37
604,29.69,28.37
453,29.69,28.37
312,29.69,28.37
883,29.69,28.37
463,29.69,28.37
346,29.69,28.37
406,29.69,28.37
681,29.69,28.37
391,29.69,28.37
751,29.69,28.37
599,29.69,28.37
388,29.69,28.37
764,29.69,28.37
207,29.69,28.37
883,29.69,28.37
119,29.69,28.37
460,29.69,28.37
389,29.69,28.37
380,29.69,28.37
368,29.69,28.37
681,29.69,28.37
584,29.69,28.37
121,29.69,28.37
570,29.69,28.37
401,29.69,28.37
425,29.69,28.37
372,29.69,28.37
792,29.69,28.37
515,29.69,28.37
224,29.69,28.37
399,29.69,28.37
526,29.69,28.37
496,29.69,28.37
231,29.67,28.37
504,29.67,28.37
380,29.67,28.37
405,29.67,28.37
119,29.67,28.37
708,29.67,28.37
151,29.67,28.37
557,29.67,28.37
310,29.67,28.37
497,29.67,28.37
652,29.67,28.37
510,29.67,28.37
775,29.67,28.37
267,29.67,28.37
411,29.67,28.37
742,29.67,28.37
602,29.67,28.37
365,29.67,28.37
563,29.67,28.37
502,29.67,28.37
409,29.67,28.37
312,29.67,28.37
803,29.67,28.37
400,29.67,28.23
539,29.67,28.23
508,29.67,28.23
553,29.67,28.23
829,29.67,28.23
131,29.67,28.23
883,29.67,28.23
502,29.67,28.23
602,29.67,28.23
616,29.67,28.23
632,29.67,28.23
658,29.67,28.23
405,29.67,28.23
350,29.67,28.23
623,29.67,28.23
360,29.67,28.23
762,29.67,28.23
348,29.67,28.23
479,29.67,28.23
312,29.67,28.23
506,29.67,28.23
606,29.67,28.23
119,29.67,28.23
875,29.67,28.23
410,29.67,28.23
664,29.67,28.23
496,29.67,28.23
468,29.67,28.23
614,29.67,28.23
280,29.67,28.23
798,29.67,28.23
251,29.67,28.23
394,29.67,28.23
381,29.67,28.23
693,29.67,28.23
362,29.67,28.23
663,29.67,28.23
294,29.67,28.23
882,29.67,28.23
121,29.67,28.23
546,29.67,28.23
385,29.67,28.23
722,29.67,28.23
120,29.67,28.23
634,29.67,28.23
613,29.67,28.23
373,29.67,28.23
888,29.67,28.23
120,29.67,28.23
596,29.67,28.23
119,29.67,28.23
308,29.67,28.23
409,29.67,28.23
328,29.67,28.23
582,29.67,28.23
732,29.67,28.23
335,29.67,28.23
503,29.67,28.23
579,29.67,28.23
638,29.67,28.23
603,29.67,28.45
387,29.67,28.45
682,29.67,28.45
234,29.67,28.45
309,29.67,28.45
445,29.67,28.45
859,29.67,28.45
119,29.67,28.45
760,29.67,28.45
382,29.67,28.45
397,29.67,28.45
597,29.67,28.45
456,29.67,28.45
662,29.67,28.45
298,29.67,28.45
457,29.67,28.45
692,29.67,28.45
386,29.67,28.45
168,29.67,28.45
831,29.67,28.45
118,29.67,28.45
446,29.67,28.45
295,29.67,28.45
854,29.67,28.45
257,29.67,28.45
847,29.67,28.45
575,29.67,28.45
714,29.67,28.45
621,29.67,28.45
173,29.67,28.45
883,29.67,28.45
438,29.67,28.45
698,29.67,28.45
558,29.67,28.45
729,29.67,28.45
454,29.67,28.45
678,29.67,28.45
401,29.67,28.45
538,29.67,28.45
421,29.67,28.45
686,29.67,28.45
561,29.67,28.45
571,29.67,28.45
774,29.67,28.45
364,29.67,28.45
551,29.67,28.45
179,29.67,28.45
723,29.67,28.45
130,29.67,28.45
520,29.67,28.45
613,29.67,28.45
753,29.67,28.45
457,29.67,28.45
261,29.67,28.45
739,29.67,28.45
399,29.67,28.45
412,29.67,28.45
241,29.67,28.45
586,29.67,28.45
178,29.67,28.43
172,29.67,28.43
561,29.67,28.43
820,29.67,28.43
120,29.67,28.43
843,29.67,28.43
535,29.67,28.43
460,29.67,28.43
671,29.67,28.43
494,29.67,28.43
558,29.67,28.43
130,29.67,28.43
621,29.67,28.43
580,29.67,28.43
433,29.67,28.43
121,29.67,28.43
347,29.67,28.43
617,29.67,28.43
138,29.67,28.43
806,29.67,28.43
382,29.67,28.43
463,29.67,28.43
122,29.67,28.43
862,29.67,28.43
489,29.67,28.43
562,29.67,28.43
217,29.67,28.43
597,29.67,28.43
233,29.67,28.43
619,29.67,28.43
304,29.67,28.43
857,29.67,28.43
316,29.67,28.43
670,29.67,28.43
388,29.67,28.43
209,29.67,28.43
853,29.69,28.43
121,29.69,28.43
848,29.69,28.43
178,29.69,28.43
846,29.69,28.43
448,29.69,28.43
502,29.69,28.43
663,29.69,28.43
631,29.69,28.43
400,29.69,28.43
197,29.69,28.43
251,29.69,28.43
443,29.69,28.43
537,29.69,28.43
414,29.69,28.43
882,29.69,28.43
121,29.69,28.43
758,29.69,28.43
120,29.69,28.43
882,29.69,28.43
119,29.69,28.43
806,29.69,28.43
467,29.69,28.43
278,29.69,28.43
628,29.69,28.31
483,29.69,28.31
622,29.69,28.31
412,29.69,28.31
661,29.69,28.31
506,29.69,28.31
658,29.69,28.31
593,29.69,28.31
719,29.69,28.31
124,29.69,28.31
881,29.69,28.31
233,29.69,28.31
866,29.69,28.31
466,29.69,28.31
405,29.69,28.31
878,29.69,28.31
551,29.69,28.31
537,29.69,28.31
262,29.69,28.31
799,29.69,28.31
189,29.69,28.31
884,29.69,28.31
320,29.69,28.31
473,29.69,28.31
384,29.69,28.31
574,29.69,28.31
409,29.69,28.31
490,29.69,28.31
122,29.69,28.31
825,29.69,28.31
561,29.69,28.31
277,29.69,28.31
860,29.69,28.31
570,29.69,28.31
733,29.69,28.31
119,29.69,28.31
883,29.67,28.31
167,29.67,28.31
434,29.67,28.31
120,29.67,28.31
870,29.67,28.31
130,29.67,28.31
188,29.67,28.31
763,29.67,28.31
348,29.67,28.31
630,29.67,28.31
331,29.67,28.31
548,29.67,28.31
463,29.67,28.31
402,29.67,28.31
658,29.67,28.31
791,29.67,28.31
159,29.67,28.31
624,29.67,28.31
414,29.67,28.31
754,29.67,28.31
272,29.67,28.31
356,29.67,28.31
491,29.67,28.31
260,29.67,28.23
824,29.67,28.23
419,29.67,28.23
772,29.67,28.23
496,29.67,28.23
749,29.67,28.23
384,29.67,28.23
563,29.67,28.23
552,29.67,28.23
740,29.67,28.23
739,29.67,28.23
241,29.67,28.23
379,29.67,28.23
801,29.67,28.23
266,29.67,28.23
482,29.67,28.23
467,29.67,28.23
389,29.67,28.23
776,29.67,28.23
510,29.67,28.23
630,29.67,28.23
417,29.67,28.23
575,29.67,28.23
882,29.67,28.23
200,29.67,28.23
504,29.67,28.23
634,29.67,28.23
712,29.67,28.23
275,29.67,28.23
755,29.67,28.23
508,29.67,28.23
618,29.67,28.23
645,29.67,28.23
603,29.67,28.23
406,29.67,28.23
518,29.67,28.23
519,29.71,28.23
778,29.71,28.23
543,29.71,28.23
395,29.71,28.23
843,29.71,28.23
373,29.71,28.23
606,29.71,28.23
531,29.71,28.23
633,29.71,28.23
522,29.71,28.23
754,29.71,28.23
120,29.71,28.23
412,29.71,28.23
573,29.71,28.23
526,29.71,28.23
490,29.71,28.23
386,29.71,28.23
409,29.71,28.23
690,29.71,28.23
595,29.71,28.23
476,29.71,28.23
643,29.71,28.23
327,29.71,28.23
536,29.71,28.23
119,29.71,28.51
833,29.71,28.51
128,29.71,28.51
323,29.71,28.51
429,29.71,28.51
219,29.71,28.51
486,29.71,28.51
418,29.71,28.51
623,29.71,28.51
120,29.71,28.51
883,29.71,28.51
204,29.71,28.51
724,29.71,28.51
354,29.71,28.51
636,29.71,28.51
473,29.71,28.51
685,29.71,28.51
205,29.71,28.51
877,29.71,28.51
605,29.71,28.51
584,29.71,28.51
464,29.71,28.51
485,29.71,28.51
681,29.71,28.51
119,29.71,28.51
883,29.71,28.51
329,29.71,28.51
621,29.71,28.51
624,29.71,28.51
855,29.71,28.51
679,29.71,28.51
298,29.71,28.51
769,29.71,28.51
496,29.71,28.51
583,29.71,28.51
487,29.71,28.51
435,29.75,28.51
542,29.75,28.51
393,29.75,28.51
669,29.75,28.51
532,29.75,28.51
119,29.75,28.51
882,29.75,28.51
