643,28.47,27.35
325,28.47,27.35
881,28.47,27.35
122,28.47,27.35
472,28.47,27.35
788,28.47,27.35
880,28.47,27.35
314,28.47,27.35
752,28.47,27.35
123,28.47,27.35
826,28.47,27.35
229,28.47,27.35
663,28.47,27.35
399,28.47,27.35
527,28.47,27.35
571,28.47,27.35
467,28.47,27.35
568,28.47,27.35
307,28.49,27.35
834,28.49,27.35
120,28.49,27.35
167,28.49,27.35
355,28.49,27.35
761,28.49,27.35
193,28.49,27.35
647,28.49,27.35
343,28.49,27.35
373,28.49,27.35
318,28.49,27.35
574,28.49,27.35
300,28.49,27.35
519,28.49,27.35
872,28.49,27.35
203,28.49,27.35
445,28.49,27.35
181,28.49,27.35
881,28.49,27.35
227,28.49,27.35
574,28.49,27.35
198,28.49,27.35
620,28.49,27.35
283,28.49,27.35
391,28.49,27.31
871,28.49,27.31
384,28.49,27.31
622,28.49,27.31
542,28.49,27.31
415,28.49,27.31
728,28.49,27.31
853,28.49,27.31
547,28.49,27.31
668,28.49,27.31
349,28.49,27.31
581,28.49,27.31
495,28.49,27.31
735,28.49,27.31
739,28.49,27.31
385,28.49,27.31
716,28.49,27.31
182,28.49,27.31
880,28.49,27.31
151,28.49,27.31
881,28.49,27.31
549,28.49,27.31
507,28.49,27.31
531,28.49,27.31
417,28.49,27.31
749,28.49,27.31
439,28.49,27.31
842,28.49,27.31
420,28.49,27.31
641,28.49,27.31
851,28.49,27.31
574,28.49,27.31
560,28.49,27.31
581,28.49,27.31
120,28.49,27.31
882,28.49,27.31
372,28.49,27.31
499,28.49,27.31
773,28.49,27.31
413,28.49,27.31
539,28.49,27.31
121,28.49,27.31
836,28.49,27.31
425,28.49,27.31
826,28.49,27.31
172,28.49,27.31
658,28.49,27.31
568,28.49,27.31
466,28.49,27.31
789,28.49,27.31
554,28.49,27.31
395,28.49,27.31
328,28.49,27.31
450,28.49,27.31
430,28.49,27.31
485,28.49,27.31
248,28.49,27.31
614,28.49,27.31
225,28.49,27.31
715,28.49,27.31
286,28.49,27.55
289,28.49,27.55
603,28.49,27.55
533,28.49,27.55
311,28.49,27.55
347,28.49,27.55
717,28.49,27.55
232,28.49,27.55
646,28.49,27.55
274,28.49,27.55
590,28.49,27.55
467,28.49,27.55
590,28.49,27.55
555,28.49,27.55
798,28.49,27.55
276,28.49,27.55
500,28.49,27.55
655,28.49,27.55
875,28.49,27.55
431,28.49,27.55
227,28.49,27.55
816,28.49,27.55
231,28.49,27.55
758,28.49,27.55
213,28.49,27.55
827,28.49,27.55
120,28.49,27.55
790,28.49,27.55
425,28.49,27.55
628,28.49,27.55
507,28.49,27.55
443,28.49,27.55
825,28.49,27.55
266,28.49,27.55
431,28.49,27.55
383,28.49,27.55
500,28.49,27.55
354,28.49,27.55
777,28.49,27.55
119,28.49,27.55
805,28.49,27.55
124,28.49,27.55
793,28.49,27.55
343,28.49,27.55
162,28.49,27.55
849,28.49,27.55
381,28.49,27.55
881,28.49,27.55
263,28.49,27.55
882,28.49,27.55
377,28.49,27.55
635,28.49,27.55
174,28.49,27.55
598,28.49,27.55
583,28.49,27.55
613,28.49,27.55
472,28.49,27.55
577,28.49,27.55
204,28.49,27.55
815,28.49,27.55
477,28.49,27.43
430,28.49,27.43
555,28.49,27.43
120,28.49,27.43
881,28.49,27.43
217,28.49,27.43
697,28.49,27.43
570,28.49,27.43
510,28.49,27.43
381,28.49,27.43
726,28.49,27.43
397,28.49,27.43
129,28.49,27.43
537,28.49,27.43
256,28.49,27.43
496,28.49,27.43
151,28.49,27.43
619,28.49,27.43
247,28.49,27.43
416,28.49,27.43
267,28.49,27.43
506,28.49,27.43
239,28.49,27.43
762,28.49,27.43
187,28.49,27.43
716,28.49,27.43
452,28.49,27.43
299,28.49,27.43
848,28.49,27.43
264,28.49,27.43
562,28.49,27.43
205,28.49,27.43
524,28.49,27.43
139,28.49,27.43
622,28.49,27.43
478,28.49,27.43
723,28.51,27.43
568,28.51,27.43
437,28.51,27.43
387,28.51,27.43
693,28.51,27.43
388,28.51,27.43
553,28.51,27.43
512,28.51,27.43
312,28.51,27.43
609,28.51,27.43
346,28.51,27.43
820,28.51,27.43
280,28.51,27.43
737,28.51,27.43
336,28.51,27.43
500,28.51,27.43
792,28.51,27.43
456,28.51,27.43
812,28.51,27.43
285,28.51,27.43
727,28.51,27.43
391,28.51,27.43
573,28.51,27.43
717,28.51,27.43
749,28.51,27.47
456,28.51,27.47
343,28.51,27.47
691,28.51,27.47
745,28.51,27.47
218,28.51,27.47
757,28.51,27.47
450,28.51,27.47
800,28.51,27.47
285,28.51,27.47
395,28.51,27.47
706,28.51,27.47
181,28.51,27.47
881,28.51,27.47
434,28.51,27.47
449,28.51,27.47
357,28.51,27.47
650,28.51,27.47
657,28.51,27.47
267,28.51,27.47
425,28.51,27.47
524,28.51,27.47
456,28.51,27.47
621,28.51,27.47
322,28.51,27.47
545,28.51,27.47
405,28.51,27.47
388,28.51,27.47
824,28.51,27.47
121,28.51,27.47
847,28.51,27.47
496,28.51,27.47
436,28.51,27.47
230,28.51,27.47
281,28.51,27.47
661,28.51,27.47
545,28.49,27.47
162,28.49,27.47
282,28.49,27.47
616,28.49,27.47
119,28.49,27.47
325,28.49,27.47
393,28.49,27.47
479,28.49,27.47
378,28.49,27.47
565,28.49,27.47
246,28.49,27.47
577,28.49,27.47
506,28.49,27.47
543,28.49,27.47
854,28.49,27.47
120,28.49,27.47
549,28.49,27.47
312,28.49,27.47
878,28.49,27.47
211,28.49,27.47
692,28.49,27.47
573,28.49,27.47
258,28.49,27.47
511,28.49,27.47
637,28.49,27.37
422,28.49,27.37
528,28.49,27.37
721,28.49,27.37
311,28.49,27.37
584,28.49,27.37
478,28.49,27.37
440,28.49,27.37
431,28.49,27.37
487,28.49,27.37
246,28.49,27.37
821,28.49,27.37
368,28.49,27.37
645,28.49,27.37
813,28.49,27.37
251,28.49,27.37
522,28.49,27.37
534,28.49,27.37
865,28.49,27.37
352,28.49,27.37
797,28.49,27.37
455,28.49,27.37
592,28.49,27.37
478,28.49,27.37
712,28.49,27.37
831,28.49,27.37
463,28.49,27.37
522,28.49,27.37
375,28.49,27.37
436,28.49,27.37
846,28.49,27.37
130,28.49,27.37
606,28.49,27.37
637,28.49,27.37
315,28.49,27.37
881,28.49,27.37
309,28.51,27.37
881,28.51,27.37
542,28.51,27.37
480,28.51,27.37
510,28.51,27.37
506,28.51,27.37
639,28.51,27.37
425,28.51,27.37
523,28.51,27.37
315,28.51,27.37
847,28.51,27.37
508,28.51,27.37
567,28.51,27.37
188,28.51,27.37
428,28.51,27.37
393,28.51,27.37
374,28.51,27.37
207,28.51,27.37
856,28.51,27.37
589,28.51,27.37
448,28.51,27.37
210,28.51,27.37
330,28.51,27.37
521,28.51,27.37
295,28.51,27.29
616,28.51,27.29
250,28.51,27.29
311,28.51,27.29
404,28.51,27.29
299,28.51,27.29
352,28.51,27.29
371,28.51,27.29
321,28.51,27.29
446,28.51,27.29
575,28.51,27.29
484,28.51,27.29
453,28.51,27.29
704,28.51,27.29
502,28.51,27.29
534,28.51,27.29
591,28.51,27.29
372,28.51,27.29
541,28.51,27.29
145,28.51,27.29
752,28.51,27.29
383,28.51,27.29
360,28.51,27.29
794,28.51,27.29
567,28.51,27.29
527,28.51,27.29
635,28.51,27.29
532,28.51,27.29
450,28.51,27.29
567,28.51,27.29
643,28.51,27.29
580,28.51,27.29
477,28.51,27.29
681,28.51,27.29
515,28.51,27.29
672,28.51,27.29
151,28.47,27.29
861,28.47,27.29
374,28.47,27.29
211,28.47,27.29
835,28.47,27.29
387,28.47,27.29
787,28.47,27.29
573,28.47,27.29
703,28.47,27.29
280,28.47,27.29
463,28.47,27.29
564,28.47,27.29
531,28.47,27.29
872,28.47,27.29
370,28.47,27.29
556,28.47,27.29
786,28.47,27.29
459,28.47,27.29
371,28.47,27.29
541,28.47,27.29
574,28.47,27.29
646,28.47,27.29
384,28.47,27.29
776,28.47,27.29
243,28.47,27.31
748,28.47,27.31
621,28.47,27.31
558,28.47,27.31
678,28.47,27.31
447,28.47,27.31
881,28.47,27.31
356,28.47,27.31
563,28.47,27.31
457,28.47,27.31
634,28.47,27.31
562,28.47,27.31
379,28.47,27.31
666,28.47,27.31
788,28.47,27.31
605,28.47,27.31
480,28.47,27.31
