883,30.03,28.59
153,30.03,28.59
716,30.03,28.77
162,30.03,28.77
780,30.03,28.77
635,30.03,28.77
128,30.03,28.77
882,30.03,28.77
283,30.03,28.77
587,30.03,28.77
438,30.03,28.77
679,30.03,28.77
267,30.03,28.77
464,30.03,28.77
448,30.03,28.77
837,30.03,28.77
388,30.03,28.77
507,30.03,28.77
853,30.03,28.77
195,30.03,28.77
883,30.03,28.77
320,30.03,28.77
653,30.03,28.77
233,30.03,28.77
845,30.03,28.77
526,30.03,28.77
446,30.03,28.77
700,30.03,28.77
334,30.03,28.77
814,30.03,28.77
151,30.03,28.77
648,30.03,28.77
308,30.03,28.77
370,30.03,28.77
639,30.03,28.77
567,30.03,28.77
673,30.03,28.77
691,30.03,28.77
416,29.99,28.77
723,29.99,28.77
474,29.99,28.77
383,29.99,28.77
746,29.99,28.77
176,29.99,28.77
600,29.99,28.77
244,29.99,28.77
877,29.99,28.77
119,29.99,28.77
881,29.99,28.77
120,29.99,28.77
642,29.99,28.77
454,29.99,28.77
662,29.99,28.77
883,29.99,28.77
321,29.99,28.77
522,29.99,28.77
384,29.99,28.77
505,29.99,28.77
320,29.99,28.77
536,29.99,28.77
261,29.99,28.77
754,29.99,28.45
119,29.99,28.45
883,29.99,28.45
119,29.99,28.45
712,29.99,28.45
366,29.99,28.45
704,29.99,28.45
280,29.99,28.45
519,29.99,28.45
648,29.99,28.45
119,29.99,28.45
629,29.99,28.45
185,29.99,28.45
628,29.99,28.45
393,29.99,28.45
540,29.99,28.45
359,29.99,28.45
529,29.99,28.45
278,29.99,28.45
666,29.99,28.45
198,29.99,28.45
662,29.99,28.45
617,29.99,28.45
700,29.99,28.45
618,29.99,28.45
207,29.99,28.45
883,29.99,28.45
200,29.99,28.45
623,29.99,28.45
292,29.99,28.45
764,29.99,28.45
460,29.99,28.45
563,29.99,28.45
810,29.99,28.45
452,29.99,28.45
411,29.99,28.45
338,30.03,28.45
486,30.03,28.45
760,30.03,28.45
372,30.03,28.45
521,30.03,28.45
715,30.03,28.45
201,30.03,28.45
742,30.03,28.45
326,30.03,28.45
361,30.03,28.45
568,30.03,28.45
747,30.03,28.45
690,30.03,28.45
342,30.03,28.45
866,30.03,28.45
480,30.03,28.45
746,30.03,28.45
279,30.03,28.45
873,30.03,28.45
397,30.03,28.45
412,30.03,28.45
737,30.03,28.45
393,30.03,28.45
671,30.03,28.45
319,30.03,28.79
883,30.03,28.79
478,30.03,28.79
348,30.03,28.79
619,30.03,28.79
565,30.03,28.79
331,30.03,28.79
452,30.03,28.79
575,30.03,28.79
696,30.03,28.79
319,30.03,28.79
631,30.03,28.79
777,30.03,28.79
593,30.03,28.79
551,30.03,28.79
489,30.03,28.79
882,30.03,28.79
199,30.03,28.79
864,30.03,28.79
339,30.03,28.79
683,30.03,28.79
265,30.03,28.79
591,30.03,28.79
883,30.03,28.79
120,30.03,28.79
616,30.03,28.79
375,30.03,28.79
328,30.03,28.79
454,30.03,28.79
835,30.03,28.79
128,30.03,28.79
613,30.03,28.79
298,30.03,28.79
804,30.03,28.79
407,30.03,28.79
727,30.03,28.79
122,30.03,28.79
726,30.03,28.79
179,30.03,28.79
121,30.03,28.79
804,30.03,28.79
119,30.03,28.79
677,30.03,28.79
120,30.03,28.79
416,30.03,28.79
233,30.03,28.79
524,30.03,28.79
320,30.03,28.79
550,30.03,28.79
364,30.03,28.79
639,30.03,28.79
560,30.03,28.79
629,30.03,28.79
533,30.03,28.79
121,30.03,28.79
792,30.03,28.79
122,30.03,28.79
690,30.03,28.79
120,30.03,28.79
738,30.03,28.79
121,30.03,28.69
864,30.03,28.69
331,30.03,28.69
437,30.03,28.69
746,30.03,28.69
402,30.03,28.69
189,30.03,28.69
441,30.03,28.69
649,30.03,28.69
412,30.03,28.69
538,30.03,28.69
750,30.03,28.69
815,30.03,28.69
361,30.03,28.69
599,30.03,28.69
321,30.03,28.69
561,30.03,28.69
126,30.03,28.69
449,30.03,28.69
598,30.03,28.69
334,30.03,28.69
553,30.03,28.69
424,30.03,28.69
671,30.03,28.69
234,30.03,28.69
870,30.03,28.69
390,30.03,28.69
503,30.03,28.69
666,30.03,28.69
121,30.03,28.69
779,30.03,28.69
375,30.03,28.69
587,30.03,28.69
608,30.03,28.69
271,30.03,28.69
608,30.03,28.69
360,30.03,28.69
356,30.03,28.69
684,30.03,28.69
300,30.03,28.69
765,30.03,28.69
432,30.03,28.69
643,30.03,28.69
798,30.03,28.69
567,30.03,28.69
595,30.03,28.69
291,30.03,28.69
737,30.03,28.69
158,30.03,28.69
839,30.03,28.69
382,30.03,28.69
468,30.03,28.69
607,30.03,28.69
550,30.03,28.69
625,30.03,28.69
488,30.03,28.69
522,30.03,28.69
497,30.03,28.69
620,30.03,28.69
548,30.03,28.71
636,30.03,28.71
449,30.03,28.71
618,30.03,28.71
232,30.03,28.71
800,30.03,28.71
221,30.03,28.71
540,30.03,28.71
364,30.03,28.71
554,30.03,28.71
297,30.03,28.71
497,30.03,28.71
850,30.03,28.71
305,30.03,28.71
548,30.03,28.71
305,30.03,28.71
538,30.03,28.71
538,30.03,28.71
403,30.03,28.71
883,30.03,28.71
295,30.03,28.71
511,30.03,28.71
553,30.03,28.71
621,30.03,28.71
532,30.03,28.71
591,30.03,28.71
352,30.03,28.71
699,30.03,28.71
333,30.03,28.71
491,30.03,28.71
540,30.03,28.71
646,30.03,28.71
413,30.03,28.71
710,30.03,28.71
549,30.03,28.71
162,30.03,28.71
882,30.07,28.71
211,30.07,28.71
536,30.07,28.71
188,30.07,28.71
530,30.07,28.71
376,30.07,28.71
232,30.07,28.71
658,30.07,28.71
127,30.07,28.71
358,30.07,28.71
407,30.07,28.71
567,30.07,28.71
290,30.07,28.71
494,30.07,28.71
499,30.07,28.71
877,30.07,28.71
330,30.07,28.71
296,30.07,28.71
477,30.07,28.71
738,30.07,28.71
119,30.07,28.71
772,30.07,28.71
645,30.07,28.71
302,30.07,28.71
715,30.07,28.63
430,30.07,28.63
691,30.07,28.63
121,30.07,28.63
728,30.07,28.63
157,30.07,28.63
419,30.07,28.63
531,30.07,28.63
709,30.07,28.63
711,30.07,28.63
559,30.07,28.63
555,30.07,28.63
697,30.07,28.63
420,30.07,28.63
117,30.07,28.63
447,30.07,28.63
374,30.07,28.63
552,30.07,28.63
246,30.07,28.63
789,30.07,28.63
181,30.07,28.63
882,30.07,28.63
325,30.07,28.63
501,30.07,28.63
484,30.07,28.63
486,30.07,28.63
806,30.07,28.63
389,30.07,28.63
383,30.07,28.63
398,30.07,28.63
875,30.07,28.63
533,30.07,28.63
731,30.07,28.63
526,30.07,28.63
824,30.07,28.63
435,30.07,28.63
464,30.03,28.63
315,30.03,28.63
578,30.03,28.63
707,30.03,28.63
631,30.03,28.63
543,30.03,28.63
121,30.03,28.63
883,30.03,28.63
238,30.03,28.63
707,30.03,28.63
190,30.03,28.63
628,30.03,28.63
594,30.03,28.63
546,30.03,28.63
612,30.03,28.63
543,30.03,28.63
673,30.03,28.63
506,30.03,28.63
653,30.03,28.63
588,30.03,28.63
550,30.03,28.63
722,30.03,28.63
882,30.03,28.63
321,30.03,28.63
498,30.03,28.57
583,30.03,28.57
666,30.03,28.57
513,30.03,28.57
554,30.03,28.57
348,30.03,28.57
342,30.03,28.57
736,30.03,28.57
249,30.03,28.57
744,30.03,28.57
325,30.03,28.57
603,30.03,28.57
428,30.03,28.57
387,30.03,28.57
458,30.03,28.57
318,30.03,28.57
620,30.03,28.57
245,30.03,28.57
565,30.03,28.57
625,30.03,28.57
366,30.03,28.57
544,30.03,28.57
408,30.03,28.57
509,30.03,28.57
628,30.03,28.57
397,30.03,28.57
702,30.03,28.57
403,30.03,28.57
590,30.03,28.57
582,30.03,28.57
315,30.03,28.57
675,30.03,28.57
250,30.03,28.57
878,30.03,28.57
119,30.03,28.57
670,30.03,28.57
281,30.03,28.57
325,30.03,28.57
387,30.03,28.57
393,30.03,28.57
513,30.03,28.57
475,30.03,28.57
676,30.03,28.57
347,30.03,28.57
341,30.03,28.57
360,30.03,28.57
556,30.03,28.57
450,30.03,28.57
737,30.03,28.57
163,30.03,28.57
882,30.03,28.57
176,30.03,28.57
687,30.03,28.57
614,30.03,28.57
341,30.03,28.57
749,30.03,28.57
124,30.03,28.57
679,30.03,28.57
411,30.03,28.57
654,30.03,28.53
405,30.03,28.53
