831,30.91,29.45
319,30.91,29.45
121,30.91,29.45
426,30.91,29.51
414,30.91,29.51
586,30.91,29.51
719,30.91,29.51
437,30.91,29.51
564,30.91,29.51
686,30.91,29.51
276,30.91,29.51
734,30.91,29.51
408,30.91,29.51
763,30.91,29.51
509,30.91,29.51
644,30.91,29.51
416,30.91,29.51
704,30.91,29.51
198,30.91,29.51
568,30.91,29.51
226,30.91,29.51
820,30.91,29.51
465,30.91,29.51
356,30.91,29.51
849,30.91,29.51
462,30.91,29.51
503,30.91,29.51
436,30.91,29.51
624,30.91,29.51
138,30.91,29.51
710,30.91,29.51
523,30.91,29.51
658,30.91,29.51
689,30.91,29.51
752,30.91,29.51
324,30.91,29.51
744,30.91,29.51
247,30.91,29.51
882,30.91,29.51
542,30.91,29.51
477,30.91,29.51
778,30.91,29.51
348,30.91,29.51
797,30.91,29.51
282,30.91,29.51
845,30.91,29.51
718,30.91,29.51
477,30.91,29.51
412,30.91,29.51
564,30.91,29.51
487,30.91,29.51
529,30.91,29.51
529,30.91,29.51
305,30.91,29.51
449,30.91,29.51
511,30.91,29.51
363,30.91,29.51
498,30.91,29.51
628,30.91,29.51
118,30.91,29.51
751,30.91,29.51
120,30.91,29.51
569,30.91,29.51
538,30.91,29.71
397,30.91,29.71
711,30.91,29.71
381,30.91,29.71
565,30.91,29.71
401,30.91,29.71
715,30.91,29.71
320,30.91,29.71
729,30.91,29.71
406,30.91,29.71
405,30.91,29.71
447,30.91,29.71
171,30.91,29.71
605,30.91,29.71
718,30.91,29.71
413,30.91,29.71
480,30.91,29.71
468,30.91,29.71
624,30.91,29.71
455,30.91,29.71
492,30.91,29.71
744,30.91,29.71
129,30.91,29.71
884,30.91,29.71
407,30.91,29.71
465,30.91,29.71
490,30.91,29.71
481,30.91,29.71
504,30.91,29.71
415,30.91,29.71
526,30.91,29.71
584,30.91,29.71
810,30.91,29.71
496,30.91,29.71
564,30.91,29.71
520,30.91,29.71
414,30.91,29.71
596,30.91,29.71
734,30.91,29.71
118,30.91,29.71
701,30.91,29.71
517,30.91,29.71
614,30.91,29.71
677,30.91,29.71
352,30.91,29.71
746,30.91,29.71
213,30.91,29.71
713,30.91,29.71
536,30.91,29.71
602,30.91,29.71
212,30.91,29.71
708,30.91,29.71
472,30.91,29.71
407,30.91,29.71
614,30.91,29.71
607,30.91,29.71
689,30.91,29.71
396,30.91,29.71
229,30.91,29.71
582,30.91,29.57
558,30.91,29.57
505,30.91,29.57
566,30.91,29.57
455,30.91,29.57
678,30.91,29.57
227,30.91,29.57
755,30.91,29.57
307,30.91,29.57
388,30.91,29.57
698,30.91,29.57
175,30.91,29.57
640,30.91,29.57
485,30.91,29.57
390,30.91,29.57
454,30.91,29.57
386,30.91,29.57
389,30.91,29.57
551,30.91,29.57
117,30.91,29.57
516,30.91,29.57
392,30.91,29.57
379,30.91,29.57
403,30.91,29.57
656,30.91,29.57
271,30.91,29.57
683,30.91,29.57
688,30.91,29.57
121,30.91,29.57
668,30.91,29.57
220,30.91,29.57
617,30.91,29.57
351,30.91,29.57
463,30.91,29.57
244,30.91,29.57
745,30.91,29.57
326,30.91,29.57
668,30.91,29.57
553,30.91,29.57
312,30.91,29.57
355,30.91,29.57
589,30.91,29.57
552,30.91,29.57
623,30.91,29.57
661,30.91,29.57
517,30.91,29.57
575,30.91,29.57
121,30.91,29.57
774,30.91,29.57
188,30.91,29.57
495,30.91,29.57
296,30.91,29.57
398,30.91,29.57
464,30.91,29.57
432,30.91,29.57
713,30.91,29.57
479,30.91,29.57
637,30.91,29.57
734,30.91,29.57
836,30.91,29.57
522,30.91,29.55
637,30.91,29.55
611,30.91,29.55
596,30.91,29.55
540,30.91,29.55
804,30.91,29.55
454,30.91,29.55
736,30.91,29.55
532,30.91,29.55
507,30.91,29.55
816,30.91,29.55
442,30.91,29.55
731,30.91,29.55
322,30.91,29.55
654,30.91,29.55
376,30.91,29.55
440,30.91,29.55
558,30.91,29.55
119,30.91,29.55
857,30.91,29.55
441,30.91,29.55
373,30.91,29.55
884,30.91,29.55
593,30.91,29.55
776,30.91,29.55
550,30.91,29.55
637,30.91,29.55
594,30.91,29.55
358,30.91,29.55
716,30.91,29.55
512,30.91,29.55
613,30.91,29.55
404,30.91,29.55
404,30.91,29.55
493,30.91,29.55
191,30.91,29.55
842,30.91,29.55
366,30.91,29.55
636,30.91,29.55
384,30.91,29.55
588,30.91,29.55
457,30.91,29.55
313,30.91,29.55
322,30.91,29.55
750,30.91,29.55
346,30.91,29.55
263,30.91,29.55
795,30.91,29.55
511,30.91,29.55
501,30.91,29.55
706,30.91,29.55
704,30.91,29.55
121,30.91,29.55
722,30.91,29.55
225,30.91,29.55
720,30.91,29.55
167,30.91,29.55
528,30.91,29.55
574,30.91,29.55
120,30.91,29.55
649,30.91,29.71
419,30.91,29.71
284,30.91,29.71
255,30.91,29.71
742,30.91,29.71
501,30.91,29.71
747,30.91,29.71
263,30.91,29.71
735,30.91,29.71
838,30.91,29.71
363,30.91,29.71
530,30.91,29.71
817,30.91,29.71
183,30.91,29.71
628,30.91,29.71
489,30.91,29.71
178,30.91,29.71
862,30.91,29.71
418,30.91,29.71
539,30.91,29.71
322,30.91,29.71
725,30.91,29.71
323,30.91,29.71
531,30.91,29.71
671,30.91,29.71
545,30.91,29.71
719,30.91,29.71
514,30.91,29.71
462,30.91,29.71
654,30.91,29.71
567,30.91,29.71
283,30.91,29.71
449,30.91,29.71
153,30.91,29.71
654,30.91,29.71
393,30.91,29.71
810,30.91,29.71
382,30.91,29.71
775,30.91,29.71
272,30.91,29.71
617,30.91,29.71
679,30.91,29.71
397,30.91,29.71
884,30.91,29.71
143,30.91,29.71
400,30.91,29.71
535,30.91,29.71
741,30.91,29.71
265,30.91,29.71
605,30.91,29.71
118,30.91,29.71
780,30.91,29.71
153,30.91,29.71
580,30.91,29.71
128,30.91,29.71
457,30.91,29.71
685,30.91,29.71
690,30.91,29.71
481,30.91,29.71
179,30.91,29.57
884,30.91,29.57
120,30.91,29.57
755,30.91,29.57
123,30.91,29.57
654,30.91,29.57
183,30.91,29.57
402,30.91,29.57
361,30.91,29.57
599,30.91,29.57
121,30.91,29.57
656,30.91,29.57
355,30.91,29.57
548,30.91,29.57
604,30.91,29.57
409,30.91,29.57
796,30.91,29.57
373,30.91,29.57
855,30.91,29.57
174,30.91,29.57
828,30.91,29.57
178,30.91,29.57
773,30.91,29.57
571,30.91,29.57
290,30.91,29.57
591,30.91,29.57
671,30.91,29.57
448,30.91,29.57
591,30.91,29.57
457,30.91,29.57
587,30.91,29.57
446,30.91,29.57
579,30.91,29.57
882,30.91,29.57
256,30.91,29.57
783,30.91,29.57
455,30.91,29.57
883,30.91,29.57
122,30.91,29.57
720,30.91,29.57
412,30.91,29.57
470,30.91,29.57
557,30.91,29.57
427,30.91,29.57
882,30.91,29.57
394,30.91,29.57
884,30.91,29.57
317,30.91,29.57
574,30.91,29.57
473,30.91,29.57
688,30.91,29.57
511,30.91,29.57
369,30.91,29.57
567,30.91,29.57
608,30.91,29.57
285,30.91,29.57
845,30.91,29.57
862,30.91,29.57
122,30.91,29.57
744,30.91,29.57
326,30.91,29.59
612,30.91,29.59
177,30.91,29.59
605,30.91,29.59
542,30.91,29.59
492,30.91,29.59
677,30.91,29.59
202,30.91,29.59
868,30.91,29.59
146,30.91,29.59
605,30.91,29.59
355,30.91,29.59
305,30.91,29.59
243,30.91,29.59
703,30.91,29.59
493,30.91,29.59
594,30.91,29.59
263,30.91,29.59
686,30.91,29.59
489,30.91,29.59
499,30.91,29.59
792,30.91,29.59
438,30.91,29.59
422,30.91,29.59
307,30.91,29.59
899,30.91,29.59
118,30.91,29.59
595,30.91,29.59
252,30.91,29.59
652,30.91,29.59
269,30.91,29.59
345,30.91,29.59
856,30.91,29.59
332,30.91,29.59
310,30.91,29.59
690,30.91,29.59
480,30.91,29.59
284,30.91,29.59
708,30.91,29.59
256,30.91,29.59
710,30.91,29.59
241,30.91,29.59
843,30.91,29.59
426,30.91,29.59
591,30.91,29.59
525,30.91,29.59
673,30.91,29.59
218,30.91,29.59
584,30.91,29.59
655,30.91,29.59
321,30.91,29.59
571,30.91,29.59
302,30.91,29.59
564,30.91,29.59
224,30.91,29.59
716,30.91,29.59
535,30.91,29.59
