880,29.05,27.69
510,29.05,27.69
552,29.05,27.69
123,29.05,27.69
292,29.05,27.69
881,29.05,27.69
366,29.05,27.69
664,29.05,27.69
619,29.05,27.69
494,29.05,27.69
251,29.05,27.69
466,29.05,27.69
162,29.05,27.69
553,29.05,27.69
347,29.05,27.69
347,29.05,27.69
826,29.05,27.69
285,29.05,27.69
396,29.05,27.69
495,29.05,27.69
562,29.05,27.69
147,29.05,27.69
574,29.05,27.69
127,29.05,27.69
661,29.05,27.69
119,29.05,27.69
619,29.05,27.69
430,29.05,27.69
386,29.05,27.69
787,29.05,27.69
347,29.05,27.69
610,29.05,27.69
429,29.05,27.69
804,29.05,27.69
448,29.05,27.69
412,29.05,27.69
435,29.05,27.69
802,29.05,27.69
660,29.05,27.69
271,29.05,27.69
194,29.05,27.69
501,29.05,27.69
121,29.05,27.69
558,29.05,27.69
468,29.05,27.69
121,29.05,27.69
558,29.05,27.69
287,29.05,27.69
860,29.05,27.69
119,29.05,27.69
880,29.05,27.69
615,29.05,27.69
368,29.05,27.69
514,29.05,27.69
350,29.05,27.69
727,29.05,27.81
182,29.05,27.81
598,29.05,27.81
342,29.05,27.81
526,29.05,27.81
452,29.05,27.81
643,29.05,27.81
572,29.05,27.81
429,29.05,27.81
365,29.05,27.81
796,29.05,27.81
217,29.05,27.81
682,29.05,27.81
632,29.05,27.81
466,29.05,27.81
543,29.05,27.81
123,29.05,27.81
883,29.05,27.81
289,29.05,27.81
546,29.05,27.81
374,29.05,27.81
558,29.05,27.81
448,29.05,27.81
437,29.05,27.81
656,29.05,27.81
584,29.05,27.81
355,29.05,27.81
661,29.05,27.81
745,29.05,27.81
522,29.05,27.81
676,29.05,27.81
710,29.05,27.81
520,29.05,27.81
530,29.05,27.81
778,29.05,27.81
205,29.05,27.81
634,29.03,27.81
216,29.03,27.81
485,29.03,27.81
408,29.03,27.81
500,29.03,27.81
756,29.03,27.81
644,29.03,27.81
498,29.03,27.81
544,29.03,27.81
733,29.03,27.81
124,29.03,27.81
366,29.03,27.81
492,29.03,27.81
584,29.03,27.81
430,29.03,27.81
445,29.03,27.81
472,29.03,27.81
434,29.03,27.81
412,29.03,27.81
708,29.03,27.81
314,29.03,27.81
261,29.03,27.81
880,29.03,27.81
250,29.03,27.85
882,29.03,27.85
389,29.03,27.85
633,29.03,27.85
582,29.03,27.85
268,29.03,27.85
652,29.03,27.85
332,29.03,27.85
664,29.03,27.85
252,29.03,27.85
731,29.03,27.85
123,29.03,27.85
444,29.03,27.85
428,29.03,27.85
586,29.03,27.85
330,29.03,27.85
562,29.03,27.85
291,29.03,27.85
636,29.03,27.85
379,29.03,27.85
631,29.03,27.85
774,29.03,27.85
273,29.03,27.85
649,29.03,27.85
289,29.03,27.85
772,29.03,27.85
122,29.03,27.85
868,29.03,27.85
526,29.03,27.85
336,29.03,27.85
418,29.03,27.85
121,29.03,27.85
616,29.03,27.85
376,29.03,27.85
583,29.03,27.85
127,29.03,27.85
617,29.03,27.85
170,29.05,27.85
775,29.05,27.85
221,29.05,27.85
399,29.05,27.85
575,29.05,27.85
613,29.05,27.85
161,29.05,27.85
722,29.05,27.85
547,29.05,27.85
123,29.05,27.85
712,29.05,27.85
119,29.05,27.85
804,29.05,27.85
120,29.05,27.85
641,29.05,27.85
579,29.05,27.85
636,29.05,27.85
124,29.05,27.85
650,29.05,27.85
546,29.05,27.85
421,29.05,27.85
603,29.05,27.85
334,29.05,27.85
558,29.05,27.81
365,29.05,27.81
559,29.05,27.81
461,29.05,27.81
665,29.05,27.81
120,29.05,27.81
882,29.05,27.81
276,29.05,27.81
867,29.05,27.81
565,29.05,27.81
713,29.05,27.81
388,29.05,27.81
191,29.05,27.81
657,29.05,27.81
182,29.05,27.81
610,29.05,27.81
119,29.05,27.81
802,29.05,27.81
291,29.05,27.81
567,29.05,27.81
573,29.05,27.81
708,29.05,27.81
474,29.05,27.81
695,29.05,27.81
470,29.05,27.81
709,29.05,27.81
691,29.05,27.81
688,29.05,27.81
673,29.05,27.81
396,29.05,27.81
746,29.05,27.81
391,29.05,27.81
695,29.05,27.81
272,29.05,27.81
547,29.05,27.81
880,29.05,27.81
381,29.01,27.81
674,29.01,27.81
440,29.01,27.81
882,29.01,27.81
429,29.01,27.81
883,29.01,27.81
405,29.01,27.81
454,29.01,27.81
516,29.01,27.81
700,29.01,27.81
584,29.01,27.81
452,29.01,27.81
527,29.01,27.81
772,29.01,27.81
323,29.01,27.81
462,29.01,27.81
419,29.01,27.81
352,29.01,27.81
518,29.01,27.81
340,29.01,27.81
676,29.01,27.81
335,29.01,27.81
522,29.01,27.81
732,29.01,27.81
866,29.01,27.63
294,29.01,27.63
284,29.01,27.63
802,29.01,27.63
119,29.01,27.63
719,29.01,27.63
368,29.01,27.63
667,29.01,27.63
506,29.01,27.63
567,29.01,27.63
624,29.01,27.63
576,29.01,27.63
261,29.01,27.63
690,29.01,27.63
429,29.01,27.63
280,29.01,27.63
800,29.01,27.63
198,29.01,27.63
635,29.01,27.63
144,29.01,27.63
882,29.01,27.63
173,29.01,27.63
730,29.01,27.63
352,29.01,27.63
622,29.01,27.63
428,29.01,27.63
158,29.01,27.63
707,29.01,27.63
120,29.01,27.63
743,29.01,27.63
341,29.01,27.63
374,29.01,27.63
347,29.01,27.63
567,29.01,27.63
357,29.01,27.63
785,29.01,27.63
206,29.01,27.63
882,29.01,27.63
578,29.01,27.63
543,29.01,27.63
482,29.01,27.63
282,29.01,27.63
494,29.01,27.63
119,29.01,27.63
371,29.01,27.63
182,29.01,27.63
700,29.01,27.63
212,29.01,27.63
820,29.01,27.63
120,29.01,27.63
487,29.01,27.63
585,29.01,27.63
588,29.01,27.63
645,29.01,27.63
327,29.01,27.63
738,29.01,27.63
462,29.01,27.63
379,29.01,27.63
389,29.01,27.63
806,29.01,27.63
121,29.01,27.73
700,29.01,27.73
171,29.01,27.73
648,29.01,27.73
121,29.01,27.73
539,29.01,27.73
503,29.01,27.73
609,29.01,27.73
723,29.01,27.73
330,29.01,27.73
881,29.01,27.73
208,29.01,27.73
881,29.01,27.73
388,29.01,27.73
610,29.01,27.73
549,29.01,27.73
429,29.01,27.73
549,29.01,27.73
264,29.01,27.73
354,29.01,27.73
529,29.01,27.73
530,29.01,27.73
358,29.01,27.73
740,29.01,27.73
235,29.01,27.73
612,29.01,27.73
223,29.01,27.73
883,29.01,27.73
356,29.01,27.73
875,29.01,27.73
693,29.01,27.73
795,29.01,27.73
401,29.01,27.73
349,29.01,27.73
855,29.01,27.73
193,29.01,27.73
523,29.01,27.73
570,29.01,27.73
631,29.01,27.73
416,29.01,27.73
517,29.01,27.73
603,29.01,27.73
666,29.01,27.73
242,29.01,27.73
833,29.01,27.73
623,29.01,27.73
478,29.01,27.73
882,29.01,27.73
542,29.01,27.73
645,29.01,27.73
128,29.01,27.73
648,29.01,27.73
119,29.01,27.73
437,29.01,27.73
429,29.01,27.73
566,29.01,27.73
531,29.01,27.73
218,29.01,27.73
601,29.01,27.73
137,29.01,27.87
881,29.01,27.87
262,29.01,27.87
515,29.01,27.87
490,29.01,27.87
308,29.01,27.87
566,29.01,27.87
564,29.01,27.87
258,29.01,27.87
777,29.01,27.87
690,29.01,27.87
599,29.01,27.87
448,29.01,27.87
246,29.01,27.87
786,29.01,27.87
120,29.01,27.87
523,29.01,27.87
222,29.01,27.87
637,29.01,27.87
318,29.01,27.87
800,29.01,27.87
443,29.01,27.87
183,29.01,27.87
593,29.01,27.87
175,29.01,27.87
543,29.01,27.87
121,29.01,27.87
646,29.01,27.87
282,29.01,27.87
562,29.01,27.87
413,29.01,27.87
535,29.01,27.87
368,29.01,27.87
546,29.01,27.87
207,29.01,27.87
621,29.01,27.87
506,29.05,27.87
252,29.05,27.87
882,29.05,27.87
284,29.05,27.87
805,29.05,27.87
158,29.05,27.87
736,29.05,27.87
190,29.05,27.87
738,29.05,27.87
338,29.05,27.87
200,29.05,27.87
791,29.05,27.87
236,29.05,27.87
855,29.05,27.87
121,29.05,27.87
409,29.05,27.87
404,29.05,27.87
591,29.05,27.87
436,29.05,27.87
841,29.05,27.87
119,29.05,27.87
580,29.05,27.87
600,29.05,27.87
516,29.05,27.87
355,29.05,27.79
635,29.05,27.79
576,29.05,27.79
343,29.05,27.79
724,29.05,27.79
122,29.05,27.79
