585,30.33,29.19
588,30.33,29.19
366,30.33,29.19
121,30.33,29.19
714,30.33,29.19
883,30.33,29.19
881,30.33,29.19
552,30.33,29.19
767,30.33,29.19
170,30.33,29.19
557,30.33,29.19
691,30.33,29.19
590,30.33,29.19
549,30.33,29.19
351,30.33,29.19
764,30.33,29.19
363,30.33,29.19
556,30.33,29.19
270,30.33,29.19
391,30.33,29.19
355,30.33,29.19
465,30.33,29.19
537,30.33,29.19
473,30.33,29.19
554,30.33,29.19
569,30.33,29.19
425,30.33,29.03
880,30.33,29.03
169,30.33,29.03
572,30.33,29.03
407,30.33,29.03
132,30.33,29.03
712,30.33,29.03
228,30.33,29.03
770,30.33,29.03
276,30.33,29.03
501,30.33,29.03
407,30.33,29.03
484,30.33,29.03
588,30.33,29.03
284,30.33,29.03
621,30.33,29.03
551,30.33,29.03
454,30.33,29.03
459,30.33,29.03
506,30.33,29.03
483,30.33,29.03
297,30.33,29.03
151,30.33,29.03
846,30.33,29.03
328,30.33,29.03
838,30.33,29.03
681,30.33,29.03
407,30.33,29.03
588,30.33,29.03
471,30.33,29.03
667,30.33,29.03
180,30.33,29.03
658,30.33,29.03
266,30.33,29.03
733,30.33,29.03
213,30.33,29.03
281,30.33,29.03
748,30.33,29.03
381,30.33,29.03
712,30.33,29.03
661,30.33,29.03
462,30.33,29.03
758,30.33,29.03
497,30.33,29.03
519,30.33,29.03
701,30.33,29.03
430,30.33,29.03
754,30.33,29.03
466,30.33,29.03
771,30.33,29.03
498,30.33,29.03
638,30.33,29.03
632,30.33,29.03
525,30.33,29.03
726,30.33,29.03
442,30.33,29.03
769,30.33,29.03
262,30.33,29.03
660,30.33,29.03
427,30.33,29.03
365,30.33,29.03
511,30.33,29.03
759,30.33,29.03
306,30.33,29.03
797,30.33,29.03
388,30.33,29.03
752,30.33,29.03
466,30.33,29.03
883,30.33,29.03
582,30.33,29.03
120,30.33,29.03
591,30.33,29.03
435,30.33,29.03
489,30.33,29.03
421,30.33,29.03
810,30.33,29.03
120,30.33,29.03
621,30.33,29.03
204,30.33,29.03
649,30.33,29.03
341,30.33,29.03
492,30.33,29.03
197,30.33,29.03
672,30.33,29.03
320,30.33,29.03
872,30.33,29.03
636,30.33,29.03
269,30.33,29.03
718,30.33,29.03
119,30.33,29.03
855,30.33,29.03
123,30.33,29.03
809,30.33,29.03
360,30.33,29.03
549,30.33,29.03
583,30.33,29.03
314,30.35,29.03
509,30.35,29.03
753,30.35,29.03
442,30.35,29.03
376,30.35,29.03
660,30.35,29.03
422,30.35,29.03
675,30.35,29.03
391,30.35,29.03
526,30.35,29.03
516,30.35,29.03
697,30.35,29.03
357,30.35,29.03
876,30.35,29.03
261,30.35,29.03
575,30.35,29.03
579,30.35,29.03
420,30.35,29.03
641,30.35,29.03
467,30.35,29.03
544,30.35,29.03
481,30.35,29.03
363,30.35,29.03
442,30.35,29.03
736,30.35,28.91
569,30.35,28.91
451,30.35,28.91
638,30.35,28.91
774,30.35,28.91
297,30.35,28.91
873,30.35,28.91
424,30.35,28.91
699,30.35,28.91
363,30.35,28.91
499,30.35,28.91
660,30.35,28.91
335,30.35,28.91
883,30.35,28.91
561,30.35,28.91
601,30.35,28.91
313,30.35,28.91
679,30.35,28.91
639,30.35,28.91
472,30.35,28.91
661,30.35,28.91
782,30.35,28.91
480,30.35,28.91
377,30.35,28.91
685,30.35,28.91
438,30.35,28.91
219,30.35,28.91
330,30.35,28.91
703,30.35,28.91
161,30.35,28.91
588,30.35,28.91
694,30.35,28.91
486,30.35,28.91
393,30.35,28.91
266,30.35,28.91
576,30.35,28.91
277,30.31,28.91
876,30.31,28.91
118,30.31,28.91
501,30.31,28.91
199,30.31,28.91
601,30.31,28.91
543,30.31,28.91
464,30.31,28.91
600,30.31,28.91
712,30.31,28.91
565,30.31,28.91
361,30.31,28.91
580,30.31,28.91
748,30.31,28.91
341,30.31,28.91
547,30.31,28.91
637,30.31,28.91
118,30.31,28.91
706,30.31,28.91
328,30.31,28.91
796,30.31,28.91
408,30.31,28.91
661,30.31,28.91
801,30.31,28.95
525,30.31,28.95
572,30.31,28.95
798,30.31,28.95
437,30.31,28.95
391,30.31,28.95
759,30.31,28.95
529,30.31,28.95
519,30.31,28.95
258,30.31,28.95
671,30.31,28.95
705,30.31,28.95
806,30.31,28.95
184,30.31,28.95
883,30.31,28.95
130,30.31,28.95
532,30.31,28.95
492,30.31,28.95
256,30.31,28.95
613,30.31,28.95
464,30.31,28.95
767,30.31,28.95
370,30.31,28.95
692,30.31,28.95
605,30.31,28.95
635,30.31,28.95
501,30.31,28.95
705,30.31,28.95
345,30.31,28.95
777,30.31,28.95
186,30.31,28.95
881,30.31,28.95
594,30.31,28.95
550,30.31,28.95
716,30.31,28.95
506,30.31,28.95
784,30.33,28.95
483,30.33,28.95
883,30.33,28.95
473,30.33,28.95
784,30.33,28.95
590,30.33,28.95
490,30.33,28.95
775,30.33,28.95
310,30.33,28.95
540,30.33,28.95
684,30.33,28.95
347,30.33,28.95
569,30.33,28.95
543,30.33,28.95
482,30.33,28.95
883,30.33,28.95
382,30.33,28.95
660,30.33,28.95
526,30.33,28.95
614,30.33,28.95
265,30.33,28.95
386,30.33,28.95
540,30.33,28.95
689,30.33,28.95
837,30.33,28.97
265,30.33,28.97
741,30.33,28.97
175,30.33,28.97
611,30.33,28.97
541,30.33,28.97
131,30.33,28.97
511,30.33,28.97
603,30.33,28.97
423,30.33,28.97
820,30.33,28.97
487,30.33,28.97
691,30.33,28.97
607,30.33,28.97
495,30.33,28.97
654,30.33,28.97
691,30.33,28.97
322,30.33,28.97
437,30.33,28.97
642,30.33,28.97
209,30.33,28.97
805,30.33,28.97
412,30.33,28.97
703,30.33,28.97
231,30.33,28.97
279,30.33,28.97
651,30.33,28.97
330,30.33,28.97
646,30.33,28.97
354,30.33,28.97
809,30.33,28.97
617,30.33,28.97
206,30.33,28.97
740,30.33,28.97
686,30.33,28.97
266,30.33,28.97
452,30.31,28.97
279,30.31,28.97
516,30.31,28.97
182,30.31,28.97
319,30.31,28.97
796,30.31,28.97
256,30.31,28.97
713,30.31,28.97
321,30.31,28.97
809,30.31,28.97
128,30.31,28.97
548,30.31,28.97
552,30.31,28.97
336,30.31,28.97
496,30.31,28.97
507,30.31,28.97
577,30.31,28.97
238,30.31,28.97
566,30.31,28.97
549,30.31,28.97
681,30.31,28.97
547,30.31,28.97
813,30.31,28.97
424,30.31,28.97
630,30.31,28.95
414,30.31,28.95
832,30.31,28.95
173,30.31,28.95
862,30.31,28.95
833,30.31,28.95
120,30.31,28.95
772,30.31,28.95
557,30.31,28.95
260,30.31,28.95
123,30.31,28.95
599,30.31,28.95
565,30.31,28.95
630,30.31,28.95
297,30.31,28.95
776,30.31,28.95
288,30.31,28.95
327,30.31,28.95
389,30.31,28.95
771,30.31,28.95
261,30.31,28.95
308,30.31,28.95
704,30.31,28.95
443,30.31,28.95
425,30.31,28.95
127,30.31,28.95
883,30.31,28.95
119,30.31,28.95
851,30.31,28.95
301,30.31,28.95
264,30.31,28.95
515,30.31,28.95
475,30.31,28.95
622,30.31,28.95
364,30.31,28.95
277,30.31,28.95
691,30.35,28.95
741,30.35,28.95
378,30.35,28.95
448,30.35,28.95
325,30.35,28.95
630,30.35,28.95
119,30.35,28.95
598,30.35,28.95
320,30.35,28.95
389,30.35,28.95
434,30.35,28.95
541,30.35,28.95
443,30.35,28.95
230,30.35,28.95
759,30.35,28.95
406,30.35,28.95
556,30.35,28.95
382,30.35,28.95
697,30.35,28.95
634,30.35,28.95
570,30.35,28.95
880,30.35,28.95
569,30.35,28.95
206,30.35,29.05
696,30.35,29.05
440,30.35,29.05
538,30.35,29.05
493,30.35,29.05
229,30.35,29.05
826,30.35,29.05
215,30.35,29.05
804,30.35,29.05
592,30.35,29.05
695,30.35,29.05
273,30.35,29.05
721,30.35,29.05
523,30.35,29.05
244,30.35,29.05
884,30.35,29.05
694,30.35,29.05
882,30.35,29.05
384,30.35,29.05
235,30.35,29.05
691,30.35,29.05
355,30.35,29.05
464,30.35,29.05
796,30.35,29.05
369,30.35,29.05
636,30.35,29.05
707,30.35,29.05
707,30.35,29.05
559,30.35,29.05
583,30.35,29.05
814,30.35,29.05
136,30.35,29.05
762,30.35,29.05
384,30.35,29.05
