480,31.01,29.71
317,31.01,29.71
158,31.01,29.71
431,31.01,29.71
250,31.01,29.71
567,31.01,29.71
486,31.01,29.71
600,31.01,29.71
275,31.01,29.71
517,31.01,29.71
303,31.01,29.71
415,31.01,29.71
658,31.01,29.71
120,31.01,29.71
437,31.01,29.71
119,31.01,29.71
469,31.01,29.71
539,31.01,29.71
411,31.01,29.71
442,31.01,29.71
837,31.01,29.71
325,31.01,29.71
249,31.01,29.71
746,31.01,29.71
742,31.01,29.71
596,31.01,29.71
132,31.01,29.71
683,31.01,29.71
116,31.01,29.71
596,31.01,29.71
118,31.01,29.71
883,31.01,29.71
120,31.01,29.71
580,31.01,29.71
421,31.01,29.71
625,31.01,29.71
321,31.01,29.71
492,31.01,29.71
783,31.01,29.71
378,31.01,29.71
422,31.01,29.71
606,31.01,29.71
677,31.01,29.71
341,31.01,29.71
714,31.01,29.71
116,31.01,29.71
846,31.01,29.71
139,31.01,29.71
832,31.01,29.65
564,31.01,29.65
649,31.01,29.65
568,31.01,29.65
721,31.01,29.65
573,31.01,29.65
393,31.01,29.65
884,31.01,29.65
457,31.01,29.65
850,31.01,29.65
265,31.01,29.65
882,31.01,29.65
390,31.01,29.65
661,31.01,29.65
575,31.01,29.65
559,31.01,29.65
119,31.01,29.65
882,31.01,29.65
441,31.01,29.65
618,31.01,29.65
561,31.01,29.65
407,31.01,29.65
884,31.01,29.65
199,31.01,29.65
791,31.01,29.65
327,31.01,29.65
884,31.01,29.65
168,31.01,29.65
870,31.01,29.65
592,31.01,29.65
433,31.01,29.65
598,31.01,29.65
582,31.01,29.65
710,31.01,29.65
188,31.01,29.65
686,31.01,29.65
471,31.01,29.65
427,31.01,29.65
230,31.01,29.65
690,31.01,29.65
391,31.01,29.65
662,31.01,29.65
383,31.01,29.65
737,31.01,29.65
614,31.01,29.65
241,31.01,29.65
869,31.01,29.65
539,31.01,29.65
278,31.01,29.65
123,31.01,29.65
884,31.01,29.65
121,31.01,29.65
623,31.01,29.65
524,31.01,29.65
587,31.01,29.65
388,31.01,29.65
716,31.01,29.65
488,31.01,29.65
674,31.01,29.65
326,31.01,29.65
627,31.01,29.75
456,31.01,29.75
243,31.01,29.75
384,31.01,29.75
313,31.01,29.75
646,31.01,29.75
118,31.01,29.75
725,31.01,29.75
710,31.01,29.75
518,31.01,29.75
347,31.01,29.75
562,31.01,29.75
517,31.01,29.75
257,31.01,29.75
768,31.01,29.75
335,31.01,29.75
545,31.01,29.75
476,31.01,29.75
439,31.01,29.75
609,31.01,29.75
411,31.01,29.75
613,31.01,29.75
629,31.01,29.75
118,31.01,29.75
795,31.01,29.75
430,31.01,29.75
484,31.01,29.75
660,31.01,29.75
233,31.01,29.75
720,31.01,29.75
395,31.01,29.75
882,31.01,29.75
244,31.01,29.75
766,31.01,29.75
531,31.01,29.75
555,31.01,29.75
798,31.01,29.75
437,31.01,29.75
793,31.01,29.75
601,31.01,29.75
634,31.01,29.75
356,31.01,29.75
659,31.01,29.75
509,31.01,29.75
381,31.01,29.75
676,31.01,29.75
691,31.01,29.75
207,31.01,29.75
883,31.01,29.75
433,31.01,29.75
575,31.01,29.75
631,31.01,29.75
349,31.01,29.75
785,31.01,29.75
189,31.01,29.75
759,31.01,29.75
240,31.01,29.75
637,31.01,29.75
407,31.01,29.75
551,31.01,29.77
624,31.01,29.77
595,31.01,29.77
789,31.01,29.77
337,31.01,29.77
453,31.01,29.77
389,31.01,29.77
531,31.01,29.77
511,31.01,29.77
489,31.01,29.77
550,31.01,29.77
697,31.01,29.77
324,31.01,29.77
748,31.01,29.77
340,31.01,29.77
408,31.01,29.77
407,31.01,29.77
589,31.01,29.77
490,31.01,29.77
342,31.01,29.77
720,31.01,29.77
213,31.01,29.77
493,31.01,29.77
132,31.01,29.77
713,31.01,29.77
383,31.01,29.77
458,31.01,29.77
467,31.01,29.77
428,31.01,29.77
650,31.01,29.77
446,31.01,29.77
311,31.01,29.77
501,31.01,29.77
342,31.01,29.77
231,31.01,29.77
554,31.01,29.77
119,31.01,29.77
545,31.01,29.77
170,31.01,29.77
836,31.01,29.77
187,31.01,29.77
747,31.01,29.77
481,31.01,29.77
474,31.01,29.77
495,31.01,29.77
440,31.01,29.77
783,31.01,29.77
152,31.01,29.77
345,31.01,29.77
312,31.01,29.77
607,31.01,29.77
517,31.01,29.77
776,31.01,29.77
401,31.01,29.77
672,31.01,29.77
413,31.01,29.77
862,31.01,29.77
450,31.01,29.77
639,31.01,29.77
769,31.01,29.77
284,31.01,29.85
639,31.01,29.85
121,31.01,29.85
798,31.01,29.85
297,31.01,29.85
526,31.01,29.85
167,31.01,29.85
571,31.01,29.85
583,31.01,29.85
471,31.01,29.85
764,31.01,29.85
444,31.01,29.85
474,31.01,29.85
469,31.01,29.85
500,31.01,29.85
701,31.01,29.85
674,31.01,29.85
607,31.01,29.85
584,31.01,29.85
125,31.01,29.85
804,31.01,29.85
618,31.01,29.85
294,31.01,29.85
708,31.01,29.85
696,31.01,29.85
213,31.01,29.85
277,31.01,29.85
829,31.01,29.85
428,31.01,29.85
776,31.01,29.85
179,31.01,29.85
444,31.01,29.85
623,31.01,29.85
349,31.01,29.85
826,31.01,29.85
469,31.01,29.85
544,30.99,29.85
461,30.99,29.85
481,30.99,29.85
727,30.99,29.85
598,30.99,29.85
368,30.99,29.85
574,30.99,29.85
627,30.99,29.85
595,30.99,29.85
564,30.99,29.85
455,30.99,29.85
281,30.99,29.85
717,30.99,29.85
608,30.99,29.85
268,30.99,29.85
733,30.99,29.85
421,30.99,29.85
692,30.99,29.85
379,30.99,29.85
209,30.99,29.85
702,30.99,29.85
386,30.99,29.85
704,30.99,29.85
234,30.99,29.85
209,30.99,29.79
455,30.99,29.79
541,30.99,29.79
663,30.99,29.79
522,30.99,29.79
221,30.99,29.79
810,30.99,29.79
421,30.99,29.79
778,30.99,29.79
395,30.99,29.79
688,30.99,29.79
258,30.99,29.79
403,30.99,29.79
418,30.99,29.79
121,30.99,29.79
543,30.99,29.79
119,30.99,29.79
884,30.99,29.79
119,30.99,29.79
640,30.99,29.79
197,30.99,29.79
497,30.99,29.79
475,30.99,29.79
470,30.99,29.79
573,30.99,29.79
397,30.99,29.79
591,30.99,29.79
689,30.99,29.79
511,30.99,29.79
399,30.99,29.79
882,30.99,29.79
313,30.99,29.79
577,30.99,29.79
121,30.99,29.79
843,30.99,29.79
126,30.99,29.79
668,31.05,29.79
474,31.05,29.79
597,31.05,29.79
573,31.05,29.79
118,31.05,29.79
883,31.05,29.79
322,31.05,29.79
268,31.05,29.79
400,31.05,29.79
685,31.05,29.79
203,31.05,29.79
581,31.05,29.79
544,31.05,29.79
544,31.05,29.79
138,31.05,29.79
468,31.05,29.79
319,31.05,29.79
682,31.05,29.79
613,31.05,29.79
665,31.05,29.79
748,31.05,29.79
275,31.05,29.79
848,31.05,29.79
390,31.05,29.77
818,31.05,29.77
234,31.05,29.77
383,31.05,29.77
549,31.05,29.77
118,31.05,29.77
597,31.05,29.77
494,31.05,29.77
604,31.05,29.77
245,31.05,29.77
479,31.05,29.77
619,31.05,29.77
443,31.05,29.77
469,31.05,29.77
812,31.05,29.77
418,31.05,29.77
507,31.05,29.77
690,31.05,29.77
660,31.05,29.77
613,31.05,29.77
283,31.05,29.77
618,31.05,29.77
548,31.05,29.77
548,31.05,29.77
355,31.05,29.77
883,31.05,29.77
230,31.05,29.77
592,31.05,29.77
584,31.05,29.77
515,31.05,29.77
790,31.05,29.77
604,31.05,29.77
472,31.05,29.77
137,31.05,29.77
587,31.05,29.77
737,31.05,29.77
572,31.05,29.77
248,30.99,29.77
865,30.99,29.77
543,30.99,29.77
312,30.99,29.77
391,30.99,29.77
786,30.99,29.77
419,30.99,29.77
703,30.99,29.77
549,30.99,29.77
512,30.99,29.77
775,30.99,29.77
422,30.99,29.77
883,30.99,29.77
393,30.99,29.77
566,30.99,29.77
524,30.99,29.77
435,30.99,29.77
574,30.99,29.77
449,30.99,29.77
303,30.99,29.77
266,30.99,29.77
396,30.99,29.77
550,30.99,29.77
566,30.99,29.55
336,30.99,29.55
812,30.99,29.55
169,30.99,29.55
514,30.99,29.55
118,30.99,29.55
865,30.99,29.55
332,30.99,29.55
653,30.99,29.55
386,30.99,29.55
375,30.99,29.55
834,30.99,29.55
122,30.99,29.55
