620,30.49,29.25
751,30.49,29.25
119,30.49,29.25
309,30.49,29.25
257,30.49,29.25
611,30.49,29.25
508,30.49,29.25
775,30.49,29.25
883,30.49,29.25
248,30.49,29.25
600,30.49,29.25
234,30.49,29.25
816,30.49,29.25
119,30.49,29.25
883,30.49,29.25
143,30.49,29.25
628,30.49,29.25
694,30.49,29.25
411,30.49,29.25
601,30.49,29.25
420,30.49,28.99
574,30.49,28.99
736,30.49,28.99
549,30.49,28.99
501,30.49,28.99
597,30.49,28.99
294,30.49,28.99
636,30.49,28.99
321,30.49,28.99
885,30.49,28.99
119,30.49,28.99
667,30.49,28.99
622,30.49,28.99
715,30.49,28.99
155,30.49,28.99
416,30.49,28.99
559,30.49,28.99
305,30.49,28.99
707,30.49,28.99
491,30.49,28.99
411,30.49,28.99
535,30.49,28.99
375,30.49,28.99
365,30.49,28.99
639,30.49,28.99
184,30.49,28.99
881,30.49,28.99
119,30.49,28.99
621,30.49,28.99
368,30.49,28.99
503,30.49,28.99
135,30.49,28.99
262,30.49,28.99
785,30.49,28.99
120,30.49,28.99
561,30.49,28.99
247,30.53,28.99
532,30.53,28.99
314,30.53,28.99
547,30.53,28.99
490,30.53,28.99
521,30.53,28.99
441,30.53,28.99
338,30.53,28.99
363,30.53,28.99
493,30.53,28.99
398,30.53,28.99
597,30.53,28.99
551,30.53,28.99
228,30.53,28.99
806,30.53,28.99
399,30.53,28.99
542,30.53,28.99
523,30.53,28.99
475,30.53,28.99
759,30.53,28.99
127,30.53,28.99
767,30.53,28.99
269,30.53,28.99
488,30.53,29.49
140,30.53,29.49
766,30.53,29.49
121,30.53,29.49
375,30.53,29.49
757,30.53,29.49
436,30.53,29.49
577,30.53,29.49
484,30.53,29.49
397,30.53,29.49
556,30.53,29.49
244,30.53,29.49
483,30.53,29.49
633,30.53,29.49
304,30.53,29.49
622,30.53,29.49
622,30.53,29.49
603,30.53,29.49
385,30.53,29.49
519,30.53,29.49
378,30.53,29.49
527,30.53,29.49
550,30.53,29.49
440,30.53,29.49
881,30.53,29.49
294,30.53,29.49
838,30.53,29.49
592,30.53,29.49
480,30.53,29.49
521,30.53,29.49
619,30.53,29.49
494,30.53,29.49
347,30.53,29.49
438,30.53,29.49
692,30.53,29.49
416,30.53,29.49
874,30.51,29.49
513,30.51,29.49
362,30.51,29.49
760,30.51,29.49
553,30.51,29.49
855,30.51,29.49
233,30.51,29.49
719,30.51,29.49
510,30.51,29.49
659,30.51,29.49
502,30.51,29.49
637,30.51,29.49
677,30.51,29.49
231,30.51,29.49
605,30.51,29.49
465,30.51,29.49
376,30.51,29.49
543,30.51,29.49
550,30.51,29.49
474,30.51,29.49
416,30.51,29.49
121,30.51,29.49
778,30.51,29.49
399,30.51,29.49
656,30.51,29.31
850,30.51,29.31
306,30.51,29.31
482,30.51,29.31
122,30.51,29.31
679,30.51,29.31
126,30.51,29.31
608,30.51,29.31
119,30.51,29.31
700,30.51,29.31
120,30.51,29.31
509,30.51,29.31
573,30.51,29.31
550,30.51,29.31
445,30.51,29.31
617,30.51,29.31
465,30.51,29.31
537,30.51,29.31
814,30.51,29.31
510,30.51,29.31
666,30.51,29.31
119,30.51,29.31
655,30.51,29.31
119,30.51,29.31
549,30.51,29.31
297,30.51,29.31
383,30.51,29.31
582,30.51,29.31
374,30.51,29.31
378,30.51,29.31
254,30.51,29.31
851,30.51,29.31
258,30.51,29.31
579,30.51,29.31
357,30.51,29.31
587,30.51,29.31
439,30.49,29.31
732,30.49,29.31
240,30.49,29.31
639,30.49,29.31
280,30.49,29.31
700,30.49,29.31
293,30.49,29.31
700,30.49,29.31
508,30.49,29.31
383,30.49,29.31
713,30.49,29.31
211,30.49,29.31
883,30.49,29.31
518,30.49,29.31
803,30.49,29.31
496,30.49,29.31
508,30.49,29.31
818,30.49,29.31
519,30.49,29.31
519,30.49,29.31
447,30.49,29.31
464,30.49,29.31
676,30.49,29.31
287,30.49,29.31
653,30.49,29.23
386,30.49,29.23
370,30.49,29.23
611,30.49,29.23
150,30.49,29.23
800,30.49,29.23
344,30.49,29.23
818,30.49,29.23
484,30.49,29.23
316,30.49,29.23
834,30.49,29.23
383,30.49,29.23
566,30.49,29.23
617,30.49,29.23
581,30.49,29.23
375,30.49,29.23
506,30.49,29.23
553,30.49,29.23
566,30.49,29.23
478,30.49,29.23
370,30.49,29.23
486,30.49,29.23
882,30.49,29.23
160,30.49,29.23
753,30.49,29.23
826,30.49,29.23
216,30.49,29.23
786,30.49,29.23
215,30.49,29.23
763,30.49,29.23
360,30.49,29.23
493,30.49,29.23
387,30.49,29.23
356,30.49,29.23
539,30.49,29.23
317,30.49,29.23
411,30.51,29.23
484,30.51,29.23
609,30.51,29.23
130,30.51,29.23
594,30.51,29.23
123,30.51,29.23
732,30.51,29.23
590,30.51,29.23
518,30.51,29.23
371,30.51,29.23
724,30.51,29.23
148,30.51,29.23
526,30.51,29.23
691,30.51,29.23
477,30.51,29.23
528,30.51,29.23
368,30.51,29.23
589,30.51,29.23
342,30.51,29.23
578,30.51,29.23
460,30.51,29.23
859,30.51,29.23
119,30.51,29.23
400,30.51,29.25
823,30.51,29.25
460,30.51,29.25
122,30.51,29.25
591,30.51,29.25
193,30.51,29.25
464,30.51,29.25
421,30.51,29.25
515,30.51,29.25
431,30.51,29.25
359,30.51,29.25
883,30.51,29.25
268,30.51,29.25
827,30.51,29.25
622,30.51,29.25
708,30.51,29.25
320,30.51,29.25
247,30.51,29.25
650,30.51,29.25
565,30.51,29.25
119,30.51,29.25
878,30.51,29.25
691,30.51,29.25
223,30.51,29.25
479,30.51,29.25
696,30.51,29.25
391,30.51,29.25
407,30.51,29.25
602,30.51,29.25
124,30.51,29.25
561,30.51,29.25
157,30.51,29.25
884,30.51,29.25
386,30.51,29.25
327,30.51,29.25
621,30.51,29.25
325,30.51,29.25
615,30.51,29.25
622,30.51,29.25
580,30.51,29.25
137,30.51,29.25
458,30.51,29.25
692,30.51,29.25
610,30.51,29.25
314,30.51,29.25
344,30.51,29.25
572,30.51,29.25
495,30.51,29.25
295,30.51,29.25
713,30.51,29.25
567,30.51,29.25
518,30.51,29.25
598,30.51,29.25
191,30.51,29.25
869,30.51,29.25
198,30.51,29.25
438,30.51,29.25
245,30.51,29.25
497,30.51,29.25
303,30.51,29.25
583,30.51,29.25
754,30.51,29.25
637,30.51,29.25
425,30.51,29.25
698,30.51,29.25
344,30.51,29.25
439,30.51,29.25
420,30.51,29.25
439,30.51,29.25
461,30.51,29.25
572,30.51,29.25
883,30.51,29.25
322,30.51,29.25
812,30.51,29.25
437,30.51,29.25
655,30.51,29.25
249,30.51,29.25
343,30.51,29.25
488,30.51,29.25
435,30.51,29.25
632,30.51,29.25
578,30.51,29.25
678,30.51,29.25
600,30.51,29.25
727,30.51,29.25
517,30.51,29.25
750,30.51,29.25
311,30.51,29.25
881,30.51,29.25
403,30.51,29.25
591,30.51,29.25
269,30.51,29.25
728,30.51,29.25
427,30.51,29.25
360,30.51,29.25
806,30.51,29.25
338,30.51,29.25
728,30.51,29.25
436,30.51,29.25
880,30.51,29.25
368,30.51,29.25
612,30.51,29.25
759,30.51,29.25
349,30.51,29.25
581,30.51,29.25
545,30.51,29.25
525,30.51,29.25
673,30.51,29.25
442,30.51,29.25
688,30.51,29.25
778,30.51,29.25
631,30.51,29.25
453,30.51,29.25
365,30.51,29.25
686,30.51,29.25
555,30.51,29.25
622,30.51,29.25
369,30.51,29.25
287,30.51,29.25
856,30.51,29.11
237,30.51,29.11
827,30.51,29.11
629,30.51,29.11
511,30.51,29.11
449,30.51,29.11
414,30.51,29.11
803,30.51,29.11
243,30.51,29.11
262,30.51,29.11
671,30.51,29.11
335,30.51,29.11
503,30.51,29.11
386,30.51,29.11
454,30.51,29.11
305,30.51,29.11
614,30.51,29.11
728,30.51,29.11
144,30.51,29.11
610,30.51,29.11
371,30.51,29.11
544,30.51,29.11
432,30.51,29.11
257,30.51,29.11
701,30.51,29.11
119,30.51,29.11
578,30.51,29.11
135,30.51,29.11
546,30.51,29.11
348,30.51,29.11
515,30.51,29.11
535,30.51,29.11
766,30.51,29.11
274,30.51,29.11
628,30.51,29.11
199,30.51,29.11
548,30.49,29.11
292,30.49,29.11
552,30.49,29.11
456,30.49,29.11
543,30.49,29.11
540,30.49,29.11
