646,31.13,29.63
315,31.13,29.63
120,31.13,29.63
546,31.13,29.63
391,31.13,29.63
814,31.13,29.63
472,31.13,29.63
726,31.13,29.63
566,31.13,29.63
169,31.13,29.63
482,31.13,29.63
797,31.13,29.63
121,31.13,29.63
450,31.13,29.63
381,31.13,29.63
883,31.13,29.63
566,31.13,29.63
584,31.13,29.63
806,31.13,29.63
248,31.13,29.63
507,31.13,29.63
522,31.13,29.63
546,31.13,29.63
508,31.13,29.63
638,31.13,29.63
738,31.13,29.63
407,31.13,29.63
643,31.13,29.63
475,31.13,29.63
651,31.13,29.63
488,31.13,29.63
489,31.13,29.63
478,31.13,29.63
570,31.13,29.63
257,31.13,29.63
788,31.13,29.97
427,31.13,29.97
687,31.13,29.97
446,31.13,29.97
709,31.13,29.97
586,31.13,29.97
419,31.13,29.97
686,31.13,29.97
369,31.13,29.97
706,31.13,29.97
622,31.13,29.97
659,31.13,29.97
258,31.13,29.97
746,31.13,29.97
540,31.13,29.97
634,31.13,29.97
553,31.13,29.97
533,31.13,29.97
451,31.13,29.97
576,31.13,29.97
401,31.13,29.97
326,31.13,29.97
636,31.13,29.97
650,31.13,29.97
568,31.13,29.97
327,31.13,29.97
882,31.13,29.97
123,31.13,29.97
882,31.13,29.97
481,31.13,29.97
642,31.13,29.97
486,31.13,29.97
668,31.13,29.97
354,31.13,29.97
415,31.13,29.97
636,31.13,29.97
245,31.15,29.97
449,31.15,29.97
446,31.15,29.97
537,31.15,29.97
384,31.15,29.97
457,31.15,29.97
315,31.15,29.97
683,31.15,29.97
173,31.15,29.97
693,31.15,29.97
650,31.15,29.97
882,31.15,29.97
128,31.15,29.97
762,31.15,29.97
883,31.15,29.97
292,31.15,29.97
811,31.15,29.97
500,31.15,29.97
815,31.15,29.97
592,31.15,29.97
727,31.15,29.97
448,31.15,29.97
824,31.15,29.97
882,31.15,29.97
651,31.15,29.77
304,31.15,29.77
316,31.15,29.77
544,31.15,29.77
589,31.15,29.77
123,31.15,29.77
514,31.15,29.77
700,31.15,29.77
369,31.15,29.77
884,31.15,29.77
340,31.15,29.77
858,31.15,29.77
234,31.15,29.77
628,31.15,29.77
734,31.15,29.77
275,31.15,29.77
380,31.15,29.77
867,31.15,29.77
571,31.15,29.77
550,31.15,29.77
561,31.15,29.77
407,31.15,29.77
686,31.15,29.77
553,31.15,29.77
380,31.15,29.77
263,31.15,29.77
857,31.15,29.77
119,31.15,29.77
725,31.15,29.77
206,31.15,29.77
213,31.15,29.77
658,31.15,29.77
460,31.15,29.77
680,31.15,29.77
450,31.15,29.77
615,31.15,29.77
294,31.13,29.77
379,31.13,29.77
384,31.13,29.77
501,31.13,29.77
571,31.13,29.77
786,31.13,29.77
195,31.13,29.77
575,31.13,29.77
247,31.13,29.77
392,31.13,29.77
547,31.13,29.77
418,31.13,29.77
657,31.13,29.77
467,31.13,29.77
757,31.13,29.77
209,31.13,29.77
697,31.13,29.77
486,31.13,29.77
271,31.13,29.77
616,31.13,29.77
384,31.13,29.77
614,31.13,29.77
399,31.13,29.77
422,31.13,29.77
293,31.13,29.91
311,31.13,29.91
595,31.13,29.91
483,31.13,29.91
229,31.13,29.91
882,31.13,29.91
650,31.13,29.91
755,31.13,29.91
486,31.13,29.91
718,31.13,29.91
266,31.13,29.91
323,31.13,29.91
483,31.13,29.91
509,31.13,29.91
516,31.13,29.91
322,31.13,29.91
821,31.13,29.91
442,31.13,29.91
484,31.13,29.91
629,31.13,29.91
672,31.13,29.91
492,31.13,29.91
606,31.13,29.91
575,31.13,29.91
627,31.13,29.91
375,31.13,29.91
664,31.13,29.91
461,31.13,29.91
282,31.13,29.91
494,31.13,29.91
505,31.13,29.91
316,31.13,29.91
161,31.13,29.91
883,31.13,29.91
346,31.13,29.91
776,31.13,29.91
483,31.15,29.91
810,31.15,29.91
844,31.15,29.91
169,31.15,29.91
884,31.15,29.91
626,31.15,29.91
420,31.15,29.91
743,31.15,29.91
666,31.15,29.91
481,31.15,29.91
535,31.15,29.91
278,31.15,29.91
680,31.15,29.91
152,31.15,29.91
820,31.15,29.91
576,31.15,29.91
731,31.15,29.91
302,31.15,29.91
526,31.15,29.91
804,31.15,29.91
269,31.15,29.91
755,31.15,29.91
411,31.15,29.91
638,31.15,29.89
187,31.15,29.89
549,31.15,29.89
554,31.15,29.89
419,31.15,29.89
559,31.15,29.89
584,31.15,29.89
461,31.15,29.89
433,31.15,29.89
770,31.15,29.89
375,31.15,29.89
648,31.15,29.89
119,31.15,29.89
879,31.15,29.89
328,31.15,29.89
611,31.15,29.89
284,31.15,29.89
884,31.15,29.89
122,31.15,29.89
399,31.15,29.89
785,31.15,29.89
327,31.15,29.89
409,31.15,29.89
443,31.15,29.89
773,31.15,29.89
287,31.15,29.89
429,31.15,29.89
672,31.15,29.89
492,31.15,29.89
269,31.15,29.89
730,31.15,29.89
431,31.15,29.89
606,31.15,29.89
414,31.15,29.89
785,31.15,29.89
656,31.15,29.89
120,31.13,29.89
454,31.13,29.89
751,31.13,29.89
708,31.13,29.89
288,31.13,29.89
753,31.13,29.89
142,31.13,29.89
716,31.13,29.89
696,31.13,29.89
715,31.13,29.89
640,31.13,29.89
465,31.13,29.89
637,31.13,29.89
367,31.13,29.89
426,31.13,29.89
831,31.13,29.89
660,31.13,29.89
497,31.13,29.89
699,31.13,29.89
435,31.13,29.89
732,31.13,29.89
359,31.13,29.89
739,31.13,29.89
604,31.13,29.89
520,31.13,29.91
451,31.13,29.91
635,31.13,29.91
632,31.13,29.91
163,31.13,29.91
884,31.13,29.91
193,31.13,29.91
507,31.13,29.91
801,31.13,29.91
465,31.13,29.91
807,31.13,29.91
396,31.13,29.91
555,31.13,29.91
635,31.13,29.91
605,31.13,29.91
535,31.13,29.91
603,31.13,29.91
474,31.13,29.91
528,31.13,29.91
158,31.13,29.91
820,31.13,29.91
118,31.13,29.91
872,31.13,29.91
178,31.13,29.91
574,31.13,29.91
511,31.13,29.91
319,31.13,29.91
614,31.13,29.91
322,31.13,29.91
425,31.13,29.91
291,31.13,29.91
488,31.13,29.91
270,31.13,29.91
365,31.13,29.91
121,31.13,29.91
660,31.13,29.91
295,31.13,29.91
378,31.13,29.91
238,31.13,29.91
749,31.13,29.91
522,31.13,29.91
380,31.13,29.91
533,31.13,29.91
309,31.13,29.91
705,31.13,29.91
118,31.13,29.91
507,31.13,29.91
119,31.13,29.91
607,31.13,29.91
118,31.13,29.91
563,31.13,29.91
454,31.13,29.91
557,31.13,29.91
536,31.13,29.91
724,31.13,29.91
172,31.13,29.91
654,31.13,29.91
503,31.13,29.91
481,31.13,29.91
750,31.13,29.89
272,31.13,29.89
587,31.13,29.89
126,31.13,29.89
869,31.13,29.89
196,31.13,29.89
661,31.13,29.89
359,31.13,29.89
820,31.13,29.89
382,31.13,29.89
549,31.13,29.89
663,31.13,29.89
578,31.13,29.89
779,31.13,29.89
376,31.13,29.89
721,31.13,29.89
708,31.13,29.89
477,31.13,29.89
611,31.13,29.89
844,31.13,29.89
119,31.13,29.89
857,31.13,29.89
463,31.13,29.89
762,31.13,29.89
717,31.13,29.89
540,31.13,29.89
396,31.13,29.89
716,31.13,29.89
596,31.13,29.89
589,31.13,29.89
884,31.13,29.89
131,31.13,29.89
603,31.13,29.89
528,31.13,29.89
375,31.13,29.89
504,31.13,29.89
570,31.13,29.89
609,31.13,29.89
306,31.13,29.89
325,31.13,29.89
760,31.13,29.89
660,31.13,29.89
428,31.13,29.89
490,31.13,29.89
360,31.13,29.89
517,31.13,29.89
354,31.13,29.89
590,31.13,29.89
626,31.13,29.89
225,31.13,29.89
836,31.13,29.89
375,31.13,29.89
448,31.13,29.89
288,31.13,29.89
827,31.13,29.89
118,31.13,29.89
590,31.13,29.89
247,31.13,29.89
425,31.13,29.89
324,31.13,29.89
367,31.13,29.77
575,31.13,29.77
395,31.13,29.77
382,31.13,29.77
588,31.13,29.77
448,31.13,29.77
489,31.13,29.77
606,31.13,29.77
484,31.13,29.77
718,31.13,29.77
117,31.13,29.77
758,31.13,29.77
526,31.13,29.77
128,31.13,29.77
460,31.13,29.77
527,31.13,29.77
558,31.13,29.77
326,31.13,29.77
726,31.13,29.77
536,31.13,29.77
656,31.13,29.77
564,31.13,29.77
619,31.13,29.77
463,31.13,29.77
470,31.13,29.77
