621,29.33,28.17
496,29.33,28.17
744,29.33,28.17
465,29.33,28.17
483,29.33,28.17
736,29.33,28.17
300,29.27,28.17
508,29.27,28.17
340,29.27,28.17
607,29.27,28.17
123,29.27,28.17
729,29.27,28.17
119,29.27,28.17
784,29.27,28.17
387,29.27,28.17
326,29.27,28.17
478,29.27,28.17
179,29.27,28.17
559,29.27,28.17
554,29.27,28.17
411,29.27,28.17
428,29.27,28.17
598,29.27,28.17
370,29.27,28.17
736,29.27,28.17
560,29.27,28.17
852,29.27,28.17
309,29.27,28.17
874,29.27,28.17
177,29.27,27.87
451,29.27,27.87
567,29.27,27.87
295,29.27,27.87
731,29.27,27.87
268,29.27,27.87
473,29.27,27.87
154,29.27,27.87
748,29.27,27.87
490,29.27,27.87
523,29.27,27.87
490,29.27,27.87
588,29.27,27.87
546,29.27,27.87
727,29.27,27.87
509,29.27,27.87
356,29.27,27.87
338,29.27,27.87
604,29.27,27.87
321,29.27,27.87
359,29.27,27.87
724,29.27,27.87
122,29.27,27.87
881,29.27,27.87
317,29.27,27.87
881,29.27,27.87
504,29.27,27.87
463,29.27,27.87
195,29.27,27.87
314,29.27,27.87
741,29.27,27.87
127,29.27,27.87
607,29.27,27.87
661,29.27,27.87
448,29.27,27.87
611,29.27,27.87
444,29.33,27.87
326,29.33,27.87
741,29.33,27.87
672,29.33,27.87
564,29.33,27.87
386,29.33,27.87
613,29.33,27.87
600,29.33,27.87
136,29.33,27.87
624,29.33,27.87
332,29.33,27.87
700,29.33,27.87
494,29.33,27.87
677,29.33,27.87
353,29.33,27.87
361,29.33,27.87
646,29.33,27.87
469,29.33,27.87
652,29.33,27.87
410,29.33,27.87
317,29.33,27.87
862,29.33,27.87
615,29.33,27.87
414,29.33,27.87
608,29.33,27.93
636,29.33,27.93
532,29.33,27.93
556,29.33,27.93
346,29.33,27.93
148,29.33,27.93
773,29.33,27.93
354,29.33,27.93
394,29.33,27.93
150,29.33,27.93
444,29.33,27.93
608,29.33,27.93
393,29.33,27.93
767,29.33,27.93
222,29.33,27.93
659,29.33,27.93
532,29.33,27.93
552,29.33,27.93
470,29.33,27.93
628,29.33,27.93
159,29.33,27.93
730,29.33,27.93
347,29.33,27.93
356,29.33,27.93
387,29.33,27.93
480,29.33,27.93
459,29.33,27.93
299,29.33,27.93
764,29.33,27.93
205,29.33,27.93
882,29.33,27.93
204,29.33,27.93
883,29.33,27.93
291,29.33,27.93
551,29.33,27.93
734,29.33,27.93
497,29.33,27.93
503,29.33,27.93
210,29.33,27.93
520,29.33,27.93
579,29.33,27.93
475,29.33,27.93
794,29.33,27.93
879,29.33,27.93
349,29.33,27.93
670,29.33,27.93
334,29.33,27.93
881,29.33,27.93
253,29.33,27.93
882,29.33,27.93
357,29.33,27.93
350,29.33,27.93
492,29.33,27.93
684,29.33,27.93
680,29.33,27.93
335,29.33,27.93
779,29.33,27.93
142,29.33,27.93
376,29.33,27.93
499,29.33,27.93
700,29.33,27.93
476,29.33,27.93
737,29.33,27.93
219,29.33,27.93
823,29.33,27.93
125,29.33,27.93
880,29.33,27.93
277,29.33,27.93
540,29.33,27.93
462,29.33,27.93
544,29.33,27.93
742,29.33,27.93
128,29.33,27.93
795,29.33,27.93
152,29.33,27.93
612,29.33,27.93
312,29.33,27.93
414,29.33,27.93
362,29.33,27.93
272,29.33,27.93
709,29.33,27.93
323,29.33,27.93
446,29.33,27.93
416,29.33,27.93
534,29.33,27.93
225,29.33,27.93
860,29.33,27.93
120,29.33,27.93
883,29.33,27.93
376,29.33,27.93
736,29.33,27.93
123,29.33,27.93
716,29.33,27.93
191,29.33,27.93
514,29.33,27.93
803,29.33,27.93
219,29.33,27.93
609,29.33,27.93
268,29.33,27.93
579,29.33,27.93
334,29.33,27.93
496,29.33,27.93
522,29.33,27.93
222,29.33,27.93
279,29.33,27.93
427,29.33,27.93
313,29.33,27.93
646,29.33,27.93
192,29.33,27.93
419,29.33,27.93
532,29.33,27.93
488,29.33,27.93
503,29.33,27.93
404,29.33,27.93
784,29.33,27.93
312,29.33,27.93
699,29.33,27.93
571,29.33,27.93
474,29.33,27.93
725,29.33,27.95
602,29.33,27.95
682,29.33,27.95
499,29.33,27.95
329,29.33,27.95
537,29.33,27.95
477,29.33,27.95
517,29.33,27.95
342,29.33,27.95
205,29.33,27.95
866,29.33,27.95
380,29.33,27.95
881,29.33,27.95
398,29.33,27.95
669,29.33,27.95
787,29.33,27.95
397,29.33,27.95
596,29.33,27.95
643,29.33,27.95
881,29.33,27.95
340,29.33,27.95
786,29.33,27.95
594,29.33,27.95
655,29.33,27.95
551,29.33,27.95
447,29.33,27.95
549,29.33,27.95
561,29.33,27.95
688,29.33,27.95
645,29.33,27.95
633,29.33,27.95
551,29.33,27.95
719,29.33,27.95
156,29.33,27.95
882,29.33,27.95
121,29.33,27.95
882,29.31,27.95
246,29.31,27.95
663,29.31,27.95
667,29.31,27.95
650,29.31,27.95
651,29.31,27.95
153,29.31,27.95
730,29.31,27.95
211,29.31,27.95
848,29.31,27.95
194,29.31,27.95
503,29.31,27.95
592,29.31,27.95
755,29.31,27.95
642,29.31,27.95
372,29.31,27.95
716,29.31,27.95
299,29.31,27.95
381,29.31,27.95
387,29.31,27.95
470,29.31,27.95
209,29.31,27.95
748,29.31,27.95
236,29.31,27.95
581,29.31,27.93
119,29.31,27.93
622,29.31,27.93
286,29.31,27.93
740,29.31,27.93
155,29.31,27.93
472,29.31,27.93
733,29.31,27.93
122,29.31,27.93
690,29.31,27.93
213,29.31,27.93
509,29.31,27.93
363,29.31,27.93
370,29.31,27.93
278,29.31,27.93
364,29.31,27.93
318,29.31,27.93
648,29.31,27.93
279,29.31,27.93
762,29.31,27.93
437,29.31,27.93
773,29.31,27.93
453,29.31,27.93
553,29.31,27.93
741,29.31,27.93
122,29.31,27.93
753,29.31,27.93
321,29.31,27.93
866,29.31,27.93
122,29.31,27.93
765,29.31,27.93
311,29.31,27.93
622,29.31,27.93
409,29.31,27.93
568,29.31,27.93
117,29.31,27.93
664,29.35,27.93
570,29.35,27.93
474,29.35,27.93
748,29.35,27.93
262,29.35,27.93
820,29.35,27.93
403,29.35,27.93
812,29.35,27.93
259,29.35,27.93
693,29.35,27.93
125,29.35,27.93
637,29.35,27.93
588,29.35,27.93
440,29.35,27.93
499,29.35,27.93
539,29.35,27.93
444,29.35,27.93
506,29.35,27.93
662,29.35,27.93
468,29.35,27.93
645,29.35,27.93
413,29.35,27.93
743,29.35,27.93
438,29.35,27.79
744,29.35,27.79
465,29.35,27.79
856,29.35,27.79
881,29.35,27.79
120,29.35,27.79
881,29.35,27.79
453,29.35,27.79
718,29.35,27.79
314,29.35,27.79
682,29.35,27.79
346,29.35,27.79
456,29.35,27.79
532,29.35,27.79
622,29.35,27.79
638,29.35,27.79
373,29.35,27.79
758,29.35,27.79
140,29.35,27.79
356,29.35,27.79
751,29.35,27.79
568,29.35,27.79
287,29.35,27.79
610,29.35,27.79
119,29.35,27.79
631,29.35,27.79
178,29.35,27.79
482,29.35,27.79
466,29.35,27.79
415,29.35,27.79
340,29.35,27.79
428,29.35,27.79
696,29.35,27.79
123,29.35,27.79
881,29.35,27.79
233,29.35,27.79
777,29.33,27.79
240,29.33,27.79
469,29.33,27.79
480,29.33,27.79
280,29.33,27.79
379,29.33,27.79
438,29.33,27.79
437,29.33,27.79
532,29.33,27.79
369,29.33,27.79
419,29.33,27.79
879,29.33,27.79
119,29.33,27.79
882,29.33,27.79
182,29.33,27.79
728,29.33,27.79
585,29.33,27.79
753,29.33,27.79
244,29.33,27.79
659,29.33,27.79
688,29.33,27.79
220,29.33,27.79
558,29.33,27.79
321,29.33,27.79
734,29.33,28.17
298,29.33,28.17
755,29.33,28.17
336,29.33,28.17
643,29.33,28.17
249,29.33,28.17
776,29.33,28.17
212,29.33,28.17
881,29.33,28.17
336,29.33,28.17
476,29.33,28.17
331,29.33,28.17
323,29.33,28.17
793,29.33,28.17
331,29.33,28.17
678,29.33,28.17
274,29.33,28.17
656,29.33,28.17
120,29.33,28.17
627,29.33,28.17
282,29.33,28.17
755,29.33,28.17
413,29.33,28.17
502,29.33,28.17
564,29.33,28.17
723,29.33,28.17
443,29.33,28.17
746,29.33,28.17
403,29.33,28.17
459,29.33,28.17
687,29.33,28.17
312,29.33,28.17
