881,28.89,27.73
273,28.89,27.73
715,28.89,27.73
384,28.89,27.73
551,28.89,27.73
782,28.89,27.73
505,28.89,27.73
493,28.89,27.73
436,28.89,27.73
682,28.89,27.73
656,28.89,27.73
645,28.89,27.73
634,28.89,27.73
267,28.89,27.73
702,28.89,27.73
453,28.89,27.73
463,28.89,27.73
588,28.89,27.73
685,28.89,27.73
447,28.89,27.73
579,28.89,27.47
401,28.89,27.47
698,28.89,27.47
315,28.89,27.47
620,28.89,27.47
460,28.89,27.47
303,28.89,27.47
882,28.89,27.47
298,28.89,27.47
811,28.89,27.47
217,28.89,27.47
344,28.89,27.47
455,28.89,27.47
602,28.89,27.47
350,28.89,27.47
235,28.89,27.47
561,28.89,27.47
384,28.89,27.47
519,28.89,27.47
501,28.89,27.47
585,28.89,27.47
386,28.89,27.47
528,28.89,27.47
230,28.89,27.47
881,28.89,27.47
122,28.89,27.47
811,28.89,27.47
653,28.89,27.47
690,28.89,27.47
551,28.89,27.47
434,28.89,27.47
717,28.89,27.47
233,28.89,27.47
534,28.89,27.47
302,28.89,27.47
449,28.89,27.47
295,28.87,27.47
791,28.87,27.47
433,28.87,27.47
541,28.87,27.47
402,28.87,27.47
581,28.87,27.47
610,28.87,27.47
526,28.87,27.47
252,28.87,27.47
528,28.87,27.47
620,28.87,27.47
489,28.87,27.47
189,28.87,27.47
326,28.87,27.47
882,28.87,27.47
159,28.87,27.47
882,28.87,27.47
556,28.87,27.47
665,28.87,27.47
523,28.87,27.47
463,28.87,27.47
829,28.87,27.47
249,28.87,27.47
632,28.87,27.47
323,28.87,27.73
777,28.87,27.73
122,28.87,27.73
694,28.87,27.73
424,28.87,27.73
564,28.87,27.73
306,28.87,27.73
490,28.87,27.73
645,28.87,27.73
826,28.87,27.73
334,28.87,27.73
881,28.87,27.73
599,28.87,27.73
318,28.87,27.73
829,28.87,27.73
296,28.87,27.73
750,28.87,27.73
339,28.87,27.73
835,28.87,27.73
437,28.87,27.73
447,28.87,27.73
526,28.87,27.73
602,28.87,27.73
462,28.87,27.73
401,28.87,27.73
804,28.87,27.73
373,28.87,27.73
726,28.87,27.73
424,28.87,27.73
706,28.87,27.73
376,28.87,27.73
531,28.87,27.73
417,28.87,27.73
559,28.87,27.73
450,28.87,27.73
839,28.87,27.73
600,28.91,27.73
316,28.91,27.73
670,28.91,27.73
356,28.91,27.73
780,28.91,27.73
173,28.91,27.73
567,28.91,27.73
594,28.91,27.73
631,28.91,27.73
275,28.91,27.73
670,28.91,27.73
774,28.91,27.73
295,28.91,27.73
761,28.91,27.73
243,28.91,27.73
340,28.91,27.73
469,28.91,27.73
759,28.91,27.73
315,28.91,27.73
342,28.91,27.73
324,28.91,27.73
610,28.91,27.73
121,28.91,27.73
487,28.91,27.73
203,28.91,27.67
160,28.91,27.67
750,28.91,27.67
288,28.91,27.67
741,28.91,27.67
294,28.91,27.67
703,28.91,27.67
350,28.91,27.67
645,28.91,27.67
473,28.91,27.67
586,28.91,27.67
633,28.91,27.67
209,28.91,27.67
427,28.91,27.67
123,28.91,27.67
430,28.91,27.67
701,28.91,27.67
266,28.91,27.67
534,28.91,27.67
611,28.91,27.67
240,28.91,27.67
747,28.91,27.67
260,28.91,27.67
834,28.91,27.67
406,28.91,27.67
625,28.91,27.67
544,28.91,27.67
451,28.91,27.67
466,28.91,27.67
299,28.91,27.67
581,28.91,27.67
121,28.91,27.67
583,28.91,27.67
556,28.91,27.67
683,28.91,27.67
659,28.91,27.67
686,28.89,27.67
229,28.89,27.67
768,28.89,27.67
228,28.89,27.67
370,28.89,27.67
448,28.89,27.67
586,28.89,27.67
447,28.89,27.67
232,28.89,27.67
864,28.89,27.67
152,28.89,27.67
715,28.89,27.67
386,28.89,27.67
668,28.89,27.67
445,28.89,27.67
603,28.89,27.67
643,28.89,27.67
677,28.89,27.67
585,28.89,27.67
670,28.89,27.67
493,28.89,27.67
389,28.89,27.67
660,28.89,27.67
474,28.89,27.85
595,28.89,27.85
332,28.89,27.85
708,28.89,27.85
182,28.89,27.85
880,28.89,27.85
229,28.89,27.85
735,28.89,27.85
401,28.89,27.85
270,28.89,27.85
738,28.89,27.85
307,28.89,27.85
635,28.89,27.85
373,28.89,27.85
882,28.89,27.85
120,28.89,27.85
878,28.89,27.85
335,28.89,27.85
509,28.89,27.85
465,28.89,27.85
661,28.89,27.85
200,28.89,27.85
713,28.89,27.85
125,28.89,27.85
681,28.89,27.85
437,28.89,27.85
337,28.89,27.85
744,28.89,27.85
246,28.89,27.85
881,28.89,27.85
120,28.89,27.85
600,28.89,27.85
192,28.89,27.85
229,28.89,27.85
534,28.89,27.85
707,28.89,27.85
134,28.89,27.85
413,28.89,27.85
468,28.89,27.85
438,28.89,27.85
248,28.89,27.85
493,28.89,27.85
566,28.89,27.85
351,28.89,27.85
754,28.89,27.85
378,28.89,27.85
879,28.89,27.85
249,28.89,27.85
877,28.89,27.85
390,28.89,27.85
520,28.89,27.85
513,28.89,27.85
486,28.89,27.85
537,28.89,27.85
328,28.89,27.85
573,28.89,27.85
449,28.89,27.85
509,28.89,27.85
506,28.89,27.85
387,28.89,27.85
395,28.89,27.61
505,28.89,27.61
560,28.89,27.61
540,28.89,27.61
308,28.89,27.61
702,28.89,27.61
476,28.89,27.61
461,28.89,27.61
315,28.89,27.61
120,28.89,27.61
882,28.89,27.61
186,28.89,27.61
670,28.89,27.61
616,28.89,27.61
608,28.89,27.61
566,28.89,27.61
461,28.89,27.61
720,28.89,27.61
364,28.89,27.61
357,28.89,27.61
691,28.89,27.61
723,28.89,27.61
196,28.89,27.61
521,28.89,27.61
676,28.89,27.61
746,28.89,27.61
562,28.89,27.61
449,28.89,27.61
440,28.89,27.61
621,28.89,27.61
372,28.89,27.61
817,28.89,27.61
391,28.89,27.61
124,28.89,27.61
309,28.89,27.61
209,28.89,27.61
668,28.87,27.61
561,28.87,27.61
535,28.87,27.61
286,28.87,27.61
676,28.87,27.61
699,28.87,27.61
476,28.87,27.61
612,28.87,27.61
121,28.87,27.61
344,28.87,27.61
364,28.87,27.61
389,28.87,27.61
120,28.87,27.61
434,28.87,27.61
228,28.87,27.61
668,28.87,27.61
254,28.87,27.61
661,28.87,27.61
312,28.87,27.61
818,28.87,27.61
309,28.87,27.61
365,28.87,27.61
641,28.87,27.61
298,28.87,27.61
759,28.87,27.67
388,28.87,27.67
211,28.87,27.67
271,28.87,27.67
353,28.87,27.67
257,28.87,27.67
596,28.87,27.67
118,28.87,27.67
633,28.87,27.67
222,28.87,27.67
563,28.87,27.67
384,28.87,27.67
755,28.87,27.67
519,28.87,27.67
483,28.87,27.67
725,28.87,27.67
124,28.87,27.67
881,28.87,27.67
120,28.87,27.67
851,28.87,27.67
272,28.87,27.67
430,28.87,27.67
660,28.87,27.67
387,28.87,27.67
555,28.87,27.67
367,28.87,27.67
558,28.87,27.67
391,28.87,27.67
338,28.87,27.67
279,28.87,27.67
733,28.87,27.67
497,28.87,27.67
656,28.87,27.67
557,28.87,27.67
477,28.87,27.67
122,28.87,27.67
506,28.87,27.67
292,28.87,27.67
449,28.87,27.67
551,28.87,27.67
564,28.87,27.67
789,28.87,27.67
166,28.87,27.67
771,28.87,27.67
657,28.87,27.67
517,28.87,27.67
398,28.87,27.67
524,28.87,27.67
774,28.87,27.67
259,28.87,27.67
781,28.87,27.67
677,28.87,27.67
714,28.87,27.67
575,28.87,27.67
539,28.87,27.67
320,28.87,27.67
444,28.87,27.67
513,28.87,27.67
626,28.87,27.67
471,28.87,27.67
722,28.87,27.67
440,28.87,27.67
843,28.87,27.67
556,28.87,27.67
353,28.87,27.67
882,28.87,27.67
214,28.87,27.67
731,28.87,27.67
621,28.87,27.67
410,28.87,27.67
467,28.87,27.67
683,28.87,27.67
700,28.87,27.67
560,28.87,27.67
340,28.87,27.67
516,28.87,27.67
484,28.87,27.67
305,28.87,27.67
632,28.87,27.67
523,28.87,27.67
546,28.87,27.67
284,28.87,27.67
588,28.87,27.67
366,28.87,27.67
664,28.87,27.67
120,28.87,27.67
781,28.87,27.67
377,28.87,27.67
205,28.87,27.67
660,28.87,27.67
356,28.87,27.67
590,28.87,27.67
519,28.87,27.67
706,28.87,27.67
240,28.87,27.67
452,28.87,27.67
516,28.87,27.67
541,28.87,27.67
577,28.87,27.67
296,28.87,27.67
