588,30.85,29.39
140,30.85,29.39
279,30.85,29.39
121,30.85,29.39
560,30.85,29.39
583,30.85,29.39
742,30.85,29.39
418,30.85,29.39
442,30.87,29.39
341,30.87,29.39
682,30.87,29.39
680,30.87,29.39
120,30.87,29.39
852,30.87,29.39
314,30.87,29.39
703,30.87,29.39
191,30.87,29.39
683,30.87,29.39
260,30.87,29.39
742,30.87,29.39
284,30.87,29.39
485,30.87,29.39
418,30.87,29.39
758,30.87,29.39
426,30.87,29.39
536,30.87,29.39
336,30.87,29.39
119,30.87,29.39
862,30.87,29.39
145,30.87,29.39
778,30.87,29.39
354,30.87,29.39
748,30.87,29.71
124,30.87,29.71
721,30.87,29.71
430,30.87,29.71
398,30.87,29.71
401,30.87,29.71
368,30.87,29.71
567,30.87,29.71
668,30.87,29.71
676,30.87,29.71
525,30.87,29.71
810,30.87,29.71
224,30.87,29.71
610,30.87,29.71
467,30.87,29.71
770,30.87,29.71
213,30.87,29.71
665,30.87,29.71
518,30.87,29.71
376,30.87,29.71
504,30.87,29.71
263,30.87,29.71
574,30.87,29.71
306,30.87,29.71
682,30.87,29.71
448,30.87,29.71
740,30.87,29.71
739,30.87,29.71
605,30.87,29.71
648,30.87,29.71
776,30.87,29.71
554,30.87,29.71
821,30.87,29.71
565,30.87,29.71
584,30.87,29.71
438,30.87,29.71
387,30.85,29.71
708,30.85,29.71
287,30.85,29.71
661,30.85,29.71
293,30.85,29.71
883,30.85,29.71
222,30.85,29.71
370,30.85,29.71
694,30.85,29.71
543,30.85,29.71
598,30.85,29.71
280,30.85,29.71
597,30.85,29.71
351,30.85,29.71
551,30.85,29.71
387,30.85,29.71
451,30.85,29.71
530,30.85,29.71
620,30.85,29.71
126,30.85,29.71
736,30.85,29.71
195,30.85,29.71
442,30.85,29.71
622,30.85,29.71
204,30.85,29.49
312,30.85,29.49
502,30.85,29.49
873,30.85,29.49
126,30.85,29.49
904,30.85,29.49
382,30.85,29.49
751,30.85,29.49
121,30.85,29.49
404,30.85,29.49
344,30.85,29.49
427,30.85,29.49
487,30.85,29.49
298,30.85,29.49
397,30.85,29.49
225,30.85,29.49
445,30.85,29.49
488,30.85,29.49
578,30.85,29.49
345,30.85,29.49
758,30.85,29.49
504,30.85,29.49
401,30.85,29.49
412,30.85,29.49
558,30.85,29.49
450,30.85,29.49
168,30.85,29.49
608,30.85,29.49
193,30.85,29.49
608,30.85,29.49
333,30.85,29.49
433,30.85,29.49
276,30.85,29.49
530,30.85,29.49
584,30.85,29.49
446,30.85,29.49
624,30.87,29.49
447,30.87,29.49
361,30.87,29.49
498,30.87,29.49
319,30.87,29.49
575,30.87,29.49
279,30.87,29.49
163,30.87,29.49
543,30.87,29.49
321,30.87,29.49
640,30.87,29.49
264,30.87,29.49
662,30.87,29.49
521,30.87,29.49
239,30.87,29.49
592,30.87,29.49
267,30.87,29.49
758,30.87,29.49
288,30.87,29.49
845,30.87,29.49
531,30.87,29.49
646,30.87,29.49
752,30.87,29.49
508,30.87,29.49
410,30.87,29.49
680,30.87,29.49
372,30.87,29.49
605,30.87,29.49
366,30.87,29.49
860,30.87,29.49
862,30.87,29.49
384,30.87,29.49
730,30.87,29.49
448,30.87,29.49
768,30.87,29.49
402,30.87,29.49
772,30.87,29.49
878,30.87,29.49
813,30.87,29.49
400,30.87,29.49
621,30.87,29.49
862,30.87,29.49
344,30.87,29.49
707,30.87,29.49
434,30.87,29.49
630,30.87,29.49
415,30.87,29.49
555,30.87,29.49
773,30.87,29.49
472,30.87,29.49
568,30.87,29.49
769,30.87,29.49
391,30.87,29.49
651,30.87,29.49
466,30.87,29.49
495,30.87,29.49
831,30.87,29.49
170,30.87,29.49
828,30.87,29.49
299,30.87,29.49
670,30.87,29.49
383,30.87,29.49
714,30.87,29.49
406,30.87,29.49
254,30.87,29.49
608,30.87,29.49
406,30.87,29.49
817,30.87,29.49
123,30.87,29.49
879,30.87,29.49
766,30.87,29.49
357,30.87,29.49
826,30.87,29.49
340,30.87,29.49
465,30.87,29.49
802,30.87,29.49
443,30.87,29.49
484,30.87,29.49
395,30.87,29.49
464,30.87,29.49
489,30.87,29.49
195,30.87,29.49
688,30.87,29.49
224,30.87,29.65
487,30.87,29.65
331,30.87,29.65
490,30.87,29.65
617,30.87,29.65
318,30.87,29.65
843,30.87,29.65
482,30.87,29.65
647,30.87,29.65
253,30.87,29.65
489,30.87,29.65
298,30.87,29.65
554,30.87,29.65
371,30.87,29.65
290,30.87,29.65
354,30.87,29.65
476,30.87,29.65
244,30.87,29.65
664,30.87,29.65
430,30.87,29.65
463,30.87,29.65
883,30.87,29.65
123,30.87,29.65
545,30.87,29.65
252,30.87,29.65
384,30.87,29.65
505,30.87,29.65
506,30.87,29.65
425,30.87,29.65
305,30.87,29.65
600,30.87,29.65
270,30.87,29.65
601,30.87,29.65
333,30.87,29.65
675,30.87,29.65
437,30.87,29.65
420,30.85,29.65
282,30.85,29.65
555,30.85,29.65
221,30.85,29.65
546,30.85,29.65
193,30.85,29.65
650,30.85,29.65
339,30.85,29.65
555,30.85,29.65
808,30.85,29.65
576,30.85,29.65
381,30.85,29.65
125,30.85,29.65
883,30.85,29.65
215,30.85,29.65
777,30.85,29.65
233,30.85,29.65
727,30.85,29.65
583,30.85,29.65
744,30.85,29.65
759,30.85,29.65
359,30.85,29.65
445,30.85,29.65
378,30.85,29.65
476,30.85,29.39
333,30.85,29.39
606,30.85,29.39
371,30.85,29.39
680,30.85,29.39
122,30.85,29.39
586,30.85,29.39
465,30.85,29.39
832,30.85,29.39
337,30.85,29.39
771,30.85,29.39
567,30.85,29.39
334,30.85,29.39
884,30.85,29.39
339,30.85,29.39
605,30.85,29.39
491,30.85,29.39
706,30.85,29.39
211,30.85,29.39
600,30.85,29.39
387,30.85,29.39
869,30.85,29.39
179,30.85,29.39
740,30.85,29.39
398,30.85,29.39
790,30.85,29.39
326,30.85,29.39
612,30.85,29.39
649,30.85,29.39
477,30.85,29.39
656,30.85,29.39
494,30.85,29.39
563,30.85,29.39
264,30.85,29.39
883,30.85,29.39
302,30.85,29.39
552,30.85,29.39
503,30.85,29.39
573,30.85,29.39
410,30.85,29.39
452,30.85,29.39
527,30.85,29.39
546,30.85,29.39
541,30.85,29.39
502,30.85,29.39
755,30.85,29.39
118,30.85,29.39
683,30.85,29.39
367,30.85,29.39
491,30.85,29.39
284,30.85,29.39
506,30.85,29.39
517,30.85,29.39
523,30.85,29.39
492,30.85,29.39
129,30.85,29.39
597,30.85,29.39
256,30.85,29.39
497,30.85,29.39
244,30.85,29.51
264,30.85,29.51
544,30.85,29.51
766,30.85,29.51
643,30.85,29.51
359,30.85,29.51
158,30.85,29.51
395,30.85,29.51
293,30.85,29.51
524,30.85,29.51
595,30.85,29.51
119,30.85,29.51
783,30.85,29.51
252,30.85,29.51
748,30.85,29.51
525,30.85,29.51
715,30.85,29.51
350,30.85,29.51
588,30.85,29.51
561,30.85,29.51
423,30.85,29.51
533,30.85,29.51
453,30.85,29.51
688,30.85,29.51
449,30.85,29.51
620,30.85,29.51
631,30.85,29.51
554,30.85,29.51
390,30.85,29.51
574,30.85,29.51
218,30.85,29.51
871,30.85,29.51
421,30.85,29.51
825,30.85,29.51
768,30.85,29.51
360,30.85,29.51
794,30.85,29.51
433,30.85,29.51
761,30.85,29.51
266,30.85,29.51
775,30.85,29.51
340,30.85,29.51
653,30.85,29.51
185,30.85,29.51
790,30.85,29.51
191,30.85,29.51
418,30.85,29.51
501,30.85,29.51
343,30.85,29.51
328,30.85,29.51
724,30.85,29.51
589,30.85,29.51
373,30.85,29.51
553,30.85,29.51
119,30.85,29.51
676,30.85,29.51
347,30.85,29.51
884,30.85,29.51
431,30.85,29.51
687,30.85,29.51
160,30.85,29.45
760,30.85,29.45
769,30.85,29.45
368,30.85,29.45
884,30.85,29.45
191,30.85,29.45
320,30.85,29.45
455,30.85,29.45
653,30.85,29.45
348,30.85,29.45
508,30.85,29.45
295,30.85,29.45
494,30.85,29.45
188,30.85,29.45
466,30.85,29.45
377,30.85,29.45
614,30.85,29.45
463,30.85,29.45
284,30.85,29.45
781,30.85,29.45
120,30.85,29.45
784,30.85,29.45
453,30.85,29.45
817,30.85,29.45
119,30.85,29.45
578,30.85,29.45
499,30.85,29.45
518,30.85,29.45
591,30.85,29.45
