151,30.75,29.31
685,30.75,29.31
268,30.75,29.31
125,30.75,29.31
225,30.75,29.31
876,30.75,29.31
298,30.75,29.31
510,30.75,29.31
436,30.75,29.31
400,30.75,29.31
138,30.75,29.31
790,30.75,29.31
480,30.75,29.31
623,30.75,29.31
337,30.75,29.31
348,30.75,29.31
392,30.75,29.31
541,30.75,29.31
313,30.75,29.31
267,30.75,29.31
692,30.75,29.31
122,30.75,29.31
882,30.75,29.31
349,30.75,29.31
376,30.75,29.31
645,30.75,29.31
326,30.75,29.31
503,30.75,29.31
453,30.75,29.31
123,30.75,29.31
370,30.75,29.31
262,30.75,29.31
472,30.75,29.31
565,30.75,29.31
555,30.75,29.31
392,30.75,29.51
620,30.75,29.51
848,30.75,29.51
380,30.75,29.51
878,30.75,29.51
572,30.75,29.51
603,30.75,29.51
522,30.75,29.51
120,30.75,29.51
790,30.75,29.51
220,30.75,29.51
749,30.75,29.51
436,30.75,29.51
716,30.75,29.51
350,30.75,29.51
705,30.75,29.51
570,30.75,29.51
630,30.75,29.51
328,30.75,29.51
717,30.75,29.51
522,30.75,29.51
383,30.75,29.51
690,30.75,29.51
526,30.75,29.51
561,30.75,29.51
398,30.75,29.51
883,30.75,29.51
120,30.75,29.51
662,30.75,29.51
488,30.75,29.51
761,30.75,29.51
324,30.75,29.51
499,30.75,29.51
572,30.75,29.51
376,30.75,29.51
814,30.75,29.51
410,30.75,29.51
867,30.75,29.51
742,30.75,29.51
551,30.75,29.51
655,30.75,29.51
735,30.75,29.51
125,30.75,29.51
883,30.75,29.51
382,30.75,29.51
510,30.75,29.51
156,30.75,29.51
850,30.75,29.51
342,30.75,29.51
581,30.75,29.51
842,30.75,29.51
370,30.75,29.51
883,30.75,29.51
191,30.75,29.51
885,30.75,29.51
275,30.75,29.51
287,30.75,29.51
566,30.75,29.51
608,30.75,29.51
270,30.75,29.25
448,30.75,29.25
504,30.75,29.25
669,30.75,29.25
196,30.75,29.25
711,30.75,29.25
803,30.75,29.25
343,30.75,29.25
529,30.75,29.25
429,30.75,29.25
845,30.75,29.25
119,30.75,29.25
884,30.75,29.25
505,30.75,29.25
598,30.75,29.25
733,30.75,29.25
502,30.75,29.25
813,30.75,29.25
262,30.75,29.25
885,30.75,29.25
364,30.75,29.25
498,30.75,29.25
233,30.75,29.25
632,30.75,29.25
394,30.75,29.25
807,30.75,29.25
456,30.75,29.25
883,30.75,29.25
311,30.75,29.25
864,30.75,29.25
490,30.75,29.25
628,30.75,29.25
704,30.75,29.25
521,30.75,29.25
883,30.75,29.25
128,30.75,29.25
735,30.75,29.25
503,30.75,29.25
653,30.75,29.25
255,30.75,29.25
489,30.75,29.25
683,30.75,29.25
638,30.75,29.25
409,30.75,29.25
518,30.75,29.25
465,30.75,29.25
624,30.75,29.25
729,30.75,29.25
590,30.75,29.25
647,30.75,29.25
122,30.75,29.25
841,30.75,29.25
299,30.75,29.25
555,30.75,29.25
426,30.75,29.25
805,30.75,29.25
237,30.75,29.25
647,30.75,29.25
353,30.75,29.25
207,30.75,29.25
624,30.75,29.49
553,30.75,29.49
545,30.75,29.49
551,30.75,29.49
772,30.75,29.49
632,30.75,29.49
813,30.75,29.49
128,30.75,29.49
571,30.75,29.49
124,30.75,29.49
479,30.75,29.49
373,30.75,29.49
447,30.75,29.49
510,30.75,29.49
545,30.75,29.49
620,30.75,29.49
368,30.75,29.49
649,30.75,29.49
121,30.75,29.49
808,30.75,29.49
379,30.75,29.49
368,30.75,29.49
860,30.75,29.49
375,30.75,29.49
617,30.75,29.49
303,30.75,29.49
505,30.75,29.49
506,30.75,29.49
524,30.75,29.49
453,30.75,29.49
466,30.75,29.49
230,30.75,29.49
721,30.75,29.49
419,30.75,29.49
253,30.75,29.49
603,30.75,29.49
827,30.75,29.49
552,30.75,29.49
294,30.75,29.49
793,30.75,29.49
277,30.75,29.49
858,30.75,29.49
400,30.75,29.49
806,30.75,29.49
418,30.75,29.49
397,30.75,29.49
613,30.75,29.49
601,30.75,29.49
311,30.75,29.49
479,30.75,29.49
478,30.75,29.49
497,30.75,29.49
561,30.75,29.49
738,30.75,29.49
745,30.75,29.49
132,30.75,29.49
881,30.75,29.49
337,30.75,29.49
883,30.75,29.49
119,30.75,29.63
851,30.75,29.63
311,30.75,29.63
638,30.75,29.63
407,30.75,29.63
571,30.75,29.63
540,30.75,29.63
309,30.75,29.63
836,30.75,29.63
343,30.75,29.63
437,30.75,29.63
551,30.75,29.63
881,30.75,29.63
474,30.75,29.63
572,30.75,29.63
341,30.75,29.63
883,30.75,29.63
127,30.75,29.63
609,30.75,29.63
555,30.75,29.63
203,30.75,29.63
496,30.75,29.63
783,30.75,29.63
816,30.75,29.63
121,30.75,29.63
864,30.75,29.63
120,30.75,29.63
829,30.75,29.63
218,30.75,29.63
799,30.75,29.63
561,30.75,29.63
212,30.75,29.63
779,30.75,29.63
549,30.75,29.63
367,30.75,29.63
569,30.75,29.63
659,30.75,29.63
237,30.73,29.63
520,30.73,29.63
121,30.73,29.63
780,30.73,29.63
118,30.73,29.63
690,30.73,29.63
612,30.73,29.63
706,30.73,29.63
119,30.73,29.63
739,30.73,29.63
628,30.73,29.63
211,30.73,29.63
742,30.73,29.63
443,30.73,29.63
670,30.73,29.63
309,30.73,29.63
120,30.73,29.63
625,30.73,29.63
357,30.73,29.63
390,30.73,29.63
370,30.73,29.63
249,30.73,29.63
692,30.73,29.63
397,30.73,29.35
518,30.73,29.35
350,30.73,29.35
120,30.73,29.35
860,30.73,29.35
279,30.73,29.35
616,30.73,29.35
474,30.73,29.35
691,30.73,29.35
619,30.73,29.35
588,30.73,29.35
589,30.73,29.35
756,30.73,29.35
499,30.73,29.35
613,30.73,29.35
682,30.73,29.35
412,30.73,29.35
591,30.73,29.35
795,30.73,29.35
377,30.73,29.35
493,30.73,29.35
820,30.73,29.35
517,30.73,29.35
796,30.73,29.35
210,30.73,29.35
741,30.73,29.35
665,30.73,29.35
155,30.73,29.35
743,30.73,29.35
525,30.73,29.35
488,30.73,29.35
244,30.73,29.35
826,30.73,29.35
304,30.73,29.35
681,30.73,29.35
522,30.73,29.35
596,30.71,29.35
477,30.71,29.35
643,30.71,29.35
540,30.71,29.35
702,30.71,29.35
356,30.71,29.35
759,30.71,29.35
315,30.71,29.35
237,30.71,29.35
375,30.71,29.35
148,30.71,29.35
648,30.71,29.35
198,30.71,29.35
606,30.71,29.35
253,30.71,29.35
673,30.71,29.35
254,30.71,29.35
357,30.71,29.35
471,30.71,29.35
418,30.71,29.35
656,30.71,29.35
482,30.71,29.35
422,30.71,29.35
828,30.71,29.45
380,30.71,29.45
364,30.71,29.45
551,30.71,29.45
430,30.71,29.45
664,30.71,29.45
219,30.71,29.45
884,30.71,29.45
128,30.71,29.45
495,30.71,29.45
521,30.71,29.45
723,30.71,29.45
495,30.71,29.45
186,30.71,29.45
559,30.71,29.45
454,30.71,29.45
804,30.71,29.45
122,30.71,29.45
648,30.71,29.45
293,30.71,29.45
466,30.71,29.45
576,30.71,29.45
619,30.71,29.45
260,30.71,29.45
882,30.71,29.45
455,30.71,29.45
681,30.71,29.45
318,30.71,29.45
683,30.71,29.45
883,30.71,29.45
120,30.71,29.45
883,30.71,29.45
391,30.71,29.45
770,30.71,29.45
217,30.71,29.45
676,30.71,29.45
498,30.73,29.45
450,30.73,29.45
598,30.73,29.45
610,30.73,29.45
502,30.73,29.45
367,30.73,29.45
548,30.73,29.45
577,30.73,29.45
367,30.73,29.45
256,30.73,29.45
810,30.73,29.45
172,30.73,29.45
835,30.73,29.45
676,30.73,29.45
786,30.73,29.45
118,30.73,29.45
573,30.73,29.45
659,30.73,29.45
411,30.73,29.45
300,30.73,29.45
599,30.73,29.45
450,30.73,29.45
452,30.73,29.45
459,30.73,29.45
551,30.73,29.29
388,30.73,29.29
342,30.73,29.29
661,30.73,29.29
560,30.73,29.29
447,30.73,29.29
179,30.73,29.29
819,30.73,29.29
171,30.73,29.29
640,30.73,29.29
515,30.73,29.29
389,30.73,29.29
313,30.73,29.29
120,30.73,29.29
861,30.73,29.29
348,30.73,29.29
438,30.73,29.29
654,30.73,29.29
507,30.73,29.29
492,30.73,29.29
628,30.73,29.29
558,30.73,29.29
734,30.73,29.29
302,30.73,29.29
698,30.73,29.29
547,30.73,29.29
