405,30.91,29.51
354,30.91,29.51
121,30.91,29.51
447,30.91,29.51
770,30.91,29.51
248,30.91,29.51
240,30.91,29.51
883,30.91,29.51
128,30.91,29.51
882,30.91,29.51
298,30.91,29.51
339,30.91,29.51
391,30.91,29.51
403,30.91,29.51
505,30.91,29.51
276,30.91,29.51
525,30.91,29.51
360,30.91,29.51
457,30.91,29.51
250,30.91,29.51
509,30.91,29.77
405,30.91,29.77
190,30.91,29.77
476,30.91,29.77
594,30.91,29.77
202,30.91,29.77
612,30.91,29.77
496,30.91,29.77
595,30.91,29.77
568,30.91,29.77
374,30.91,29.77
718,30.91,29.77
341,30.91,29.77
613,30.91,29.77
773,30.91,29.77
619,30.91,29.77
349,30.91,29.77
623,30.91,29.77
772,30.91,29.77
332,30.91,29.77
581,30.91,29.77
425,30.91,29.77
576,30.91,29.77
432,30.91,29.77
288,30.91,29.77
832,30.91,29.77
460,30.91,29.77
230,30.91,29.77
733,30.91,29.77
562,30.91,29.77
548,30.91,29.77
427,30.91,29.77
742,30.91,29.77
585,30.91,29.77
426,30.91,29.77
809,30.91,29.77
511,30.89,29.77
513,30.89,29.77
559,30.89,29.77
786,30.89,29.77
245,30.89,29.77
483,30.89,29.77
550,30.89,29.77
377,30.89,29.77
448,30.89,29.77
421,30.89,29.77
565,30.89,29.77
835,30.89,29.77
485,30.89,29.77
743,30.89,29.77
486,30.89,29.77
610,30.89,29.77
513,30.89,29.77
581,30.89,29.77
631,30.89,29.77
280,30.89,29.77
865,30.89,29.77
877,30.89,29.77
438,30.89,29.77
862,30.89,29.77
606,30.89,29.39
602,30.89,29.39
599,30.89,29.39
499,30.89,29.39
273,30.89,29.39
864,30.89,29.39
630,30.89,29.39
424,30.89,29.39
504,30.89,29.39
439,30.89,29.39
392,30.89,29.39
807,30.89,29.39
173,30.89,29.39
653,30.89,29.39
374,30.89,29.39
301,30.89,29.39
449,30.89,29.39
464,30.89,29.39
854,30.89,29.39
119,30.89,29.39
753,30.89,29.39
376,30.89,29.39
363,30.89,29.39
442,30.89,29.39
583,30.89,29.39
558,30.89,29.39
438,30.89,29.39
470,30.89,29.39
366,30.89,29.39
698,30.89,29.39
506,30.89,29.39
221,30.89,29.39
457,30.89,29.39
344,30.89,29.39
231,30.89,29.39
808,30.89,29.39
118,30.89,29.39
883,30.89,29.39
346,30.89,29.39
465,30.89,29.39
499,30.89,29.39
680,30.89,29.39
570,30.89,29.39
295,30.89,29.39
753,30.89,29.39
640,30.89,29.39
677,30.89,29.39
129,30.89,29.39
538,30.89,29.39
626,30.89,29.39
327,30.89,29.39
405,30.89,29.39
686,30.89,29.39
199,30.89,29.39
690,30.89,29.39
463,30.89,29.39
825,30.89,29.39
532,30.89,29.39
392,30.89,29.39
828,30.89,29.43
600,30.89,29.43
795,30.89,29.43
193,30.89,29.43
883,30.89,29.43
272,30.89,29.43
523,30.89,29.43
664,30.89,29.43
361,30.89,29.43
356,30.89,29.43
749,30.89,29.43
514,30.89,29.43
369,30.89,29.43
550,30.89,29.43
465,30.89,29.43
589,30.89,29.43
429,30.89,29.43
453,30.89,29.43
671,30.89,29.43
185,30.89,29.43
455,30.89,29.43
884,30.89,29.43
520,30.89,29.43
286,30.89,29.43
844,30.89,29.43
349,30.89,29.43
660,30.89,29.43
470,30.89,29.43
670,30.89,29.43
626,30.89,29.43
471,30.89,29.43
514,30.89,29.43
765,30.89,29.43
776,30.89,29.43
237,30.89,29.43
884,30.89,29.43
524,30.89,29.43
366,30.89,29.43
866,30.89,29.43
633,30.89,29.43
334,30.89,29.43
507,30.89,29.43
484,30.89,29.43
603,30.89,29.43
420,30.89,29.43
615,30.89,29.43
601,30.89,29.43
228,30.89,29.43
467,30.89,29.43
495,30.89,29.43
729,30.89,29.43
125,30.89,29.43
884,30.89,29.43
449,30.89,29.43
637,30.89,29.43
549,30.89,29.43
620,30.89,29.43
615,30.89,29.43
391,30.89,29.43
470,30.89,29.43
639,30.89,29.51
141,30.89,29.51
429,30.89,29.51
576,30.89,29.51
415,30.89,29.51
718,30.89,29.51
368,30.89,29.51
847,30.89,29.51
118,30.89,29.51
829,30.89,29.51
293,30.89,29.51
704,30.89,29.51
303,30.89,29.51
437,30.89,29.51
580,30.89,29.51
217,30.89,29.51
714,30.89,29.51
448,30.89,29.51
740,30.89,29.51
120,30.89,29.51
577,30.89,29.51
673,30.89,29.51
517,30.89,29.51
474,30.89,29.51
794,30.89,29.51
430,30.89,29.51
822,30.89,29.51
320,30.89,29.51
831,30.89,29.51
355,30.89,29.51
127,30.89,29.51
884,30.89,29.51
324,30.89,29.51
648,30.89,29.51
629,30.89,29.51
521,30.89,29.51
248,30.89,29.51
675,30.89,29.51
428,30.89,29.51
604,30.89,29.51
355,30.89,29.51
627,30.89,29.51
701,30.89,29.51
322,30.89,29.51
385,30.89,29.51
776,30.89,29.51
492,30.89,29.51
495,30.89,29.51
718,30.89,29.51
290,30.89,29.51
632,30.89,29.51
462,30.89,29.51
856,30.89,29.51
271,30.89,29.51
847,30.89,29.51
589,30.89,29.51
700,30.89,29.51
550,30.89,29.51
664,30.89,29.51
591,30.89,29.75
448,30.89,29.75
882,30.89,29.75
671,30.89,29.75
585,30.89,29.75
493,30.89,29.75
720,30.89,29.75
465,30.89,29.75
551,30.89,29.75
222,30.89,29.75
798,30.89,29.75
279,30.89,29.75
553,30.89,29.75
663,30.89,29.75
425,30.89,29.75
711,30.89,29.75
138,30.89,29.75
754,30.89,29.75
206,30.89,29.75
438,30.89,29.75
636,30.89,29.75
459,30.89,29.75
617,30.89,29.75
467,30.89,29.75
523,30.89,29.75
610,30.89,29.75
471,30.89,29.75
423,30.89,29.75
413,30.89,29.75
292,30.89,29.75
399,30.89,29.75
380,30.89,29.75
513,30.89,29.75
118,30.89,29.75
878,30.89,29.75
125,30.89,29.75
418,30.89,29.75
252,30.89,29.75
415,30.89,29.75
482,30.89,29.75
122,30.89,29.75
704,30.89,29.75
425,30.89,29.75
392,30.89,29.75
639,30.89,29.75
497,30.89,29.75
396,30.89,29.75
678,30.89,29.75
523,30.89,29.75
776,30.89,29.75
625,30.89,29.75
454,30.89,29.75
440,30.89,29.75
688,30.89,29.75
435,30.89,29.75
664,30.89,29.75
761,30.89,29.75
119,30.89,29.75
710,30.89,29.75
422,30.89,29.75
625,30.89,29.69
224,30.89,29.69
713,30.89,29.69
621,30.89,29.69
437,30.89,29.69
512,30.89,29.69
352,30.89,29.69
621,30.89,29.69
251,30.89,29.69
743,30.89,29.69
716,30.89,29.69
286,30.89,29.69
583,30.89,29.69
488,30.89,29.69
340,30.89,29.69
536,30.89,29.69
339,30.89,29.69
596,30.89,29.69
508,30.89,29.69
264,30.89,29.69
664,30.89,29.69
476,30.89,29.69
689,30.89,29.69
297,30.89,29.69
830,30.89,29.69
450,30.89,29.69
367,30.89,29.69
773,30.89,29.69
534,30.89,29.69
497,30.89,29.69
811,30.89,29.69
731,30.89,29.69
696,30.89,29.69
542,30.89,29.69
495,30.89,29.69
748,30.89,29.69
433,30.89,29.69
421,30.89,29.69
526,30.89,29.69
456,30.89,29.69
268,30.89,29.69
771,30.89,29.69
513,30.89,29.69
523,30.89,29.69
571,30.89,29.69
299,30.89,29.69
705,30.89,29.69
120,30.89,29.69
884,30.89,29.69
363,30.89,29.69
600,30.89,29.69
428,30.89,29.69
607,30.89,29.69
504,30.89,29.69
498,30.89,29.69
566,30.89,29.69
161,30.89,29.69
535,30.89,29.69
779,30.89,29.69
503,30.89,29.69
528,30.89,29.57
449,30.89,29.57
713,30.89,29.57
529,30.89,29.57
159,30.89,29.57
613,30.89,29.57
146,30.89,29.57
766,30.89,29.57
124,30.89,29.57
542,30.89,29.57
790,30.89,29.57
192,30.89,29.57
710,30.89,29.57
575,30.89,29.57
417,30.89,29.57
239,30.89,29.57
466,30.89,29.57
570,30.89,29.57
281,30.89,29.57
614,30.89,29.57
561,30.89,29.57
547,30.89,29.57
619,30.89,29.57
542,30.89,29.57
685,30.89,29.57
282,30.89,29.57
314,30.89,29.57
607,30.89,29.57
124,30.89,29.57
883,30.89,29.57
121,30.89,29.57
796,30.89,29.57
220,30.89,29.57
547,30.89,29.57
764,30.89,29.57
296,30.89,29.57
571,30.91,29.57
725,30.91,29.57
151,30.91,29.57
161,30.91,29.57
604,30.91,29.57
