637,29.71,28.39
634,29.71,28.39
121,29.71,28.39
449,29.71,28.39
478,29.71,28.39
881,29.71,28.39
351,29.71,28.39
880,29.71,28.39
437,29.71,28.39
597,29.71,28.39
486,29.71,28.39
697,29.71,28.39
443,29.71,28.39
525,29.71,28.39
331,29.71,28.39
757,29.71,28.39
491,29.71,28.39
287,29.71,28.39
786,29.71,28.39
121,29.71,28.39
779,29.71,28.39
119,29.71,28.39
816,29.71,28.39
388,29.71,28.39
388,29.71,28.39
404,29.71,28.39
577,29.71,28.39
607,29.71,28.39
477,29.71,28.39
455,29.71,28.39
423,29.71,28.39
755,29.71,28.39
556,29.71,28.39
461,29.71,28.39
531,29.71,28.39
736,29.71,28.39
427,29.71,28.39
458,29.71,28.39
120,29.71,28.27
667,29.71,28.27
134,29.71,28.27
524,29.71,28.27
209,29.71,28.27
453,29.71,28.27
473,29.71,28.27
260,29.71,28.27
568,29.71,28.27
486,29.71,28.27
369,29.71,28.27
434,29.71,28.27
660,29.71,28.27
478,29.71,28.27
664,29.71,28.27
459,29.71,28.27
673,29.71,28.27
452,29.71,28.27
659,29.71,28.27
344,29.71,28.27
479,29.71,28.27
430,29.71,28.27
535,29.71,28.27
500,29.71,28.27
352,29.71,28.27
883,29.71,28.27
184,29.71,28.27
817,29.71,28.27
518,29.71,28.27
611,29.71,28.27
523,29.71,28.27
468,29.71,28.27
678,29.71,28.27
490,29.71,28.27
397,29.71,28.27
263,29.71,28.27
562,29.69,28.27
612,29.69,28.27
519,29.69,28.27
539,29.69,28.27
640,29.69,28.27
467,29.69,28.27
873,29.69,28.27
272,29.69,28.27
631,29.69,28.27
380,29.69,28.27
595,29.69,28.27
530,29.69,28.27
331,29.69,28.27
642,29.69,28.27
473,29.69,28.27
884,29.69,28.27
757,29.69,28.27
465,29.69,28.27
724,29.69,28.27
287,29.69,28.27
709,29.69,28.27
527,29.69,28.27
437,29.69,28.27
646,29.69,28.11
520,29.69,28.11
666,29.69,28.11
218,29.69,28.11
498,29.69,28.11
683,29.69,28.11
444,29.69,28.11
606,29.69,28.11
348,29.69,28.11
580,29.69,28.11
251,29.69,28.11
820,29.69,28.11
286,29.69,28.11
276,29.69,28.11
635,29.69,28.11
448,29.69,28.11
325,29.69,28.11
376,29.69,28.11
335,29.69,28.11
530,29.69,28.11
705,29.69,28.11
471,29.69,28.11
883,29.69,28.11
368,29.69,28.11
170,29.69,28.11
361,29.69,28.11
700,29.69,28.11
131,29.69,28.11
612,29.69,28.11
497,29.69,28.11
274,29.69,28.11
563,29.69,28.11
120,29.69,28.11
722,29.69,28.11
379,29.69,28.11
593,29.69,28.11
361,29.69,28.11
459,29.69,28.11
501,29.69,28.11
601,29.69,28.11
738,29.69,28.11
707,29.69,28.11
420,29.69,28.11
717,29.69,28.11
486,29.69,28.11
291,29.69,28.11
589,29.69,28.11
507,29.69,28.11
649,29.69,28.11
252,29.69,28.11
882,29.69,28.11
385,29.69,28.11
637,29.69,28.11
524,29.69,28.11
399,29.69,28.11
628,29.69,28.11
465,29.69,28.11
638,29.69,28.11
301,29.69,28.11
512,29.69,28.11
531,29.69,28.19
745,29.69,28.19
165,29.69,28.19
465,29.69,28.19
540,29.69,28.19
882,29.69,28.19
289,29.69,28.19
792,29.69,28.19
370,29.69,28.19
647,29.69,28.19
466,29.69,28.19
762,29.69,28.19
373,29.69,28.19
421,29.69,28.19
882,29.69,28.19
128,29.69,28.19
884,29.69,28.19
164,29.69,28.19
655,29.69,28.19
578,29.69,28.19
601,29.69,28.19
606,29.69,28.19
839,29.69,28.19
222,29.69,28.19
431,29.69,28.19
548,29.69,28.19
554,29.69,28.19
464,29.69,28.19
590,29.69,28.19
620,29.69,28.19
398,29.69,28.19
730,29.69,28.19
152,29.69,28.19
882,29.69,28.19
144,29.69,28.19
548,29.69,28.19
161,29.75,28.19
368,29.75,28.19
496,29.75,28.19
483,29.75,28.19
710,29.75,28.19
125,29.75,28.19
453,29.75,28.19
541,29.75,28.19
472,29.75,28.19
600,29.75,28.19
759,29.75,28.19
231,29.75,28.19
676,29.75,28.19
146,29.75,28.19
772,29.75,28.19
120,29.75,28.19
708,29.75,28.19
591,29.75,28.19
537,29.75,28.19
349,29.75,28.19
310,29.75,28.19
681,29.75,28.19
165,29.75,28.19
798,29.75,28.31
220,29.75,28.31
554,29.75,28.31
578,29.75,28.31
609,29.75,28.31
423,29.75,28.31
505,29.75,28.31
480,29.75,28.31
835,29.75,28.31
365,29.75,28.31
451,29.75,28.31
548,29.75,28.31
396,29.75,28.31
658,29.75,28.31
270,29.75,28.31
660,29.75,28.31
225,29.75,28.31
842,29.75,28.31
497,29.75,28.31
587,29.75,28.31
460,29.75,28.31
535,29.75,28.31
688,29.75,28.31
192,29.75,28.31
807,29.75,28.31
435,29.75,28.31
604,29.75,28.31
487,29.75,28.31
509,29.75,28.31
461,29.75,28.31
548,29.75,28.31
206,29.75,28.31
720,29.75,28.31
317,29.75,28.31
430,29.75,28.31
822,29.75,28.31
335,29.69,28.31
494,29.69,28.31
488,29.69,28.31
839,29.69,28.31
118,29.69,28.31
682,29.69,28.31
683,29.69,28.31
492,29.69,28.31
470,29.69,28.31
449,29.69,28.31
883,29.69,28.31
190,29.69,28.31
753,29.69,28.31
479,29.69,28.31
423,29.69,28.31
513,29.69,28.31
794,29.69,28.31
158,29.69,28.31
882,29.69,28.31
233,29.69,28.31
730,29.69,28.31
475,29.69,28.31
405,29.69,28.31
637,29.69,28.31
393,29.69,28.33
328,29.69,28.33
380,29.69,28.33
751,29.69,28.33
118,29.69,28.33
732,29.69,28.33
431,29.69,28.33
262,29.69,28.33
563,29.69,28.33
473,29.69,28.33
458,29.69,28.33
502,29.69,28.33
391,29.69,28.33
288,29.69,28.33
869,29.69,28.33
246,29.69,28.33
402,29.69,28.33
366,29.69,28.33
870,29.69,28.33
119,29.69,28.33
882,29.69,28.33
248,29.69,28.33
519,29.69,28.33
120,29.69,28.33
593,29.69,28.33
560,29.69,28.33
540,29.69,28.33
880,29.69,28.33
282,29.69,28.33
773,29.69,28.33
126,29.69,28.33
834,29.69,28.33
463,29.69,28.33
217,29.69,28.33
362,29.69,28.33
593,29.69,28.33
408,29.71,28.33
567,29.71,28.33
222,29.71,28.33
837,29.71,28.33
477,29.71,28.33
703,29.71,28.33
721,29.71,28.33
445,29.71,28.33
853,29.71,28.33
335,29.71,28.33
868,29.71,28.33
423,29.71,28.33
878,29.71,28.33
235,29.71,28.33
809,29.71,28.33
487,29.71,28.33
386,29.71,28.33
659,29.71,28.33
671,29.71,28.33
463,29.71,28.33
790,29.71,28.33
301,29.71,28.33
492,29.71,28.33
452,29.71,28.33
166,29.71,28.37
721,29.71,28.37
273,29.71,28.37
729,29.71,28.37
292,29.71,28.37
779,29.71,28.37
490,29.71,28.37
603,29.71,28.37
435,29.71,28.37
213,29.71,28.37
607,29.71,28.37
261,29.71,28.37
627,29.71,28.37
522,29.71,28.37
493,29.71,28.37
121,29.71,28.37
408,29.71,28.37
488,29.71,28.37
420,29.71,28.37
242,29.71,28.37
517,29.71,28.37
323,29.71,28.37
300,29.71,28.37
752,29.71,28.37
330,29.71,28.37
700,29.71,28.37
354,29.71,28.37
731,29.71,28.37
126,29.71,28.37
483,29.71,28.37
231,29.71,28.37
530,29.71,28.37
524,29.71,28.37
631,29.71,28.37
469,29.71,28.37
339,29.71,28.37
584,29.71,28.37
484,29.71,28.37
655,29.71,28.37
370,29.71,28.37
497,29.71,28.37
548,29.71,28.37
457,29.71,28.37
121,29.71,28.37
882,29.71,28.37
238,29.71,28.37
700,29.71,28.37
614,29.71,28.37
400,29.71,28.37
589,29.71,28.37
611,29.71,28.37
792,29.71,28.37
472,29.71,28.37
697,29.71,28.37
329,29.71,28.37
863,29.71,28.37
260,29.71,28.37
593,29.71,28.37
604,29.71,28.37
753,29.71,28.45
437,29.71,28.45
604,29.71,28.45
420,29.71,28.45
502,29.71,28.45
534,29.71,28.45
557,29.71,28.45
715,29.71,28.45
425,29.71,28.45
829,29.71,28.45
318,29.71,28.45
851,29.71,28.45
613,29.71,28.45
720,29.71,28.45
497,29.71,28.45
669,29.71,28.45
779,29.71,28.45
507,29.71,28.45
531,29.71,28.45
395,29.71,28.45
766,29.71,28.45
346,29.71,28.45
508,29.71,28.45
