631,31.09,29.59
250,31.09,29.59
476,31.09,29.59
126,31.09,29.59
294,31.09,29.59
683,31.09,29.59
295,31.09,29.59
438,31.09,29.59
125,31.09,29.59
498,31.09,29.59
344,31.09,29.59
582,31.09,29.59
119,31.09,29.59
654,31.09,29.59
365,31.09,29.59
603,31.09,29.59
500,31.09,29.59
301,31.09,29.59
737,31.09,29.59
307,31.09,29.59
149,31.09,29.59
323,31.09,29.59
568,31.09,29.59
379,31.09,29.59
498,31.09,29.59
517,31.09,29.59
498,31.09,29.71
514,31.09,29.71
289,31.09,29.71
610,31.09,29.71
351,31.09,29.71
391,31.09,29.71
502,31.09,29.71
570,31.09,29.71
331,31.09,29.71
349,31.09,29.71
346,31.09,29.71
685,31.09,29.71
349,31.09,29.71
586,31.09,29.71
583,31.09,29.71
271,31.09,29.71
586,31.09,29.71
406,31.09,29.71
877,31.09,29.71
213,31.09,29.71
762,31.09,29.71
359,31.09,29.71
585,31.09,29.71
333,31.09,29.71
267,31.09,29.71
619,31.09,29.71
118,31.09,29.71
498,31.09,29.71
300,31.09,29.71
256,31.09,29.71
360,31.09,29.71
677,31.09,29.71
568,31.09,29.71
677,31.09,29.71
400,31.09,29.71
883,31.09,29.71
414,31.09,29.71
878,31.09,29.71
424,31.09,29.71
683,31.09,29.71
674,31.09,29.71
437,31.09,29.71
815,31.09,29.71
185,31.09,29.71
810,31.09,29.71
381,31.09,29.71
598,31.09,29.71
132,31.09,29.71
536,31.09,29.71
324,31.09,29.71
343,31.09,29.71
850,31.09,29.71
366,31.09,29.71
379,31.09,29.71
375,31.09,29.71
789,31.09,29.71
464,31.09,29.71
875,31.09,29.71
119,31.09,29.71
722,31.09,29.71
866,31.09,29.71
644,31.09,29.71
297,31.09,29.71
637,31.09,29.71
777,31.09,29.71
336,31.09,29.71
122,31.09,29.71
481,31.09,29.71
599,31.09,29.71
252,31.09,29.71
885,31.09,29.71
278,31.09,29.71
734,31.09,29.71
622,31.09,29.71
530,31.09,29.71
710,31.09,29.71
320,31.09,29.71
498,31.09,29.71
787,31.09,29.71
493,31.09,29.71
458,31.09,29.71
790,31.09,29.71
410,31.09,29.71
791,31.09,29.71
364,31.09,29.71
882,31.09,29.71
398,31.09,29.71
645,31.09,29.71
461,31.09,29.71
665,31.09,29.71
567,31.09,29.71
387,31.09,29.71
892,31.09,29.71
322,31.09,29.71
769,31.09,29.71
421,31.09,29.71
526,31.07,29.71
322,31.07,29.71
558,31.07,29.71
514,31.07,29.71
522,31.07,29.71
432,31.07,29.71
545,31.07,29.71
502,31.07,29.71
360,31.07,29.71
538,31.07,29.71
527,31.07,29.71
718,31.07,29.71
119,31.07,29.71
826,31.07,29.71
197,31.07,29.71
591,31.07,29.71
364,31.07,29.71
610,31.07,29.71
198,31.07,29.71
189,31.07,29.71
440,31.07,29.71
249,31.07,29.71
608,31.07,29.71
271,31.07,29.75
613,31.07,29.75
480,31.07,29.75
533,31.07,29.75
589,31.07,29.75
654,31.07,29.75
216,31.07,29.75
848,31.07,29.75
411,31.07,29.75
393,31.07,29.75
447,31.07,29.75
259,31.07,29.75
599,31.07,29.75
565,31.07,29.75
532,31.07,29.75
350,31.07,29.75
698,31.07,29.75
370,31.07,29.75
883,31.07,29.75
391,31.07,29.75
118,31.07,29.75
884,31.07,29.75
352,31.07,29.75
484,31.07,29.75
554,31.07,29.75
575,31.07,29.75
576,31.07,29.75
393,31.07,29.75
541,31.07,29.75
680,31.07,29.75
176,31.07,29.75
411,31.07,29.75
403,31.07,29.75
689,31.07,29.75
304,31.07,29.75
695,31.07,29.75
708,31.07,29.75
256,31.09,29.75
686,31.09,29.75
573,31.09,29.75
718,31.09,29.75
384,31.09,29.75
698,31.09,29.75
458,31.09,29.75
332,31.09,29.75
633,31.09,29.75
440,31.09,29.75
798,31.09,29.75
118,31.09,29.75
697,31.09,29.75
582,31.09,29.75
574,31.09,29.75
881,31.09,29.75
779,31.09,29.75
328,31.09,29.75
775,31.09,29.75
255,31.09,29.75
682,31.09,29.75
348,31.09,29.75
623,31.09,29.75
881,31.09,29.83
477,31.09,29.83
536,31.09,29.83
336,31.09,29.83
881,31.09,29.83
141,31.09,29.83
642,31.09,29.83
651,31.09,29.83
341,31.09,29.83
546,31.09,29.83
655,31.09,29.83
818,31.09,29.83
308,31.09,29.83
782,31.09,29.83
512,31.09,29.83
483,31.09,29.83
469,31.09,29.83
552,31.09,29.83
341,31.09,29.83
638,31.09,29.83
545,31.09,29.83
682,31.09,29.83
448,31.09,29.83
425,31.09,29.83
812,31.09,29.83
667,31.09,29.83
642,31.09,29.83
442,31.09,29.83
884,31.09,29.83
413,31.09,29.83
865,31.09,29.83
289,31.09,29.83
883,31.09,29.83
570,31.09,29.83
425,31.09,29.83
832,31.09,29.83
462,31.09,29.83
754,31.09,29.83
535,31.09,29.83
678,31.09,29.83
517,31.09,29.83
693,31.09,29.83
564,31.09,29.83
882,31.09,29.83
449,31.09,29.83
422,31.09,29.83
737,31.09,29.83
729,31.09,29.83
296,31.09,29.83
697,31.09,29.83
582,31.09,29.83
284,31.09,29.83
522,31.09,29.83
446,31.09,29.83
764,31.09,29.83
328,31.09,29.83
533,31.09,29.83
351,31.09,29.83
435,31.09,29.83
601,31.09,29.83
559,31.09,29.71
759,31.09,29.71
464,31.09,29.71
632,31.09,29.71
772,31.09,29.71
526,31.09,29.71
641,31.09,29.71
299,31.09,29.71
562,31.09,29.71
288,31.09,29.71
170,31.09,29.71
826,31.09,29.71
433,31.09,29.71
616,31.09,29.71
475,31.09,29.71
525,31.09,29.71
351,31.09,29.71
229,31.09,29.71
662,31.09,29.71
119,31.09,29.71
596,31.09,29.71
814,31.09,29.71
329,31.09,29.71
790,31.09,29.71
428,31.09,29.71
639,31.09,29.71
642,31.09,29.71
684,31.09,29.71
373,31.09,29.71
444,31.09,29.71
375,31.09,29.71
396,31.09,29.71
567,31.09,29.71
457,31.09,29.71
521,31.09,29.71
459,31.09,29.71
557,31.11,29.71
470,31.11,29.71
522,31.11,29.71
435,31.11,29.71
370,31.11,29.71
392,31.11,29.71
883,31.11,29.71
369,31.11,29.71
597,31.11,29.71
501,31.11,29.71
425,31.11,29.71
413,31.11,29.71
121,31.11,29.71
727,31.11,29.71
199,31.11,29.71
533,31.11,29.71
514,31.11,29.71
685,31.11,29.71
376,31.11,29.71
359,31.11,29.71
786,31.11,29.71
621,31.11,29.71
484,31.11,29.71
489,31.11,29.71
220,31.11,29.69
642,31.11,29.69
348,31.11,29.69
512,31.11,29.69
656,31.11,29.69
201,31.11,29.69
598,31.11,29.69
278,31.11,29.69
759,31.11,29.69
163,31.11,29.69
799,31.11,29.69
640,31.11,29.69
348,31.11,29.69
686,31.11,29.69
187,31.11,29.69
730,31.11,29.69
411,31.11,29.69
577,31.11,29.69
646,31.11,29.69
566,31.11,29.69
500,31.11,29.69
767,31.11,29.69
395,31.11,29.69
623,31.11,29.69
408,31.11,29.69
781,31.11,29.69
423,31.11,29.69
617,31.11,29.69
770,31.11,29.69
134,31.11,29.69
744,31.11,29.69
493,31.11,29.69
851,31.11,29.69
262,31.11,29.69
803,31.11,29.69
296,31.11,29.69
682,31.07,29.69
142,31.07,29.69
725,31.07,29.69
695,31.07,29.69
188,31.07,29.69
591,31.07,29.69
704,31.07,29.69
272,31.07,29.69
754,31.07,29.69
673,31.07,29.69
681,31.07,29.69
703,31.07,29.69
218,31.07,29.69
884,31.07,29.69
479,31.07,29.69
574,31.07,29.69
357,31.07,29.69
489,31.07,29.69
615,31.07,29.69
369,31.07,29.69
633,31.07,29.69
358,31.07,29.69
564,31.07,29.69
361,31.07,29.69
592,31.07,29.79
399,31.07,29.79
601,31.07,29.79
506,31.07,29.79
461,31.07,29.79
290,31.07,29.79
563,31.07,29.79
292,31.07,29.79
428,31.07,29.79
487,31.07,29.79
665,31.07,29.79
685,31.07,29.79
275,31.07,29.79
884,31.07,29.79
123,31.07,29.79
795,31.07,29.79
361,31.07,29.79
530,31.07,29.79
751,31.07,29.79
616,31.07,29.79
679,31.07,29.79
156,31.07,29.79
626,31.07,29.79
119,31.07,29.79
685,31.07,29.79
135,31.07,29.79
610,31.07,29.79
243,31.07,29.79
408,31.07,29.79
157,31.07,29.79
420,31.07,29.79
312,31.07,29.79
594,31.07,29.79
338,31.07,29.79
