552,30.33,29.03
247,30.33,29.03
269,30.33,29.03
256,30.33,29.03
736,30.33,29.03
636,30.33,29.03
627,30.33,29.03
590,30.33,29.03
515,30.33,29.03
598,30.33,29.03
884,30.33,29.03
288,30.33,29.03
786,30.33,29.03
468,30.33,29.03
637,30.33,29.03
304,30.33,29.03
606,30.33,29.03
526,30.33,29.03
306,30.33,29.03
884,30.33,29.03
119,30.33,29.03
883,30.33,29.03
311,30.33,29.03
714,30.33,29.03
299,30.33,29.03
293,30.33,29.03
860,30.33,29.03
497,30.33,29.03
883,30.33,29.03
368,30.33,29.03
742,30.33,29.03
367,30.33,29.03
722,30.33,29.03
344,30.33,29.03
858,30.33,29.03
426,30.33,29.03
789,30.31,29.03
324,30.31,29.03
884,30.31,29.03
328,30.31,29.03
697,30.31,29.03
565,30.31,29.03
586,30.31,29.03
883,30.31,29.03
174,30.31,29.03
883,30.31,29.03
127,30.31,29.03
526,30.31,29.03
299,30.31,29.03
734,30.31,29.03
424,30.31,29.03
209,30.31,29.03
362,30.31,29.03
474,30.31,29.03
393,30.31,29.03
717,30.31,29.03
555,30.31,29.03
367,30.31,29.03
392,30.31,29.03
586,30.31,28.89
598,30.31,28.89
324,30.31,28.89
496,30.31,28.89
278,30.31,28.89
382,30.31,28.89
286,30.31,28.89
462,30.31,28.89
410,30.31,28.89
501,30.31,28.89
678,30.31,28.89
287,30.31,28.89
513,30.31,28.89
208,30.31,28.89
406,30.31,28.89
711,30.31,28.89
627,30.31,28.89
371,30.31,28.89
702,30.31,28.89
276,30.31,28.89
377,30.31,28.89
592,30.31,28.89
388,30.31,28.89
429,30.31,28.89
401,30.31,28.89
697,30.31,28.89
517,30.31,28.89
869,30.31,28.89
125,30.31,28.89
883,30.31,28.89
547,30.31,28.89
499,30.31,28.89
615,30.31,28.89
552,30.31,28.89
878,30.31,28.89
634,30.31,28.89
614,30.33,28.89
467,30.33,28.89
452,30.33,28.89
682,30.33,28.89
690,30.33,28.89
275,30.33,28.89
713,30.33,28.89
645,30.33,28.89
494,30.33,28.89
155,30.33,28.89
882,30.33,28.89
671,30.33,28.89
706,30.33,28.89
502,30.33,28.89
216,30.33,28.89
883,30.33,28.89
372,30.33,28.89
741,30.33,28.89
181,30.33,28.89
619,30.33,28.89
386,30.33,28.89
353,30.33,28.89
423,30.33,28.89
330,30.33,28.89
130,30.33,28.99
627,30.33,28.99
391,30.33,28.99
669,30.33,28.99
625,30.33,28.99
659,30.33,28.99
370,30.33,28.99
447,30.33,28.99
756,30.33,28.99
120,30.33,28.99
882,30.33,28.99
179,30.33,28.99
740,30.33,28.99
121,30.33,28.99
468,30.33,28.99
317,30.33,28.99
525,30.33,28.99
522,30.33,28.99
401,30.33,28.99
552,30.33,28.99
386,30.33,28.99
336,30.33,28.99
516,30.33,28.99
758,30.33,28.99
119,30.33,28.99
817,30.33,28.99
119,30.33,28.99
488,30.33,28.99
119,30.33,28.99
848,30.33,28.99
281,30.33,28.99
560,30.33,28.99
527,30.33,28.99
229,30.33,28.99
596,30.33,28.99
327,30.33,28.99
729,30.33,28.99
326,30.33,28.99
551,30.33,28.99
566,30.33,28.99
613,30.33,28.99
412,30.33,28.99
740,30.33,28.99
268,30.33,28.99
882,30.33,28.99
302,30.33,28.99
361,30.33,28.99
612,30.33,28.99
126,30.33,28.99
509,30.33,28.99
481,30.33,28.99
647,30.33,28.99
268,30.33,28.99
832,30.33,28.99
371,30.33,28.99
738,30.33,28.99
361,30.33,28.99
532,30.33,28.99
668,30.33,28.99
453,30.33,28.91
850,30.33,28.91
675,30.33,28.91
658,30.33,28.91
725,30.33,28.91
645,30.33,28.91
751,30.33,28.91
477,30.33,28.91
351,30.33,28.91
714,30.33,28.91
553,30.33,28.91
883,30.33,28.91
543,30.33,28.91
807,30.33,28.91
523,30.33,28.91
430,30.33,28.91
689,30.33,28.91
318,30.33,28.91
650,30.33,28.91
557,30.33,28.91
546,30.33,28.91
587,30.33,28.91
453,30.33,28.91
505,30.33,28.91
590,30.33,28.91
617,30.33,28.91
331,30.33,28.91
198,30.33,28.91
604,30.33,28.91
575,30.33,28.91
431,30.33,28.91
549,30.33,28.91
192,30.33,28.91
719,30.33,28.91
119,30.33,28.91
633,30.33,28.91
615,30.31,28.91
507,30.31,28.91
476,30.31,28.91
398,30.31,28.91
530,30.31,28.91
410,30.31,28.91
738,30.31,28.91
244,30.31,28.91
236,30.31,28.91
380,30.31,28.91
421,30.31,28.91
537,30.31,28.91
467,30.31,28.91
238,30.31,28.91
849,30.31,28.91
414,30.31,28.91
584,30.31,28.91
567,30.31,28.91
345,30.31,28.91
504,30.31,28.91
124,30.31,28.91
561,30.31,28.91
118,30.31,28.91
764,30.31,28.91
119,30.31,28.89
765,30.31,28.89
327,30.31,28.89
717,30.31,28.89
832,30.31,28.89
445,30.31,28.89
551,30.31,28.89
758,30.31,28.89
662,30.31,28.89
451,30.31,28.89
600,30.31,28.89
716,30.31,28.89
679,30.31,28.89
259,30.31,28.89
641,30.31,28.89
122,30.31,28.89
661,30.31,28.89
307,30.31,28.89
776,30.31,28.89
206,30.31,28.89
844,30.31,28.89
452,30.31,28.89
365,30.31,28.89
547,30.31,28.89
231,30.31,28.89
877,30.31,28.89
192,30.31,28.89
417,30.31,28.89
766,30.31,28.89
741,30.31,28.89
517,30.31,28.89
808,30.31,28.89
159,30.31,28.89
587,30.31,28.89
266,30.31,28.89
883,30.31,28.89
600,30.31,28.89
627,30.31,28.89
698,30.31,28.89
299,30.31,28.89
881,30.31,28.89
259,30.31,28.89
518,30.31,28.89
697,30.31,28.89
776,30.31,28.89
119,30.31,28.89
582,30.31,28.89
484,30.31,28.89
407,30.31,28.89
648,30.31,28.89
419,30.31,28.89
371,30.31,28.89
703,30.31,28.89
304,30.31,28.89
204,30.31,28.89
434,30.31,28.89
455,30.31,28.89
878,30.31,28.89
217,30.31,28.89
466,30.31,28.97
685,30.31,28.97
253,30.31,28.97
356,30.31,28.97
205,30.31,28.97
776,30.31,28.97
245,30.31,28.97
561,30.31,28.97
282,30.31,28.97
672,30.31,28.97
123,30.31,28.97
434,30.31,28.97
645,30.31,28.97
207,30.31,28.97
565,30.31,28.97
453,30.31,28.97
534,30.31,28.97
558,30.31,28.97
881,30.31,28.97
390,30.31,28.97
808,30.31,28.97
333,30.31,28.97
527,30.31,28.97
381,30.31,28.97
535,30.31,28.97
292,30.31,28.97
324,30.31,28.97
411,30.31,28.97
548,30.31,28.97
577,30.31,28.97
449,30.31,28.97
718,30.31,28.97
212,30.31,28.97
649,30.31,28.97
130,30.31,28.97
703,30.31,28.97
657,30.29,28.97
523,30.29,28.97
587,30.29,28.97
746,30.29,28.97
333,30.29,28.97
803,30.29,28.97
304,30.29,28.97
737,30.29,28.97
520,30.29,28.97
466,30.29,28.97
851,30.29,28.97
421,30.29,28.97
882,30.29,28.97
417,30.29,28.97
769,30.29,28.97
178,30.29,28.97
706,30.29,28.97
447,30.29,28.97
540,30.29,28.97
676,30.29,28.97
624,30.29,28.97
806,30.29,28.97
496,30.29,28.97
592,30.29,28.97
807,30.29,28.91
408,30.29,28.91
347,30.29,28.91
692,30.29,28.91
119,30.29,28.91
883,30.29,28.91
214,30.29,28.91
868,30.29,28.91
588,30.29,28.91
442,30.29,28.91
740,30.29,28.91
377,30.29,28.91
793,30.29,28.91
399,30.29,28.91
794,30.29,28.91
119,30.29,28.91
545,30.29,28.91
555,30.29,28.91
519,30.29,28.91
421,30.29,28.91
609,30.29,28.91
423,30.29,28.91
760,30.29,28.91
119,30.29,28.91
782,30.29,28.91
547,30.29,28.91
503,30.29,28.91
576,30.29,28.91
139,30.29,28.91
883,30.29,28.91
119,30.29,28.91
730,30.29,28.91
323,30.29,28.91
623,30.29,28.91
365,30.29,28.91
582,30.29,28.91
325,30.31,28.91
426,30.31,28.91
697,30.31,28.91
518,30.31,28.91
363,30.31,28.91
798,30.31,28.91
512,30.31,28.91
486,30.31,28.91
360,30.31,28.91
453,30.31,28.91
711,30.31,28.91
120,30.31,28.91
827,30.31,28.91
346,30.31,28.91
500,30.31,28.91
231,30.31,28.91
454,30.31,28.91
348,30.31,28.91
584,30.31,28.91
685,30.31,28.91
624,30.31,28.91
542,30.31,28.91
683,30.31,28.91
681,30.31,29.03
535,30.31,29.03
