533,30.97,29.77
501,30.97,29.77
592,30.97,29.77
140,30.97,29.77
509,30.97,29.51
603,30.97,29.51
499,30.97,29.51
830,30.97,29.51
325,30.97,29.51
589,30.97,29.51
555,30.97,29.51
600,30.97,29.51
166,30.97,29.51
766,30.97,29.51
173,30.97,29.51
493,30.97,29.51
118,30.97,29.51
593,30.97,29.51
628,30.97,29.51
118,30.97,29.51
669,30.97,29.51
412,30.97,29.51
582,30.97,29.51
352,30.97,29.51
656,30.97,29.51
444,30.97,29.51
289,30.97,29.51
564,30.97,29.51
446,30.97,29.51
585,30.97,29.51
374,30.97,29.51
237,30.97,29.51
760,30.97,29.51
250,30.97,29.51
546,30.97,29.51
663,30.97,29.51
320,30.97,29.51
555,30.97,29.51
487,30.97,29.51
884,30.97,29.51
193,30.97,29.51
506,30.97,29.51
572,30.97,29.51
312,30.97,29.51
458,30.97,29.51
343,30.97,29.51
373,30.97,29.51
642,30.97,29.51
446,30.97,29.51
358,30.97,29.51
445,30.97,29.51
499,30.97,29.51
661,30.97,29.51
680,30.97,29.51
398,30.97,29.51
506,30.97,29.51
883,30.97,29.51
258,30.97,29.51
529,30.97,29.51
551,30.97,29.51
400,30.97,29.51
521,30.97,29.51
218,30.97,29.51
747,30.97,29.51
240,30.97,29.91
588,30.97,29.91
679,30.97,29.91
621,30.97,29.91
427,30.97,29.91
645,30.97,29.91
619,30.97,29.91
408,30.97,29.91
691,30.97,29.91
638,30.97,29.91
697,30.97,29.91
474,30.97,29.91
383,30.97,29.91
551,30.97,29.91
612,30.97,29.91
119,30.97,29.91
883,30.97,29.91
250,30.97,29.91
548,30.97,29.91
611,30.97,29.91
590,30.97,29.91
671,30.97,29.91
287,30.97,29.91
884,30.97,29.91
556,30.97,29.91
455,30.97,29.91
508,30.97,29.91
671,30.97,29.91
478,30.97,29.91
306,30.97,29.91
587,30.97,29.91
703,30.97,29.91
417,30.97,29.91
489,30.97,29.91
345,30.97,29.91
438,30.97,29.91
396,30.95,29.91
531,30.95,29.91
588,30.95,29.91
118,30.95,29.91
879,30.95,29.91
298,30.95,29.91
654,30.95,29.91
123,30.95,29.91
579,30.95,29.91
208,30.95,29.91
325,30.95,29.91
528,30.95,29.91
301,30.95,29.91
329,30.95,29.91
492,30.95,29.91
620,30.95,29.91
536,30.95,29.91
437,30.95,29.91
376,30.95,29.91
530,30.95,29.91
298,30.95,29.91
676,30.95,29.91
345,30.95,29.91
883,30.95,29.91
406,30.95,29.65
407,30.95,29.65
370,30.95,29.65
300,30.95,29.65
472,30.95,29.65
301,30.95,29.65
441,30.95,29.65
376,30.95,29.65
631,30.95,29.65
472,30.95,29.65
803,30.95,29.65
564,30.95,29.65
787,30.95,29.65
524,30.95,29.65
492,30.95,29.65
540,30.95,29.65
546,30.95,29.65
439,30.95,29.65
521,30.95,29.65
625,30.95,29.65
334,30.95,29.65
600,30.95,29.65
443,30.95,29.65
773,30.95,29.65
136,30.95,29.65
699,30.95,29.65
330,30.95,29.65
346,30.95,29.65
594,30.95,29.65
547,30.95,29.65
644,30.95,29.65
410,30.95,29.65
513,30.95,29.65
577,30.95,29.65
409,30.95,29.65
408,30.95,29.65
441,30.99,29.65
491,30.99,29.65
285,30.99,29.65
572,30.99,29.65
884,30.99,29.65
206,30.99,29.65
882,30.99,29.65
242,30.99,29.65
583,30.99,29.65
303,30.99,29.65
467,30.99,29.65
884,30.99,29.65
176,30.99,29.65
766,30.99,29.65
361,30.99,29.65
559,30.99,29.65
491,30.99,29.65
668,30.99,29.65
300,30.99,29.65
509,30.99,29.65
119,30.99,29.65
676,30.99,29.65
120,30.99,29.65
574,30.99,29.65
437,30.99,29.65
538,30.99,29.65
434,30.99,29.65
182,30.99,29.65
883,30.99,29.65
379,30.99,29.65
449,30.99,29.65
191,30.99,29.65
883,30.99,29.65
267,30.99,29.65
216,30.99,29.65
824,30.99,29.65
150,30.99,29.65
443,30.99,29.65
369,30.99,29.65
195,30.99,29.65
480,30.99,29.65
350,30.99,29.65
578,30.99,29.65
868,30.99,29.65
222,30.99,29.65
473,30.99,29.65
591,30.99,29.65
377,30.99,29.65
393,30.99,29.65
440,30.99,29.65
490,30.99,29.65
119,30.99,29.65
655,30.99,29.65
389,30.99,29.65
752,30.99,29.65
317,30.99,29.65
628,30.99,29.65
771,30.99,29.65
421,30.99,29.65
884,30.95,29.65
727,30.95,29.65
446,30.95,29.65
612,30.95,29.65
605,30.95,29.65
581,30.95,29.65
538,30.95,29.65
454,30.95,29.65
883,30.95,29.65
130,30.95,29.65
369,30.95,29.65
590,30.95,29.65
799,30.95,29.65
234,30.95,29.65
883,30.95,29.65
516,30.95,29.65
321,30.95,29.65
717,30.95,29.65
532,30.95,29.65
593,30.95,29.65
357,30.95,29.65
707,30.95,29.65
499,30.95,29.65
636,30.95,29.65
439,30.95,29.57
862,30.95,29.57
171,30.95,29.57
452,30.95,29.57
289,30.95,29.57
840,30.95,29.57
131,30.95,29.57
584,30.95,29.57
402,30.95,29.57
524,30.95,29.57
521,30.95,29.57
246,30.95,29.57
777,30.95,29.57
207,30.95,29.57
883,30.95,29.57
319,30.95,29.57
882,30.95,29.57
643,30.95,29.57
490,30.95,29.57
803,30.95,29.57
333,30.95,29.57
724,30.95,29.57
216,30.95,29.57
467,30.95,29.57
297,30.95,29.57
752,30.95,29.57
133,30.95,29.57
747,30.95,29.57
365,30.95,29.57
677,30.95,29.57
254,30.95,29.57
442,30.95,29.57
595,30.95,29.57
587,30.95,29.57
475,30.95,29.57
205,30.95,29.57
700,30.95,29.57
213,30.95,29.57
756,30.95,29.57
365,30.95,29.57
558,30.95,29.57
274,30.95,29.57
471,30.95,29.57
574,30.95,29.57
414,30.95,29.57
231,30.95,29.57
832,30.95,29.57
795,30.95,29.57
378,30.95,29.57
437,30.95,29.57
275,30.95,29.57
579,30.95,29.57
313,30.95,29.57
485,30.95,29.57
127,30.95,29.57
555,30.95,29.57
143,30.95,29.57
690,30.95,29.57
320,30.95,29.57
353,30.95,29.57
565,30.95,29.69
595,30.95,29.69
726,30.95,29.69
514,30.95,29.69
620,30.95,29.69
391,30.95,29.69
308,30.95,29.69
884,30.95,29.69
608,30.95,29.69
219,30.95,29.69
526,30.95,29.69
420,30.95,29.69
553,30.95,29.69
222,30.95,29.69
582,30.95,29.69
778,30.95,29.69
325,30.95,29.69
618,30.95,29.69
500,30.95,29.69
626,30.95,29.69
480,30.95,29.69
721,30.95,29.69
328,30.95,29.69
242,30.95,29.69
821,30.95,29.69
377,30.95,29.69
880,30.95,29.69
462,30.95,29.69
665,30.95,29.69
402,30.95,29.69
521,30.95,29.69
355,30.95,29.69
478,30.95,29.69
457,30.95,29.69
516,30.95,29.69
365,30.95,29.69
763,30.97,29.69
350,30.97,29.69
397,30.97,29.69
805,30.97,29.69
294,30.97,29.69
500,30.97,29.69
279,30.97,29.69
775,30.97,29.69
201,30.97,29.69
883,30.97,29.69
419,30.97,29.69
463,30.97,29.69
861,30.97,29.69
545,30.97,29.69
666,30.97,29.69
448,30.97,29.69
730,30.97,29.69
397,30.97,29.69
861,30.97,29.69
619,30.97,29.69
624,30.97,29.69
672,30.97,29.69
522,30.97,29.69
615,30.97,29.57
584,30.97,29.57
522,30.97,29.57
522,30.97,29.57
648,30.97,29.57
439,30.97,29.57
640,30.97,29.57
209,30.97,29.57
882,30.97,29.57
137,30.97,29.57
680,30.97,29.57
496,30.97,29.57
485,30.97,29.57
352,30.97,29.57
281,30.97,29.57
754,30.97,29.57
383,30.97,29.57
492,30.97,29.57
286,30.97,29.57
552,30.97,29.57
382,30.97,29.57
716,30.97,29.57
269,30.97,29.57
348,30.97,29.57
375,30.97,29.57
314,30.97,29.57
367,30.97,29.57
590,30.97,29.57
495,30.97,29.57
798,30.97,29.57
457,30.97,29.57
334,30.97,29.57
638,30.97,29.57
218,30.97,29.57
536,30.97,29.57
284,30.97,29.57
467,30.95,29.57
120,30.95,29.57
410,30.95,29.57
354,30.95,29.57
494,30.95,29.57
253,30.95,29.57
543,30.95,29.57
319,30.95,29.57
369,30.95,29.57
508,30.95,29.57
656,30.95,29.57
517,30.95,29.57
615,30.95,29.57
697,30.95,29.57
249,30.95,29.57
694,30.95,29.57
223,30.95,29.57
882,30.95,29.57
373,30.95,29.57
378,30.95,29.57
699,30.95,29.57
614,30.95,29.57
