867,28.87,27.73
120,28.87,27.73
724,28.87,27.73
182,28.87,27.73
358,28.87,27.73
883,28.87,27.73
517,28.83,27.73
883,28.83,27.73
290,28.83,27.73
707,28.83,27.73
322,28.83,27.73
793,28.83,27.73
354,28.83,27.73
549,28.83,27.73
462,28.83,27.73
585,28.83,27.73
244,28.83,27.73
716,28.83,27.73
395,28.83,27.73
461,28.83,27.73
300,28.83,27.73
631,28.83,27.73
542,28.83,27.73
297,28.83,27.73
882,28.83,27.73
183,28.83,27.73
789,28.83,27.73
120,28.83,27.73
324,28.83,27.73
834,28.83,27.69
122,28.83,27.69
532,28.83,27.69
401,28.83,27.69
354,28.83,27.69
423,28.83,27.69
644,28.83,27.69
415,28.83,27.69
414,28.83,27.69
120,28.83,27.69
517,28.83,27.69
331,28.83,27.69
547,28.83,27.69
243,28.83,27.69
665,28.83,27.69
373,28.83,27.69
159,28.83,27.69
764,28.83,27.69
191,28.83,27.69
654,28.83,27.69
122,28.83,27.69
884,28.83,27.69
152,28.83,27.69
424,28.83,27.69
505,28.83,27.69
632,28.83,27.69
476,28.83,27.69
619,28.83,27.69
344,28.83,27.69
632,28.83,27.69
447,28.83,27.69
594,28.83,27.69
734,28.83,27.69
203,28.83,27.69
596,28.83,27.69
123,28.83,27.69
580,28.87,27.69
120,28.87,27.69
881,28.87,27.69
136,28.87,27.69
641,28.87,27.69
408,28.87,27.69
543,28.87,27.69
543,28.87,27.69
446,28.87,27.69
882,28.87,27.69
407,28.87,27.69
527,28.87,27.69
448,28.87,27.69
697,28.87,27.69
474,28.87,27.69
729,28.87,27.69
269,28.87,27.69
751,28.87,27.69
247,28.87,27.69
487,28.87,27.69
646,28.87,27.69
559,28.87,27.69
394,28.87,27.69
615,28.87,27.69
567,28.87,27.81
260,28.87,27.81
882,28.87,27.81
335,28.87,27.81
641,28.87,27.81
464,28.87,27.81
591,28.87,27.81
580,28.87,27.81
383,28.87,27.81
649,28.87,27.81
416,28.87,27.81
594,28.87,27.81
429,28.87,27.81
259,28.87,27.81
586,28.87,27.81
632,28.87,27.81
293,28.87,27.81
669,28.87,27.81
153,28.87,27.81
411,28.87,27.81
284,28.87,27.81
747,28.87,27.81
478,28.87,27.81
494,28.87,27.81
707,28.87,27.81
236,28.87,27.81
584,28.87,27.81
357,28.87,27.81
594,28.87,27.81
173,28.87,27.81
532,28.87,27.81
471,28.87,27.81
423,28.87,27.81
283,28.87,27.81
536,28.87,27.81
324,28.87,27.81
328,28.83,27.81
461,28.83,27.81
590,28.83,27.81
651,28.83,27.81
488,28.83,27.81
733,28.83,27.81
227,28.83,27.81
757,28.83,27.81
120,28.83,27.81
497,28.83,27.81
122,28.83,27.81
646,28.83,27.81
364,28.83,27.81
246,28.83,27.81
410,28.83,27.81
320,28.83,27.81
753,28.83,27.81
190,28.83,27.81
533,28.83,27.81
486,28.83,27.81
561,28.83,27.81
140,28.83,27.81
726,28.83,27.81
133,28.83,27.79
817,28.83,27.79
327,28.83,27.79
640,28.83,27.79
515,28.83,27.79
584,28.83,27.79
515,28.83,27.79
519,28.83,27.79
614,28.83,27.79
240,28.83,27.79
882,28.83,27.79
120,28.83,27.79
758,28.83,27.79
627,28.83,27.79
597,28.83,27.79
775,28.83,27.79
411,28.83,27.79
467,28.83,27.79
591,28.83,27.79
339,28.83,27.79
554,28.83,27.79
664,28.83,27.79
368,28.83,27.79
611,28.83,27.79
365,28.83,27.79
810,28.83,27.79
120,28.83,27.79
815,28.83,27.79
282,28.83,27.79
876,28.83,27.79
464,28.83,27.79
535,28.83,27.79
886,28.83,27.79
339,28.83,27.79
879,28.83,27.79
330,28.83,27.79
371,28.87,27.79
655,28.87,27.79
495,28.87,27.79
278,28.87,27.79
503,28.87,27.79
324,28.87,27.79
687,28.87,27.79
379,28.87,27.79
748,28.87,27.79
359,28.87,27.79
649,28.87,27.79
627,28.87,27.79
512,28.87,27.79
735,28.87,27.79
204,28.87,27.79
817,28.87,27.79
236,28.87,27.79
455,28.87,27.79
120,28.87,27.79
353,28.87,27.79
435,28.87,27.79
427,28.87,27.79
457,28.87,27.79
345,28.87,27.79
334,28.87,27.61
681,28.87,27.61
522,28.87,27.61
434,28.87,27.61
517,28.87,27.61
411,28.87,27.61
716,28.87,27.61
252,28.87,27.61
552,28.87,27.61
553,28.87,27.61
629,28.87,27.61
373,28.87,27.61
378,28.87,27.61
748,28.87,27.61
123,28.87,27.61
714,28.87,27.61
322,28.87,27.61
611,28.87,27.61
306,28.87,27.61
751,28.87,27.61
428,28.87,27.61
276,28.87,27.61
753,28.87,27.61
586,28.87,27.61
502,28.87,27.61
372,28.87,27.61
531,28.87,27.61
807,28.87,27.61
859,28.87,27.61
190,28.87,27.61
857,28.87,27.61
661,28.87,27.61
872,28.87,27.61
439,28.87,27.61
700,28.87,27.61
323,28.87,27.61
786,28.87,27.61
775,28.87,27.61
292,28.87,27.61
646,28.87,27.61
206,28.87,27.61
853,28.87,27.61
368,28.87,27.61
404,28.87,27.61
638,28.87,27.61
681,28.87,27.61
424,28.87,27.61
549,28.87,27.61
476,28.87,27.61
574,28.87,27.61
442,28.87,27.61
705,28.87,27.61
487,28.87,27.61
559,28.87,27.61
792,28.87,27.61
556,28.87,27.61
820,28.87,27.61
121,28.87,27.61
881,28.87,27.61
509,28.87,27.61
718,28.87,27.67
195,28.87,27.67
342,28.87,27.67
755,28.87,27.67
226,28.87,27.67
816,28.87,27.67
121,28.87,27.67
530,28.87,27.67
505,28.87,27.67
367,28.87,27.67
537,28.87,27.67
712,28.87,27.67
202,28.87,27.67
881,28.87,27.67
194,28.87,27.67
476,28.87,27.67
806,28.87,27.67
548,28.87,27.67
661,28.87,27.67
545,28.87,27.67
732,28.87,27.67
172,28.87,27.67
873,28.87,27.67
324,28.87,27.67
674,28.87,27.67
278,28.87,27.67
476,28.87,27.67
547,28.87,27.67
458,28.87,27.67
588,28.87,27.67
308,28.87,27.67
343,28.87,27.67
223,28.87,27.67
764,28.87,27.67
347,28.87,27.67
766,28.87,27.67
152,28.83,27.67
744,28.83,27.67
120,28.83,27.67
854,28.83,27.67
271,28.83,27.67
285,28.83,27.67
120,28.83,27.67
435,28.83,27.67
765,28.83,27.67
308,28.83,27.67
680,28.83,27.67
348,28.83,27.67
883,28.83,27.67
123,28.83,27.67
654,28.83,27.67
488,28.83,27.67
417,28.83,27.67
287,28.83,27.67
494,28.83,27.67
142,28.83,27.67
607,28.83,27.67
235,28.83,27.67
546,28.83,27.67
636,28.83,27.61
123,28.83,27.61
796,28.83,27.61
352,28.83,27.61
661,28.83,27.61
121,28.83,27.61
835,28.83,27.61
180,28.83,27.61
543,28.83,27.61
648,28.83,27.61
492,28.83,27.61
314,28.83,27.61
519,28.83,27.61
421,28.83,27.61
391,28.83,27.61
283,28.83,27.61
559,28.83,27.61
678,28.83,27.61
423,28.83,27.61
878,28.83,27.61
212,28.83,27.61
882,28.83,27.61
283,28.83,27.61
882,28.83,27.61
600,28.83,27.61
399,28.83,27.61
862,28.83,27.61
498,28.83,27.61
747,28.83,27.61
337,28.83,27.61
882,28.83,27.61
172,28.83,27.61
768,28.83,27.61
554,28.83,27.61
551,28.83,27.61
520,28.83,27.61
575,28.93,27.61
555,28.93,27.61
755,28.93,27.61
483,28.93,27.61
434,28.93,27.61
832,28.93,27.61
349,28.93,27.61
580,28.93,27.61
406,28.93,27.61
882,28.93,27.61
153,28.93,27.61
841,28.93,27.61
624,28.93,27.61
564,28.93,27.61
356,28.93,27.61
294,28.93,27.61
712,28.93,27.61
187,28.93,27.61
633,28.93,27.61
382,28.93,27.61
602,28.93,27.61
119,28.93,27.61
881,28.93,27.61
728,28.93,27.61
494,28.93,27.73
398,28.93,27.73
787,28.93,27.73
184,28.93,27.73
591,28.93,27.73
436,28.93,27.73
355,28.93,27.73
478,28.93,27.73
285,28.93,27.73
859,28.93,27.73
124,28.93,27.73
806,28.93,27.73
138,28.93,27.73
882,28.93,27.73
121,28.93,27.73
368,28.93,27.73
649,28.93,27.73
642,28.93,27.73
519,28.93,27.73
471,28.93,27.73
376,28.93,27.73
455,28.93,27.73
319,28.93,27.73
626,28.93,27.73
234,28.93,27.73
119,28.93,27.73
858,28.93,27.73
321,28.93,27.73
733,28.93,27.73
337,28.93,27.73
524,28.93,27.73
496,28.93,27.73
