514,31.21,29.75
884,31.21,30.05
117,31.21,30.05
399,31.21,30.05
469,31.21,30.05
717,31.21,30.05
231,31.21,30.05
743,31.21,30.05
704,31.21,30.05
557,31.21,30.05
313,31.21,30.05
513,31.21,30.05
870,31.21,30.05
121,31.21,30.05
828,31.21,30.05
275,31.21,30.05
876,31.21,30.05
466,31.21,30.05
881,31.21,30.05
754,31.21,30.05
404,31.21,30.05
396,31.21,30.05
662,31.21,30.05
439,31.21,30.05
338,31.21,30.05
878,31.21,30.05
119,31.21,30.05
530,31.21,30.05
349,31.21,30.05
797,31.21,30.05
118,31.21,30.05
691,31.21,30.05
303,31.21,30.05
755,31.21,30.05
285,31.21,30.05
369,31.21,30.05
827,31.21,30.05
442,31.21,30.05
499,31.21,30.05
543,31.21,30.05
587,31.21,30.05
122,31.21,30.05
482,31.21,30.05
498,31.21,30.05
596,31.21,30.05
119,31.21,30.05
583,31.21,30.05
402,31.21,30.05
469,31.21,30.05
461,31.21,30.05
609,31.21,30.05
265,31.21,30.05
451,31.21,30.05
653,31.21,30.05
123,31.21,30.05
670,31.21,30.05
381,31.21,30.05
755,31.21,30.05
331,31.21,30.05
508,31.21,30.05
562,31.21,29.89
671,31.21,29.89
152,31.21,29.89
554,31.21,29.89
505,31.21,29.89
539,31.21,29.89
437,31.21,29.89
439,31.21,29.89
553,31.21,29.89
400,31.21,29.89
607,31.21,29.89
495,31.21,29.89
524,31.21,29.89
587,31.21,29.89
315,31.21,29.89
395,31.21,29.89
393,31.21,29.89
409,31.21,29.89
514,31.21,29.89
460,31.21,29.89
466,31.21,29.89
826,31.21,29.89
606,31.21,29.89
248,31.21,29.89
725,31.21,29.89
541,31.21,29.89
473,31.21,29.89
372,31.21,29.89
882,31.21,29.89
251,31.21,29.89
508,31.21,29.89
759,31.21,29.89
807,31.21,29.89
119,31.21,29.89
772,31.21,29.89
401,31.21,29.89
880,31.21,29.89
255,31.17,29.89
511,31.17,29.89
741,31.17,29.89
530,31.17,29.89
124,31.17,29.89
179,31.17,29.89
881,31.17,29.89
395,31.17,29.89
885,31.17,29.89
508,31.17,29.89
592,31.17,29.89
491,31.17,29.89
733,31.17,29.89
424,31.17,29.89
540,31.17,29.89
209,31.17,29.89
548,31.17,29.89
250,31.17,29.89
619,31.17,29.89
781,31.17,29.89
231,31.17,29.89
580,31.17,29.89
303,31.17,29.89
881,31.17,29.75
118,31.17,29.75
672,31.17,29.75
566,31.17,29.75
620,31.17,29.75
269,31.17,29.75
517,31.17,29.75
584,31.17,29.75
309,31.17,29.75
559,31.17,29.75
265,31.17,29.75
480,31.17,29.75
378,31.17,29.75
597,31.17,29.75
699,31.17,29.75
686,31.17,29.75
246,31.17,29.75
884,31.17,29.75
219,31.17,29.75
608,31.17,29.75
781,31.17,29.75
428,31.17,29.75
564,31.17,29.75
318,31.17,29.75
752,31.17,29.75
118,31.17,29.75
558,31.17,29.75
339,31.17,29.75
705,31.17,29.75
386,31.17,29.75
525,31.17,29.75
607,31.17,29.75
817,31.17,29.75
157,31.17,29.75
822,31.17,29.75
386,31.17,29.75
644,31.21,29.75
661,31.21,29.75
687,31.21,29.75
532,31.21,29.75
324,31.21,29.75
826,31.21,29.75
188,31.21,29.75
733,31.21,29.75
353,31.21,29.75
482,31.21,29.75
576,31.21,29.75
538,31.21,29.75
574,31.21,29.75
631,31.21,29.75
409,31.21,29.75
478,31.21,29.75
884,31.21,29.75
310,31.21,29.75
720,31.21,29.75
835,31.21,29.75
680,31.21,29.75
120,31.21,29.75
846,31.21,29.75
477,31.21,29.75
825,31.21,29.97
209,31.21,29.97
805,31.21,29.97
809,31.21,29.97
126,31.21,29.97
810,31.21,29.97
521,31.21,29.97
708,31.21,29.97
567,31.21,29.97
652,31.21,29.97
256,31.21,29.97
301,31.21,29.97
544,31.21,29.97
663,31.21,29.97
558,31.21,29.97
572,31.21,29.97
521,31.21,29.97
656,31.21,29.97
131,31.21,29.97
615,31.21,29.97
606,31.21,29.97
347,31.21,29.97
392,31.21,29.97
389,31.21,29.97
587,31.21,29.97
235,31.21,29.97
750,31.21,29.97
646,31.21,29.97
375,31.21,29.97
372,31.21,29.97
397,31.21,29.97
467,31.21,29.97
510,31.21,29.97
682,31.21,29.97
284,31.21,29.97
433,31.21,29.97
553,31.23,29.97
332,31.23,29.97
529,31.23,29.97
413,31.23,29.97
313,31.23,29.97
738,31.23,29.97
383,31.23,29.97
655,31.23,29.97
705,31.23,29.97
326,31.23,29.97
375,31.23,29.97
119,31.23,29.97
500,31.23,29.97
189,31.23,29.97
527,31.23,29.97
597,31.23,29.97
504,31.23,29.97
337,31.23,29.97
483,31.23,29.97
715,31.23,29.97
260,31.23,29.97
611,31.23,29.97
626,31.23,29.97
207,31.23,30.09
374,31.23,30.09
883,31.23,30.09
798,31.23,30.09
587,31.23,30.09
553,31.23,30.09
551,31.23,30.09
342,31.23,30.09
629,31.23,30.09
498,31.23,30.09
666,31.23,30.09
496,31.23,30.09
615,31.23,30.09
795,31.23,30.09
416,31.23,30.09
523,31.23,30.09
822,31.23,30.09
632,31.23,30.09
364,31.23,30.09
540,31.23,30.09
698,31.23,30.09
546,31.23,30.09
467,31.23,30.09
593,31.23,30.09
702,31.23,30.09
362,31.23,30.09
337,31.23,30.09
567,31.23,30.09
493,31.23,30.09
118,31.23,30.09
884,31.23,30.09
419,31.23,30.09
766,31.23,30.09
400,31.23,30.09
688,31.23,30.09
158,31.23,30.09
383,31.19,30.09
724,31.19,30.09
477,31.19,30.09
431,31.19,30.09
749,31.19,30.09
726,31.19,30.09
239,31.19,30.09
614,31.19,30.09
498,31.19,30.09
755,31.19,30.09
176,31.19,30.09
792,31.19,30.09
209,31.19,30.09
850,31.19,30.09
120,31.19,30.09
745,31.19,30.09
784,31.19,30.09
367,31.19,30.09
753,31.19,30.09
391,31.19,30.09
579,31.19,30.09
154,31.19,30.09
717,31.19,30.09
426,31.19,30.09
292,31.19,29.99
730,31.19,29.99
521,31.19,29.99
422,31.19,29.99
182,31.19,29.99
614,31.19,29.99
285,31.19,29.99
413,31.19,29.99
571,31.19,29.99
697,31.19,29.99
374,31.19,29.99
351,31.19,29.99
429,31.19,29.99
595,31.19,29.99
274,31.19,29.99
465,31.19,29.99
530,31.19,29.99
367,31.19,29.99
392,31.19,29.99
351,31.19,29.99
600,31.19,29.99
217,31.19,29.99
638,31.19,29.99
702,31.19,29.99
232,31.19,29.99
485,31.19,29.99
466,31.19,29.99
726,31.19,29.99
176,31.19,29.99
406,31.19,29.99
242,31.19,29.99
278,31.19,29.99
292,31.19,29.99
523,31.19,29.99
374,31.19,29.99
389,31.19,29.99
405,31.19,29.99
441,31.19,29.99
304,31.19,29.99
564,31.19,29.99
510,31.19,29.99
309,31.19,29.99
310,31.19,29.99
519,31.19,29.99
458,31.19,29.99
419,31.19,29.99
387,31.19,29.99
514,31.19,29.99
673,31.19,29.99
319,31.19,29.99
482,31.19,29.99
685,31.19,29.99
406,31.19,29.99
510,31.19,29.99
397,31.19,29.99
483,31.19,29.99
323,31.19,29.99
581,31.19,29.99
691,31.19,29.99
581,31.19,29.99
119,31.19,29.93
782,31.19,29.93
476,31.19,29.93
626,31.19,29.93
374,31.19,29.93
598,31.19,29.93
447,31.19,29.93
232,31.19,29.93
746,31.19,29.93
596,31.19,29.93
673,31.19,29.93
525,31.19,29.93
885,31.19,29.93
194,31.19,29.93
464,31.19,29.93
601,31.19,29.93
804,31.19,29.93
570,31.19,29.93
554,31.19,29.93
477,31.19,29.93
636,31.19,29.93
684,31.19,29.93
714,31.19,29.93
381,31.19,29.93
313,31.19,29.93
790,31.19,29.93
338,31.19,29.93
659,31.19,29.93
375,31.19,29.93
513,31.19,29.93
392,31.19,29.93
494,31.19,29.93
514,31.19,29.93
439,31.19,29.93
395,31.19,29.93
366,31.19,29.93
594,31.27,29.93
260,31.27,29.93
351,31.27,29.93
632,31.27,29.93
583,31.27,29.93
287,31.27,29.93
341,31.27,29.93
157,31.27,29.93
703,31.27,29.93
148,31.27,29.93
816,31.27,29.93
392,31.27,29.93
475,31.27,29.93
514,31.27,29.93
590,31.27,29.93
514,31.27,29.93
257,31.27,29.93
511,31.27,29.93
243,31.27,29.93
387,31.27,29.93
250,31.27,29.93
687,31.27,29.93
352,31.27,29.93
564,31.27,29.93
