766,30.51,29.05
124,30.51,29.05
614,30.51,29.05
122,30.51,29.05
398,30.51,29.05
883,30.51,29.05
638,30.51,29.05
169,30.51,29.05
759,30.51,29.05
433,30.51,29.05
671,30.51,29.05
287,30.51,29.05
279,30.51,29.05
744,30.51,29.05
127,30.51,29.05
700,30.51,29.05
348,30.51,29.05
648,30.51,29.05
245,30.51,29.05
621,30.51,29.05
657,30.51,29.05
232,30.51,29.05
543,30.51,29.05
275,30.51,29.05
499,30.51,29.05
462,30.51,29.05
663,30.51,29.05
389,30.51,29.05
729,30.51,29.05
241,30.51,29.05
596,30.51,29.05
467,30.51,29.05
592,30.51,29.05
376,30.51,29.05
744,30.51,29.05
152,30.51,29.05
423,30.51,29.05
639,30.51,29.05
253,30.51,29.05
785,30.51,29.05
211,30.51,29.05
747,30.51,29.05
480,30.51,29.05
866,30.51,29.05
402,30.51,29.05
676,30.51,29.05
504,30.51,29.05
360,30.51,29.05
605,30.51,29.05
382,30.51,29.05
554,30.51,29.05
607,30.51,29.05
562,30.51,29.05
490,30.51,29.05
865,30.51,29.05
340,30.51,29.05
552,30.51,29.05
214,30.51,29.05
842,30.51,29.05
395,30.51,29.05
562,30.51,29.05
746,30.51,29.05
295,30.51,29.05
611,30.51,29.05
176,30.51,29.05
760,30.51,29.05
207,30.51,29.05
697,30.51,29.05
298,30.51,29.05
438,30.51,29.05
347,30.51,29.05
353,30.51,29.05
410,30.51,29.05
533,30.51,29.05
329,30.51,29.05
639,30.51,29.05
405,30.47,29.05
441,30.47,29.05
758,30.47,29.05
417,30.47,29.05
578,30.47,29.05
537,30.47,29.05
852,30.47,29.05
367,30.47,29.05
738,30.47,29.05
124,30.47,29.05
567,30.47,29.05
642,30.47,29.05
259,30.47,29.05
614,30.47,29.05
274,30.47,29.05
560,30.47,29.05
488,30.47,29.05
512,30.47,29.05
594,30.47,29.05
531,30.47,29.05
528,30.47,29.05
496,30.47,29.05
127,30.47,29.05
560,30.47,29.09
393,30.47,29.09
662,30.47,29.09
541,30.47,29.09
223,30.47,29.09
480,30.47,29.09
120,30.47,29.09
642,30.47,29.09
120,30.47,29.09
501,30.47,29.09
443,30.47,29.09
768,30.47,29.09
318,30.47,29.09
206,30.47,29.09
674,30.47,29.09
413,30.47,29.09
639,30.47,29.09
144,30.47,29.09
494,30.47,29.09
309,30.47,29.09
284,30.47,29.09
463,30.47,29.09
573,30.47,29.09
136,30.47,29.09
615,30.47,29.09
419,30.47,29.09
772,30.47,29.09
751,30.47,29.09
532,30.47,29.09
529,30.47,29.09
615,30.47,29.09
689,30.47,29.09
236,30.47,29.09
873,30.47,29.09
121,30.47,29.09
793,30.47,29.09
434,30.51,29.09
377,30.51,29.09
579,30.51,29.09
509,30.51,29.09
503,30.51,29.09
531,30.51,29.09
517,30.51,29.09
673,30.51,29.09
767,30.51,29.09
571,30.51,29.09
708,30.51,29.09
420,30.51,29.09
672,30.51,29.09
332,30.51,29.09
847,30.51,29.09
396,30.51,29.09
448,30.51,29.09
599,30.51,29.09
517,30.51,29.09
720,30.51,29.09
184,30.51,29.09
618,30.51,29.09
123,30.51,29.09
883,30.51,29.09
135,30.51,29.19
803,30.51,29.19
359,30.51,29.19
550,30.51,29.19
589,30.51,29.19
752,30.51,29.19
282,30.51,29.19
866,30.51,29.19
407,30.51,29.19
629,30.51,29.19
462,30.51,29.19
336,30.51,29.19
883,30.51,29.19
295,30.51,29.19
877,30.51,29.19
191,30.51,29.19
762,30.51,29.19
496,30.51,29.19
722,30.51,29.19
550,30.51,29.19
660,30.51,29.19
787,30.51,29.19
538,30.51,29.19
722,30.51,29.19
254,30.51,29.19
613,30.51,29.19
611,30.51,29.19
416,30.51,29.19
431,30.51,29.19
656,30.51,29.19
120,30.51,29.19
648,30.51,29.19
452,30.51,29.19
761,30.51,29.19
413,30.51,29.19
427,30.51,29.19
515,30.49,29.19
217,30.49,29.19
795,30.49,29.19
366,30.49,29.19
712,30.49,29.19
282,30.49,29.19
472,30.49,29.19
489,30.49,29.19
120,30.49,29.19
584,30.49,29.19
124,30.49,29.19
538,30.49,29.19
337,30.49,29.19
234,30.49,29.19
496,30.49,29.19
227,30.49,29.19
582,30.49,29.19
577,30.49,29.19
353,30.49,29.19
586,30.49,29.19
286,30.49,29.19
763,30.49,29.19
465,30.49,29.19
184,30.49,29.11
188,30.49,29.11
742,30.49,29.11
507,30.49,29.11
531,30.49,29.11
629,30.49,29.11
390,30.49,29.11
664,30.49,29.11
389,30.49,29.11
471,30.49,29.11
529,30.49,29.11
595,30.49,29.11
775,30.49,29.11
266,30.49,29.11
599,30.49,29.11
668,30.49,29.11
744,30.49,29.11
539,30.49,29.11
536,30.49,29.11
217,30.49,29.11
778,30.49,29.11
362,30.49,29.11
852,30.49,29.11
708,30.49,29.11
289,30.49,29.11
611,30.49,29.11
386,30.49,29.11
524,30.49,29.11
376,30.49,29.11
877,30.49,29.11
146,30.49,29.11
849,30.49,29.11
493,30.49,29.11
246,30.49,29.11
617,30.49,29.11
580,30.49,29.11
237,30.51,29.11
615,30.51,29.11
122,30.51,29.11
664,30.51,29.11
502,30.51,29.11
629,30.51,29.11
841,30.51,29.11
306,30.51,29.11
884,30.51,29.11
323,30.51,29.11
885,30.51,29.11
524,30.51,29.11
704,30.51,29.11
519,30.51,29.11
631,30.51,29.11
726,30.51,29.11
471,30.51,29.11
611,30.51,29.11
640,30.51,29.11
405,30.51,29.11
575,30.51,29.11
637,30.51,29.11
513,30.51,29.11
611,30.51,29.11
292,30.51,29.11
522,30.51,29.11
119,30.51,29.11
862,30.51,29.11
119,30.51,29.11
611,30.51,29.11
515,30.51,29.11
525,30.51,29.11
497,30.51,29.11
469,30.51,29.11
816,30.51,29.11
378,30.51,29.11
444,30.51,29.11
189,30.51,29.11
567,30.51,29.11
425,30.51,29.11
336,30.51,29.11
501,30.51,29.11
519,30.51,29.11
149,30.51,29.11
882,30.51,29.11
272,30.51,29.11
883,30.51,29.11
322,30.51,29.11
678,30.51,29.11
511,30.51,29.11
157,30.51,29.11
659,30.51,29.11
457,30.51,29.11
596,30.51,29.11
351,30.51,29.11
598,30.51,29.11
559,30.51,29.11
427,30.51,29.11
730,30.51,29.11
765,30.51,29.11
667,30.49,29.11
579,30.49,29.11
658,30.49,29.11
649,30.49,29.11
386,30.49,29.11
635,30.49,29.11
450,30.49,29.11
316,30.49,29.11
711,30.49,29.11
259,30.49,29.11
847,30.49,29.11
342,30.49,29.11
556,30.49,29.11
460,30.49,29.11
384,30.49,29.11
610,30.49,29.11
528,30.49,29.11
540,30.49,29.11
297,30.49,29.11
883,30.49,29.11
576,30.49,29.11
513,30.49,29.11
371,30.49,29.11
597,30.49,29.15
327,30.49,29.15
267,30.49,29.15
220,30.49,29.15
818,30.49,29.15
459,30.49,29.15
751,30.49,29.15
585,30.49,29.15
482,30.49,29.15
740,30.49,29.15
421,30.49,29.15
784,30.49,29.15
363,30.49,29.15
407,30.49,29.15
512,30.49,29.15
423,30.49,29.15
500,30.49,29.15
540,30.49,29.15
648,30.49,29.15
446,30.49,29.15
659,30.49,29.15
452,30.49,29.15
653,30.49,29.15
293,30.49,29.15
631,30.49,29.15
229,30.49,29.15
477,30.49,29.15
447,30.49,29.15
798,30.49,29.15
129,30.49,29.15
431,30.49,29.15
486,30.49,29.15
165,30.49,29.15
883,30.49,29.15
124,30.49,29.15
783,30.49,29.15
411,30.49,29.15
522,30.51,29.15
149,30.51,29.15
465,30.51,29.15
527,30.51,29.15
302,30.51,29.15
564,30.51,29.15
384,30.51,29.15
640,30.51,29.15
608,30.51,29.15
491,30.51,29.15
358,30.51,29.15
461,30.51,29.15
392,30.51,29.15
684,30.51,29.15
321,30.51,29.15
883,30.51,29.15
119,30.51,29.15
879,30.51,29.15
263,30.51,29.15
559,30.51,29.15
534,30.51,29.15
301,30.51,29.15
619,30.51,29.15
621,30.51,29.05
313,30.51,29.05
430,30.51,29.05
866,30.51,29.05
254,30.51,29.05
585,30.51,29.05
530,30.51,29.05
547,30.51,29.05
396,30.51,29.05
882,30.51,29.05
121,30.51,29.05
611,30.51,29.05
145,30.51,29.05
764,30.51,29.05
498,30.51,29.05
224,30.51,29.05
883,30.51,29.05
213,30.51,29.05
885,30.51,29.05
475,30.51,29.05
802,30.51,29.05
675,30.51,29.05
528,30.51,29.05
