687,29.71,28.33
291,29.71,28.33
175,29.71,28.33
774,29.71,28.33
881,29.71,28.33
530,29.71,28.33
855,29.71,28.33
882,29.71,28.33
399,29.71,28.33
730,29.71,28.33
352,29.71,28.33
808,29.71,28.33
123,29.71,28.33
739,29.71,28.33
340,29.71,28.33
345,29.71,28.33
484,29.71,28.33
548,29.71,28.33
481,29.71,28.33
527,29.69,28.33
347,29.69,28.33
385,29.69,28.33
533,29.69,28.33
533,29.69,28.33
761,29.69,28.33
159,29.69,28.33
813,29.69,28.33
211,29.69,28.33
843,29.69,28.33
240,29.69,28.33
883,29.69,28.33
287,29.69,28.33
511,29.69,28.33
470,29.69,28.33
120,29.69,28.33
883,29.69,28.33
176,29.69,28.33
842,29.69,28.33
401,29.69,28.33
415,29.69,28.33
303,29.69,28.33
585,29.69,28.33
414,29.69,28.33
314,29.69,28.19
544,29.69,28.19
622,29.69,28.19
259,29.69,28.19
655,29.69,28.19
453,29.69,28.19
158,29.69,28.19
671,29.69,28.19
149,29.69,28.19
669,29.69,28.19
131,29.69,28.19
700,29.69,28.19
412,29.69,28.19
767,29.69,28.19
495,29.69,28.19
191,29.69,28.19
883,29.69,28.19
121,29.69,28.19
775,29.69,28.19
121,29.69,28.19
406,29.69,28.19
516,29.69,28.19
364,29.69,28.19
799,29.69,28.19
572,29.69,28.19
225,29.69,28.19
852,29.69,28.19
400,29.69,28.19
517,29.69,28.19
832,29.69,28.19
234,29.69,28.19
586,29.69,28.19
226,29.69,28.19
345,29.69,28.19
233,29.69,28.19
820,29.69,28.19
272,29.71,28.19
496,29.71,28.19
503,29.71,28.19
355,29.71,28.19
808,29.71,28.19
393,29.71,28.19
685,29.71,28.19
620,29.71,28.19
572,29.71,28.19
201,29.71,28.19
737,29.71,28.19
269,29.71,28.19
861,29.71,28.19
120,29.71,28.19
753,29.71,28.19
373,29.71,28.19
794,29.71,28.19
455,29.71,28.19
879,29.71,28.19
336,29.71,28.19
574,29.71,28.19
866,29.71,28.19
381,29.71,28.19
663,29.71,28.43
602,29.71,28.43
717,29.71,28.43
273,29.71,28.43
680,29.71,28.43
302,29.71,28.43
655,29.71,28.43
161,29.71,28.43
540,29.71,28.43
159,29.71,28.43
714,29.71,28.43
467,29.71,28.43
417,29.71,28.43
584,29.71,28.43
387,29.71,28.43
671,29.71,28.43
122,29.71,28.43
575,29.71,28.43
513,29.71,28.43
883,29.71,28.43
127,29.71,28.43
543,29.71,28.43
623,29.71,28.43
240,29.71,28.43
274,29.71,28.43
479,29.71,28.43
184,29.71,28.43
328,29.71,28.43
264,29.71,28.43
579,29.71,28.43
338,29.71,28.43
273,29.71,28.43
638,29.71,28.43
158,29.71,28.43
830,29.71,28.43
120,29.71,28.43
587,29.71,28.43
402,29.71,28.43
243,29.71,28.43
730,29.71,28.43
376,29.71,28.43
700,29.71,28.43
391,29.71,28.43
606,29.71,28.43
228,29.71,28.43
315,29.71,28.43
418,29.71,28.43
578,29.71,28.43
333,29.71,28.43
411,29.71,28.43
490,29.71,28.43
853,29.71,28.43
223,29.71,28.43
675,29.71,28.43
695,29.71,28.43
119,29.71,28.43
793,29.71,28.43
568,29.71,28.43
562,29.71,28.43
449,29.71,28.43
636,29.71,28.37
483,29.71,28.37
483,29.71,28.37
422,29.71,28.37
378,29.71,28.37
739,29.71,28.37
119,29.71,28.37
862,29.71,28.37
400,29.71,28.37
383,29.71,28.37
665,29.71,28.37
764,29.71,28.37
448,29.71,28.37
462,29.71,28.37
207,29.71,28.37
882,29.71,28.37
125,29.71,28.37
634,29.71,28.37
582,29.71,28.37
532,29.71,28.37
616,29.71,28.37
348,29.71,28.37
722,29.71,28.37
294,29.71,28.37
694,29.71,28.37
564,29.71,28.37
882,29.71,28.37
172,29.71,28.37
587,29.71,28.37
654,29.71,28.37
403,29.71,28.37
637,29.71,28.37
678,29.71,28.37
602,29.71,28.37
392,29.71,28.37
226,29.71,28.37
511,29.69,28.37
688,29.69,28.37
120,29.69,28.37
803,29.69,28.37
120,29.69,28.37
883,29.69,28.37
122,29.69,28.37
581,29.69,28.37
520,29.69,28.37
387,29.69,28.37
718,29.69,28.37
371,29.69,28.37
411,29.69,28.37
417,29.69,28.37
701,29.69,28.37
119,29.69,28.37
543,29.69,28.37
171,29.69,28.37
273,29.69,28.37
340,29.69,28.37
494,29.69,28.37
360,29.69,28.37
874,29.69,28.37
223,29.69,28.37
538,29.69,28.31
464,29.69,28.31
202,29.69,28.31
793,29.69,28.31
240,29.69,28.31
857,29.69,28.31
403,29.69,28.31
555,29.69,28.31
121,29.69,28.31
613,29.69,28.31
206,29.69,28.31
564,29.69,28.31
594,29.69,28.31
621,29.69,28.31
517,29.69,28.31
751,29.69,28.31
228,29.69,28.31
769,29.69,28.31
770,29.69,28.31
391,29.69,28.31
654,29.69,28.31
208,29.69,28.31
738,29.69,28.31
168,29.69,28.31
820,29.69,28.31
396,29.69,28.31
424,29.69,28.31
688,29.69,28.31
470,29.69,28.31
759,29.69,28.31
626,29.69,28.31
471,29.69,28.31
625,29.69,28.31
471,29.69,28.31
497,29.69,28.31
772,29.69,28.31
393,29.71,28.31
634,29.71,28.31
318,29.71,28.31
881,29.71,28.31
170,29.71,28.31
716,29.71,28.31
503,29.71,28.31
532,29.71,28.31
448,29.71,28.31
335,29.71,28.31
626,29.71,28.31
356,29.71,28.31
652,29.71,28.31
298,29.71,28.31
522,29.71,28.31
540,29.71,28.31
424,29.71,28.31
313,29.71,28.31
797,29.71,28.31
425,29.71,28.31
404,29.71,28.31
394,29.71,28.31
768,29.71,28.31
389,29.71,28.33
449,29.71,28.33
430,29.71,28.33
293,29.71,28.33
650,29.71,28.33
125,29.71,28.33
786,29.71,28.33
405,29.71,28.33
531,29.71,28.33
351,29.71,28.33
670,29.71,28.33
496,29.71,28.33
397,29.71,28.33
396,29.71,28.33
652,29.71,28.33
294,29.71,28.33
679,29.71,28.33
731,29.71,28.33
384,29.71,28.33
178,29.71,28.33
764,29.71,28.33
257,29.71,28.33
413,29.71,28.33
702,29.71,28.33
330,29.71,28.33
737,29.71,28.33
528,29.71,28.33
332,29.71,28.33
882,29.71,28.33
326,29.71,28.33
669,29.71,28.33
501,29.71,28.33
435,29.71,28.33
120,29.71,28.33
591,29.71,28.33
801,29.71,28.33
588,29.75,28.33
397,29.75,28.33
520,29.75,28.33
478,29.75,28.33
594,29.75,28.33
569,29.75,28.33
613,29.75,28.33
572,29.75,28.33
754,29.75,28.33
709,29.75,28.33
407,29.75,28.33
484,29.75,28.33
472,29.75,28.33
647,29.75,28.33
328,29.75,28.33
600,29.75,28.33
604,29.75,28.33
559,29.75,28.33
640,29.75,28.33
473,29.75,28.33
640,29.75,28.33
379,29.75,28.33
355,29.75,28.33
462,29.75,28.33
554,29.75,28.25
302,29.75,28.25
790,29.75,28.25
667,29.75,28.25
457,29.75,28.25
271,29.75,28.25
550,29.75,28.25
195,29.75,28.25
445,29.75,28.25
307,29.75,28.25
260,29.75,28.25
820,29.75,28.25
130,29.75,28.25
874,29.75,28.25
125,29.75,28.25
435,29.75,28.25
408,29.75,28.25
784,29.75,28.25
411,29.75,28.25
550,29.75,28.25
164,29.75,28.25
543,29.75,28.25
562,29.75,28.25
391,29.75,28.25
651,29.75,28.25
334,29.75,28.25
391,29.75,28.25
222,29.75,28.25
553,29.75,28.25
119,29.75,28.25
707,29.75,28.25
123,29.75,28.25
754,29.75,28.25
421,29.75,28.25
412,29.75,28.25
814,29.75,28.25
423,29.71,28.25
883,29.71,28.25
315,29.71,28.25
539,29.71,28.25
378,29.71,28.25
540,29.71,28.25
417,29.71,28.25
451,29.71,28.25
354,29.71,28.25
611,29.71,28.25
378,29.71,28.25
738,29.71,28.25
266,29.71,28.25
607,29.71,28.25
734,29.71,28.25
410,29.71,28.25
690,29.71,28.25
494,29.71,28.25
599,29.71,28.25
330,29.71,28.25
485,29.71,28.25
461,29.71,28.25
294,29.71,28.25
616,29.71,28.45
315,29.71,28.45
777,29.71,28.45
424,29.71,28.45
497,29.71,28.45
842,29.71,28.45
681,29.71,28.45
531,29.71,28.45
650,29.71,28.45
477,29.71,28.45
882,29.71,28.45
299,29.71,28.45
670,29.71,28.45
390,29.71,28.45
647,29.71,28.45
374,29.71,28.45
542,29.71,28.45
509,29.71,28.45
