484,30.29,28.97
370,30.29,28.97
505,30.29,28.97
666,30.29,28.97
121,30.29,28.97
630,30.29,28.97
881,30.29,28.97
883,30.29,28.97
298,30.29,28.97
564,30.29,28.97
512,30.29,28.97
530,30.29,28.97
607,30.29,28.97
762,30.29,28.97
395,30.29,28.97
705,30.29,28.97
626,30.29,28.97
496,30.29,28.97
745,30.29,28.97
267,30.27,28.97
655,30.27,28.97
349,30.27,28.97
622,30.27,28.97
367,30.27,28.97
883,30.27,28.97
543,30.27,28.97
743,30.27,28.97
690,30.27,28.97
466,30.27,28.97
625,30.27,28.97
414,30.27,28.97
603,30.27,28.97
254,30.27,28.97
729,30.27,28.97
521,30.27,28.97
742,30.27,28.97
417,30.27,28.97
793,30.27,28.97
332,30.27,28.97
454,30.27,28.97
304,30.27,28.97
608,30.27,28.97
240,30.27,28.95
427,30.27,28.95
607,30.27,28.95
319,30.27,28.95
454,30.27,28.95
199,30.27,28.95
706,30.27,28.95
148,30.27,28.95
228,30.27,28.95
482,30.27,28.95
529,30.27,28.95
728,30.27,28.95
449,30.27,28.95
638,30.27,28.95
364,30.27,28.95
454,30.27,28.95
494,30.27,28.95
481,30.27,28.95
118,30.27,28.95
622,30.27,28.95
149,30.27,28.95
648,30.27,28.95
119,30.27,28.95
626,30.27,28.95
477,30.27,28.95
561,30.27,28.95
465,30.27,28.95
469,30.27,28.95
865,30.27,28.95
119,30.27,28.95
787,30.27,28.95
480,30.27,28.95
377,30.27,28.95
642,30.27,28.95
432,30.27,28.95
603,30.27,28.95
618,30.29,28.95
361,30.29,28.95
739,30.29,28.95
211,30.29,28.95
808,30.29,28.95
507,30.29,28.95
249,30.29,28.95
642,30.29,28.95
402,30.29,28.95
726,30.29,28.95
121,30.29,28.95
860,30.29,28.95
336,30.29,28.95
614,30.29,28.95
172,30.29,28.95
396,30.29,28.95
692,30.29,28.95
121,30.29,28.95
640,30.29,28.95
457,30.29,28.95
558,30.29,28.95
271,30.29,28.95
724,30.29,28.95
443,30.29,28.95
712,30.29,28.91
137,30.29,28.91
766,30.29,28.91
283,30.29,28.91
850,30.29,28.91
557,30.29,28.91
691,30.29,28.91
152,30.29,28.91
722,30.29,28.91
883,30.29,28.91
294,30.29,28.91
760,30.29,28.91
139,30.29,28.91
781,30.29,28.91
121,30.29,28.91
499,30.29,28.91
653,30.29,28.91
329,30.29,28.91
589,30.29,28.91
603,30.29,28.91
382,30.29,28.91
519,30.29,28.91
303,30.29,28.91
519,30.29,28.91
630,30.29,28.91
119,30.29,28.91
862,30.29,28.91
122,30.29,28.91
623,30.29,28.91
213,30.29,28.91
727,30.29,28.91
120,30.29,28.91
575,30.29,28.91
275,30.29,28.91
470,30.29,28.91
587,30.29,28.91
648,30.29,28.91
723,30.29,28.91
238,30.29,28.91
544,30.29,28.91
494,30.29,28.91
375,30.29,28.91
327,30.29,28.91
540,30.29,28.91
129,30.29,28.91
885,30.29,28.91
280,30.29,28.91
875,30.29,28.91
630,30.29,28.91
569,30.29,28.91
507,30.29,28.91
423,30.29,28.91
566,30.29,28.91
297,30.29,28.91
883,30.29,28.91
218,30.29,28.91
509,30.29,28.91
645,30.29,28.91
547,30.29,28.91
464,30.29,28.91
816,30.29,28.85
340,30.29,28.85
560,30.29,28.85
409,30.29,28.85
742,30.29,28.85
260,30.29,28.85
827,30.29,28.85
521,30.29,28.85
363,30.29,28.85
854,30.29,28.85
120,30.29,28.85
851,30.29,28.85
831,30.29,28.85
330,30.29,28.85
254,30.29,28.85
561,30.29,28.85
569,30.29,28.85
332,30.29,28.85
606,30.29,28.85
219,30.29,28.85
461,30.29,28.85
438,30.29,28.85
678,30.29,28.85
434,30.29,28.85
638,30.29,28.85
399,30.29,28.85
696,30.29,28.85
212,30.29,28.85
688,30.29,28.85
509,30.29,28.85
470,30.29,28.85
534,30.29,28.85
453,30.29,28.85
839,30.29,28.85
265,30.29,28.85
710,30.29,28.85
574,30.27,28.85
830,30.27,28.85
305,30.27,28.85
685,30.27,28.85
608,30.27,28.85
374,30.27,28.85
737,30.27,28.85
647,30.27,28.85
311,30.27,28.85
719,30.27,28.85
431,30.27,28.85
474,30.27,28.85
402,30.27,28.85
166,30.27,28.85
718,30.27,28.85
172,30.27,28.85
482,30.27,28.85
449,30.27,28.85
624,30.27,28.85
693,30.27,28.85
509,30.27,28.85
717,30.27,28.85
118,30.27,28.85
587,30.27,28.85
411,30.27,28.85
883,30.27,28.85
165,30.27,28.85
436,30.27,28.85
691,30.27,28.85
329,30.27,28.85
609,30.27,28.85
495,30.27,28.85
141,30.27,28.85
793,30.27,28.85
317,30.27,28.85
414,30.27,28.85
659,30.27,28.85
493,30.27,28.85
600,30.27,28.85
319,30.27,28.85
582,30.27,28.85
207,30.27,28.85
742,30.27,28.85
509,30.27,28.85
502,30.27,28.85
432,30.27,28.85
192,30.27,28.85
488,30.27,28.85
543,30.27,28.85
535,30.27,28.85
159,30.27,28.85
859,30.27,28.85
501,30.27,28.85
564,30.27,28.85
622,30.27,28.85
662,30.27,28.85
280,30.27,28.85
891,30.27,28.85
474,30.27,28.85
682,30.25,28.85
550,30.25,28.85
421,30.25,28.85
573,30.25,28.85
479,30.25,28.85
639,30.25,28.85
402,30.25,28.85
724,30.25,28.85
338,30.25,28.85
666,30.25,28.85
505,30.25,28.85
451,30.25,28.85
553,30.25,28.85
467,30.25,28.85
408,30.25,28.85
125,30.25,28.85
800,30.25,28.85
424,30.25,28.85
272,30.25,28.85
448,30.25,28.85
618,30.25,28.85
119,30.25,28.85
806,30.25,28.85
227,30.25,28.85
638,30.25,28.85
394,30.25,28.85
299,30.25,28.85
614,30.25,28.85
504,30.25,28.85
432,30.25,28.85
433,30.25,28.85
654,30.25,28.85
119,30.25,28.85
738,30.25,28.85
495,30.25,28.85
302,30.25,28.85
664,30.25,28.85
450,30.25,28.85
141,30.25,28.85
392,30.25,28.85
324,30.25,28.85
619,30.25,28.85
396,30.25,28.85
400,30.25,28.85
648,30.25,28.85
374,30.25,28.85
630,30.25,28.85
343,30.25,28.85
885,30.25,28.85
372,30.25,28.85
399,30.25,28.85
508,30.25,28.85
660,30.25,28.85
418,30.25,28.85
419,30.25,28.85
738,30.25,28.85
476,30.25,28.85
531,30.25,28.85
566,30.25,28.85
631,30.25,28.85
368,30.25,28.85
142,30.25,28.85
288,30.25,28.85
687,30.25,28.85
135,30.25,28.85
660,30.25,28.85
420,30.25,28.85
882,30.25,28.85
413,30.25,28.85
323,30.25,28.85
677,30.25,28.85
447,30.25,28.85
878,30.25,28.85
806,30.25,28.85
638,30.25,28.85
448,30.25,28.85
682,30.25,28.85
652,30.25,28.85
571,30.25,28.85
632,30.25,28.85
642,30.25,28.85
440,30.25,28.85
707,30.25,28.85
503,30.25,28.89
782,30.25,28.89
455,30.25,28.89
441,30.25,28.89
882,30.25,28.89
154,30.25,28.89
738,30.25,28.89
395,30.25,28.89
779,30.25,28.89
459,30.25,28.89
508,30.25,28.89
612,30.25,28.89
622,30.25,28.89
414,30.25,28.89
870,30.25,28.89
394,30.25,28.89
283,30.25,28.89
622,30.25,28.89
447,30.25,28.89
301,30.25,28.89
789,30.25,28.89
732,30.25,28.89
396,30.25,28.89
873,30.25,28.89
126,30.25,28.89
577,30.25,28.89
468,30.25,28.89
449,30.25,28.89
461,30.25,28.89
246,30.25,28.89
466,30.25,28.89
491,30.25,28.89
505,30.25,28.89
256,30.25,28.89
692,30.25,28.89
475,30.25,28.89
494,30.33,28.89
371,30.33,28.89
368,30.33,28.89
331,30.33,28.89
496,30.33,28.89
479,30.33,28.89
785,30.33,28.89
348,30.33,28.89
651,30.33,28.89
319,30.33,28.89
342,30.33,28.89
611,30.33,28.89
570,30.33,28.89
686,30.33,28.89
256,30.33,28.89
524,30.33,28.89
553,30.33,28.89
303,30.33,28.89
666,30.33,28.89
434,30.33,28.89
186,30.33,28.89
361,30.33,28.89
438,30.33,28.89
240,30.33,28.89
398,30.33,29.09
365,30.33,29.09
422,30.33,29.09
591,30.33,29.09
446,30.33,29.09
434,30.33,29.09
655,30.33,29.09
330,30.33,29.09
523,30.33,29.09
589,30.33,29.09
327,30.33,29.09
647,30.33,29.09
389,30.33,29.09
859,30.33,29.09
594,30.33,29.09
239,30.33,29.09
363,30.33,29.09
670,30.33,29.09
418,30.33,29.09
