767,30.95,29.59
599,30.95,29.59
602,30.95,29.59
175,30.95,29.59
265,30.95,29.59
421,30.95,29.59
750,30.95,29.59
707,30.95,29.59
225,30.95,29.59
413,30.95,29.59
492,30.95,29.59
567,30.95,29.59
475,30.95,29.59
815,30.95,29.59
533,30.95,29.59
687,30.95,29.59
328,30.95,29.59
708,30.95,29.59
359,30.95,29.59
566,30.95,29.59
636,30.95,29.59
190,30.95,29.59
792,30.95,29.59
122,30.95,29.59
884,30.95,29.59
118,30.95,29.59
716,30.95,29.59
465,30.95,29.59
659,30.95,29.59
470,30.95,29.59
639,30.95,29.59
725,30.95,29.59
576,30.95,29.59
729,30.95,29.59
561,30.95,29.59
362,30.95,29.59
627,30.95,29.59
575,30.95,29.59
549,30.95,29.59
566,30.95,29.59
206,30.95,29.59
851,30.95,29.59
439,30.95,29.59
612,30.95,29.59
649,30.95,29.65
580,30.95,29.65
876,30.95,29.65
262,30.95,29.65
761,30.95,29.65
192,30.95,29.65
883,30.95,29.65
351,30.95,29.65
707,30.95,29.65
613,30.95,29.65
381,30.95,29.65
528,30.95,29.65
551,30.95,29.65
420,30.95,29.65
324,30.95,29.65
456,30.95,29.65
639,30.95,29.65
568,30.95,29.65
568,30.95,29.65
683,30.95,29.65
218,30.95,29.65
583,30.95,29.65
151,30.95,29.65
807,30.95,29.65
534,30.95,29.65
786,30.95,29.65
418,30.95,29.65
425,30.95,29.65
714,30.95,29.65
461,30.95,29.65
801,30.95,29.65
324,30.95,29.65
358,30.95,29.65
338,30.95,29.65
317,30.95,29.65
429,30.95,29.65
516,30.95,29.65
432,30.95,29.65
617,30.95,29.65
200,30.95,29.65
697,30.95,29.65
374,30.95,29.65
573,30.95,29.65
882,30.95,29.65
122,30.95,29.65
884,30.95,29.65
285,30.95,29.65
801,30.95,29.65
466,30.95,29.65
559,30.95,29.65
123,30.95,29.65
380,30.95,29.65
632,30.95,29.65
369,30.95,29.65
688,30.95,29.65
402,30.95,29.65
280,30.95,29.65
402,30.95,29.65
387,30.95,29.65
590,30.95,29.65
736,30.95,29.69
172,30.95,29.69
694,30.95,29.69
260,30.95,29.69
883,30.95,29.69
598,30.95,29.69
581,30.95,29.69
806,30.95,29.69
301,30.95,29.69
614,30.95,29.69
122,30.95,29.69
565,30.95,29.69
184,30.95,29.69
870,30.95,29.69
283,30.95,29.69
495,30.95,29.69
384,30.95,29.69
595,30.95,29.69
472,30.95,29.69
600,30.95,29.69
322,30.95,29.69
748,30.95,29.69
381,30.95,29.69
668,30.95,29.69
531,30.95,29.69
608,30.95,29.69
624,30.95,29.69
426,30.95,29.69
762,30.95,29.69
408,30.95,29.69
700,30.95,29.69
649,30.95,29.69
884,30.95,29.69
422,30.95,29.69
561,30.95,29.69
788,30.95,29.69
277,30.95,29.69
883,30.95,29.69
364,30.95,29.69
566,30.95,29.69
360,30.95,29.69
471,30.95,29.69
598,30.95,29.69
474,30.95,29.69
371,30.95,29.69
774,30.95,29.69
470,30.95,29.69
534,30.95,29.69
476,30.95,29.69
329,30.95,29.69
768,30.95,29.69
118,30.95,29.69
789,30.95,29.69
736,30.95,29.69
572,30.95,29.69
507,30.95,29.69
740,30.95,29.69
400,30.95,29.69
312,30.95,29.69
567,30.95,29.69
249,30.95,29.75
684,30.95,29.75
326,30.95,29.75
419,30.95,29.75
594,30.95,29.75
474,30.95,29.75
434,30.95,29.75
763,30.95,29.75
127,30.95,29.75
413,30.95,29.75
333,30.95,29.75
579,30.95,29.75
290,30.95,29.75
555,30.95,29.75
853,30.95,29.75
342,30.95,29.75
884,30.95,29.75
118,30.95,29.75
883,30.95,29.75
121,30.95,29.75
799,30.95,29.75
345,30.95,29.75
699,30.95,29.75
456,30.95,29.75
428,30.95,29.75
717,30.95,29.75
121,30.95,29.75
688,30.95,29.75
578,30.95,29.75
475,30.95,29.75
208,30.95,29.75
780,30.95,29.75
118,30.95,29.75
618,30.95,29.75
154,30.95,29.75
567,30.95,29.75
291,30.93,29.75
445,30.93,29.75
562,30.93,29.75
378,30.93,29.75
378,30.93,29.75
435,30.93,29.75
800,30.93,29.75
121,30.93,29.75
819,30.93,29.75
226,30.93,29.75
604,30.93,29.75
400,30.93,29.75
413,30.93,29.75
401,30.93,29.75
287,30.93,29.75
185,30.93,29.75
798,30.93,29.75
335,30.93,29.75
730,30.93,29.75
763,30.93,29.75
347,30.93,29.75
604,30.93,29.75
354,30.93,29.75
770,30.93,29.57
234,30.93,29.57
636,30.93,29.57
694,30.93,29.57
806,30.93,29.57
605,30.93,29.57
700,30.93,29.57
646,30.93,29.57
378,30.93,29.57
656,30.93,29.57
685,30.93,29.57
469,30.93,29.57
618,30.93,29.57
841,30.93,29.57
510,30.93,29.57
648,30.93,29.57
262,30.93,29.57
824,30.93,29.57
360,30.93,29.57
701,30.93,29.57
497,30.93,29.57
369,30.93,29.57
561,30.93,29.57
533,30.93,29.57
697,30.93,29.57
442,30.93,29.57
459,30.93,29.57
420,30.93,29.57
381,30.93,29.57
558,30.93,29.57
273,30.93,29.57
532,30.93,29.57
628,30.93,29.57
537,30.93,29.57
309,30.93,29.57
482,30.93,29.57
561,30.95,29.57
579,30.95,29.57
383,30.95,29.57
595,30.95,29.57
120,30.95,29.57
783,30.95,29.57
204,30.95,29.57
353,30.95,29.57
333,30.95,29.57
170,30.95,29.57
402,30.95,29.57
130,30.95,29.57
708,30.95,29.57
452,30.95,29.57
627,30.95,29.57
256,30.95,29.57
788,30.95,29.57
530,30.95,29.57
165,30.95,29.57
726,30.95,29.57
551,30.95,29.57
386,30.95,29.57
195,30.95,29.57
432,30.95,29.57
747,30.95,29.69
384,30.95,29.69
772,30.95,29.69
505,30.95,29.69
120,30.95,29.69
565,30.95,29.69
287,30.95,29.69
874,30.95,29.69
632,30.95,29.69
737,30.95,29.69
328,30.95,29.69
639,30.95,29.69
566,30.95,29.69
519,30.95,29.69
516,30.95,29.69
357,30.95,29.69
250,30.95,29.69
751,30.95,29.69
148,30.95,29.69
664,30.95,29.69
850,30.95,29.69
405,30.95,29.69
761,30.95,29.69
280,30.95,29.69
569,30.95,29.69
303,30.95,29.69
667,30.95,29.69
599,30.95,29.69
470,30.95,29.69
344,30.95,29.69
466,30.95,29.69
743,30.95,29.69
653,30.95,29.69
884,30.95,29.69
264,30.95,29.69
406,30.95,29.69
602,30.95,29.69
560,30.95,29.69
560,30.95,29.69
668,30.95,29.69
726,30.95,29.69
604,30.95,29.69
678,30.95,29.69
295,30.95,29.69
477,30.95,29.69
614,30.95,29.69
193,30.95,29.69
362,30.95,29.69
841,30.95,29.69
125,30.95,29.69
761,30.95,29.69
748,30.95,29.69
321,30.95,29.69
321,30.95,29.69
441,30.95,29.69
593,30.95,29.69
257,30.95,29.69
768,30.95,29.69
197,30.95,29.69
778,30.95,29.65
743,30.95,29.65
700,30.95,29.65
740,30.95,29.65
460,30.95,29.65
120,30.95,29.65
582,30.95,29.65
119,30.95,29.65
362,30.95,29.65
671,30.95,29.65
461,30.95,29.65
660,30.95,29.65
355,30.95,29.65
534,30.95,29.65
220,30.95,29.65
416,30.95,29.65
186,30.95,29.65
726,30.95,29.65
739,30.95,29.65
487,30.95,29.65
431,30.95,29.65
547,30.95,29.65
397,30.95,29.65
440,30.95,29.65
419,30.95,29.65
574,30.95,29.65
238,30.95,29.65
465,30.95,29.65
479,30.95,29.65
401,30.95,29.65
875,30.95,29.65
296,30.95,29.65
697,30.95,29.65
346,30.95,29.65
655,30.95,29.65
852,30.95,29.65
327,30.95,29.65
604,30.95,29.65
319,30.95,29.65
473,30.95,29.65
411,30.95,29.65
735,30.95,29.65
119,30.95,29.65
546,30.95,29.65
514,30.95,29.65
492,30.95,29.65
519,30.95,29.65
404,30.95,29.65
634,30.95,29.65
630,30.95,29.65
321,30.95,29.65
531,30.95,29.65
455,30.95,29.65
277,30.95,29.65
587,30.95,29.65
298,30.95,29.65
738,30.95,29.65
314,30.95,29.65
688,30.95,29.65
803,30.95,29.65
334,30.95,29.83
640,30.95,29.83
647,30.95,29.83
883,30.95,29.83
296,30.95,29.83
884,30.95,29.83
483,30.95,29.83
768,30.95,29.83
531,30.95,29.83
418,30.95,29.83
553,30.95,29.83
524,30.95,29.83
546,30.95,29.83
546,30.95,29.83
352,30.95,29.83
581,30.95,29.83
451,30.95,29.83
