441,29.69,28.31
385,29.69,28.31
799,29.69,28.31
120,29.69,28.31
253,29.69,28.31
602,29.69,28.31
881,29.69,28.31
267,29.69,28.31
634,29.69,28.31
193,29.69,28.31
760,29.69,28.31
229,29.69,28.31
803,29.69,28.31
412,29.69,28.31
215,29.69,28.31
779,29.69,28.31
159,29.69,28.31
766,29.69,28.31
431,29.69,28.31
730,29.69,28.31
368,29.69,28.31
664,29.69,28.31
538,29.69,28.31
595,29.69,28.31
425,29.69,28.31
517,29.69,28.31
377,29.69,28.31
639,29.69,28.31
464,29.69,28.31
647,29.69,28.31
499,29.69,28.31
426,29.69,28.31
717,29.69,28.31
194,29.69,28.31
883,29.63,28.31
204,29.63,28.31
881,29.63,28.31
528,29.63,28.31
516,29.63,28.31
751,29.63,28.31
676,29.63,28.31
729,29.63,28.31
538,29.63,28.31
314,29.63,28.31
618,29.63,28.31
507,29.63,28.31
505,29.63,28.31
506,29.63,28.31
472,29.63,28.31
591,29.63,28.31
508,29.63,28.31
839,29.63,28.31
120,29.63,28.31
882,29.63,28.31
300,29.63,28.31
703,29.63,28.31
484,29.63,28.31
493,29.63,28.25
883,29.63,28.25
462,29.63,28.25
500,29.63,28.25
591,29.63,28.25
345,29.63,28.25
549,29.63,28.25
472,29.63,28.25
509,29.63,28.25
753,29.63,28.25
183,29.63,28.25
768,29.63,28.25
137,29.63,28.25
705,29.63,28.25
412,29.63,28.25
719,29.63,28.25
483,29.63,28.25
446,29.63,28.25
746,29.63,28.25
122,29.63,28.25
727,29.63,28.25
132,29.63,28.25
826,29.63,28.25
407,29.63,28.25
506,29.63,28.25
295,29.63,28.25
574,29.63,28.25
386,29.63,28.25
612,29.63,28.25
313,29.63,28.25
482,29.63,28.25
657,29.63,28.25
500,29.63,28.25
808,29.63,28.25
255,29.63,28.25
458,29.63,28.25
467,29.61,28.25
509,29.61,28.25
120,29.61,28.25
857,29.61,28.25
335,29.61,28.25
259,29.61,28.25
789,29.61,28.25
119,29.61,28.25
662,29.61,28.25
309,29.61,28.25
588,29.61,28.25
435,29.61,28.25
624,29.61,28.25
572,29.61,28.25
687,29.61,28.25
273,29.61,28.25
512,29.61,28.25
326,29.61,28.25
669,29.61,28.25
407,29.61,28.25
387,29.61,28.25
684,29.61,28.25
443,29.61,28.25
638,29.61,28.25
156,29.61,28.19
662,29.61,28.19
304,29.61,28.19
851,29.61,28.19
439,29.61,28.19
678,29.61,28.19
691,29.61,28.19
361,29.61,28.19
760,29.61,28.19
715,29.61,28.19
581,29.61,28.19
581,29.61,28.19
411,29.61,28.19
656,29.61,28.19
590,29.61,28.19
446,29.61,28.19
687,29.61,28.19
399,29.61,28.19
853,29.61,28.19
212,29.61,28.19
814,29.61,28.19
591,29.61,28.19
628,29.61,28.19
725,29.61,28.19
218,29.61,28.19
883,29.61,28.19
350,29.61,28.19
778,29.61,28.19
366,29.61,28.19
639,29.61,28.19
449,29.61,28.19
614,29.61,28.19
627,29.61,28.19
439,29.61,28.19
328,29.61,28.19
515,29.61,28.19
359,29.63,28.19
475,29.63,28.19
646,29.63,28.19
269,29.63,28.19
882,29.63,28.19
364,29.63,28.19
815,29.63,28.19
237,29.63,28.19
678,29.63,28.19
411,29.63,28.19
746,29.63,28.19
177,29.63,28.19
381,29.63,28.19
882,29.63,28.19
162,29.63,28.19
701,29.63,28.19
124,29.63,28.19
367,29.63,28.19
610,29.63,28.19
543,29.63,28.19
201,29.63,28.19
697,29.63,28.19
418,29.63,28.19
776,29.63,28.25
128,29.63,28.25
402,29.63,28.25
691,29.63,28.25
124,29.63,28.25
511,29.63,28.25
519,29.63,28.25
607,29.63,28.25
122,29.63,28.25
883,29.63,28.25
183,29.63,28.25
677,29.63,28.25
305,29.63,28.25
469,29.63,28.25
595,29.63,28.25
518,29.63,28.25
609,29.63,28.25
368,29.63,28.25
572,29.63,28.25
266,29.63,28.25
261,29.63,28.25
765,29.63,28.25
716,29.63,28.25
119,29.63,28.25
664,29.63,28.25
359,29.63,28.25
494,29.63,28.25
508,29.63,28.25
806,29.63,28.25
413,29.63,28.25
629,29.63,28.25
737,29.63,28.25
331,29.63,28.25
693,29.63,28.25
450,29.63,28.25
707,29.63,28.25
262,29.63,28.25
406,29.63,28.25
620,29.63,28.25
485,29.63,28.25
472,29.63,28.25
853,29.63,28.25
140,29.63,28.25
552,29.63,28.25
414,29.63,28.25
402,29.63,28.25
882,29.63,28.25
124,29.63,28.25
883,29.63,28.25
251,29.63,28.25
403,29.63,28.25
219,29.63,28.25
671,29.63,28.25
404,29.63,28.25
468,29.63,28.25
687,29.63,28.25
354,29.63,28.25
828,29.63,28.25
197,29.63,28.25
443,29.63,28.25
533,29.63,28.37
603,29.63,28.37
445,29.63,28.37
572,29.63,28.37
253,29.63,28.37
750,29.63,28.37
560,29.63,28.37
621,29.63,28.37
478,29.63,28.37
281,29.63,28.37
781,29.63,28.37
291,29.63,28.37
534,29.63,28.37
138,29.63,28.37
885,29.63,28.37
119,29.63,28.37
873,29.63,28.37
185,29.63,28.37
543,29.63,28.37
687,29.63,28.37
404,29.63,28.37
525,29.63,28.37
314,29.63,28.37
726,29.63,28.37
130,29.63,28.37
444,29.63,28.37
287,29.63,28.37
599,29.63,28.37
464,29.63,28.37
617,29.63,28.37
177,29.63,28.37
625,29.63,28.37
124,29.63,28.37
635,29.63,28.37
469,29.63,28.37
665,29.63,28.37
631,29.63,28.37
357,29.63,28.37
882,29.63,28.37
120,29.63,28.37
690,29.63,28.37
259,29.63,28.37
590,29.63,28.37
430,29.63,28.37
633,29.63,28.37
610,29.63,28.37
591,29.63,28.37
266,29.63,28.37
590,29.63,28.37
239,29.63,28.37
566,29.63,28.37
370,29.63,28.37
526,29.63,28.37
546,29.63,28.37
300,29.63,28.37
882,29.63,28.37
139,29.63,28.37
882,29.63,28.37
377,29.63,28.37
864,29.63,28.23
331,29.63,28.23
590,29.63,28.23
514,29.63,28.23
378,29.63,28.23
649,29.63,28.23
459,29.63,28.23
473,29.63,28.23
525,29.63,28.23
726,29.63,28.23
596,29.63,28.23
766,29.63,28.23
207,29.63,28.23
882,29.63,28.23
215,29.63,28.23
666,29.63,28.23
628,29.63,28.23
588,29.63,28.23
551,29.63,28.23
486,29.63,28.23
882,29.63,28.23
233,29.63,28.23
646,29.63,28.23
339,29.63,28.23
883,29.63,28.23
216,29.63,28.23
560,29.63,28.23
617,29.63,28.23
542,29.63,28.23
483,29.63,28.23
684,29.63,28.23
439,29.63,28.23
511,29.63,28.23
411,29.63,28.23
706,29.63,28.23
738,29.63,28.23
374,29.65,28.23
858,29.65,28.23
357,29.65,28.23
755,29.65,28.23
259,29.65,28.23
509,29.65,28.23
503,29.65,28.23
541,29.65,28.23
425,29.65,28.23
462,29.65,28.23
700,29.65,28.23
398,29.65,28.23
716,29.65,28.23
375,29.65,28.23
499,29.65,28.23
550,29.65,28.23
704,29.65,28.23
295,29.65,28.23
395,29.65,28.23
287,29.65,28.23
482,29.65,28.23
124,29.65,28.23
590,29.65,28.23
506,29.65,28.23
120,29.65,28.33
882,29.65,28.33
300,29.65,28.33
862,29.65,28.33
427,29.65,28.33
641,29.65,28.33
377,29.65,28.33
492,29.65,28.33
374,29.65,28.33
453,29.65,28.33
397,29.65,28.33
198,29.65,28.33
599,29.65,28.33
354,29.65,28.33
270,29.65,28.33
529,29.65,28.33
482,29.65,28.33
497,29.65,28.33
875,29.65,28.33
121,29.65,28.33
806,29.65,28.33
411,29.65,28.33
876,29.65,28.33
665,29.65,28.33
328,29.65,28.33
746,29.65,28.33
404,29.65,28.33
240,29.65,28.33
257,29.65,28.33
775,29.65,28.33
293,29.65,28.33
883,29.65,28.33
621,29.65,28.33
347,29.65,28.33
638,29.65,28.33
477,29.65,28.33
382,29.61,28.33
541,29.61,28.33
265,29.61,28.33
856,29.61,28.33
578,29.61,28.33
618,29.61,28.33
578,29.61,28.33
319,29.61,28.33
826,29.61,28.33
261,29.61,28.33
848,29.61,28.33
239,29.61,28.33
583,29.61,28.33
539,29.61,28.33
409,29.61,28.33
472,29.61,28.33
478,29.61,28.33
437,29.61,28.33
563,29.61,28.33
444,29.61,28.33
406,29.61,28.33
604,29.61,28.33
356,29.61,28.33
465,29.61,28.33
243,29.61,28.33
500,29.61,28.33
157,29.61,28.33
