270,29.55,28.31
551,29.55,28.31
556,29.55,28.23
121,29.55,28.23
397,29.55,28.23
881,29.55,28.23
636,29.55,28.23
249,29.55,28.23
425,29.55,28.23
802,29.55,28.23
274,29.55,28.23
292,29.55,28.23
238,29.55,28.23
830,29.55,28.23
119,29.55,28.23
602,29.55,28.23
606,29.55,28.23
424,29.55,28.23
510,29.55,28.23
319,29.55,28.23
873,29.55,28.23
402,29.55,28.23
818,29.55,28.23
356,29.55,28.23
473,29.55,28.23
192,29.55,28.23
745,29.55,28.23
477,29.55,28.23
549,29.55,28.23
421,29.55,28.23
536,29.55,28.23
201,29.55,28.23
780,29.55,28.23
499,29.55,28.23
338,29.55,28.23
797,29.55,28.23
218,29.55,28.23
866,29.55,28.23
317,29.55,28.23
754,29.55,28.23
622,29.55,28.23
593,29.55,28.23
171,29.55,28.23
331,29.55,28.23
404,29.55,28.23
276,29.55,28.23
697,29.55,28.23
475,29.55,28.23
422,29.55,28.23
680,29.55,28.23
733,29.55,28.23
590,29.55,28.23
356,29.55,28.23
384,29.55,28.23
882,29.55,28.23
326,29.55,28.23
537,29.55,28.23
588,29.55,28.23
397,29.55,28.23
594,29.55,28.23
282,29.55,28.23
703,29.55,28.33
315,29.55,28.33
561,29.55,28.33
436,29.55,28.33
706,29.55,28.33
425,29.55,28.33
401,29.55,28.33
610,29.55,28.33
121,29.55,28.33
621,29.55,28.33
667,29.55,28.33
325,29.55,28.33
752,29.55,28.33
453,29.55,28.33
480,29.55,28.33
545,29.55,28.33
224,29.55,28.33
723,29.55,28.33
396,29.55,28.33
621,29.55,28.33
467,29.55,28.33
409,29.55,28.33
378,29.55,28.33
188,29.55,28.33
742,29.55,28.33
340,29.55,28.33
375,29.55,28.33
758,29.55,28.33
872,29.55,28.33
442,29.55,28.33
590,29.55,28.33
291,29.55,28.33
591,29.55,28.33
401,29.55,28.33
181,29.55,28.33
487,29.55,28.33
655,29.55,28.33
272,29.55,28.33
498,29.55,28.33
585,29.55,28.33
208,29.55,28.33
797,29.55,28.33
358,29.55,28.33
807,29.55,28.33
329,29.55,28.33
721,29.55,28.33
510,29.55,28.33
352,29.55,28.33
307,29.55,28.33
503,29.55,28.33
539,29.55,28.33
121,29.55,28.33
681,29.55,28.33
228,29.55,28.33
593,29.55,28.33
592,29.55,28.33
473,29.55,28.33
508,29.55,28.33
586,29.55,28.33
312,29.55,28.33
744,29.55,28.23
124,29.55,28.23
412,29.55,28.23
882,29.55,28.23
432,29.55,28.23
738,29.55,28.23
520,29.55,28.23
883,29.55,28.23
331,29.55,28.23
743,29.55,28.23
251,29.55,28.23
548,29.55,28.23
466,29.55,28.23
723,29.55,28.23
703,29.55,28.23
424,29.55,28.23
378,29.55,28.23
818,29.55,28.23
138,29.55,28.23
515,29.55,28.23
657,29.55,28.23
607,29.55,28.23
525,29.55,28.23
568,29.55,28.23
882,29.55,28.23
319,29.55,28.23
706,29.55,28.23
426,29.55,28.23
782,29.55,28.23
220,29.55,28.23
449,29.55,28.23
665,29.55,28.23
774,29.55,28.23
262,29.55,28.23
707,29.55,28.23
373,29.55,28.23
360,29.55,28.23
660,29.55,28.23
462,29.55,28.23
426,29.55,28.23
296,29.55,28.23
792,29.55,28.23
119,29.55,28.23
857,29.55,28.23
414,29.55,28.23
553,29.55,28.23
140,29.55,28.23
218,29.55,28.23
696,29.55,28.23
201,29.55,28.23
749,29.55,28.23
596,29.55,28.23
699,29.55,28.23
259,29.55,28.23
488,29.55,28.23
517,29.55,28.23
581,29.55,28.23
399,29.55,28.23
259,29.55,28.23
237,29.55,28.27
405,29.55,28.27
299,29.55,28.27
639,29.55,28.27
342,29.55,28.27
437,29.55,28.27
533,29.55,28.27
290,29.55,28.27
606,29.55,28.27
276,29.55,28.27
691,29.55,28.27
782,29.55,28.27
165,29.55,28.27
794,29.55,28.27
579,29.55,28.27
345,29.55,28.27
640,29.55,28.27
352,29.55,28.27
536,29.55,28.27
433,29.55,28.27
772,29.55,28.27
416,29.55,28.27
750,29.55,28.27
789,29.55,28.27
253,29.55,28.27
746,29.55,28.27
390,29.55,28.27
579,29.55,28.27
722,29.55,28.27
231,29.55,28.27
688,29.55,28.27
526,29.55,28.27
690,29.55,28.27
343,29.55,28.27
800,29.55,28.27
367,29.55,28.27
392,29.55,28.27
669,29.55,28.27
290,29.55,28.27
448,29.55,28.27
669,29.55,28.27
650,29.55,28.27
500,29.55,28.27
680,29.55,28.27
244,29.55,28.27
845,29.55,28.27
336,29.55,28.27
555,29.55,28.27
131,29.55,28.27
882,29.55,28.27
179,29.55,28.27
749,29.55,28.27
555,29.55,28.27
391,29.55,28.27
526,29.55,28.27
119,29.55,28.27
883,29.55,28.27
123,29.55,28.27
763,29.55,28.27
360,29.55,28.27
523,29.55,28.17
608,29.55,28.17
661,29.55,28.17
469,29.55,28.17
674,29.55,28.17
774,29.55,28.17
211,29.55,28.17
340,29.55,28.17
316,29.55,28.17
385,29.55,28.17
383,29.55,28.17
405,29.55,28.17
144,29.55,28.17
846,29.55,28.17
119,29.55,28.17
879,29.55,28.17
230,29.55,28.17
658,29.55,28.17
476,29.55,28.17
520,29.55,28.17
784,29.55,28.17
283,29.55,28.17
390,29.55,28.17
337,29.55,28.17
311,29.55,28.17
466,29.55,28.17
570,29.55,28.17
325,29.55,28.17
369,29.55,28.17
541,29.55,28.17
881,29.55,28.17
120,29.55,28.17
785,29.55,28.17
347,29.55,28.17
742,29.55,28.17
120,29.55,28.17
347,29.53,28.17
678,29.53,28.17
474,29.53,28.17
762,29.53,28.17
604,29.53,28.17
824,29.53,28.17
465,29.53,28.17
822,29.53,28.17
673,29.53,28.17
694,29.53,28.17
542,29.53,28.17
881,29.53,28.17
221,29.53,28.17
789,29.53,28.17
436,29.53,28.17
658,29.53,28.17
503,29.53,28.17
577,29.53,28.17
431,29.53,28.17
283,29.53,28.17
710,29.53,28.17
122,29.53,28.17
882,29.53,28.17
336,29.53,28.17
632,29.53,28.25
688,29.53,28.25
499,29.53,28.25
462,29.53,28.25
347,29.53,28.25
528,29.53,28.25
269,29.53,28.25
604,29.53,28.25
708,29.53,28.25
724,29.53,28.25
312,29.53,28.25
730,29.53,28.25
485,29.53,28.25
551,29.53,28.25
126,29.53,28.25
775,29.53,28.25
396,29.53,28.25
341,29.53,28.25
434,29.53,28.25
322,29.53,28.25
648,29.53,28.25
240,29.53,28.25
778,29.53,28.25
387,29.53,28.25
605,29.53,28.25
841,29.53,28.25
790,29.53,28.25
374,29.53,28.25
447,29.53,28.25
352,29.53,28.25
566,29.53,28.25
125,29.53,28.25
798,29.53,28.25
474,29.53,28.25
515,29.53,28.25
254,29.53,28.25
326,29.55,28.25
645,29.55,28.25
187,29.55,28.25
828,29.55,28.25
153,29.55,28.25
618,29.55,28.25
495,29.55,28.25
352,29.55,28.25
880,29.55,28.25
310,29.55,28.25
573,29.55,28.25
322,29.55,28.25
286,29.55,28.25
485,29.55,28.25
442,29.55,28.25
301,29.55,28.25
771,29.55,28.25
373,29.55,28.25
667,29.55,28.25
252,29.55,28.25
709,29.55,28.25
773,29.55,28.25
681,29.55,28.25
440,29.55,28.17
444,29.55,28.17
773,29.55,28.17
316,29.55,28.17
809,29.55,28.17
202,29.55,28.17
646,29.55,28.17
310,29.55,28.17
674,29.55,28.17
784,29.55,28.17
462,29.55,28.17
559,29.55,28.17
702,29.55,28.17
423,29.55,28.17
732,29.55,28.17
705,29.55,28.17
536,29.55,28.17
873,29.55,28.17
162,29.55,28.17
883,29.55,28.17
302,29.55,28.17
559,29.55,28.17
275,29.55,28.17
883,29.55,28.17
260,29.55,28.17
637,29.55,28.17
728,29.55,28.17
369,29.55,28.17
844,29.55,28.17
461,29.55,28.17
786,29.55,28.17
303,29.55,28.17
826,29.55,28.17
451,29.55,28.17
880,29.55,28.17
291,29.55,28.17
641,29.55,28.17
435,29.55,28.17
776,29.55,28.17
319,29.55,28.17
604,29.55,28.17
572,29.55,28.17
328,29.55,28.17
475,29.55,28.17
234,29.55,28.17
825,29.55,28.17
119,29.55,28.17
883,29.55,28.17
171,29.55,28.17
588,29.55,28.17
368,29.55,28.17
298,29.55,28.17
300,29.55,28.17
519,29.55,28.17
426,29.55,28.17
452,29.55,28.17
417,29.55,28.17
668,29.55,28.17
644,29.55,28.17
223,29.55,28.17
