569,31.31,29.93
121,31.31,29.93
455,31.31,29.93
121,31.31,29.93
630,31.31,29.93
486,31.31,29.93
561,31.31,29.93
566,31.31,29.93
370,31.31,29.93
668,31.31,29.93
452,31.31,29.93
349,31.33,29.93
689,31.33,29.93
140,31.33,29.93
233,31.33,29.93
719,31.33,29.93
198,31.33,29.93
881,31.33,29.93
403,31.33,29.93
863,31.33,29.93
375,31.33,29.93
552,31.33,29.93
373,31.33,29.93
794,31.33,29.93
676,31.33,29.93
449,31.33,29.93
708,31.33,29.93
879,31.33,29.93
744,31.33,29.93
393,31.33,29.93
706,31.33,29.93
179,31.33,29.93
882,31.33,29.93
235,31.33,29.93
730,31.33,29.97
336,31.33,29.97
641,31.33,29.97
359,31.33,29.97
562,31.33,29.97
286,31.33,29.97
393,31.33,29.97
881,31.33,29.97
133,31.33,29.97
401,31.33,29.97
436,31.33,29.97
572,31.33,29.97
198,31.33,29.97
654,31.33,29.97
369,31.33,29.97
670,31.33,29.97
140,31.33,29.97
883,31.33,29.97
272,31.33,29.97
707,31.33,29.97
662,31.33,29.97
533,31.33,29.97
491,31.33,29.97
361,31.33,29.97
697,31.33,29.97
159,31.33,29.97
587,31.33,29.97
318,31.33,29.97
771,31.33,29.97
173,31.33,29.97
679,31.33,29.97
380,31.33,29.97
429,31.33,29.97
224,31.33,29.97
525,31.33,29.97
298,31.33,29.97
708,31.31,29.97
416,31.31,29.97
572,31.31,29.97
128,31.31,29.97
323,31.31,29.97
760,31.31,29.97
365,31.31,29.97
453,31.31,29.97
260,31.31,29.97
614,31.31,29.97
212,31.31,29.97
495,31.31,29.97
666,31.31,29.97
279,31.31,29.97
621,31.31,29.97
331,31.31,29.97
583,31.31,29.97
425,31.31,29.97
448,31.31,29.97
463,31.31,29.97
877,31.31,29.97
505,31.31,29.97
529,31.31,29.97
388,31.31,29.97
620,31.31,29.85
543,31.31,29.85
638,31.31,29.85
467,31.31,29.85
216,31.31,29.85
748,31.31,29.85
315,31.31,29.85
803,31.31,29.85
580,31.31,29.85
884,31.31,29.85
125,31.31,29.85
513,31.31,29.85
426,31.31,29.85
664,31.31,29.85
861,31.31,29.85
617,31.31,29.85
828,31.31,29.85
737,31.31,29.85
620,31.31,29.85
809,31.31,29.85
669,31.31,29.85
405,31.31,29.85
269,31.31,29.85
438,31.31,29.85
883,31.31,29.85
181,31.31,29.85
748,31.31,29.85
535,31.31,29.85
415,31.31,29.85
523,31.31,29.85
590,31.31,29.85
738,31.31,29.85
185,31.31,29.85
765,31.31,29.85
572,31.31,29.85
362,31.31,29.85
123,31.35,29.85
703,31.35,29.85
659,31.35,29.85
294,31.35,29.85
318,31.35,29.85
528,31.35,29.85
187,31.35,29.85
544,31.35,29.85
582,31.35,29.85
352,31.35,29.85
542,31.35,29.85
461,31.35,29.85
878,31.35,29.85
370,31.35,29.85
168,31.35,29.85
528,31.35,29.85
443,31.35,29.85
465,31.35,29.85
369,31.35,29.85
827,31.35,29.85
312,31.35,29.85
568,31.35,29.85
401,31.35,29.85
636,31.35,29.85
472,31.35,29.93
458,31.35,29.93
608,31.35,29.93
471,31.35,29.93
456,31.35,29.93
686,31.35,29.93
556,31.35,29.93
622,31.35,29.93
514,31.35,29.93
254,31.35,29.93
255,31.35,29.93
122,31.35,29.93
713,31.35,29.93
218,31.35,29.93
755,31.35,29.93
747,31.35,29.93
282,31.35,29.93
455,31.35,29.93
506,31.35,29.93
416,31.35,29.93
850,31.35,29.93
315,31.35,29.93
333,31.35,29.93
770,31.35,29.93
350,31.35,29.93
329,31.35,29.93
454,31.35,29.93
599,31.35,29.93
158,31.35,29.93
862,31.35,29.93
125,31.35,29.93
851,31.35,29.93
199,31.35,29.93
546,31.35,29.93
655,31.35,29.93
322,31.35,29.93
696,31.31,29.93
471,31.31,29.93
509,31.31,29.93
623,31.31,29.93
677,31.31,29.93
667,31.31,29.93
411,31.31,29.93
250,31.31,29.93
524,31.31,29.93
448,31.31,29.93
562,31.31,29.93
638,31.31,29.93
885,31.31,29.93
205,31.31,29.93
693,31.31,29.93
581,31.31,29.93
427,31.31,29.93
715,31.31,29.93
572,31.31,29.93
790,31.31,29.93
437,31.31,29.93
734,31.31,29.93
489,31.31,29.93
549,31.31,29.97
495,31.31,29.97
563,31.31,29.97
222,31.31,29.97
726,31.31,29.97
198,31.31,29.97
703,31.31,29.97
357,31.31,29.97
129,31.31,29.97
503,31.31,29.97
530,31.31,29.97
333,31.31,29.97
310,31.31,29.97
706,31.31,29.97
352,31.31,29.97
687,31.31,29.97
593,31.31,29.97
417,31.31,29.97
579,31.31,29.97
394,31.31,29.97
669,31.31,29.97
387,31.31,29.97
244,31.31,29.97
345,31.31,29.97
260,31.31,29.97
524,31.31,29.97
373,31.31,29.97
329,31.31,29.97
449,31.31,29.97
542,31.31,29.97
761,31.31,29.97
333,31.31,29.97
370,31.31,29.97
706,31.31,29.97
584,31.31,29.97
118,31.31,29.97
315,31.33,29.97
478,31.33,29.97
266,31.33,29.97
653,31.33,29.97
320,31.33,29.97
353,31.33,29.97
668,31.33,29.97
122,31.33,29.97
629,31.33,29.97
594,31.33,29.97
491,31.33,29.97
397,31.33,29.97
432,31.33,29.97
299,31.33,29.97
403,31.33,29.97
556,31.33,29.97
261,31.33,29.97
470,31.33,29.97
669,31.33,29.97
121,31.33,29.97
675,31.33,29.97
270,31.33,29.97
673,31.33,29.97
536,31.33,29.97
132,31.33,30.03
741,31.33,30.03
485,31.33,30.03
564,31.33,30.03
119,31.33,30.03
712,31.33,30.03
366,31.33,30.03
512,31.33,30.03
488,31.33,30.03
864,31.33,30.03
240,31.33,30.03
578,31.33,30.03
677,31.33,30.03
672,31.33,30.03
175,31.33,30.03
714,31.33,30.03
638,31.33,30.03
400,31.33,30.03
839,31.33,30.03
463,31.33,30.03
884,31.33,30.03
344,31.33,30.03
874,31.33,30.03
360,31.33,30.03
172,31.33,30.03
610,31.33,30.03
218,31.33,30.03
512,31.33,30.03
434,31.33,30.03
303,31.33,30.03
419,31.33,30.03
507,31.33,30.03
331,31.33,30.03
754,31.33,30.03
118,31.33,30.03
606,31.33,30.03
247,31.31,30.03
749,31.31,30.03
343,31.31,30.03
800,31.31,30.03
667,31.31,30.03
548,31.31,30.03
506,31.31,30.03
199,31.31,30.03
657,31.31,30.03
190,31.31,30.03
675,31.31,30.03
311,31.31,30.03
546,31.31,30.03
484,31.31,30.03
467,31.31,30.03
440,31.31,30.03
863,31.31,30.03
243,31.31,30.03
758,31.31,30.03
361,31.31,30.03
477,31.31,30.03
841,31.31,30.03
549,31.31,30.03
318,31.31,29.99
506,31.31,29.99
723,31.31,29.99
120,31.31,29.99
845,31.31,29.99
312,31.31,29.99
708,31.31,29.99
466,31.31,29.99
455,31.31,29.99
865,31.31,29.99
508,31.31,29.99
607,31.31,29.99
604,31.31,29.99
503,31.31,29.99
608,31.31,29.99
882,31.31,29.99
399,31.31,29.99
608,31.31,29.99
403,31.31,29.99
880,31.31,29.99
279,31.31,29.99
686,31.31,29.99
544,31.31,29.99
613,31.31,29.99
408,31.31,29.99
315,31.31,29.99
884,31.31,29.99
239,31.31,29.99
802,31.31,29.99
378,31.31,29.99
522,31.31,29.99
559,31.31,29.99
478,31.31,29.99
741,31.31,29.99
462,31.31,29.99
485,31.31,29.99
544,31.31,29.99
514,31.31,29.99
473,31.31,29.99
608,31.31,29.99
383,31.31,29.99
679,31.31,29.99
238,31.31,29.99
884,31.31,29.99
317,31.31,29.99
749,31.31,29.99
346,31.31,29.99
720,31.31,29.99
426,31.31,29.99
509,31.31,29.99
517,31.31,29.99
313,31.31,29.99
560,31.31,29.99
124,31.31,29.99
538,31.31,29.99
167,31.31,29.99
516,31.31,29.99
536,31.31,29.99
519,31.31,29.99
390,31.31,29.99
650,31.31,29.99
283,31.31,29.99
673,31.31,29.99
457,31.31,29.99
540,31.31,29.99
710,31.31,29.99
439,31.31,29.99
611,31.31,29.99
387,31.31,29.99
290,31.31,29.99
121,31.31,29.99
870,31.31,29.99
174,31.31,29.99
561,31.31,29.99
571,31.31,29.99
597,31.31,29.99
592,31.31,29.99
830,31.31,29.99
346,31.31,29.99
620,31.31,29.99
346,31.31,29.99
719,31.31,29.99
801,31.31,29.99
118,31.31,29.99
588,31.31,29.99
488,31.31,29.99
884,31.31,29.99
