245,30.21,29.03
177,30.21,29.03
122,30.19,29.03
399,30.19,29.03
721,30.19,29.03
123,30.19,29.03
849,30.19,29.03
844,30.19,29.03
743,30.19,29.03
615,30.19,29.03
477,30.19,29.03
788,30.19,29.03
321,30.19,29.03
474,30.19,29.03
401,30.19,29.03
598,30.19,29.03
556,30.19,29.03
589,30.19,29.03
557,30.19,29.03
354,30.19,29.03
568,30.19,29.03
491,30.19,29.03
126,30.19,29.03
788,30.19,29.03
709,30.19,29.03
376,30.19,29.03
669,30.19,28.89
467,30.19,28.89
672,30.19,28.89
135,30.19,28.89
651,30.19,28.89
210,30.19,28.89
582,30.19,28.89
263,30.19,28.89
418,30.19,28.89
578,30.19,28.89
363,30.19,28.89
764,30.19,28.89
353,30.19,28.89
783,30.19,28.89
226,30.19,28.89
727,30.19,28.89
605,30.19,28.89
611,30.19,28.89
238,30.19,28.89
717,30.19,28.89
396,30.19,28.89
858,30.19,28.89
615,30.19,28.89
511,30.19,28.89
813,30.19,28.89
505,30.19,28.89
733,30.19,28.89
366,30.19,28.89
882,30.19,28.89
312,30.19,28.89
883,30.19,28.89
512,30.19,28.89
508,30.19,28.89
692,30.19,28.89
458,30.19,28.89
774,30.19,28.89
427,30.17,28.89
633,30.17,28.89
165,30.17,28.89
661,30.17,28.89
687,30.17,28.89
721,30.17,28.89
216,30.17,28.89
823,30.17,28.89
184,30.17,28.89
832,30.17,28.89
322,30.17,28.89
788,30.17,28.89
547,30.17,28.89
610,30.17,28.89
243,30.17,28.89
263,30.17,28.89
679,30.17,28.89
207,30.17,28.89
632,30.17,28.89
348,30.17,28.89
564,30.17,28.89
298,30.17,28.89
575,30.17,28.89
408,30.17,29.03
458,30.17,29.03
300,30.17,29.03
590,30.17,29.03
219,30.17,29.03
779,30.17,29.03
582,30.17,29.03
120,30.17,29.03
804,30.17,29.03
432,30.17,29.03
843,30.17,29.03
121,30.17,29.03
729,30.17,29.03
155,30.17,29.03
863,30.17,29.03
298,30.17,29.03
478,30.17,29.03
645,30.17,29.03
287,30.17,29.03
755,30.17,29.03
217,30.17,29.03
308,30.17,29.03
487,30.17,29.03
830,30.17,29.03
579,30.17,29.03
521,30.17,29.03
303,30.17,29.03
659,30.17,29.03
529,30.17,29.03
646,30.17,29.03
349,30.17,29.03
495,30.17,29.03
583,30.17,29.03
371,30.17,29.03
518,30.17,29.03
120,30.17,29.03
881,30.19,29.03
311,30.19,29.03
785,30.19,29.03
455,30.19,29.03
817,30.19,29.03
709,30.19,29.03
121,30.19,29.03
541,30.19,29.03
295,30.19,29.03
319,30.19,29.03
367,30.19,29.03
361,30.19,29.03
441,30.19,29.03
436,30.19,29.03
121,30.19,29.03
564,30.19,29.03
300,30.19,29.03
741,30.19,29.03
471,30.19,29.03
752,30.19,29.03
601,30.19,29.03
481,30.19,29.03
684,30.19,29.03
482,30.19,29.03
840,30.19,28.85
214,30.19,28.85
666,30.19,28.85
121,30.19,28.85
565,30.19,28.85
694,30.19,28.85
143,30.19,28.85
791,30.19,28.85
688,30.19,28.85
345,30.19,28.85
701,30.19,28.85
596,30.19,28.85
587,30.19,28.85
869,30.19,28.85
119,30.19,28.85
713,30.19,28.85
493,30.19,28.85
549,30.19,28.85
199,30.19,28.85
693,30.19,28.85
372,30.19,28.85
511,30.19,28.85
620,30.19,28.85
477,30.19,28.85
731,30.19,28.85
290,30.19,28.85
830,30.19,28.85
303,30.19,28.85
683,30.19,28.85
654,30.19,28.85
509,30.19,28.85
580,30.19,28.85
384,30.19,28.85
407,30.19,28.85
671,30.19,28.85
390,30.19,28.85
558,30.21,28.85
656,30.21,28.85
511,30.21,28.85
356,30.21,28.85
395,30.21,28.85
698,30.21,28.85
234,30.21,28.85
547,30.21,28.85
413,30.21,28.85
737,30.21,28.85
363,30.21,28.85
511,30.21,28.85
883,30.21,28.85
120,30.21,28.85
793,30.21,28.85
541,30.21,28.85
521,30.21,28.85
183,30.21,28.85
557,30.21,28.85
605,30.21,28.85
478,30.21,28.85
177,30.21,28.85
882,30.21,28.85
446,30.21,28.85
483,30.21,28.85
565,30.21,28.85
356,30.21,28.85
365,30.21,28.85
258,30.21,28.85
735,30.21,28.85
122,30.21,28.85
801,30.21,28.85
350,30.21,28.85
884,30.21,28.85
168,30.21,28.85
294,30.21,28.85
618,30.21,28.85
492,30.21,28.85
288,30.21,28.85
433,30.21,28.85
423,30.21,28.85
548,30.21,28.85
565,30.21,28.85
582,30.21,28.85
676,30.21,28.85
205,30.21,28.85
565,30.21,28.85
750,30.21,28.85
648,30.21,28.85
142,30.21,28.85
883,30.21,28.85
258,30.21,28.85
420,30.21,28.85
550,30.21,28.85
358,30.21,28.85
689,30.21,28.85
497,30.21,28.85
630,30.21,28.85
579,30.21,28.85
574,30.21,28.85
729,30.21,28.85
653,30.21,28.85
425,30.21,28.85
660,30.21,28.85
493,30.21,28.85
691,30.21,28.85
334,30.21,28.85
849,30.21,28.85
814,30.21,28.85
383,30.21,28.85
643,30.21,28.85
597,30.21,28.85
647,30.21,28.85
394,30.21,28.85
639,30.21,28.85
197,30.21,28.85
380,30.21,28.85
645,30.21,28.85
507,30.21,28.85
609,30.21,28.85
537,30.21,28.85
650,30.21,28.85
322,30.21,28.85
559,30.21,28.75
620,30.21,28.75
532,30.21,28.75
590,30.21,28.75
450,30.21,28.75
229,30.21,28.75
713,30.21,28.75
491,30.21,28.75
457,30.21,28.75
790,30.21,28.75
527,30.21,28.75
434,30.21,28.75
409,30.21,28.75
691,30.21,28.75
176,30.21,28.75
883,30.21,28.75
396,30.21,28.75
571,30.21,28.75
599,30.21,28.75
251,30.21,28.75
725,30.21,28.75
221,30.21,28.75
471,30.21,28.75
356,30.21,28.75
556,30.21,28.75
448,30.21,28.75
604,30.21,28.75
280,30.21,28.75
604,30.21,28.75
198,30.21,28.75
781,30.21,28.75
119,30.21,28.75
876,30.21,28.75
363,30.21,28.75
590,30.21,28.75
552,30.21,28.75
121,30.21,28.75
754,30.21,28.75
119,30.21,28.75
682,30.21,28.75
120,30.21,28.75
501,30.21,28.75
280,30.21,28.75
599,30.21,28.75
487,30.21,28.75
877,30.21,28.75
292,30.21,28.75
699,30.21,28.75
437,30.21,28.75
641,30.21,28.75
496,30.21,28.75
434,30.21,28.75
531,30.21,28.75
513,30.21,28.75
869,30.21,28.75
119,30.21,28.75
882,30.21,28.75
256,30.21,28.75
776,30.21,28.75
119,30.21,28.75
726,30.21,28.77
514,30.21,28.77
690,30.21,28.77
720,30.21,28.77
445,30.21,28.77
633,30.21,28.77
424,30.21,28.77
715,30.21,28.77
550,30.21,28.77
822,30.21,28.77
119,30.21,28.77
882,30.21,28.77
120,30.21,28.77
759,30.21,28.77
215,30.21,28.77
479,30.21,28.77
503,30.21,28.77
541,30.21,28.77
509,30.21,28.77
179,30.21,28.77
683,30.21,28.77
320,30.21,28.77
882,30.21,28.77
119,30.21,28.77
611,30.21,28.77
858,30.21,28.77
584,30.21,28.77
382,30.21,28.77
601,30.21,28.77
127,30.21,28.77
706,30.21,28.77
237,30.21,28.77
492,30.21,28.77
782,30.21,28.77
277,30.21,28.77
598,30.19,28.77
468,30.19,28.77
708,30.19,28.77
508,30.19,28.77
883,30.19,28.77
127,30.19,28.77
462,30.19,28.77
546,30.19,28.77
475,30.19,28.77
433,30.19,28.77
673,30.19,28.77
483,30.19,28.77
243,30.19,28.77
491,30.19,28.77
495,30.19,28.77
445,30.19,28.77
338,30.19,28.77
613,30.19,28.77
125,30.19,28.77
775,30.19,28.77
218,30.19,28.77
781,30.19,28.77
706,30.19,28.77
121,30.19,28.77
623,30.19,28.77
433,30.19,28.77
465,30.19,28.77
225,30.19,28.77
813,30.19,28.77
331,30.19,28.77
739,30.19,28.77
223,30.19,28.77
235,30.19,28.77
769,30.19,28.77
590,30.19,28.77
496,30.19,28.77
621,30.19,28.77
382,30.19,28.77
575,30.19,28.77
494,30.19,28.77
139,30.19,28.77
798,30.19,28.77
297,30.19,28.77
860,30.19,28.77
124,30.19,28.77
882,30.19,28.77
582,30.19,28.77
466,30.19,28.77
556,30.19,28.77
572,30.19,28.77
606,30.19,28.77
386,30.19,28.77
883,30.19,28.77
432,30.19,28.77
507,30.19,28.77
561,30.19,28.77
497,30.19,28.77
702,30.19,28.77
636,30.19,28.77
