714,30.77,29.35
587,30.77,29.35
605,30.77,29.35
121,30.77,29.35
710,30.77,29.35
453,30.77,29.35
712,30.77,29.35
390,30.77,29.35
740,30.77,29.35
223,30.77,29.35
220,30.77,29.35
610,30.77,29.35
400,30.77,29.35
757,30.77,29.35
509,30.77,29.35
638,30.77,29.35
441,30.77,29.35
538,30.77,29.35
582,30.77,29.35
621,30.77,29.35
264,30.77,29.35
529,30.77,29.35
476,30.77,29.35
382,30.77,29.55
244,30.77,29.55
383,30.77,29.55
505,30.77,29.55
183,30.77,29.55
546,30.77,29.55
123,30.77,29.55
880,30.77,29.55
146,30.77,29.55
702,30.77,29.55
197,30.77,29.55
556,30.77,29.55
484,30.77,29.55
494,30.77,29.55
752,30.77,29.55
307,30.77,29.55
476,30.77,29.55
379,30.77,29.55
572,30.77,29.55
558,30.77,29.55
543,30.77,29.55
120,30.77,29.55
724,30.77,29.55
492,30.77,29.55
566,30.77,29.55
239,30.77,29.55
729,30.77,29.55
413,30.77,29.55
580,30.77,29.55
526,30.77,29.55
248,30.77,29.55
700,30.77,29.55
188,30.77,29.55
568,30.77,29.55
185,30.77,29.55
528,30.77,29.55
547,30.77,29.55
408,30.77,29.55
544,30.77,29.55
550,30.77,29.55
194,30.77,29.55
622,30.77,29.55
389,30.77,29.55
715,30.77,29.55
391,30.77,29.55
352,30.77,29.55
665,30.77,29.55
532,30.77,29.55
765,30.77,29.55
285,30.77,29.55
876,30.77,29.55
121,30.77,29.55
704,30.77,29.55
326,30.77,29.55
369,30.77,29.55
797,30.77,29.55
529,30.77,29.55
825,30.77,29.55
489,30.77,29.55
411,30.77,29.55
609,30.77,29.45
730,30.77,29.45
340,30.77,29.45
840,30.77,29.45
471,30.77,29.45
702,30.77,29.45
224,30.77,29.45
601,30.77,29.45
461,30.77,29.45
450,30.77,29.45
474,30.77,29.45
490,30.77,29.45
647,30.77,29.45
192,30.77,29.45
805,30.77,29.45
521,30.77,29.45
821,30.77,29.45
188,30.77,29.45
704,30.77,29.45
668,30.77,29.45
308,30.77,29.45
494,30.77,29.45
449,30.77,29.45
462,30.77,29.45
549,30.77,29.45
577,30.77,29.45
430,30.77,29.45
511,30.77,29.45
332,30.77,29.45
625,30.77,29.45
474,30.77,29.45
426,30.77,29.45
325,30.77,29.45
570,30.77,29.45
210,30.77,29.45
616,30.77,29.45
733,30.77,29.45
484,30.77,29.45
626,30.77,29.45
475,30.77,29.45
514,30.77,29.45
143,30.77,29.45
536,30.77,29.45
670,30.77,29.45
369,30.77,29.45
366,30.77,29.45
882,30.77,29.45
347,30.77,29.45
747,30.77,29.45
407,30.77,29.45
633,30.77,29.45
716,30.77,29.45
262,30.77,29.45
486,30.77,29.45
187,30.77,29.45
803,30.77,29.45
347,30.77,29.45
865,30.77,29.45
168,30.77,29.45
747,30.77,29.31
414,30.77,29.31
422,30.77,29.31
498,30.77,29.31
436,30.77,29.31
323,30.77,29.31
388,30.77,29.31
506,30.77,29.31
503,30.77,29.31
633,30.77,29.31
386,30.77,29.31
875,30.77,29.31
231,30.77,29.31
884,30.77,29.31
118,30.77,29.31
833,30.77,29.31
135,30.77,29.31
843,30.77,29.31
297,30.77,29.31
604,30.77,29.31
763,30.77,29.31
366,30.77,29.31
631,30.77,29.31
461,30.77,29.31
676,30.77,29.31
542,30.77,29.31
448,30.77,29.31
459,30.77,29.31
765,30.77,29.31
426,30.77,29.31
772,30.77,29.31
349,30.77,29.31
481,30.77,29.31
356,30.77,29.31
335,30.77,29.31
374,30.77,29.31
417,30.77,29.31
782,30.77,29.31
118,30.77,29.31
708,30.77,29.31
119,30.77,29.31
606,30.77,29.31
260,30.77,29.31
428,30.77,29.31
582,30.77,29.31
598,30.77,29.31
494,30.77,29.31
676,30.77,29.31
118,30.77,29.31
380,30.77,29.31
737,30.77,29.31
460,30.77,29.31
548,30.77,29.31
501,30.77,29.31
546,30.77,29.31
117,30.77,29.31
883,30.77,29.31
153,30.77,29.31
613,30.77,29.31
613,30.77,29.31
883,30.77,29.29
487,30.77,29.29
210,30.77,29.29
719,30.77,29.29
398,30.77,29.29
786,30.77,29.29
376,30.77,29.29
572,30.77,29.29
363,30.77,29.29
525,30.77,29.29
441,30.77,29.29
636,30.77,29.29
120,30.77,29.29
884,30.77,29.29
388,30.77,29.29
881,30.77,29.29
418,30.77,29.29
366,30.77,29.29
884,30.77,29.29
474,30.77,29.29
811,30.77,29.29
414,30.77,29.29
571,30.77,29.29
506,30.77,29.29
881,30.77,29.29
427,30.77,29.29
337,30.77,29.29
727,30.77,29.29
433,30.77,29.29
549,30.77,29.29
663,30.77,29.29
477,30.77,29.29
828,30.77,29.29
477,30.77,29.29
700,30.77,29.29
787,30.77,29.29
422,30.79,29.29
420,30.79,29.29
691,30.79,29.29
757,30.79,29.29
619,30.79,29.29
481,30.79,29.29
805,30.79,29.29
422,30.79,29.29
782,30.79,29.29
578,30.79,29.29
483,30.79,29.29
183,30.79,29.29
800,30.79,29.29
489,30.79,29.29
533,30.79,29.29
579,30.79,29.29
630,30.79,29.29
627,30.79,29.29
337,30.79,29.29
298,30.79,29.29
462,30.79,29.29
323,30.79,29.29
487,30.79,29.29
616,30.79,29.29
123,30.79,29.51
884,30.79,29.51
209,30.79,29.51
753,30.79,29.51
301,30.79,29.51
274,30.79,29.51
392,30.79,29.51
338,30.79,29.51
496,30.79,29.51
285,30.79,29.51
877,30.79,29.51
260,30.79,29.51
670,30.79,29.51
666,30.79,29.51
558,30.79,29.51
395,30.79,29.51
708,30.79,29.51
426,30.79,29.51
541,30.79,29.51
171,30.79,29.51
761,30.79,29.51
465,30.79,29.51
430,30.79,29.51
837,30.79,29.51
306,30.79,29.51
639,30.79,29.51
177,30.79,29.51
843,30.79,29.51
668,30.79,29.51
535,30.79,29.51
478,30.79,29.51
744,30.79,29.51
587,30.79,29.51
483,30.79,29.51
632,30.79,29.51
284,30.79,29.51
328,30.79,29.51
640,30.79,29.51
677,30.79,29.51
576,30.79,29.51
666,30.79,29.51
512,30.79,29.51
699,30.79,29.51
284,30.79,29.51
844,30.79,29.51
396,30.79,29.51
729,30.79,29.51
437,30.79,29.51
432,30.79,29.51
741,30.79,29.51
408,30.79,29.51
835,30.79,29.51
386,30.79,29.51
763,30.79,29.51
288,30.79,29.51
529,30.79,29.51
456,30.79,29.51
531,30.79,29.51
457,30.79,29.51
771,30.79,29.43
440,30.79,29.43
468,30.79,29.43
722,30.79,29.43
828,30.79,29.43
441,30.79,29.43
676,30.79,29.43
522,30.79,29.43
337,30.79,29.43
688,30.79,29.43
372,30.79,29.43
883,30.79,29.43
542,30.79,29.43
520,30.79,29.43
556,30.79,29.43
326,30.79,29.43
618,30.79,29.43
391,30.79,29.43
487,30.79,29.43
317,30.79,29.43
670,30.79,29.43
522,30.79,29.43
598,30.79,29.43
451,30.79,29.43
494,30.79,29.43
128,30.79,29.43
707,30.79,29.43
340,30.79,29.43
732,30.79,29.43
229,30.79,29.43
442,30.79,29.43
416,30.79,29.43
326,30.79,29.43
641,30.79,29.43
561,30.79,29.43
687,30.79,29.43
303,30.79,29.43
774,30.79,29.43
311,30.79,29.43
386,30.79,29.43
526,30.79,29.43
327,30.79,29.43
364,30.79,29.43
442,30.79,29.43
300,30.79,29.43
782,30.79,29.43
162,30.79,29.43
688,30.79,29.43
624,30.79,29.43
406,30.79,29.43
566,30.79,29.43
489,30.79,29.43
884,30.79,29.43
378,30.79,29.43
378,30.79,29.43
425,30.79,29.43
739,30.79,29.43
385,30.79,29.43
493,30.79,29.43
443,30.79,29.43
591,30.79,29.55
496,30.79,29.55
620,30.79,29.55
543,30.79,29.55
526,30.79,29.55
659,30.79,29.55
420,30.79,29.55
680,30.79,29.55
340,30.79,29.55
884,30.79,29.55
308,30.79,29.55
603,30.79,29.55
363,30.79,29.55
499,30.79,29.55
620,30.79,29.55
364,30.79,29.55
884,30.79,29.55
408,30.79,29.55
520,30.79,29.55
492,30.79,29.55
612,30.79,29.55
590,30.79,29.55
764,30.79,29.55
475,30.79,29.55
732,30.79,29.55
376,30.79,29.55
585,30.79,29.55
604,30.79,29.55
502,30.79,29.55
496,30.79,29.55
645,30.79,29.55
677,30.79,29.55
262,30.79,29.55
884,30.79,29.55
148,30.79,29.55
735,30.79,29.55
415,30.77,29.55
618,30.77,29.55
