135,29.89,28.47
560,29.89,28.47
131,29.89,28.47
334,29.89,28.47
123,29.89,28.47
882,29.89,28.47
731,29.89,28.47
437,29.89,28.47
160,29.89,28.47
790,29.89,28.71
127,29.89,28.71
417,29.89,28.71
468,29.89,28.71
246,29.89,28.71
581,29.89,28.71
212,29.89,28.71
865,29.89,28.71
280,29.89,28.71
543,29.89,28.71
189,29.89,28.71
285,29.89,28.71
396,29.89,28.71
426,29.89,28.71
500,29.89,28.71
416,29.89,28.71
531,29.89,28.71
388,29.89,28.71
438,29.89,28.71
349,29.89,28.71
505,29.89,28.71
406,29.89,28.71
627,29.89,28.71
254,29.89,28.71
726,29.89,28.71
151,29.89,28.71
783,29.89,28.71
361,29.89,28.71
383,29.89,28.71
534,29.89,28.71
294,29.89,28.71
595,29.89,28.71
510,29.89,28.71
293,29.89,28.71
642,29.89,28.71
805,29.89,28.71
462,29.87,28.71
342,29.87,28.71
746,29.87,28.71
701,29.87,28.71
395,29.87,28.71
612,29.87,28.71
220,29.87,28.71
601,29.87,28.71
615,29.87,28.71
346,29.87,28.71
803,29.87,28.71
290,29.87,28.71
689,29.87,28.71
296,29.87,28.71
603,29.87,28.71
498,29.87,28.71
620,29.87,28.71
488,29.87,28.71
606,29.87,28.71
677,29.87,28.71
532,29.87,28.71
615,29.87,28.71
141,29.87,28.71
767,29.87,28.43
500,29.87,28.43
491,29.87,28.43
412,29.87,28.43
746,29.87,28.43
668,29.87,28.43
625,29.87,28.43
553,29.87,28.43
698,29.87,28.43
596,29.87,28.43
556,29.87,28.43
494,29.87,28.43
279,29.87,28.43
883,29.87,28.43
318,29.87,28.43
685,29.87,28.43
500,29.87,28.43
415,29.87,28.43
600,29.87,28.43
614,29.87,28.43
314,29.87,28.43
582,29.87,28.43
622,29.87,28.43
184,29.87,28.43
807,29.87,28.43
648,29.87,28.43
428,29.87,28.43
479,29.87,28.43
638,29.87,28.43
454,29.87,28.43
648,29.87,28.43
120,29.87,28.43
764,29.87,28.43
564,29.87,28.43
384,29.87,28.43
577,29.87,28.43
445,29.85,28.43
484,29.85,28.43
399,29.85,28.43
746,29.85,28.43
122,29.85,28.43
689,29.85,28.43
401,29.85,28.43
718,29.85,28.43
309,29.85,28.43
472,29.85,28.43
709,29.85,28.43
462,29.85,28.43
273,29.85,28.43
781,29.85,28.43
328,29.85,28.43
412,29.85,28.43
284,29.85,28.43
550,29.85,28.43
675,29.85,28.43
120,29.85,28.43
883,29.85,28.43
121,29.85,28.43
538,29.85,28.43
120,29.85,28.43
780,29.85,28.39
451,29.85,28.39
307,29.85,28.39
614,29.85,28.39
659,29.85,28.39
622,29.85,28.39
229,29.85,28.39
567,29.85,28.39
448,29.85,28.39
349,29.85,28.39
559,29.85,28.39
342,29.85,28.39
270,29.85,28.39
807,29.85,28.39
532,29.85,28.39
776,29.85,28.39
161,29.85,28.39
717,29.85,28.39
656,29.85,28.39
351,29.85,28.39
663,29.85,28.39
393,29.85,28.39
715,29.85,28.39
485,29.85,28.39
407,29.85,28.39
477,29.85,28.39
248,29.85,28.39
407,29.85,28.39
622,29.85,28.39
465,29.85,28.39
360,29.85,28.39
525,29.85,28.39
683,29.85,28.39
309,29.85,28.39
650,29.85,28.39
595,29.85,28.39
230,29.85,28.39
728,29.85,28.39
701,29.85,28.39
457,29.85,28.39
332,29.85,28.39
509,29.85,28.39
836,29.85,28.39
544,29.85,28.39
565,29.85,28.39
516,29.85,28.39
450,29.85,28.39
460,29.85,28.39
361,29.85,28.39
571,29.85,28.39
446,29.85,28.39
435,29.85,28.39
615,29.85,28.39
214,29.85,28.39
480,29.85,28.39
408,29.85,28.39
738,29.85,28.39
238,29.85,28.39
311,29.85,28.39
646,29.85,28.47
238,29.85,28.47
650,29.85,28.47
161,29.85,28.47
883,29.85,28.47
119,29.85,28.47
508,29.85,28.47
503,29.85,28.47
368,29.85,28.47
373,29.85,28.47
457,29.85,28.47
525,29.85,28.47
561,29.85,28.47
442,29.85,28.47
602,29.85,28.47
555,29.85,28.47
305,29.85,28.47
498,29.85,28.47
188,29.85,28.47
296,29.85,28.47
119,33.59,28.47
859,29.85,28.47
247,29.85,28.47
533,29.85,28.47
587,29.85,28.47
168,29.85,28.47
739,29.85,28.47
120,29.85,28.47
888,29.85,28.47
312,29.85,28.47
431,29.85,28.47
653,29.85,28.47
734,29.85,28.47
398,29.85,28.47
649,29.85,28.47
284,29.85,28.47
554,29.83,28.47
496,29.83,28.47
462,29.83,28.47
377,29.83,28.47
582,29.83,28.47
555,29.83,28.47
659,29.83,28.47
726,29.83,28.47
122,29.83,28.47
865,29.83,28.47
461,29.83,28.47
882,29.83,28.47
282,29.83,28.47
531,29.83,28.47
836,29.83,28.47
306,29.83,28.47
865,29.83,28.47
522,29.83,28.47
469,29.83,28.47
334,29.83,28.47
559,29.83,28.47
405,29.83,28.47
482,29.83,28.47
503,29.83,28.47
781,29.83,28.33
455,29.83,28.33
602,29.83,28.33
309,29.83,28.33
514,29.83,28.33
571,29.83,28.33
673,29.83,28.33
752,29.83,28.33
221,29.83,28.33
709,29.83,28.33
256,29.83,28.33
883,29.83,28.33
120,29.83,28.33
675,29.83,28.33
528,29.83,28.33
545,29.83,28.33
410,29.83,28.33
808,29.83,28.33
462,29.83,28.33
411,29.83,28.33
426,29.83,28.33
467,29.83,28.33
624,29.83,28.33
257,29.83,28.33
586,29.83,28.33
511,29.83,28.33
397,29.83,28.33
327,29.83,28.33
880,29.83,28.33
162,29.83,28.33
635,29.83,28.33
561,29.83,28.33
260,29.83,28.33
755,29.83,28.33
288,29.83,28.33
612,29.83,28.33
342,29.85,28.33
653,29.85,28.33
554,29.85,28.33
762,29.85,28.33
722,29.85,28.33
545,29.85,28.33
374,29.85,28.33
628,29.85,28.33
417,29.85,28.33
332,29.85,28.33
344,29.85,28.33
549,29.85,28.33
447,29.85,28.33
285,29.85,28.33
754,29.85,28.33
153,29.85,28.33
719,29.85,28.33
413,29.85,28.33
552,29.85,28.33
472,29.85,28.33
318,29.85,28.33
794,29.85,28.33
374,29.85,28.33
464,29.85,28.33
489,29.85,28.43
426,29.85,28.43
639,29.85,28.43
451,29.85,28.43
596,29.85,28.43
658,29.85,28.43
412,29.85,28.43
452,29.85,28.43
522,29.85,28.43
855,29.85,28.43
444,29.85,28.43
589,29.85,28.43
379,29.85,28.43
295,29.85,28.43
466,29.85,28.43
205,29.85,28.43
700,29.85,28.43
218,29.85,28.43
642,29.85,28.43
446,29.85,28.43
535,29.85,28.43
661,29.85,28.43
205,29.85,28.43
640,29.85,28.43
476,29.85,28.43
539,29.85,28.43
714,29.85,28.43
632,29.85,28.43
529,29.85,28.43
845,29.85,28.43
799,29.85,28.43
606,29.85,28.43
500,29.85,28.43
664,29.85,28.43
124,29.85,28.43
854,29.85,28.43
176,29.83,28.43
611,29.83,28.43
443,29.83,28.43
298,29.83,28.43
853,29.83,28.43
175,29.83,28.43
854,29.83,28.43
299,29.83,28.43
723,29.83,28.43
338,29.83,28.43
559,29.83,28.43
650,29.83,28.43
882,29.83,28.43
356,29.83,28.43
791,29.83,28.43
583,29.83,28.43
618,29.83,28.43
120,29.83,28.43
359,29.83,28.43
656,29.83,28.43
320,29.83,28.43
709,29.83,28.43
133,29.83,28.43
842,29.83,28.45
119,29.83,28.45
641,29.83,28.45
765,29.83,28.45
372,29.83,28.45
542,29.83,28.45
390,29.83,28.45
628,29.83,28.45
406,29.83,28.45
478,29.83,28.45
441,29.83,28.45
549,29.83,28.45
165,29.83,28.45
882,29.83,28.45
338,29.83,28.45
499,29.83,28.45
133,29.83,28.45
646,29.83,28.45
235,29.83,28.45
462,29.83,28.45
580,29.83,28.45
346,29.83,28.45
491,29.83,28.45
435,29.83,28.45
870,29.83,28.45
173,29.83,28.45
537,29.83,28.45
519,29.83,28.45
388,29.83,28.45
425,29.83,28.45
512,29.83,28.45
261,29.83,28.45
736,29.83,28.45
317,29.83,28.45
803,29.83,28.45
211,29.83,28.45
456,29.85,28.45
526,29.85,28.45
380,29.85,28.45
478,29.85,28.45
157,29.85,28.45
703,29.85,28.45
430,29.85,28.45
600,29.85,28.45
151,29.85,28.45
446,29.85,28.45
321,29.85,28.45
384,29.85,28.45
750,29.85,28.45
337,29.85,28.45
418,29.85,28.45
580,29.85,28.45
425,29.85,28.45
