647,30.69,29.35
119,30.69,29.35
630,30.69,29.35
122,30.69,29.35
348,30.69,29.35
540,30.69,29.35
449,30.69,29.35
643,30.69,29.35
587,30.69,29.35
361,30.69,29.35
681,30.69,29.35
491,30.69,29.31
505,30.69,29.31
761,30.69,29.31
661,30.69,29.31
397,30.69,29.31
606,30.69,29.31
670,30.69,29.31
160,30.69,29.31
540,30.69,29.31
600,30.69,29.31
585,30.69,29.31
606,30.69,29.31
164,30.69,29.31
864,30.69,29.31
268,30.69,29.31
570,30.69,29.31
437,30.69,29.31
341,30.69,29.31
684,30.69,29.31
384,30.69,29.31
471,30.69,29.31
630,30.69,29.31
436,30.69,29.31
683,30.69,29.31
693,30.69,29.31
774,30.69,29.31
435,30.69,29.31
514,30.69,29.31
651,30.69,29.31
349,30.69,29.31
812,30.69,29.31
511,30.69,29.31
683,30.69,29.31
577,30.69,29.31
309,30.69,29.31
490,30.69,29.31
358,30.71,29.31
788,30.71,29.31
323,30.71,29.31
883,30.71,29.31
245,30.71,29.31
720,30.71,29.31
692,30.71,29.31
387,30.71,29.31
653,30.71,29.31
422,30.71,29.31
290,30.71,29.31
632,30.71,29.31
665,30.71,29.31
389,30.71,29.31
453,30.71,29.31
430,30.71,29.31
410,30.71,29.31
121,30.71,29.31
846,30.71,29.31
118,30.71,29.31
694,30.71,29.31
119,30.71,29.31
535,30.71,29.31
329,30.71,29.43
437,30.71,29.43
624,30.71,29.43
405,30.71,29.43
458,30.71,29.43
251,30.71,29.43
447,30.71,29.43
386,30.71,29.43
590,30.71,29.43
299,30.71,29.43
731,30.71,29.43
185,30.71,29.43
458,30.71,29.43
118,30.71,29.43
592,30.71,29.43
121,30.71,29.43
875,30.71,29.43
277,30.71,29.43
261,30.71,29.43
750,30.71,29.43
400,30.71,29.43
496,30.71,29.43
330,30.71,29.43
779,30.71,29.43
412,30.71,29.43
530,30.71,29.43
356,30.71,29.43
740,30.71,29.43
209,30.71,29.43
768,30.71,29.43
335,30.71,29.43
758,30.71,29.43
497,30.71,29.43
385,30.71,29.43
858,30.71,29.43
479,30.71,29.43
590,30.71,29.43
318,30.71,29.43
883,30.71,29.43
203,30.71,29.43
577,30.71,29.43
422,30.71,29.43
353,30.71,29.43
610,30.71,29.43
411,30.71,29.43
563,30.71,29.43
604,30.71,29.43
419,30.71,29.43
655,30.71,29.43
625,30.71,29.43
683,30.71,29.43
608,30.71,29.43
369,30.71,29.43
650,30.71,29.43
266,30.71,29.43
883,30.71,29.43
392,30.71,29.43
540,30.71,29.43
424,30.71,29.43
829,30.71,29.43
393,30.71,29.29
583,30.71,29.29
652,30.71,29.29
243,30.71,29.29
576,30.71,29.29
385,30.71,29.29
552,30.71,29.29
396,30.71,29.29
670,30.71,29.29
617,30.71,29.29
643,30.71,29.29
297,30.71,29.29
554,30.71,29.29
416,30.71,29.29
370,30.71,29.29
649,30.71,29.29
213,30.71,29.29
475,30.71,29.29
432,30.71,29.29
855,30.71,29.29
267,30.71,29.29
703,30.71,29.29
315,30.71,29.29
482,30.71,29.29
567,30.71,29.29
119,30.71,29.29
763,30.71,29.29
120,30.71,29.29
883,30.71,29.29
118,30.71,29.29
416,30.71,29.29
639,30.71,29.29
299,30.71,29.29
507,30.71,29.29
685,30.71,29.29
118,30.71,29.29
611,30.71,29.29
424,30.71,29.29
514,30.71,29.29
710,30.71,29.29
533,30.71,29.29
793,30.71,29.29
488,30.71,29.29
882,30.71,29.29
206,30.71,29.29
762,30.71,29.29
581,30.71,29.29
769,30.71,29.29
572,30.71,29.29
507,30.71,29.29
607,30.71,29.29
121,30.71,29.29
492,30.71,29.29
128,30.71,29.29
684,30.71,29.29
526,30.71,29.29
460,30.71,29.29
443,30.71,29.29
883,30.71,29.29
119,30.71,29.29
884,30.71,29.29
371,30.71,29.29
672,30.71,29.29
699,30.71,29.29
725,30.71,29.29
127,30.71,29.29
360,30.71,29.29
834,30.71,29.29
240,30.71,29.29
573,30.71,29.29
454,30.71,29.29
774,30.71,29.29
205,30.71,29.29
380,30.71,29.29
510,30.71,29.29
658,30.71,29.29
196,30.71,29.29
811,30.71,29.29
438,30.71,29.29
615,30.71,29.29
178,30.71,29.29
658,30.71,29.29
637,30.71,29.29
149,30.71,29.29
826,30.71,29.29
187,30.71,29.29
597,30.71,29.29
266,30.71,29.29
882,30.71,29.29
118,30.71,29.29
160,30.71,29.29
377,30.71,29.29
388,30.71,29.29
605,30.71,29.29
532,30.71,29.29
508,30.71,29.29
645,30.71,29.29
303,30.71,29.29
444,30.71,29.29
764,30.71,29.29
311,30.71,29.29
299,30.71,29.29
181,30.71,29.29
609,30.71,29.29
177,30.71,29.29
497,30.71,29.29
748,30.71,29.29
399,30.71,29.29
242,30.71,29.29
235,30.71,29.29
543,30.71,29.29
233,30.71,29.29
792,30.71,29.29
396,30.71,29.29
684,30.71,29.29
608,30.71,29.29
601,30.71,29.29
832,30.71,29.29
313,30.71,29.29
341,30.71,29.45
739,30.71,29.45
299,30.71,29.45
433,30.71,29.45
655,30.71,29.45
446,30.71,29.45
471,30.71,29.45
455,30.71,29.45
850,30.71,29.45
253,30.71,29.45
648,30.71,29.45
779,30.71,29.45
584,30.71,29.45
226,30.71,29.45
519,30.71,29.45
585,30.71,29.45
448,30.71,29.45
564,30.71,29.45
548,30.71,29.45
434,30.71,29.45
476,30.71,29.45
550,30.71,29.45
699,30.71,29.45
505,30.71,29.45
332,30.71,29.45
746,30.71,29.45
311,30.71,29.45
524,30.71,29.45
651,30.71,29.45
342,30.71,29.45
879,30.71,29.45
124,30.71,29.45
839,30.71,29.45
599,30.71,29.45
705,30.71,29.45
177,30.71,29.45
792,30.69,29.45
163,30.69,29.45
396,30.69,29.45
773,30.69,29.45
398,30.69,29.45
518,30.69,29.45
587,30.69,29.45
586,30.69,29.45
576,30.69,29.45
715,30.69,29.45
300,30.69,29.45
859,30.69,29.45
357,30.69,29.45
621,30.69,29.45
351,30.69,29.45
719,30.69,29.45
457,30.69,29.45
616,30.69,29.45
440,30.69,29.45
178,30.69,29.45
884,30.69,29.45
117,30.69,29.45
705,30.69,29.45
218,30.69,29.45
872,30.69,29.31
345,30.69,29.31
616,30.69,29.31
524,30.69,29.31
677,30.69,29.31
396,30.69,29.31
363,30.69,29.31
427,30.69,29.31
303,30.69,29.31
256,30.69,29.31
609,30.69,29.31
181,30.69,29.31
242,30.69,29.31
736,30.69,29.31
435,30.69,29.31
723,30.69,29.31
122,30.69,29.31
726,30.69,29.31
574,30.69,29.31
461,30.69,29.31
655,30.69,29.31
541,30.69,29.31
816,30.69,29.31
348,30.69,29.31
652,30.69,29.31
228,30.69,29.31
379,30.69,29.31
580,30.69,29.31
548,30.69,29.31
499,30.69,29.31
463,30.69,29.31
262,30.69,29.31
786,30.69,29.31
196,30.69,29.31
754,30.69,29.31
580,30.69,29.31
259,30.71,29.31
672,30.71,29.31
285,30.71,29.31
628,30.71,29.31
339,30.71,29.31
883,30.71,29.31
209,30.71,29.31
739,30.71,29.31
552,30.71,29.31
434,30.71,29.31
489,30.71,29.31
429,30.71,29.31
424,30.71,29.31
687,30.71,29.31
247,30.71,29.31
708,30.71,29.31
576,30.71,29.31
519,30.71,29.31
703,30.71,29.31
293,30.71,29.31
818,30.71,29.31
283,30.71,29.31
543,30.71,29.31
591,30.71,29.49
471,30.71,29.49
488,30.71,29.49
752,30.71,29.49
443,30.71,29.49
292,30.71,29.49
753,30.71,29.49
232,30.71,29.49
705,30.71,29.49
552,30.71,29.49
670,30.71,29.49
658,30.71,29.49
501,30.71,29.49
118,30.71,29.49
680,30.71,29.49
381,30.71,29.49
458,30.71,29.49
165,30.71,29.49
782,30.71,29.49
118,30.71,29.49
333,30.71,29.49
757,30.71,29.49
373,30.71,29.49
448,30.71,29.49
477,30.71,29.49
460,30.71,29.49
252,30.71,29.49
426,30.71,29.49
697,30.71,29.49
332,30.71,29.49
281,30.71,29.49
683,30.71,29.49
615,30.71,29.49
234,30.71,29.49
184,30.71,29.49
629,30.71,29.49
355,30.71,29.49
120,30.69,29.49
703,30.69,29.49
340,30.69,29.49
647,30.69,29.49
419,30.69,29.49
684,30.69,29.49
537,30.69,29.49
442,30.69,29.49
615,30.69,29.49
474,30.69,29.49
678,30.69,29.49
558,30.69,29.49
581,30.69,29.49
402,30.69,29.49
