501,29.85,28.59
753,29.85,28.59
118,29.85,28.59
877,29.85,28.59
126,29.85,28.59
819,29.85,28.59
620,29.85,28.59
803,29.85,28.59
336,29.85,28.59
308,29.83,28.59
567,29.83,28.59
480,29.83,28.59
883,29.83,28.59
424,29.83,28.59
761,29.83,28.59
753,29.83,28.59
559,29.83,28.59
361,29.83,28.59
744,29.83,28.59
229,29.83,28.59
815,29.83,28.59
571,29.83,28.59
804,29.83,28.59
589,29.83,28.59
339,29.83,28.59
762,29.83,28.59
173,29.83,28.59
774,29.83,28.59
670,29.83,28.59
611,29.83,28.59
296,29.83,28.59
754,29.83,28.59
349,29.83,28.59
488,29.83,28.39
814,29.83,28.39
420,29.83,28.39
882,29.83,28.39
195,29.83,28.39
515,29.83,28.39
735,29.83,28.39
798,29.83,28.39
273,29.83,28.39
767,29.83,28.39
274,29.83,28.39
567,29.83,28.39
370,29.83,28.39
626,29.83,28.39
535,29.83,28.39
304,29.83,28.39
607,29.83,28.39
119,29.83,28.39
869,29.83,28.39
144,29.83,28.39
883,29.83,28.39
396,29.83,28.39
599,29.83,28.39
352,29.83,28.39
376,29.83,28.39
409,29.83,28.39
416,29.83,28.39
569,29.83,28.39
285,29.83,28.39
275,29.83,28.39
602,29.83,28.39
365,29.83,28.39
385,29.83,28.39
696,29.83,28.39
230,29.83,28.39
810,29.83,28.39
120,29.83,28.39
882,29.83,28.39
665,29.83,28.39
369,29.83,28.39
583,29.83,28.39
520,29.83,28.39
446,29.83,28.39
366,29.83,28.39
676,29.83,28.39
119,29.83,28.39
594,29.83,28.39
497,29.83,28.39
579,29.83,28.39
484,29.83,28.39
734,29.83,28.39
386,29.83,28.39
692,29.83,28.39
269,29.83,28.39
714,29.83,28.39
119,29.83,28.39
883,29.83,28.39
648,29.83,28.39
122,29.83,28.39
553,29.83,28.39
401,29.83,28.45
857,29.83,28.45
470,29.83,28.45
819,29.83,28.45
276,29.83,28.45
743,29.83,28.45
640,29.83,28.45
624,29.83,28.45
745,29.83,28.45
673,29.83,28.45
633,29.83,28.45
391,29.83,28.45
623,29.83,28.45
623,29.83,28.45
465,29.83,28.45
346,29.83,28.45
515,29.83,28.45
156,29.83,28.45
709,29.83,28.45
414,29.83,28.45
728,29.83,28.45
298,29.83,28.45
417,29.83,28.45
718,29.83,28.45
403,29.83,28.45
648,29.83,28.45
403,29.83,28.45
883,29.83,28.45
223,29.83,28.45
866,29.83,28.45
350,29.83,28.45
342,29.83,28.45
581,29.83,28.45
416,29.83,28.45
338,29.83,28.45
564,29.83,28.45
507,29.81,28.45
666,29.81,28.45
351,29.81,28.45
574,29.81,28.45
548,29.81,28.45
326,29.81,28.45
642,29.81,28.45
219,29.81,28.45
709,29.81,28.45
276,29.81,28.45
337,29.81,28.45
485,29.81,28.45
605,29.81,28.45
227,29.81,28.45
572,29.81,28.45
355,29.81,28.45
357,29.81,28.45
495,29.81,28.45
448,29.81,28.45
128,29.81,28.45
342,29.81,28.45
385,29.81,28.45
121,29.81,28.45
505,29.81,28.43
129,29.81,28.43
883,29.81,28.43
353,29.81,28.43
386,29.81,28.43
573,29.81,28.43
374,29.81,28.43
510,29.81,28.43
342,29.81,28.43
630,29.81,28.43
331,29.81,28.43
413,29.81,28.43
387,29.81,28.43
482,29.81,28.43
288,29.81,28.43
464,29.81,28.43
665,29.81,28.43
760,29.81,28.43
534,29.81,28.43
656,29.81,28.43
606,29.81,28.43
472,29.81,28.43
645,29.81,28.43
373,29.81,28.43
535,29.81,28.43
120,29.81,28.43
688,29.81,28.43
612,29.81,28.43
277,29.81,28.43
578,29.81,28.43
504,29.81,28.43
849,29.81,28.43
339,29.81,28.43
626,29.81,28.43
608,29.81,28.43
618,29.81,28.43
248,29.83,28.43
609,29.83,28.43
666,29.83,28.43
472,29.83,28.43
741,29.83,28.43
500,29.83,28.43
206,29.83,28.43
461,29.83,28.43
501,29.83,28.43
883,29.83,28.43
370,29.83,28.43
595,29.83,28.43
691,29.83,28.43
119,29.83,28.43
810,29.83,28.43
469,29.83,28.43
535,29.83,28.43
203,29.83,28.43
632,29.83,28.43
805,29.83,28.43
453,29.83,28.43
524,29.83,28.43
550,29.83,28.43
762,29.83,28.43
314,29.83,28.47
214,29.83,28.47
613,29.83,28.47
548,29.83,28.47
449,29.83,28.47
659,29.83,28.47
182,29.83,28.47
809,29.83,28.47
296,29.83,28.47
745,29.83,28.47
606,29.83,28.47
249,29.83,28.47
634,29.83,28.47
463,29.83,28.47
465,29.83,28.47
389,29.83,28.47
880,29.83,28.47
437,29.83,28.47
601,29.83,28.47
340,29.83,28.47
150,29.83,28.47
460,29.83,28.47
541,29.83,28.47
335,29.83,28.47
463,29.83,28.47
453,29.83,28.47
530,29.83,28.47
585,29.83,28.47
478,29.83,28.47
723,29.83,28.47
257,29.83,28.47
616,29.83,28.47
128,29.83,28.47
832,29.83,28.47
120,29.83,28.47
425,29.83,28.47
599,29.85,28.47
245,29.85,28.47
641,29.85,28.47
665,29.85,28.47
618,29.85,28.47
266,29.85,28.47
618,29.85,28.47
410,29.85,28.47
554,29.85,28.47
365,29.85,28.47
762,29.85,28.47
364,29.85,28.47
325,29.85,28.47
202,29.85,28.47
713,29.85,28.47
244,29.85,28.47
613,29.85,28.47
431,29.85,28.47
409,29.85,28.47
882,29.85,28.47
569,29.85,28.47
730,29.85,28.47
565,29.85,28.47
381,29.85,28.47
635,29.85,28.47
843,29.85,28.47
383,29.85,28.47
502,29.85,28.47
528,29.85,28.47
516,29.85,28.47
703,29.85,28.47
635,29.85,28.47
428,29.85,28.47
783,29.85,28.47
426,29.85,28.47
461,29.85,28.47
627,29.85,28.47
207,29.85,28.47
883,29.85,28.47
431,29.85,28.47
773,29.85,28.47
344,29.85,28.47
569,29.85,28.47
631,29.85,28.47
420,29.85,28.47
789,29.85,28.47
414,29.85,28.47
281,29.85,28.47
372,29.85,28.47
722,29.85,28.47
384,29.85,28.47
331,29.85,28.47
494,29.85,28.47
561,29.85,28.47
209,29.85,28.47
581,29.85,28.47
528,29.85,28.47
461,29.85,28.47
558,29.85,28.47
491,29.85,28.47
662,29.83,28.47
188,29.83,28.47
408,29.83,28.47
123,29.83,28.47
600,29.83,28.47
122,29.83,28.47
620,29.83,28.47
630,29.83,28.47
325,29.83,28.47
495,29.83,28.47
604,29.83,28.47
771,29.83,28.47
121,29.83,28.47
612,29.83,28.47
326,29.83,28.47
505,29.83,28.47
238,29.83,28.47
731,29.83,28.47
608,29.83,28.47
266,29.83,28.47
472,29.83,28.47
750,29.83,28.47
332,29.83,28.47
491,29.83,28.57
684,29.83,28.57
119,29.83,28.57
847,29.83,28.57
119,29.83,28.57
826,29.83,28.57
481,29.83,28.57
411,29.83,28.57
624,29.83,28.57
428,29.83,28.57
553,29.83,28.57
120,29.83,28.57
883,29.83,28.57
120,29.83,28.57
661,29.83,28.57
438,29.83,28.57
686,29.83,28.57
119,29.83,28.57
680,29.83,28.57
364,29.83,28.57
527,29.83,28.57
151,29.83,28.57
851,29.83,28.57
274,29.83,28.57
653,29.83,28.57
731,29.83,28.57
261,29.83,28.57
561,29.83,28.57
146,29.83,28.57
765,29.83,28.57
517,29.83,28.57
306,29.83,28.57
488,29.83,28.57
546,29.83,28.57
161,29.83,28.57
523,29.83,28.57
416,29.83,28.57
266,29.83,28.57
417,29.83,28.57
444,29.83,28.57
625,29.83,28.57
568,29.83,28.57
607,29.83,28.57
526,29.83,28.57
777,29.83,28.57
379,29.83,28.57
883,29.83,28.57
433,29.83,28.57
775,29.83,28.57
272,29.83,28.57
727,29.83,28.57
498,29.83,28.57
553,29.83,28.57
674,29.83,28.57
670,29.83,28.57
837,29.83,28.57
255,29.83,28.57
862,29.83,28.57
142,29.83,28.57
557,29.83,28.57
623,29.83,28.63
571,29.83,28.63
352,29.83,28.63
623,29.83,28.63
415,29.83,28.63
749,29.83,28.63
363,29.83,28.63
267,29.83,28.63
576,29.83,28.63
401,29.83,28.63
700,29.83,28.63
317,29.83,28.63
426,29.83,28.63
310,29.83,28.63
747,29.83,28.63
413,29.83,28.63
304,29.83,28.63
539,29.83,28.63
554,29.83,28.63
250,29.83,28.63
126,29.83,28.63
738,29.83,28.63
660,29.83,28.63
260,29.83,28.63
616,29.83,28.63
394,29.83,28.63
119,29.83,28.63
547,29.83,28.63
