169,30.57,29.19
878,30.57,29.19
122,30.57,29.19
549,30.57,29.19
552,30.57,29.19
882,30.57,29.19
741,30.57,29.19
384,30.57,29.19
833,30.57,29.19
477,30.57,29.19
697,30.57,29.19
633,30.57,29.19
519,30.57,29.19
508,30.57,29.19
696,30.57,29.19
336,30.57,29.19
628,30.57,29.19
393,30.57,29.19
589,30.57,29.19
324,30.57,29.19
626,30.57,29.19
512,30.57,29.19
767,30.57,29.19
722,30.57,29.19
333,30.57,29.19
723,30.57,29.19
680,30.57,29.19
806,30.57,29.19
394,30.57,29.19
731,30.57,29.19
685,30.57,29.19
486,30.57,29.19
620,30.57,29.19
683,30.61,29.19
317,30.61,29.19
873,30.61,29.19
204,30.61,29.19
574,30.61,29.19
528,30.61,29.19
405,30.61,29.19
824,30.61,29.19
245,30.61,29.19
756,30.61,29.19
380,30.61,29.19
677,30.61,29.19
118,30.61,29.19
791,30.61,29.19
596,30.61,29.19
774,30.61,29.19
426,30.61,29.19
482,30.61,29.19
671,30.61,29.19
423,30.61,29.19
586,30.61,29.19
401,30.61,29.19
209,30.61,29.19
556,30.61,29.31
530,30.61,29.31
118,30.61,29.31
734,30.61,29.31
257,30.61,29.31
829,30.61,29.31
363,30.61,29.31
403,30.61,29.31
480,30.61,29.31
362,30.61,29.31
413,30.61,29.31
372,30.61,29.31
483,30.61,29.31
276,30.61,29.31
611,30.61,29.31
559,30.61,29.31
550,30.61,29.31
361,30.61,29.31
496,30.61,29.31
686,30.61,29.31
524,30.61,29.31
348,30.61,29.31
769,30.61,29.31
246,30.61,29.31
531,30.61,29.31
543,30.61,29.31
398,30.61,29.31
379,30.61,29.31
346,30.61,29.31
668,30.61,29.31
537,30.61,29.31
373,30.61,29.31
392,30.61,29.31
628,30.61,29.31
432,30.61,29.31
721,30.61,29.31
294,30.57,29.31
732,30.57,29.31
481,30.57,29.31
420,30.57,29.31
532,30.57,29.31
639,30.57,29.31
549,30.57,29.31
690,30.57,29.31
494,30.57,29.31
233,30.57,29.31
642,30.57,29.31
302,30.57,29.31
360,30.57,29.31
547,30.57,29.31
388,30.57,29.31
601,30.57,29.31
302,30.57,29.31
750,30.57,29.31
326,30.57,29.31
333,30.57,29.31
411,30.57,29.31
572,30.57,29.31
678,30.57,29.31
598,30.57,29.31
516,30.57,29.11
419,30.57,29.11
310,30.57,29.11
515,30.57,29.11
431,30.57,29.11
602,30.57,29.11
482,30.57,29.11
455,30.57,29.11
711,30.57,29.11
119,30.57,29.11
858,30.57,29.11
431,30.57,29.11
687,30.57,29.11
450,30.57,29.11
193,30.57,29.11
741,30.57,29.11
123,30.57,29.11
598,30.57,29.11
497,30.57,29.11
329,30.57,29.11
380,30.57,29.11
397,30.57,29.11
344,30.57,29.11
396,30.57,29.11
122,30.57,29.11
626,30.57,29.11
346,30.57,29.11
701,30.57,29.11
452,30.57,29.11
605,30.57,29.11
571,30.57,29.11
525,30.57,29.11
651,30.57,29.11
299,30.57,29.11
745,30.57,29.11
166,30.57,29.11
628,30.55,29.11
121,30.55,29.11
600,30.55,29.11
194,30.55,29.11
562,30.55,29.11
637,30.55,29.11
827,30.55,29.11
513,30.55,29.11
735,30.55,29.11
508,30.55,29.11
254,30.55,29.11
173,30.55,29.11
773,30.55,29.11
640,30.55,29.11
334,30.55,29.11
883,30.55,29.11
209,30.55,29.11
819,30.55,29.11
148,30.55,29.11
557,30.55,29.11
131,30.55,29.11
411,30.55,29.11
452,30.55,29.11
654,30.55,29.39
860,30.55,29.39
449,30.55,29.39
851,30.55,29.39
335,30.55,29.39
413,30.55,29.39
636,30.55,29.39
786,30.55,29.39
195,30.55,29.39
564,30.55,29.39
184,30.55,29.39
800,30.55,29.39
508,30.55,29.39
605,30.55,29.39
547,30.55,29.39
359,30.55,29.39
678,30.55,29.39
497,30.55,29.39
884,30.55,29.39
233,30.55,29.39
716,30.55,29.39
427,30.55,29.39
329,30.55,29.39
526,30.55,29.39
728,30.55,29.39
683,30.55,29.39
562,30.55,29.39
436,30.55,29.39
858,30.55,29.39
502,30.55,29.39
502,30.55,29.39
415,30.55,29.39
380,30.55,29.39
374,30.55,29.39
308,30.55,29.39
624,30.55,29.39
474,30.57,29.39
706,30.57,29.39
491,30.57,29.39
440,30.57,29.39
656,30.57,29.39
298,30.57,29.39
883,30.57,29.39
429,30.57,29.39
599,30.57,29.39
341,30.57,29.39
516,30.57,29.39
273,30.57,29.39
485,30.57,29.39
169,30.57,29.39
396,30.57,29.39
522,30.57,29.39
503,30.57,29.39
358,30.57,29.39
120,30.57,29.39
402,30.57,29.39
644,30.57,29.39
606,30.57,29.39
225,30.57,29.39
663,30.57,29.39
145,30.57,29.23
543,30.57,29.23
173,30.57,29.23
381,30.57,29.23
640,30.57,29.23
243,30.57,29.23
564,30.57,29.23
510,30.57,29.23
407,30.57,29.23
327,30.57,29.23
714,30.57,29.23
407,30.57,29.23
568,30.57,29.23
425,30.57,29.23
774,30.57,29.23
278,30.57,29.23
615,30.57,29.23
356,30.57,29.23
646,30.57,29.23
471,30.57,29.23
568,30.57,29.23
464,30.57,29.23
121,30.57,29.23
801,30.57,29.23
272,30.57,29.23
711,30.57,29.23
429,30.57,29.23
657,30.57,29.23
427,30.57,29.23
840,30.57,29.23
722,30.57,29.23
664,30.57,29.23
419,30.57,29.23
489,30.57,29.23
461,30.57,29.23
499,30.57,29.23
603,30.57,29.23
491,30.57,29.23
474,30.57,29.23
366,30.57,29.23
871,30.57,29.23
124,30.57,29.23
698,30.57,29.23
164,30.57,29.23
824,30.57,29.23
564,30.57,29.23
327,30.57,29.23
858,30.57,29.23
344,30.57,29.23
649,30.57,29.23
213,30.57,29.23
597,30.57,29.23
480,30.57,29.23
530,30.57,29.23
543,30.57,29.23
883,30.57,29.23
168,30.57,29.23
720,30.57,29.23
334,30.57,29.23
764,30.57,29.19
271,30.57,29.19
637,30.57,29.19
587,30.57,29.19
316,30.57,29.19
551,30.57,29.19
278,30.57,29.19
845,30.57,29.19
119,30.57,29.19
885,30.57,29.19
217,30.57,29.19
418,30.57,29.19
212,30.57,29.19
670,30.57,29.19
367,30.57,29.19
482,30.57,29.19
763,30.57,29.19
625,30.57,29.19
357,30.57,29.19
399,30.57,29.19
883,30.57,29.19
217,30.57,29.19
460,30.57,29.19
512,30.57,29.19
819,30.57,29.19
118,30.57,29.19
869,30.57,29.19
191,30.57,29.19
433,30.57,29.19
449,30.57,29.19
332,30.57,29.19
553,30.57,29.19
120,30.57,29.19
509,30.57,29.19
366,30.57,29.19
871,30.57,29.19
239,30.57,29.19
601,30.57,29.19
555,30.57,29.19
260,30.57,29.19
607,30.57,29.19
880,30.57,29.19
324,30.57,29.19
485,30.57,29.19
537,30.57,29.19
777,30.57,29.19
323,30.57,29.19
610,30.57,29.19
659,30.57,29.19
120,30.57,29.19
762,30.57,29.19
265,30.57,29.19
701,30.57,29.19
357,30.57,29.19
665,30.57,29.19
850,30.57,29.19
565,30.57,29.19
666,30.57,29.19
368,30.57,29.19
727,30.57,29.19
473,30.57,29.25
244,30.57,29.25
542,30.57,29.25
816,30.57,29.25
209,30.57,29.25
880,30.57,29.25
317,30.57,29.25
482,30.57,29.25
682,30.57,29.25
596,30.57,29.25
191,30.57,29.25
544,30.57,29.25
768,30.57,29.25
195,30.57,29.25
602,30.57,29.25
311,30.57,29.25
744,30.57,29.25
430,30.57,29.25
345,30.57,29.25
502,30.57,29.25
475,30.57,29.25
335,30.57,29.25
451,30.57,29.25
339,30.57,29.25
557,30.57,29.25
469,30.57,29.25
256,30.57,29.25
717,30.57,29.25
265,30.57,29.25
773,30.57,29.25
234,30.57,29.25
746,30.57,29.25
118,30.57,29.25
827,30.57,29.25
375,30.57,29.25
364,30.57,29.25
611,30.57,29.25
121,30.57,29.25
582,30.57,29.25
338,30.57,29.25
424,30.57,29.25
312,30.57,29.25
562,30.57,29.25
680,30.57,29.25
654,30.57,29.25
125,30.57,29.25
447,30.57,29.25
213,30.57,29.25
864,30.57,29.25
329,30.57,29.25
418,30.57,29.25
621,30.57,29.25
446,30.57,29.25
410,30.57,29.25
503,30.57,29.25
737,30.57,29.25
123,30.57,29.25
883,30.57,29.25
439,30.57,29.25
395,30.57,29.25
569,30.57,29.15
671,30.57,29.15
396,30.57,29.15
436,30.57,29.15
