120,28.29,27.15
856,28.29,27.15
132,28.29,27.15
231,28.29,27.15
626,28.29,27.15
717,28.29,27.15
841,28.29,27.15
526,28.29,27.15
511,28.29,27.25
121,28.29,27.25
570,28.29,27.25
317,28.29,27.25
541,28.29,27.25
395,28.29,27.25
428,28.29,27.25
190,28.29,27.25
313,28.29,27.25
344,28.29,27.25
715,28.29,27.25
122,28.29,27.25
460,28.29,27.25
726,28.29,27.25
259,28.29,27.25
465,28.29,27.25
493,28.29,27.25
696,28.29,27.25
159,28.29,27.25
881,28.29,27.25
500,28.29,27.25
298,28.29,27.25
232,28.29,27.25
713,28.29,27.25
619,28.29,27.25
458,28.29,27.25
535,28.29,27.25
881,28.29,27.25
182,28.29,27.25
429,28.29,27.25
582,28.29,27.25
175,28.29,27.25
639,28.29,27.25
124,28.29,27.25
881,28.29,27.25
120,28.29,27.25
624,28.31,27.25
397,28.31,27.25
701,28.31,27.25
240,28.31,27.25
685,28.31,27.25
722,28.31,27.25
125,28.31,27.25
597,28.31,27.25
794,28.31,27.25
788,28.31,27.25
495,28.31,27.25
703,28.31,27.25
531,28.31,27.25
721,28.31,27.25
173,28.31,27.25
842,28.31,27.25
233,28.31,27.25
735,28.31,27.25
588,28.31,27.25
574,28.31,27.25
734,28.31,27.25
276,28.31,27.25
807,28.31,27.25
528,28.31,27.25
678,28.31,27.03
336,28.31,27.03
881,28.31,27.03
389,28.31,27.03
583,28.31,27.03
617,28.31,27.03
388,28.31,27.03
355,28.31,27.03
121,28.31,27.03
442,28.31,27.03
292,28.31,27.03
496,28.31,27.03
638,28.31,27.03
466,28.31,27.03
120,28.31,27.03
840,28.31,27.03
318,28.31,27.03
646,28.31,27.03
499,28.31,27.03
344,28.31,27.03
525,28.31,27.03
133,28.31,27.03
636,28.31,27.03
441,28.31,27.03
601,28.31,27.03
439,28.31,27.03
654,28.31,27.03
296,28.31,27.03
236,28.31,27.03
683,28.31,27.03
691,28.31,27.03
394,28.31,27.03
449,28.31,27.03
499,28.31,27.03
701,28.31,27.03
522,28.31,27.03
623,28.27,27.03
477,28.27,27.03
119,28.27,27.03
881,28.27,27.03
304,28.27,27.03
635,28.27,27.03
398,28.27,27.03
863,28.27,27.03
337,28.27,27.03
271,28.27,27.03
367,28.27,27.03
444,28.27,27.03
652,28.27,27.03
427,28.27,27.03
526,28.27,27.03
703,28.27,27.03
285,28.27,27.03
613,28.27,27.03
616,28.27,27.03
467,28.27,27.03
414,28.27,27.03
380,28.27,27.03
882,28.27,27.03
229,28.27,27.03
489,28.27,27.41
734,28.27,27.41
206,28.27,27.41
649,28.27,27.41
499,28.27,27.41
883,28.27,27.41
363,28.27,27.41
614,28.27,27.41
551,28.27,27.41
801,28.27,27.41
620,28.27,27.41
596,28.27,27.41
882,28.27,27.41
535,28.27,27.41
375,28.27,27.41
447,28.27,27.41
386,28.27,27.41
423,28.27,27.41
599,28.27,27.41
455,28.27,27.41
235,28.27,27.41
375,28.27,27.41
878,28.27,27.41
358,28.27,27.41
823,28.27,27.41
628,28.27,27.41
476,28.27,27.41
780,28.27,27.41
122,28.27,27.41
794,28.27,27.41
228,28.27,27.41
819,28.27,27.41
388,28.27,27.41
881,28.27,27.41
167,28.27,27.41
620,28.27,27.41
739,28.29,27.41
264,28.29,27.41
392,28.29,27.41
472,28.29,27.41
635,28.29,27.41
462,28.29,27.41
724,28.29,27.41
389,28.29,27.41
699,28.29,27.41
121,28.29,27.41
800,28.29,27.41
346,28.29,27.41
219,28.29,27.41
401,28.29,27.41
879,28.29,27.41
307,28.29,27.41
196,28.29,27.41
615,28.29,27.41
434,28.29,27.41
756,28.29,27.41
121,28.29,27.41
813,28.29,27.41
382,28.29,27.41
499,28.29,27.41
422,28.29,27.47
880,28.29,27.47
200,28.29,27.47
379,28.29,27.47
397,28.29,27.47
722,28.29,27.47
135,28.29,27.47
275,28.29,27.47
718,28.29,27.47
120,28.29,27.47
593,28.29,27.47
229,28.29,27.47
755,28.29,27.47
248,28.29,27.47
677,28.29,27.47
186,28.29,27.47
626,28.29,27.47
317,28.29,27.47
286,28.29,27.47
873,28.29,27.47
227,28.29,27.47
359,28.29,27.47
381,28.29,27.47
561,28.29,27.47
452,28.29,27.47
709,28.29,27.47
219,28.29,27.47
573,28.29,27.47
133,28.29,27.47
881,28.29,27.47
121,28.29,27.47
545,28.29,27.47
856,28.29,27.47
207,28.29,27.47
782,28.29,27.47
120,28.29,27.47
671,28.29,27.47
285,28.29,27.47
769,28.29,27.47
120,28.29,27.47
549,28.29,27.47
377,28.29,27.47
333,28.29,27.47
751,28.29,27.47
199,28.29,27.47
530,28.29,27.47
510,28.29,27.47
480,28.29,27.47
586,28.29,27.47
497,28.29,27.47
691,28.29,27.47
708,28.29,27.47
138,28.29,27.47
753,28.29,27.47
766,28.29,27.47
343,28.29,27.47
680,28.29,27.47
122,28.29,27.47
754,28.29,27.47
232,28.29,27.47
721,28.29,27.43
247,28.29,27.43
746,28.29,27.43
395,28.29,27.43
514,28.29,27.43
648,28.29,27.43
342,28.29,27.43
577,28.29,27.43
473,28.29,27.43
547,28.29,27.43
321,28.29,27.43
612,28.29,27.43
523,28.29,27.43
697,28.29,27.43
308,28.29,27.43
665,28.29,27.43
406,28.29,27.43
656,28.29,27.43
316,28.29,27.43
663,28.29,27.43
637,28.29,27.43
620,28.29,27.43
592,28.29,27.43
464,28.29,27.43
758,28.29,27.43
404,28.29,27.43
808,28.29,27.43
239,28.29,27.43
625,28.29,27.43
671,28.29,27.43
468,28.29,27.43
728,28.29,27.43
448,28.29,27.43
610,28.29,27.43
866,28.29,27.43
499,28.29,27.43
503,28.27,27.43
581,28.27,27.43
262,28.27,27.43
747,28.27,27.43
386,28.27,27.43
857,28.27,27.43
213,28.27,27.43
782,28.27,27.43
336,28.27,27.43
508,28.27,27.43
403,28.27,27.43
229,28.27,27.43
679,28.27,27.43
121,28.27,27.43
735,28.27,27.43
255,28.27,27.43
435,28.27,27.43
642,28.27,27.43
683,28.27,27.43
462,28.27,27.43
617,28.27,27.43
214,28.27,27.43
727,28.27,27.43
136,28.27,27.43
613,28.27,27.35
824,28.27,27.35
436,28.27,27.35
562,28.27,27.35
167,28.27,27.35
741,28.27,27.35
119,28.27,27.35
615,28.27,27.35
120,28.27,27.35
452,28.27,27.35
122,28.27,27.35
471,28.27,27.35
473,28.27,27.35
332,28.27,27.35
562,28.27,27.35
411,28.27,27.35
491,28.27,27.35
279,28.27,27.35
727,28.27,27.35
434,28.27,27.35
550,28.27,27.35
123,28.27,27.35
786,28.27,27.35
216,28.27,27.35
707,28.27,27.35
473,28.27,27.35
365,28.27,27.35
676,28.27,27.35
424,28.27,27.35
655,28.27,27.35
361,28.27,27.35
773,28.27,27.35
341,28.27,27.35
847,28.27,27.35
126,28.27,27.35
140,28.27,27.35
743,28.27,27.35
448,28.27,27.35
803,28.27,27.35
434,28.27,27.35
473,28.27,27.35
475,28.27,27.35
380,28.27,27.35
607,28.27,27.35
406,28.27,27.35
140,28.27,27.35
658,28.27,27.35
318,28.27,27.35
725,28.27,27.35
189,28.27,27.35
654,28.27,27.35
443,28.27,27.35
583,28.27,27.35
576,28.27,27.35
581,28.27,27.35
674,28.27,27.35
386,28.27,27.35
708,28.27,27.35
317,28.27,27.35
303,28.27,27.35
745,28.27,27.37
628,28.27,27.37
609,28.27,27.37
631,28.27,27.37
244,28.27,27.37
510,28.27,27.37
539,28.27,27.37
580,28.27,27.37
648,28.27,27.37
266,28.27,27.37
632,28.27,27.37
496,28.27,27.37
751,28.27,27.37
210,28.27,27.37
879,28.27,27.37
535,28.27,27.37
472,28.27,27.37
319,28.27,27.37
598,28.27,27.37
696,28.27,27.37
591,28.27,27.37
883,28.27,27.37
145,28.27,27.37
617,28.27,27.37
313,28.27,27.37
489,28.27,27.37
638,28.27,27.37
308,28.27,27.37
228,28.27,27.37
859,28.27,27.37
578,28.27,27.37
369,28.27,27.37
658,28.27,27.37
534,28.27,27.37
513,28.27,27.37
502,28.27,27.37
502,28.29,27.37
124,28.29,27.37
699,28.29,27.37
264,28.29,27.37
690,28.29,27.37
429,28.29,27.37
270,28.29,27.37
638,28.29,27.37
142,28.29,27.37
555,28.29,27.37
121,28.29,27.37
465,28.29,27.37
300,28.29,27.37
509,28.29,27.37
