711,26.99,26.83
874,26.99,26.83
358,26.99,26.83
389,26.99,26.83
353,26.99,26.83
881,26.99,26.83
576,26.99,26.83
237,26.99,26.83
880,26.99,26.83
385,26.99,26.83
703,26.99,26.83
313,26.99,26.83
519,26.99,26.83
713,26.99,26.83
220,26.99,26.83
852,26.99,26.83
467,26.99,26.83
618,26.99,26.83
658,26.99,26.83
454,26.99,26.83
228,26.99,26.83
886,26.99,26.83
666,26.99,26.83
487,26.95,26.83
479,26.95,26.83
842,26.95,26.83
422,26.95,26.83
243,26.95,26.83
602,26.95,26.83
432,26.95,26.83
871,26.95,26.83
382,26.95,26.83
601,26.95,26.83
207,26.95,26.83
602,26.95,26.83
585,26.95,26.83
502,26.95,26.83
344,26.95,26.83
547,26.95,26.83
672,26.95,26.83
494,26.95,26.83
414,26.95,26.83
715,26.95,26.83
361,26.95,26.83
232,26.95,26.83
760,26.95,26.83
288,26.95,26.83
548,26.95,26.71
353,26.95,26.71
867,26.95,26.71
176,26.95,26.71
539,26.95,26.71
189,26.95,26.71
688,26.95,26.71
673,26.95,26.71
123,26.95,26.71
707,26.95,26.71
123,26.95,26.71
832,26.95,26.71
332,26.95,26.71
603,26.95,26.71
318,26.95,26.71
422,26.95,26.71
235,26.95,26.71
696,26.95,26.71
129,26.95,26.71
732,26.95,26.71
506,26.95,26.71
408,26.95,26.71
160,26.95,26.71
563,26.95,26.71
643,26.95,26.71
122,26.95,26.71
605,26.95,26.71
195,26.95,26.71
686,26.95,26.71
192,26.95,26.71
708,26.95,26.71
627,26.95,26.71
504,26.95,26.71
590,26.95,26.71
432,26.95,26.71
534,26.95,26.71
502,26.95,26.71
444,26.95,26.71
450,26.95,26.71
304,26.95,26.71
392,26.95,26.71
875,26.95,26.71
122,26.95,26.71
548,26.95,26.71
122,26.95,26.71
711,26.95,26.71
329,26.95,26.71
705,26.95,26.71
605,26.95,26.71
564,26.95,26.71
864,26.95,26.71
545,26.95,26.71
735,26.95,26.71
382,26.95,26.71
793,26.95,26.71
565,26.95,26.71
567,26.95,26.71
415,26.95,26.71
511,26.95,26.71
348,26.95,26.71
558,26.95,26.61
361,26.95,26.61
566,26.95,26.61
525,26.95,26.61
323,26.95,26.61
689,26.95,26.61
347,26.95,26.61
586,26.95,26.61
290,26.95,26.61
816,26.95,26.61
134,26.95,26.61
853,26.95,26.61
396,26.95,26.61
450,26.95,26.61
512,26.95,26.61
357,26.95,26.61
522,26.95,26.61
399,26.95,26.61
359,26.95,26.61
415,26.95,26.61
518,26.95,26.61
494,26.95,26.61
832,26.95,26.61
120,26.95,26.61
504,26.95,26.61
349,26.95,26.61
879,26.95,26.61
281,26.95,26.61
472,26.95,26.61
804,26.95,26.61
465,26.95,26.61
747,26.95,26.61
419,26.95,26.61
768,26.95,26.61
121,26.95,26.61
739,26.95,26.61
325,26.99,26.61
466,26.99,26.61
524,26.99,26.61
797,26.99,26.61
615,26.99,26.61
331,26.99,26.61
326,26.99,26.61
559,26.99,26.61
562,26.99,26.61
374,26.99,26.61
757,26.99,26.61
441,26.99,26.61
381,26.99,26.61
124,26.99,26.61
781,26.99,26.61
226,26.99,26.61
594,26.99,26.61
363,26.99,26.61
372,26.99,26.61
337,26.99,26.61
197,26.99,26.61
735,26.99,26.61
278,26.99,26.61
874,26.99,26.61
122,26.99,26.77
879,26.99,26.77
344,26.99,26.77
121,26.99,26.77
605,26.99,26.77
582,26.99,26.77
215,26.99,26.77
382,26.99,26.77
587,26.99,26.77
497,26.99,26.77
678,26.99,26.77
121,26.99,26.77
879,26.99,26.77
121,26.99,26.77
592,26.99,26.77
471,26.99,26.77
877,26.99,26.77
270,26.99,26.77
829,26.99,26.77
738,26.99,26.77
122,26.99,26.77
668,26.99,26.77
427,26.99,26.77
798,26.99,26.77
121,26.99,26.77
772,26.99,26.77
462,26.99,26.77
603,26.99,26.77
250,26.99,26.77
741,26.99,26.77
355,26.99,26.77
880,26.99,26.77
473,26.99,26.77
788,26.99,26.77
460,26.99,26.77
577,26.99,26.77
879,26.99,26.77
401,26.99,26.77
876,26.99,26.77
122,26.99,26.77
881,26.99,26.77
341,26.99,26.77
445,26.99,26.77
657,26.99,26.77
322,26.99,26.77
592,26.99,26.77
464,26.99,26.77
594,26.99,26.77
347,26.99,26.77
739,26.99,26.77
677,26.99,26.77
574,26.99,26.77
214,26.99,26.77
639,26.99,26.77
408,26.99,26.77
773,26.99,26.77
125,26.99,26.77
710,26.99,26.77
694,26.99,26.77
530,26.99,26.77
319,26.99,26.83
513,26.99,26.83
496,26.99,26.83
388,26.99,26.83
881,26.99,26.83
381,26.99,26.83
728,26.99,26.83
423,26.99,26.83
771,26.99,26.83
557,26.99,26.83
428,26.99,26.83
488,26.99,26.83
614,26.99,26.83
324,26.99,26.83
265,26.99,26.83
351,26.99,26.83
453,26.99,26.83
528,26.99,26.83
363,26.99,26.83
840,26.99,26.83
122,26.99,26.83
414,26.99,26.83
135,26.99,26.83
782,26.99,26.83
121,26.99,26.83
709,26.99,26.83
724,26.99,26.83
168,26.99,26.83
655,26.99,26.83
250,26.99,26.83
872,26.99,26.83
124,26.99,26.83
684,26.99,26.83
393,26.99,26.83
532,26.99,26.83
320,26.99,26.83
558,26.99,26.83
380,26.99,26.83
590,26.99,26.83
510,26.99,26.83
487,26.99,26.83
778,26.99,26.83
205,26.99,26.83
547,26.99,26.83
473,26.99,26.83
604,26.99,26.83
342,26.99,26.83
842,26.99,26.83
122,26.99,26.83
494,26.99,26.83
709,26.99,26.83
251,26.99,26.83
574,26.99,26.83
168,26.99,26.83
564,26.99,26.83
266,26.99,26.83
447,26.99,26.83
425,26.99,26.83
650,26.99,26.83
398,26.99,26.83
823,26.99,26.73
311,26.99,26.73
587,26.99,26.73
210,26.99,26.73
536,26.99,26.73
250,26.99,26.73
401,26.99,26.73
609,26.99,26.73
410,26.99,26.73
676,26.99,26.73
322,26.99,26.73
713,26.99,26.73
159,26.99,26.73
549,26.99,26.73
623,26.99,26.73
388,26.99,26.73
879,26.99,26.73
121,26.99,26.73
778,26.99,26.73
429,26.99,26.73
272,26.99,26.73
839,26.99,26.73
499,26.99,26.73
205,26.99,26.73
639,26.99,26.73
440,26.99,26.73
751,26.99,26.73
247,26.99,26.73
547,26.99,26.73
446,26.99,26.73
605,26.99,26.73
403,26.99,26.73
363,26.99,26.73
832,26.99,26.73
121,26.99,26.73
881,26.99,26.73
443,26.99,26.73
282,26.95,26.73
741,26.95,26.73
749,26.95,26.73
501,26.95,26.73
323,26.95,26.73
582,26.95,26.73
461,26.95,26.73
431,26.95,26.73
537,26.95,26.73
547,26.95,26.73
333,26.95,26.73
785,26.95,26.73
511,26.95,26.73
721,26.95,26.73
121,26.95,26.73
580,26.95,26.73
742,26.95,26.73
754,26.95,26.73
341,26.95,26.73
577,26.95,26.73
817,26.95,26.73
193,26.95,26.73
762,26.95,26.73
226,26.95,26.59
523,26.95,26.59
494,26.95,26.59
782,26.95,26.59
367,26.95,26.59
656,26.95,26.59
156,26.95,26.59
767,26.95,26.59
484,26.95,26.59
309,26.95,26.59
582,26.95,26.59
518,26.95,26.59
236,26.95,26.59
137,26.95,26.59
793,26.95,26.59
120,26.95,26.59
762,26.95,26.59
271,26.95,26.59
826,26.95,26.59
225,26.95,26.59
281,26.95,26.59
671,26.95,26.59
258,26.95,26.59
698,26.95,26.59
532,26.95,26.59
813,26.95,26.59
265,26.95,26.59
416,26.95,26.59
537,26.95,26.59
878,26.95,26.59
121,26.95,26.59
469,26.95,26.59
310,26.95,26.59
579,26.95,26.59
131,26.95,26.59
649,26.95,26.59
446,26.95,26.59
395,26.95,26.59
776,26.95,26.59
121,26.95,26.59
775,26.95,26.59
123,26.95,26.59
869,26.95,26.59
498,26.95,26.59
289,26.95,26.59
397,26.95,26.59
423,26.95,26.59
644,26.95,26.59
293,26.95,26.59
144,26.95,26.59
518,26.95,26.59
435,26.95,26.59
326,26.95,26.59
758,26.95,26.59
185,26.95,26.59
771,26.95,26.59
645,26.95,26.59
790,26.95,26.59
122,26.95,26.59
879,26.95,26.59
523,26.95,26.67
383,26.95,26.67
415,26.95,26.67
138,26.95,26.67
462,26.95,26.67
330,26.95,26.67
747,26.95,26.67
188,26.95,26.67
765,26.95,26.67
656,26.95,26.67
544,26.95,26.67
