880,30.61,29.25
186,30.61,29.25
152,30.61,29.25
134,30.61,29.25
753,30.61,29.25
884,30.61,29.25
862,30.61,29.25
659,30.61,29.25
715,30.61,29.25
630,30.61,29.25
717,30.61,29.25
637,30.61,29.25
212,30.61,29.25
674,30.61,29.25
323,30.55,29.25
813,30.55,29.25
166,30.55,29.25
883,30.55,29.25
247,30.55,29.25
782,30.55,29.25
482,30.55,29.25
337,30.55,29.25
704,30.55,29.25
411,30.55,29.25
433,30.55,29.25
234,30.55,29.25
544,30.55,29.25
478,30.55,29.25
517,30.55,29.25
491,30.55,29.25
520,30.55,29.25
173,30.55,29.25
883,30.55,29.25
191,30.55,29.25
882,30.55,29.25
651,30.55,29.25
454,30.55,29.25
735,30.55,29.17
343,30.55,29.17
865,30.55,29.17
307,30.55,29.17
655,30.55,29.17
232,30.55,29.17
635,30.55,29.17
163,30.55,29.17
428,30.55,29.17
620,30.55,29.17
490,30.55,29.17
461,30.55,29.17
585,30.55,29.17
280,30.55,29.17
620,30.55,29.17
744,30.55,29.17
539,30.55,29.17
692,30.55,29.17
344,30.55,29.17
883,30.55,29.17
168,30.55,29.17
637,30.55,29.17
425,30.55,29.17
512,30.55,29.17
328,30.55,29.17
325,30.55,29.17
480,30.55,29.17
338,30.55,29.17
826,30.55,29.17
420,30.55,29.17
817,30.55,29.17
615,30.55,29.17
769,30.55,29.17
614,30.55,29.17
643,30.55,29.17
419,30.55,29.17
734,30.55,29.17
490,30.55,29.17
627,30.55,29.17
619,30.55,29.17
884,30.55,29.17
618,30.55,29.17
469,30.55,29.17
863,30.55,29.17
360,30.55,29.17
882,30.55,29.17
547,30.55,29.17
815,30.55,29.17
252,30.55,29.17
784,30.55,29.17
535,30.55,29.17
428,30.55,29.17
523,30.55,29.17
531,30.55,29.17
821,30.55,29.17
291,30.55,29.17
640,30.55,29.17
706,30.55,29.17
387,30.55,29.17
452,30.55,29.17
751,30.55,29.19
310,30.55,29.19
693,30.55,29.19
411,30.55,29.19
804,30.55,29.19
480,30.55,29.19
386,30.55,29.19
652,30.55,29.19
412,30.55,29.19
718,30.55,29.19
290,30.55,29.19
877,30.55,29.19
199,30.55,29.19
857,30.55,29.19
390,30.55,29.19
396,30.55,29.19
413,30.55,29.19
464,30.55,29.19
445,30.55,29.19
295,30.55,29.19
373,30.55,29.19
584,30.55,29.19
552,30.55,29.19
358,30.55,29.19
590,30.55,29.19
279,30.55,29.19
883,30.55,29.19
130,30.55,29.19
645,30.55,29.19
351,30.55,29.19
410,30.55,29.19
468,30.55,29.19
340,30.55,29.19
642,30.55,29.19
335,30.55,29.19
592,30.55,29.19
279,30.57,29.19
700,30.57,29.19
429,30.57,29.19
468,30.57,29.19
371,30.57,29.19
370,30.57,29.19
327,30.57,29.19
694,30.57,29.19
136,30.57,29.19
780,30.57,29.19
253,30.57,29.19
494,30.57,29.19
409,30.57,29.19
327,30.57,29.19
522,30.57,29.19
420,30.57,29.19
660,30.57,29.19
403,30.57,29.19
593,30.57,29.19
343,30.57,29.19
758,30.57,29.19
431,30.57,29.19
366,30.57,29.19
748,30.57,29.17
398,30.57,29.17
306,30.57,29.17
879,30.57,29.17
238,30.57,29.17
604,30.57,29.17
582,30.57,29.17
466,30.57,29.17
860,30.57,29.17
219,30.57,29.17
883,30.57,29.17
451,30.57,29.17
598,30.57,29.17
486,30.57,29.17
799,30.57,29.17
718,30.57,29.17
507,30.57,29.17
622,30.57,29.17
620,30.57,29.17
851,30.57,29.17
409,30.57,29.17
798,30.57,29.17
473,30.57,29.17
520,30.57,29.17
586,30.57,29.17
742,30.57,29.17
239,30.57,29.17
842,30.57,29.17
491,30.57,29.17
674,30.57,29.17
446,30.57,29.17
544,30.57,29.17
788,30.57,29.17
311,30.57,29.17
786,30.57,29.17
178,30.57,29.17
446,30.57,29.17
422,30.57,29.17
515,30.57,29.17
634,30.57,29.17
134,30.57,29.17
664,30.57,29.17
518,30.57,29.17
515,30.57,29.17
214,30.57,29.17
691,30.57,29.17
599,30.57,29.17
463,30.57,29.17
693,30.57,29.17
456,30.57,29.17
349,30.57,29.17
408,30.57,29.17
219,30.57,29.17
727,30.57,29.17
176,30.57,29.17
429,30.57,29.17
757,30.57,29.17
236,30.57,29.17
542,30.57,29.17
531,30.57,29.17
371,30.57,29.29
492,30.57,29.29
833,30.57,29.29
205,30.57,29.29
554,30.57,29.29
520,30.57,29.29
467,30.57,29.29
699,30.57,29.29
287,30.57,29.29
332,30.57,29.29
627,30.57,29.29
354,30.57,29.29
133,30.57,29.29
320,30.57,29.29
121,30.57,29.29
819,30.57,29.29
121,30.57,29.29
769,30.57,29.29
441,30.57,29.29
419,30.57,29.29
555,30.57,29.29
471,30.57,29.29
546,30.57,29.29
493,30.57,29.29
883,30.57,29.29
416,30.57,29.29
693,30.57,29.29
597,30.57,29.29
730,30.57,29.29
388,30.57,29.29
517,30.57,29.29
552,30.57,29.29
570,30.57,29.29
232,30.57,29.29
883,30.57,29.29
585,30.57,29.29
594,30.55,29.29
756,30.55,29.29
486,30.55,29.29
691,30.55,29.29
273,30.55,29.29
884,30.55,29.29
269,30.55,29.29
507,30.55,29.29
345,30.55,29.29
684,30.55,29.29
497,30.55,29.29
447,30.55,29.29
628,30.55,29.29
548,30.55,29.29
158,30.55,29.29
710,30.55,29.29
595,30.55,29.29
269,30.55,29.29
881,30.55,29.29
466,30.55,29.29
573,30.55,29.29
474,30.55,29.29
765,30.55,29.29
389,30.55,29.29
536,30.55,29.19
482,30.55,29.19
513,30.55,29.19
781,30.55,29.19
121,30.55,29.19
856,30.55,29.19
515,30.55,29.19
346,30.55,29.19
418,30.55,29.19
478,30.55,29.19
300,30.55,29.19
380,30.55,29.19
552,30.55,29.19
524,30.55,29.19
525,30.55,29.19
466,30.55,29.19
521,30.55,29.19
604,30.55,29.19
125,30.55,29.19
353,30.55,29.19
583,30.55,29.19
118,30.55,29.19
878,30.55,29.19
126,30.55,29.19
633,30.55,29.19
377,30.55,29.19
608,30.55,29.19
418,30.55,29.19
433,30.55,29.19
610,30.55,29.19
882,30.55,29.19
656,30.55,29.19
128,30.55,29.19
743,30.55,29.19
288,30.55,29.19
390,30.55,29.19
598,30.57,29.19
527,30.57,29.19
352,30.57,29.19
770,30.57,29.19
212,30.57,29.19
810,30.57,29.19
189,30.57,29.19
743,30.57,29.19
822,30.57,29.19
163,30.57,29.19
753,30.57,29.19
486,30.57,29.19
660,30.57,29.19
486,30.57,29.19
807,30.57,29.19
502,30.57,29.19
564,30.57,29.19
681,30.57,29.19
737,30.57,29.19
441,30.57,29.19
525,30.57,29.19
554,30.57,29.19
805,30.57,29.19
357,30.57,29.29
584,30.57,29.29
531,30.57,29.29
362,30.57,29.29
787,30.57,29.29
324,30.57,29.29
884,30.57,29.29
490,30.57,29.29
485,30.57,29.29
487,30.57,29.29
437,30.57,29.29
522,30.57,29.29
524,30.57,29.29
506,30.57,29.29
515,30.57,29.29
415,30.57,29.29
476,30.57,29.29
634,30.57,29.29
429,30.57,29.29
812,30.57,29.29
420,30.57,29.29
431,30.57,29.29
353,30.57,29.29
883,30.57,29.29
178,30.57,29.29
321,30.57,29.29
450,30.57,29.29
368,30.57,29.29
415,30.57,29.29
337,30.57,29.29
883,30.57,29.29
321,30.57,29.29
508,30.57,29.29
421,30.57,29.29
426,30.57,29.29
302,30.57,29.29
592,30.55,29.29
169,30.55,29.29
761,30.55,29.29
156,30.55,29.29
769,30.55,29.29
468,30.55,29.29
357,30.55,29.29
478,30.55,29.29
465,30.55,29.29
362,30.55,29.29
118,30.55,29.29
881,30.55,29.29
119,30.55,29.29
722,30.55,29.29
160,30.55,29.29
531,30.55,29.29
511,30.55,29.29
555,30.55,29.29
633,30.55,29.29
560,30.55,29.29
260,30.55,29.29
345,30.55,29.29
675,30.55,29.29
477,30.55,29.29
548,30.55,29.25
119,30.55,29.25
681,30.55,29.25
202,30.55,29.25
711,30.55,29.25
151,30.55,29.25
683,30.55,29.25
281,30.55,29.25
733,30.55,29.25
429,30.55,29.25
121,30.55,29.25
826,30.55,29.25
314,30.55,29.25
652,30.55,29.25
194,30.55,29.25
458,30.55,29.25
543,30.55,29.25
606,30.55,29.25
618,30.55,29.25
845,30.55,29.25
119,30.55,29.25
793,30.55,29.25
503,30.55,29.25
