774,29.17,27.75
374,29.17,27.75
120,29.17,27.75
369,29.17,27.75
496,29.17,27.75
623,29.17,27.75
288,29.17,27.75
880,29.17,27.75
356,29.17,27.75
881,29.17,27.75
470,29.17,27.75
548,29.17,27.75
465,29.17,27.75
555,29.17,27.75
451,29.17,27.75
225,29.17,27.75
537,29.17,27.75
629,29.17,27.75
655,29.17,27.75
488,29.17,27.75
764,29.17,27.75
119,29.17,27.75
590,29.17,27.75
354,29.17,27.75
698,29.17,27.75
414,29.17,27.75
140,29.17,27.75
557,29.17,27.75
303,29.17,27.79
634,29.17,27.79
369,29.17,27.79
653,29.17,27.79
321,29.17,27.79
478,29.17,27.79
777,29.17,27.79
765,29.17,27.79
475,29.17,27.79
838,29.17,27.79
436,29.17,27.79
413,29.17,27.79
387,29.17,27.79
553,29.17,27.79
265,29.17,27.79
503,29.17,27.79
421,29.17,27.79
297,29.17,27.79
617,29.17,27.79
241,29.17,27.79
849,29.17,27.79
240,29.17,27.79
260,29.17,27.79
633,29.17,27.79
459,29.17,27.79
757,29.17,27.79
120,29.17,27.79
506,29.17,27.79
457,29.17,27.79
337,29.17,27.79
427,29.17,27.79
503,29.17,27.79
267,29.17,27.79
600,29.17,27.79
591,29.17,27.79
349,29.17,27.79
367,29.15,27.79
635,29.15,27.79
813,29.15,27.79
565,29.15,27.79
532,29.15,27.79
197,29.15,27.79
882,29.15,27.79
120,29.15,27.79
737,29.15,27.79
364,29.15,27.79
520,29.15,27.79
272,29.15,27.79
809,29.15,27.79
768,29.15,27.79
411,29.15,27.79
830,29.15,27.79
576,29.15,27.79
379,29.15,27.79
399,29.15,27.79
845,29.15,27.79
541,29.15,27.79
556,29.15,27.79
657,29.15,27.79
656,29.15,27.79
122,29.15,27.75
633,29.15,27.75
393,29.15,27.75
560,29.15,27.75
297,29.15,27.75
477,29.15,27.75
630,29.15,27.75
305,29.15,27.75
709,29.15,27.75
362,29.15,27.75
672,29.15,27.75
213,29.15,27.75
744,29.15,27.75
398,29.15,27.75
568,29.15,27.75
202,29.15,27.75
881,29.15,27.75
441,29.15,27.75
716,29.15,27.75
487,29.15,27.75
701,29.15,27.75
440,29.15,27.75
566,29.15,27.75
640,29.15,27.75
183,29.15,27.75
862,29.15,27.75
197,29.15,27.75
882,29.15,27.75
121,29.15,27.75
618,29.15,27.75
562,29.15,27.75
323,29.15,27.75
443,29.15,27.75
439,29.15,27.75
374,29.15,27.75
605,29.15,27.75
454,29.19,27.75
252,29.19,27.75
672,29.19,27.75
131,29.19,27.75
644,29.19,27.75
291,29.19,27.75
504,29.19,27.75
134,29.19,27.75
845,29.19,27.75
472,29.19,27.75
466,29.19,27.75
611,29.19,27.75
448,29.19,27.75
866,29.19,27.75
120,29.19,27.75
884,29.19,27.75
122,29.19,27.75
461,29.19,27.75
517,29.19,27.75
580,29.19,27.75
242,29.19,27.75
797,29.19,27.75
527,29.19,27.75
613,29.19,27.91
266,29.19,27.91
588,29.19,27.91
621,29.19,27.91
516,29.19,27.91
284,29.19,27.91
501,29.19,27.91
882,29.19,27.91
143,29.19,27.91
719,29.19,27.91
521,29.19,27.91
441,29.19,27.91
327,29.19,27.91
345,29.19,27.91
508,29.19,27.91
343,29.19,27.91
718,29.19,27.91
622,29.19,27.91
508,29.19,27.91
506,29.19,27.91
527,29.19,27.91
648,29.19,27.91
678,29.19,27.91
221,29.19,27.91
817,29.19,27.91
122,29.19,27.91
881,29.19,27.91
690,29.19,27.91
702,29.19,27.91
438,29.19,27.91
584,29.19,27.91
678,29.19,27.91
119,29.19,27.91
759,29.19,27.91
354,29.19,27.91
698,29.19,27.91
487,29.17,27.91
849,29.17,27.91
661,29.17,27.91
390,29.17,27.91
668,29.17,27.91
560,29.17,27.91
477,29.17,27.91
524,29.17,27.91
588,29.17,27.91
421,29.17,27.91
783,29.17,27.91
576,29.17,27.91
824,29.17,27.91
224,29.17,27.91
460,29.17,27.91
345,29.17,27.91
854,29.17,27.91
252,29.17,27.91
511,29.17,27.91
882,29.17,27.91
235,29.17,27.91
553,29.17,27.91
230,29.17,27.91
654,29.17,27.91
210,29.17,28.01
458,29.17,28.01
283,29.17,28.01
500,29.17,28.01
122,29.17,28.01
581,29.17,28.01
128,29.17,28.01
592,29.17,28.01
361,29.17,28.01
339,29.17,28.01
697,29.17,28.01
218,29.17,28.01
753,29.17,28.01
364,29.17,28.01
710,29.17,28.01
231,29.17,28.01
764,29.17,28.01
219,29.17,28.01
324,29.17,28.01
850,29.17,28.01
124,29.17,28.01
835,29.17,28.01
292,29.17,28.01
557,29.17,28.01
119,29.17,28.01
525,29.17,28.01
466,29.17,28.01
505,29.17,28.01
527,29.17,28.01
646,29.17,28.01
147,29.17,28.01
600,29.17,28.01
401,29.17,28.01
479,29.17,28.01
429,29.17,28.01
472,29.17,28.01
564,29.15,28.01
391,29.15,28.01
778,29.15,28.01
119,29.15,28.01
815,29.15,28.01
183,29.15,28.01
669,29.15,28.01
676,29.15,28.01
612,29.15,28.01
713,29.15,28.01
422,29.15,28.01
406,29.15,28.01
242,29.15,28.01
357,29.15,28.01
668,29.15,28.01
555,29.15,28.01
302,29.15,28.01
619,29.15,28.01
309,29.15,28.01
881,29.15,28.01
123,29.15,28.01
824,29.15,28.01
310,29.15,28.01
876,29.15,28.01
500,29.15,27.91
712,29.15,27.91
684,29.15,27.91
346,29.15,27.91
882,29.15,27.91
561,29.15,27.91
452,29.15,27.91
738,29.15,27.91
847,29.15,27.91
615,29.15,27.91
621,29.15,27.91
502,29.15,27.91
676,29.15,27.91
214,29.15,27.91
756,29.15,27.91
408,29.15,27.91
431,29.15,27.91
489,29.15,27.91
512,29.15,27.91
759,29.15,27.91
122,29.15,27.91
813,29.15,27.91
324,29.15,27.91
794,29.15,27.91
126,29.15,27.91
561,29.15,27.91
579,29.15,27.91
173,29.15,27.91
496,29.15,27.91
508,29.15,27.91
180,29.15,27.91
644,29.15,27.91
599,29.15,27.91
342,29.15,27.91
611,29.15,27.91
162,29.15,27.91
882,29.15,27.91
275,29.15,27.91
480,29.15,27.91
533,29.15,27.91
673,29.15,27.91
270,29.15,27.91
568,29.15,27.91
489,29.15,27.91
339,29.15,27.91
732,29.15,27.91
530,29.15,27.91
650,29.15,27.91
383,29.15,27.91
533,29.15,27.91
677,29.15,27.91
516,29.15,27.91
414,29.15,27.91
865,29.15,27.91
374,29.15,27.91
830,29.15,27.91
265,29.15,27.91
763,29.15,27.91
672,29.15,27.91
120,29.15,27.99
812,29.15,27.99
437,29.15,27.99
653,29.15,27.99
328,29.15,27.99
882,29.15,27.99
292,29.15,27.99
521,29.15,27.99
705,29.15,27.99
495,29.15,27.99
512,29.15,27.99
457,29.15,27.99
749,29.15,27.99
558,29.15,27.99
535,29.15,27.99
556,29.15,27.99
578,29.15,27.99
223,29.15,27.99
784,29.15,27.99
288,29.15,27.99
552,29.15,27.99
153,29.15,27.99
778,29.15,27.99
607,29.15,27.99
352,29.15,27.99
882,29.15,27.99
176,29.15,27.99
783,29.15,27.99
143,29.15,27.99
882,29.15,27.99
220,29.15,27.99
679,29.15,27.99
583,29.15,27.99
697,29.15,27.99
507,29.15,27.99
452,29.15,27.99
638,29.13,27.99
383,29.13,27.99
169,29.13,27.99
592,29.13,27.99
355,29.13,27.99
281,29.13,27.99
716,29.13,27.99
373,29.13,27.99
770,29.13,27.99
145,29.13,27.99
883,29.13,27.99
751,29.13,27.99
419,29.13,27.99
503,29.13,27.99
476,29.13,27.99
639,29.13,27.99
190,29.13,27.99
738,29.13,27.99
260,29.13,27.99
598,29.13,27.99
230,29.13,27.99
475,29.13,27.99
198,29.13,27.99
450,29.13,27.99
230,29.13,27.73
861,29.13,27.73
120,29.13,27.73
546,29.13,27.73
458,29.13,27.73
212,29.13,27.73
533,29.13,27.73
198,29.13,27.73
558,29.13,27.73
125,29.13,27.73
610,29.13,27.73
408,29.13,27.73
815,29.13,27.73
126,29.13,27.73
725,29.13,27.73
371,29.13,27.73
260,29.13,27.73
351,29.13,27.73
661,29.13,27.73
454,29.13,27.73
409,29.13,27.73
571,29.13,27.73
467,29.13,27.73
509,29.13,27.73
185,29.13,27.73
732,29.13,27.73
209,29.13,27.73
752,29.13,27.73
266,29.13,27.73
716,29.13,27.73
387,29.13,27.73
674,29.13,27.73
744,29.13,27.73
