342,29.67,28.11
649,29.67,28.11
122,29.67,28.11
509,29.67,28.11
491,29.69,28.11
809,29.69,28.11
550,29.69,28.11
614,29.69,28.11
318,29.69,28.11
739,29.69,28.11
415,29.69,28.11
360,29.69,28.11
148,29.69,28.11
511,29.69,28.11
433,29.69,28.11
496,29.69,28.11
468,29.69,28.11
326,29.69,28.11
511,29.69,28.11
120,29.69,28.11
870,29.69,28.11
344,29.69,28.11
478,29.69,28.11
511,29.69,28.11
404,29.69,28.11
531,29.69,28.11
412,29.69,28.11
248,29.69,28.11
364,29.69,28.27
419,29.69,28.27
517,29.69,28.27
566,29.69,28.27
380,29.69,28.27
407,29.69,28.27
422,29.69,28.27
572,29.69,28.27
253,29.69,28.27
630,29.69,28.27
527,29.69,28.27
488,29.69,28.27
257,29.69,28.27
385,29.69,28.27
583,29.69,28.27
247,29.69,28.27
623,29.69,28.27
267,29.69,28.27
700,29.69,28.27
718,29.69,28.27
505,29.69,28.27
580,29.69,28.27
555,29.69,28.27
254,29.69,28.27
493,29.69,28.27
467,29.69,28.27
485,29.69,28.27
788,29.69,28.27
446,29.69,28.27
621,29.69,28.27
531,29.69,28.27
516,29.69,28.27
286,29.69,28.27
882,29.69,28.27
324,29.69,28.27
584,29.69,28.27
346,29.67,28.27
451,29.67,28.27
741,29.67,28.27
341,29.67,28.27
590,29.67,28.27
335,29.67,28.27
579,29.67,28.27
428,29.67,28.27
614,29.67,28.27
523,29.67,28.27
729,29.67,28.27
198,29.67,28.27
843,29.67,28.27
364,29.67,28.27
622,29.67,28.27
250,29.67,28.27
572,29.67,28.27
311,29.67,28.27
288,29.67,28.27
761,29.67,28.27
182,29.67,28.27
824,29.67,28.27
260,29.67,28.27
728,29.67,28.37
235,29.67,28.37
371,29.67,28.37
494,29.67,28.37
422,29.67,28.37
368,29.67,28.37
419,29.67,28.37
239,29.67,28.37
500,29.67,28.37
302,29.67,28.37
559,29.67,28.37
602,29.67,28.37
135,29.67,28.37
528,29.67,28.37
460,29.67,28.37
789,29.67,28.37
128,29.67,28.37
845,29.67,28.37
474,29.67,28.37
729,29.67,28.37
641,29.67,28.37
346,29.67,28.37
842,29.67,28.37
376,29.67,28.37
729,29.67,28.37
471,29.67,28.37
489,29.67,28.37
570,29.67,28.37
607,29.67,28.37
195,29.67,28.37
750,29.67,28.37
238,29.67,28.37
882,29.67,28.37
124,29.67,28.37
847,29.67,28.37
882,29.67,28.37
671,29.69,28.37
457,29.69,28.37
546,29.69,28.37
882,29.69,28.37
127,29.69,28.37
572,29.69,28.37
149,29.69,28.37
689,29.69,28.37
300,29.69,28.37
636,29.69,28.37
624,29.69,28.37
517,29.69,28.37
269,29.69,28.37
800,29.69,28.37
360,29.69,28.37
552,29.69,28.37
598,29.69,28.37
582,29.69,28.37
499,29.69,28.37
333,29.69,28.37
883,29.69,28.37
390,29.69,28.37
862,29.69,28.37
267,29.69,28.37
882,29.69,28.45
139,29.69,28.45
544,29.69,28.45
587,29.69,28.45
343,29.69,28.45
717,29.69,28.45
393,29.69,28.45
636,29.69,28.45
415,29.69,28.45
685,29.69,28.45
436,29.69,28.45
554,29.69,28.45
121,29.69,28.45
792,29.69,28.45
119,29.69,28.45
625,29.69,28.45
235,29.69,28.45
699,29.69,28.45
645,29.69,28.45
120,29.69,28.45
718,29.69,28.45
120,29.69,28.45
654,29.69,28.45
218,29.69,28.45
803,29.69,28.45
191,29.69,28.45
792,29.69,28.45
445,29.69,28.45
522,29.69,28.45
441,29.69,28.45
209,29.69,28.45
478,29.69,28.45
639,29.69,28.45
122,29.69,28.45
650,29.69,28.45
726,29.69,28.45
250,29.67,28.45
622,29.67,28.45
259,29.67,28.45
722,29.67,28.45
349,29.67,28.45
719,29.67,28.45
612,29.67,28.45
470,29.67,28.45
606,29.67,28.45
602,29.67,28.45
787,29.67,28.45
444,29.67,28.45
689,29.67,28.45
447,29.67,28.45
361,29.67,28.45
481,29.67,28.45
565,29.67,28.45
469,29.67,28.45
709,29.67,28.45
277,29.67,28.45
882,29.67,28.45
145,29.67,28.45
693,29.67,28.45
810,29.67,28.43
333,29.67,28.43
677,29.67,28.43
626,29.67,28.43
613,29.67,28.43
270,29.67,28.43
541,29.67,28.43
123,29.67,28.43
739,29.67,28.43
215,29.67,28.43
321,29.67,28.43
624,29.67,28.43
415,29.67,28.43
137,29.67,28.43
655,29.67,28.43
331,29.67,28.43
511,29.67,28.43
846,29.67,28.43
345,29.67,28.43
451,29.67,28.43
306,29.67,28.43
728,29.67,28.43
120,29.67,28.43
729,29.67,28.43
309,29.67,28.43
388,29.67,28.43
448,29.67,28.43
120,29.67,28.43
699,29.67,28.43
184,29.67,28.43
782,29.67,28.43
126,29.67,28.43
884,29.67,28.43
123,29.67,28.43
708,29.67,28.43
649,29.67,28.43
321,29.69,28.43
529,29.69,28.43
496,29.69,28.43
381,29.69,28.43
275,29.69,28.43
347,29.69,28.43
152,29.69,28.43
642,29.69,28.43
119,29.69,28.43
789,29.69,28.43
264,29.69,28.43
868,29.69,28.43
444,29.69,28.43
356,29.69,28.43
371,29.69,28.43
808,29.69,28.43
779,29.69,28.43
309,29.69,28.43
757,29.69,28.43
407,29.69,28.43
706,29.69,28.43
312,29.69,28.43
363,29.69,28.43
589,29.69,28.43
616,29.69,28.31
313,29.69,28.31
683,29.69,28.31
269,29.69,28.31
777,29.69,28.31
452,29.69,28.31
702,29.69,28.31
518,29.69,28.31
507,29.69,28.31
759,29.69,28.31
485,29.69,28.31
684,29.69,28.31
668,29.69,28.31
883,29.69,28.31
215,29.69,28.31
746,29.69,28.31
517,29.69,28.31
535,29.69,28.31
251,29.69,28.31
504,29.69,28.31
513,29.69,28.31
550,29.69,28.31
274,29.69,28.31
804,29.69,28.31
505,29.69,28.31
223,29.69,28.31
703,29.69,28.31
298,29.69,28.31
882,29.69,28.31
307,29.69,28.31
881,29.69,28.31
333,29.69,28.31
452,29.69,28.31
595,29.69,28.31
538,29.69,28.31
459,29.69,28.31
368,29.67,28.31
700,29.67,28.31
404,29.67,28.31
325,29.67,28.31
501,29.67,28.31
685,29.67,28.31
333,29.67,28.31
751,29.67,28.31
525,29.67,28.31
709,29.67,28.31
315,29.67,28.31
560,29.67,28.31
260,29.67,28.31
361,29.67,28.31
570,29.67,28.31
465,29.67,28.31
684,29.67,28.31
235,29.67,28.31
433,29.67,28.31
515,29.67,28.31
290,29.67,28.31
464,29.67,28.31
562,29.67,28.31
423,29.67,28.31
407,29.67,28.31
604,29.67,28.31
390,29.67,28.31
648,29.67,28.31
603,29.67,28.31
366,29.67,28.31
574,29.67,28.31
485,29.67,28.31
254,29.67,28.31
771,29.67,28.31
121,29.67,28.31
855,29.67,28.31
326,29.67,28.31
358,29.67,28.31
469,29.67,28.31
658,29.67,28.31
762,29.67,28.31
360,29.67,28.31
446,29.67,28.31
496,29.67,28.31
774,29.67,28.31
274,29.67,28.31
661,29.67,28.31
635,29.67,28.31
377,29.67,28.31
380,29.67,28.31
793,29.67,28.31
270,29.67,28.31
800,29.67,28.31
490,29.67,28.31
817,29.67,28.31
651,29.67,28.31
197,29.67,28.31
882,29.67,28.31
396,29.67,28.31
833,29.71,28.31
582,29.71,28.31
591,29.71,28.31
380,29.71,28.31
668,29.71,28.31
572,29.71,28.31
327,29.71,28.31
471,29.71,28.31
307,29.71,28.31
556,29.71,28.31
344,29.71,28.31
295,29.71,28.31
714,29.71,28.31
515,29.71,28.31
409,29.71,28.31
809,29.71,28.31
264,29.71,28.31
776,29.71,28.31
824,29.71,28.31
667,29.71,28.31
337,29.71,28.31
349,29.71,28.31
754,29.71,28.31
120,29.71,28.31
567,29.71,28.45
539,29.71,28.45
482,29.71,28.45
402,29.71,28.45
486,29.71,28.45
422,29.71,28.45
682,29.71,28.45
218,29.71,28.45
812,29.71,28.45
583,29.71,28.45
280,29.71,28.45
380,29.71,28.45
648,29.71,28.45
340,29.71,28.45
411,29.71,28.45
275,29.71,28.45
186,29.71,28.45
633,29.71,28.45
119,29.71,28.45
883,29.71,28.45
388,29.71,28.45
425,29.71,28.45
547,29.71,28.45
683,29.71,28.45
428,29.71,28.45
478,29.71,28.45
397,29.71,28.45
457,29.71,28.45
427,29.71,28.45
457,29.71,28.45
654,29.71,28.45
312,29.71,28.45
461,29.71,28.45
