393,29.01,27.81
811,29.01,27.81
118,29.01,27.81
139,29.01,27.81
323,29.01,27.81
380,29.01,27.81
309,29.01,27.81
510,29.01,27.81
881,29.01,27.81
120,29.01,27.81
659,29.01,27.81
133,29.01,27.81
798,29.01,27.81
121,29.01,27.81
348,29.01,27.85
672,29.01,27.85
336,29.01,27.85
654,29.01,27.85
678,29.01,27.85
412,29.01,27.85
302,29.01,27.85
880,29.01,27.85
302,29.01,27.85
350,29.01,27.85
377,29.01,27.85
493,29.01,27.85
368,29.01,27.85
555,29.01,27.85
191,29.01,27.85
637,29.01,27.85
300,29.01,27.85
516,29.01,27.85
578,29.01,27.85
246,29.01,27.85
681,29.01,27.85
325,29.01,27.85
840,29.01,27.85
123,29.01,27.85
619,29.01,27.85
631,29.01,27.85
807,29.01,27.85
449,29.01,27.85
150,29.01,27.85
523,29.01,27.85
486,29.01,27.85
204,29.01,27.85
645,29.01,27.85
555,29.01,27.85
517,29.01,27.85
572,29.01,27.85
582,29.01,27.85
519,29.01,27.85
274,29.01,27.85
881,29.01,27.85
406,29.01,27.85
673,29.01,27.85
677,29.01,27.85
455,29.01,27.85
781,29.01,27.85
384,29.01,27.85
742,29.01,27.85
406,29.01,27.85
347,29.01,27.85
406,29.01,27.85
573,29.01,27.85
489,29.01,27.85
631,29.01,27.85
706,29.01,27.85
841,29.01,27.85
635,29.01,27.85
551,29.01,27.85
692,29.01,27.85
505,29.01,27.85
753,29.01,27.85
597,29.01,27.87
647,29.01,27.87
213,29.01,27.87
880,29.01,27.87
259,29.01,27.87
674,29.01,27.87
495,29.01,27.87
544,29.01,27.87
731,29.01,27.87
317,29.01,27.87
752,29.01,27.87
419,29.01,27.87
627,29.01,27.87
299,29.01,27.87
674,29.01,27.87
532,29.01,27.87
128,29.01,27.87
882,29.01,27.87
338,29.01,27.87
523,29.01,27.87
657,29.01,27.87
584,29.01,27.87
582,29.01,27.87
544,29.01,27.87
371,29.01,27.87
647,29.01,27.87
404,29.01,27.87
418,29.01,27.87
384,29.01,27.87
836,29.01,27.87
122,29.01,27.87
478,29.01,27.87
805,29.01,27.87
275,29.01,27.87
833,29.01,27.87
407,29.01,27.87
560,28.97,27.87
211,28.97,27.87
708,28.97,27.87
624,28.97,27.87
525,28.97,27.87
507,28.97,27.87
651,28.97,27.87
739,28.97,27.87
121,28.97,27.87
506,28.97,27.87
442,28.97,27.87
724,28.97,27.87
119,28.97,27.87
829,28.97,27.87
148,28.97,27.87
723,28.97,27.87
280,28.97,27.87
843,28.97,27.87
318,28.97,27.87
409,28.97,27.87
520,28.97,27.87
248,28.97,27.87
405,28.97,27.87
232,28.97,27.87
782,28.97,27.79
119,28.97,27.79
719,28.97,27.79
404,28.97,27.79
427,28.97,27.79
379,28.97,27.79
293,28.97,27.79
331,28.97,27.79
582,28.97,27.79
430,28.97,27.79
476,28.97,27.79
658,28.97,27.79
375,28.97,27.79
400,28.97,27.79
196,28.97,27.79
671,28.97,27.79
119,28.97,27.79
882,28.97,27.79
358,28.97,27.79
374,28.97,27.79
334,28.97,27.79
585,28.97,27.79
841,28.97,27.79
189,28.97,27.79
704,28.97,27.79
541,28.97,27.79
625,28.97,27.79
122,28.97,27.79
568,28.97,27.79
213,28.97,27.79
445,28.97,27.79
486,28.97,27.79
658,28.97,27.79
309,28.97,27.79
858,28.97,27.79
285,28.97,27.79
860,28.99,27.79
298,28.99,27.79
385,28.99,27.79
882,28.99,27.79
276,28.99,27.79
838,28.99,27.79
422,28.99,27.79
708,28.99,27.79
341,28.99,27.79
596,28.99,27.79
429,28.99,27.79
445,28.99,27.79
567,28.99,27.79
504,28.99,27.79
702,28.99,27.79
336,28.99,27.79
848,28.99,27.79
742,28.99,27.79
478,28.99,27.79
395,28.99,27.79
873,28.99,27.79
296,28.99,27.79
694,28.99,27.79
343,28.99,27.79
674,28.99,27.85
679,28.99,27.85
581,28.99,27.85
811,28.99,27.85
121,28.99,27.85
784,28.99,27.85
499,28.99,27.85
457,28.99,27.85
816,28.99,27.85
881,28.99,27.85
367,28.99,27.85
693,28.99,27.85
730,28.99,27.85
565,28.99,27.85
883,28.99,27.85
423,28.99,27.85
417,28.99,27.85
441,28.99,27.85
711,28.99,27.85
319,28.99,27.85
711,28.99,27.85
349,28.99,27.85
815,28.99,27.85
522,28.99,27.85
839,28.99,27.85
362,28.99,27.85
551,28.99,27.85
878,28.99,27.85
498,28.99,27.85
681,28.99,27.85
126,28.99,27.85
882,28.99,27.85
414,28.99,27.85
852,28.99,27.85
358,28.99,27.85
164,28.99,27.85
534,28.99,27.85
284,28.99,27.85
639,28.99,27.85
346,28.99,27.85
492,28.99,27.85
743,28.99,27.85
315,28.99,27.85
655,28.99,27.85
710,28.99,27.85
187,28.99,27.85
841,28.99,27.85
356,28.99,27.85
628,28.99,27.85
675,28.99,27.85
120,28.99,27.85
477,28.99,27.85
592,28.99,27.85
402,28.99,27.85
119,28.99,27.85
717,28.99,27.85
120,28.99,27.85
649,28.99,27.85
245,28.99,27.85
461,28.99,27.85
469,28.99,27.75
421,28.99,27.75
437,28.99,27.75
451,28.99,27.75
270,28.99,27.75
253,28.99,27.75
826,28.99,27.75
211,28.99,27.75
470,28.99,27.75
245,28.99,27.75
732,28.99,27.75
122,28.99,27.75
754,28.99,27.75
287,28.99,27.75
433,28.99,27.75
369,28.99,27.75
529,28.99,27.75
591,28.99,27.75
465,28.99,27.75
574,28.99,27.75
661,28.99,27.75
708,28.99,27.75
120,28.99,27.75
743,28.99,27.75
675,28.99,27.75
499,28.99,27.75
281,28.99,27.75
656,28.99,27.75
131,28.99,27.75
627,28.99,27.75
295,28.99,27.75
639,28.99,27.75
663,28.99,27.75
259,28.99,27.75
821,28.99,27.75
186,28.99,27.75
796,28.99,27.75
314,28.99,27.75
882,28.99,27.75
211,28.99,27.75
801,28.99,27.75
454,28.99,27.75
596,28.99,27.75
392,28.99,27.75
438,28.99,27.75
555,28.99,27.75
500,28.99,27.75
560,28.99,27.75
464,28.99,27.75
690,28.99,27.75
592,28.99,27.75
881,28.99,27.75
310,28.99,27.75
882,28.99,27.75
275,28.99,27.75
881,28.99,27.75
695,28.99,27.75
310,28.99,27.75
794,28.99,27.75
380,28.99,27.81
882,28.99,27.81
191,28.99,27.81
714,28.99,27.81
414,28.99,27.81
695,28.99,27.81
221,28.99,27.81
571,28.99,27.81
622,28.99,27.81
549,28.99,27.81
730,28.99,27.81
407,28.99,27.81
492,28.99,27.81
614,28.99,27.81
721,28.99,27.81
664,28.99,27.81
447,28.99,27.81
212,28.99,27.81
639,28.99,27.81
432,28.99,27.81
511,28.99,27.81
446,28.99,27.81
676,28.99,27.81
508,28.99,27.81
413,28.99,27.81
546,28.99,27.81
215,28.99,27.81
738,28.99,27.81
416,28.99,27.81
705,28.99,27.81
312,28.99,27.81
753,28.99,27.81
620,28.99,27.81
497,28.99,27.81
317,28.99,27.81
360,28.99,27.81
415,29.01,27.81
497,29.01,27.81
271,29.01,27.81
559,29.01,27.81
581,29.01,27.81
214,29.01,27.81
751,29.01,27.81
124,29.01,27.81
340,29.01,27.81
669,29.01,27.81
757,29.01,27.81
131,29.01,27.81
270,29.01,27.81
717,29.01,27.81
289,29.01,27.81
756,29.01,27.81
250,29.01,27.81
302,29.01,27.81
360,29.01,27.81
683,29.01,27.81
271,29.01,27.81
459,29.01,27.81
486,29.01,27.81
534,29.01,27.81
279,29.01,27.79
741,29.01,27.79
283,29.01,27.79
810,29.01,27.79
687,29.01,27.79
120,29.01,27.79
882,29.01,27.79
119,29.01,27.79
881,29.01,27.79
122,29.01,27.79
773,29.01,27.79
130,29.01,27.79
632,29.01,27.79
565,29.01,27.79
247,29.01,27.79
621,29.01,27.79
122,29.01,27.79
709,29.01,27.79
212,29.01,27.79
644,29.01,27.79
709,29.01,27.79
689,29.01,27.79
448,29.01,27.79
674,29.01,27.79
125,29.01,27.79
882,29.01,27.79
135,29.01,27.79
531,29.01,27.79
609,29.01,27.79
313,29.01,27.79
485,29.01,27.79
568,29.01,27.79
785,29.01,27.79
119,29.01,27.79
845,29.01,27.79
119,29.01,27.79
869,28.99,27.79
435,28.99,27.79
616,28.99,27.79
747,28.99,27.79
472,28.99,27.79
650,28.99,27.79
419,28.99,27.79
264,28.99,27.79
222,28.99,27.79
563,28.99,27.79
572,28.99,27.79
