626,29.39,27.87
344,29.39,27.87
507,29.39,27.87
284,29.39,27.87
586,29.39,27.87
640,29.39,27.87
759,29.39,27.87
505,29.39,27.87
121,29.39,27.87
490,29.39,27.87
150,29.39,27.87
688,29.39,27.87
119,29.39,27.87
679,29.39,27.87
123,29.39,27.87
615,29.39,27.87
279,29.39,27.87
389,29.39,27.87
266,29.39,27.87
641,29.37,27.87
707,29.37,27.87
262,29.37,27.87
475,29.37,27.87
702,29.37,27.87
538,29.37,27.87
234,29.37,27.87
791,29.37,27.87
120,29.37,27.87
879,29.37,27.87
125,29.37,27.87
849,29.37,27.87
743,29.37,27.87
665,29.37,27.87
568,29.37,27.87
516,29.37,27.87
622,29.37,27.87
118,29.37,27.87
768,29.37,27.87
250,29.37,27.87
858,29.37,27.87
410,29.37,27.87
640,29.37,27.87
359,29.37,27.87
553,29.37,27.93
412,29.37,27.93
477,29.37,27.93
215,29.37,27.93
882,29.37,27.93
303,29.37,27.93
696,29.37,27.93
667,29.37,27.93
531,29.37,27.93
812,29.37,27.93
132,29.37,27.93
813,29.37,27.93
514,29.37,27.93
657,29.37,27.93
138,29.37,27.93
792,29.37,27.93
321,29.37,27.93
532,29.37,27.93
566,29.37,27.93
680,29.37,27.93
491,29.37,27.93
457,29.37,27.93
588,29.37,27.93
413,29.37,27.93
445,29.37,27.93
668,29.37,27.93
724,29.37,27.93
158,29.37,27.93
876,29.37,27.93
258,29.37,27.93
886,29.37,27.93
516,29.37,27.93
414,29.37,27.93
448,29.37,27.93
156,29.37,27.93
644,29.37,27.93
243,29.35,27.93
773,29.35,27.93
196,29.35,27.93
526,29.35,27.93
416,29.35,27.93
438,29.35,27.93
581,29.35,27.93
671,29.35,27.93
199,29.35,27.93
605,29.35,27.93
291,29.35,27.93
556,29.35,27.93
270,29.35,27.93
499,29.35,27.93
269,29.35,27.93
123,29.35,27.93
711,29.35,27.93
305,29.35,27.93
736,29.35,27.93
430,29.35,27.93
447,29.35,27.93
828,29.35,27.93
218,29.35,27.93
601,29.35,27.93
469,29.35,28.13
493,29.35,28.13
122,29.35,28.13
673,29.35,28.13
499,29.35,28.13
554,29.35,28.13
697,29.35,28.13
546,29.35,28.13
182,29.35,28.13
582,29.35,28.13
399,29.35,28.13
758,29.35,28.13
398,29.35,28.13
573,29.35,28.13
623,29.35,28.13
443,29.35,28.13
493,29.35,28.13
575,29.35,28.13
440,29.35,28.13
625,29.35,28.13
550,29.35,28.13
391,29.35,28.13
426,29.35,28.13
402,29.35,28.13
720,29.35,28.13
469,29.35,28.13
496,29.35,28.13
285,29.35,28.13
689,29.35,28.13
375,29.35,28.13
609,29.35,28.13
720,29.35,28.13
404,29.35,28.13
636,29.35,28.13
379,29.35,28.13
881,29.35,28.13
331,29.35,28.13
121,29.35,28.13
638,29.35,28.13
426,29.35,28.13
417,29.35,28.13
556,29.35,28.13
723,29.35,28.13
127,29.35,28.13
727,29.35,28.13
380,29.35,28.13
487,29.35,28.13
429,29.35,28.13
436,29.35,28.13
434,29.35,28.13
588,29.35,28.13
263,29.35,28.13
766,29.35,28.13
531,29.35,28.13
205,29.35,28.13
633,29.35,28.13
317,29.35,28.13
494,29.35,28.13
123,29.35,28.13
783,29.35,28.13
190,29.35,28.13
347,29.35,28.13
446,29.35,28.13
346,29.35,28.13
472,29.35,28.13
522,29.35,28.13
501,29.35,28.13
387,29.35,28.13
469,29.35,28.13
651,29.35,28.13
864,29.35,28.13
446,29.35,28.13
297,29.35,28.13
600,29.35,28.13
665,29.35,28.13
119,29.35,28.13
611,29.35,28.13
225,29.35,28.13
736,29.35,28.13
119,29.35,28.13
521,29.35,28.13
778,29.35,28.13
320,29.35,28.13
883,29.35,28.13
682,29.35,28.13
221,29.35,28.13
183,29.35,28.13
755,29.35,28.13
365,29.35,28.13
260,29.35,28.13
427,29.35,28.13
739,29.35,28.13
250,29.35,28.13
592,29.35,28.13
194,29.35,28.13
707,29.35,28.13
287,29.35,28.13
516,29.35,28.13
475,29.35,28.13
245,29.35,28.13
875,29.35,28.13
484,29.35,28.13
794,29.35,28.13
400,29.35,28.13
638,29.35,28.13
512,29.35,28.13
369,29.35,28.13
408,29.35,28.13
658,29.35,28.13
342,29.35,28.13
215,29.35,28.13
725,29.35,28.13
335,29.35,28.13
406,29.35,28.13
685,29.35,28.13
431,29.35,28.13
263,29.35,28.13
666,29.35,28.13
276,29.35,28.13
882,29.35,27.87
559,29.35,27.87
603,29.35,27.87
387,29.35,27.87
359,29.35,27.87
617,29.35,27.87
303,29.35,27.87
202,29.35,27.87
341,29.35,27.87
600,29.35,27.87
369,29.35,27.87
595,29.35,27.87
563,29.35,27.87
341,29.35,27.87
476,29.35,27.87
359,29.35,27.87
415,29.35,27.87
701,29.35,27.87
334,29.35,27.87
276,29.35,27.87
484,29.35,27.87
220,29.35,27.87
598,29.35,27.87
290,29.35,27.87
672,29.35,27.87
122,29.35,27.87
581,29.35,27.87
122,29.35,27.87
223,29.35,27.87
591,29.35,27.87
308,29.35,27.87
809,29.35,27.87
579,29.35,27.87
276,29.35,27.87
762,29.35,27.87
488,29.35,27.87
322,29.39,27.87
580,29.39,27.87
496,29.39,27.87
485,29.39,27.87
245,29.39,27.87
879,29.39,27.87
120,29.39,27.87
576,29.39,27.87
407,29.39,27.87
220,29.39,27.87
533,29.39,27.87
268,29.39,27.87
822,29.39,27.87
397,29.39,27.87
401,29.39,27.87
385,29.39,27.87
704,29.39,27.87
448,29.39,27.87
241,29.39,27.87
278,29.39,27.87
757,29.39,27.87
193,29.39,27.87
290,29.39,27.87
341,29.39,28.19
397,29.39,28.19
364,29.39,28.19
702,29.39,28.19
540,29.39,28.19
121,29.39,28.19
882,29.39,28.19
367,29.39,28.19
831,29.39,28.19
170,29.39,28.19
751,29.39,28.19
743,29.39,28.19
537,29.39,28.19
657,29.39,28.19
627,29.39,28.19
345,29.39,28.19
299,29.39,28.19
766,29.39,28.19
294,29.39,28.19
631,29.39,28.19
553,29.39,28.19
715,29.39,28.19
213,29.39,28.19
821,29.39,28.19
164,29.39,28.19
878,29.39,28.19
274,29.39,28.19
526,29.39,28.19
484,29.39,nan
719,29.39,28.19
121,29.39,28.19
348,29.39,28.19
119,29.39,28.19
542,29.39,28.19
427,29.39,28.19
532,29.39,28.19
121,29.39,28.19
612,29.39,28.19
339,29.39,28.19
488,29.39,28.19
349,29.39,28.19
324,29.39,28.19
631,29.39,28.19
743,29.39,28.19
762,29.39,28.19
132,29.39,28.19
687,29.39,28.19
465,29.39,28.19
864,29.39,28.19
128,29.39,28.19
562,29.39,28.19
475,29.39,28.19
317,29.39,28.19
634,29.39,28.19
337,29.39,28.19
427,29.39,28.19
519,29.39,28.19
473,29.39,28.19
540,29.39,28.19
622,29.39,28.19
303,29.39,28.13
881,29.39,28.13
348,29.39,28.13
617,29.39,28.13
382,29.39,28.13
782,29.39,28.13
130,29.39,28.13
710,29.39,28.13
520,29.39,28.13
399,29.39,28.13
641,29.39,28.13
497,29.39,28.13
755,29.39,28.13
317,29.39,28.13
769,29.39,28.13
616,29.39,28.13
664,29.39,28.13
452,29.39,28.13
666,29.39,28.13
531,29.39,28.13
810,29.39,28.13
318,29.39,28.13
842,29.39,28.13
666,29.39,28.13
418,29.39,28.13
655,29.39,28.13
530,29.39,28.13
735,29.39,28.13
188,29.39,28.13
584,29.39,28.13
258,29.39,28.13
719,29.39,28.13
709,29.39,28.13
600,29.39,28.13
682,29.39,28.13
356,29.39,28.13
585,29.37,28.13
486,29.37,28.13
272,29.37,28.13
350,29.37,28.13
312,29.37,28.13
285,29.37,28.13
561,29.37,28.13
121,29.37,28.13
818,29.37,28.13
265,29.37,28.13
730,29.37,28.13
557,29.37,28.13
165,29.37,28.13
711,29.37,28.13
519,29.37,28.13
718,29.37,28.13
170,29.37,28.13
834,29.37,28.13
287,29.37,28.13
478,29.37,28.13
292,29.37,28.13
122,29.37,28.13
334,29.37,28.13
139,29.37,28.13
422,29.37,28.05
234,29.37,28.05
331,29.37,28.05
451,29.37,28.05
550,29.37,28.05
192,29.37,28.05
554,29.37,28.05
190,29.37,28.05
675,29.37,28.05
129,29.37,28.05
759,29.37,28.05
121,29.37,28.05
581,29.37,28.05
584,29.37,28.05
492,29.37,28.05
517,29.37,28.05
147,29.37,28.05
