384,30.97,29.69
357,30.97,29.69
122,30.97,29.69
469,30.97,29.69
679,30.97,29.69
843,30.97,29.69
827,30.97,29.69
533,30.97,29.69
848,30.97,29.69
319,30.97,29.69
446,30.97,29.69
566,30.97,29.69
292,30.97,29.69
843,30.97,29.69
421,30.97,29.69
736,30.97,29.69
315,30.97,29.69
872,30.97,29.69
526,30.97,29.69
459,30.97,29.69
700,30.97,29.69
574,30.97,29.69
447,30.97,29.69
563,30.97,29.69
542,30.97,29.69
675,30.97,29.69
524,30.97,29.69
513,30.97,29.69
711,30.97,29.69
319,30.97,29.69
702,30.97,29.69
690,30.97,29.69
659,30.97,29.69
440,30.97,29.69
548,30.97,29.69
632,30.97,29.69
369,30.97,29.69
816,30.97,29.69
311,30.97,29.69
789,30.97,29.69
273,30.97,29.69
327,30.97,29.69
763,30.97,29.69
251,30.97,29.69
516,30.97,29.69
484,30.97,29.69
371,30.97,29.69
574,30.97,29.69
639,30.97,29.69
587,30.97,29.69
491,30.97,29.69
537,30.97,29.69
260,30.97,29.69
389,30.97,29.69
423,30.97,29.69
494,30.97,29.69
605,30.97,29.69
292,30.97,29.69
187,30.97,29.69
526,30.97,29.69
149,30.97,29.69
761,30.97,29.69
403,30.97,29.69
712,30.97,29.69
326,30.97,29.69
486,30.97,29.69
567,30.97,29.69
484,30.97,29.69
390,30.97,29.69
699,30.97,29.69
380,30.97,29.69
448,30.97,29.69
385,30.97,29.69
728,30.97,29.69
522,30.97,29.69
510,30.97,29.69
696,30.97,29.69
354,30.97,29.69
436,30.97,29.69
279,30.97,29.69
848,30.97,29.69
243,30.97,29.69
526,30.97,29.69
523,30.97,29.69
226,30.97,29.69
694,30.97,29.69
119,30.97,29.69
740,30.97,29.69
538,30.97,29.69
559,30.97,29.69
551,30.97,29.69
638,30.97,29.69
405,30.97,29.69
473,30.97,29.69
405,30.95,29.69
365,30.95,29.69
386,30.95,29.69
332,30.95,29.69
383,30.95,29.69
617,30.95,29.69
524,30.95,29.69
474,30.95,29.69
679,30.95,29.69
192,30.95,29.69
883,30.95,29.69
271,30.95,29.69
655,30.95,29.69
349,30.95,29.69
512,30.95,29.69
826,30.95,29.69
368,30.95,29.69
702,30.95,29.69
598,30.95,29.69
362,30.95,29.69
427,30.95,29.69
833,30.95,29.69
292,30.95,29.69
695,30.95,29.69
481,30.95,29.57
607,30.95,29.57
401,30.95,29.57
730,30.95,29.57
350,30.95,29.57
492,30.95,29.57
491,30.95,29.57
352,30.95,29.57
877,30.95,29.57
152,30.95,29.57
637,30.95,29.57
517,30.95,29.57
571,30.95,29.57
286,30.95,29.57
617,30.95,29.57
676,30.95,29.57
510,30.95,29.57
280,30.95,29.57
647,30.95,29.57
465,30.95,29.57
555,30.95,29.57
560,30.95,29.57
440,30.95,29.57
497,30.95,29.57
349,30.95,29.57
581,30.95,29.57
419,30.95,29.57
658,30.95,29.57
176,30.95,29.57
776,30.95,29.57
431,30.95,29.57
375,30.95,29.57
413,30.95,29.57
473,30.95,29.57
697,30.95,29.57
197,30.95,29.57
837,30.97,29.57
366,30.97,29.57
377,30.97,29.57
837,30.97,29.57
736,30.97,29.57
718,30.97,29.57
783,30.97,29.57
557,30.97,29.57
709,30.97,29.57
571,30.97,29.57
609,30.97,29.57
394,30.97,29.57
639,30.97,29.57
234,30.97,29.57
437,30.97,29.57
613,30.97,29.57
127,30.97,29.57
861,30.97,29.57
126,30.97,29.57
345,30.97,29.57
432,30.97,29.57
407,30.97,29.57
685,30.97,29.57
199,30.97,29.55
464,30.97,29.55
563,30.97,29.55
623,30.97,29.55
507,30.97,29.55
357,30.97,29.55
455,30.97,29.55
624,30.97,29.55
538,30.97,29.55
358,30.97,29.55
209,30.97,29.55
762,30.97,29.55
632,30.97,29.55
426,30.97,29.55
549,30.97,29.55
199,30.97,29.55
589,30.97,29.55
248,30.97,29.55
778,30.97,29.55
222,30.97,29.55
555,30.97,29.55
476,30.97,29.55
524,30.97,29.55
710,30.97,29.55
314,30.97,29.55
580,30.97,29.55
651,30.97,29.55
527,30.97,29.55
520,30.97,29.55
786,30.97,29.55
649,30.97,29.55
316,30.97,29.55
664,30.97,29.55
629,30.97,29.55
259,30.97,29.55
828,30.97,29.55
250,30.97,29.55
333,30.95,29.55
361,30.95,29.55
446,30.95,29.55
674,30.95,29.55
373,30.95,29.55
830,30.95,29.55
439,30.95,29.55
623,30.95,29.55
276,30.95,29.55
757,30.95,29.55
554,30.95,29.55
128,30.95,29.55
387,30.95,29.55
657,30.95,29.55
275,30.95,29.55
561,30.95,29.55
463,30.95,29.55
375,30.95,29.55
341,30.95,29.55
483,30.95,29.55
770,30.95,29.55
158,30.95,29.55
589,30.95,29.55
306,30.95,29.65
698,30.95,29.65
121,30.95,29.65
681,30.95,29.65
703,30.95,29.65
605,30.95,29.65
210,30.95,29.65
811,30.95,29.65
787,30.95,29.65
454,30.95,29.65
685,30.95,29.65
374,30.95,29.65
456,30.95,29.65
266,30.95,29.65
861,30.95,29.65
382,30.95,29.65
340,30.95,29.65
478,30.95,29.65
752,30.95,29.65
240,30.95,29.65
707,30.95,29.65
457,30.95,29.65
402,30.95,29.65
641,30.95,29.65
212,30.95,29.65
789,30.95,29.65
224,30.95,29.65
439,30.95,29.65
657,30.95,29.65
438,30.95,29.65
207,30.95,29.65
689,30.95,29.65
226,30.95,29.65
591,30.95,29.65
144,30.95,29.65
670,30.95,29.65
519,30.97,29.65
497,30.97,29.65
542,30.97,29.65
448,30.97,29.65
566,30.97,29.65
119,30.97,29.65
862,30.97,29.65
297,30.97,29.65
879,30.97,29.65
448,30.97,29.65
705,30.97,29.65
503,30.97,29.65
536,30.97,29.65
464,30.97,29.65
684,30.97,29.65
425,30.97,29.65
734,30.97,29.65
239,30.97,29.65
757,30.97,29.65
832,30.97,29.65
318,30.97,29.65
820,30.97,29.65
255,30.97,29.65
803,30.97,29.65
243,30.97,29.59
653,30.97,29.59
180,30.97,29.59
735,30.97,29.59
451,30.97,29.59
421,30.97,29.59
805,30.97,29.59
229,30.97,29.59
596,30.97,29.59
258,30.97,29.59
409,30.97,29.59
511,30.97,29.59
409,30.97,29.59
852,30.97,29.59
771,30.97,29.59
330,30.97,29.59
561,30.97,29.59
504,30.97,29.59
736,30.97,29.59
640,30.97,29.59
479,30.97,29.59
807,30.97,29.59
411,30.97,29.59
674,30.97,29.59
191,30.97,29.59
740,30.97,29.59
330,30.97,29.59
643,30.97,29.59
560,30.97,29.59
277,30.97,29.59
875,30.97,29.59
439,30.97,29.59
767,30.97,29.59
195,30.97,29.59
485,30.97,29.59
444,30.97,29.59
318,30.95,29.59
584,30.95,29.59
552,30.95,29.59
233,30.95,29.59
443,30.95,29.59
350,30.95,29.59
421,30.95,29.59
397,30.95,29.59
444,30.95,29.59
478,30.95,29.59
668,30.95,29.59
871,30.95,29.59
123,30.95,29.59
838,30.95,29.59
231,30.95,29.59
484,30.95,29.59
715,30.95,29.59
121,30.95,29.59
794,30.95,29.59
390,30.95,29.59
310,30.95,29.59
356,30.95,29.59
374,30.95,29.59
359,30.95,29.57
417,30.95,29.57
358,30.95,29.57
883,30.95,29.57
145,30.95,29.57
843,30.95,29.57
519,30.95,29.57
657,30.95,29.57
119,30.95,29.57
582,30.95,29.57
366,30.95,29.57
441,30.95,29.57
815,30.95,29.57
579,30.95,29.57
884,30.95,29.57
373,30.95,29.57
728,30.95,29.57
576,30.95,29.57
769,30.95,29.57
522,30.95,29.57
866,30.95,29.57
374,30.95,29.57
415,30.95,29.57
802,30.95,29.57
599,30.95,29.57
680,30.95,29.57
515,30.95,29.57
829,30.95,29.57
119,30.95,29.57
683,30.95,29.57
252,30.95,29.57
822,30.95,29.57
118,30.95,29.57
883,30.95,29.57
313,30.95,29.57
604,30.95,29.57
281,30.97,29.57
355,30.97,29.57
868,30.97,29.57
497,30.97,29.57
518,30.97,29.57
778,30.97,29.57
697,30.97,29.57
328,30.97,29.57
820,30.97,29.57
716,30.97,29.57
739,30.97,29.57
244,30.97,29.57
884,30.97,29.57
293,30.97,29.57
615,30.97,29.57
390,30.97,29.57
732,30.97,29.57
530,30.97,29.57
148,30.97,29.57
858,30.97,29.57
468,30.97,29.57
642,30.97,29.57
267,30.97,29.57
845,30.97,29.57
429,30.97,29.63
409,30.97,29.63
