555,29.97,28.43
643,29.97,28.43
122,29.97,28.43
235,29.97,28.43
598,29.97,28.43
191,29.97,28.43
330,29.97,28.43
548,29.97,28.43
720,29.97,28.43
601,29.97,28.43
401,29.97,28.43
845,29.97,28.43
492,29.97,28.43
879,29.97,28.43
132,29.97,28.43
432,29.97,28.43
656,29.97,28.43
881,29.97,28.43
750,29.97,28.43
524,29.97,28.59
626,29.97,28.59
417,29.97,28.59
739,29.97,28.59
383,29.97,28.59
620,29.97,28.59
517,29.97,28.59
613,29.97,28.59
516,29.97,28.59
596,29.97,28.59
502,29.97,28.59
676,29.97,28.59
884,29.97,28.59
526,29.97,28.59
522,29.97,28.59
487,29.97,28.59
528,29.97,28.59
553,29.97,28.59
534,29.97,28.59
226,29.97,28.59
675,29.97,28.59
127,29.97,28.59
890,29.97,28.59
312,29.97,28.59
347,29.97,28.59
446,29.97,28.59
464,29.97,28.59
624,29.97,28.59
432,29.97,28.59
758,29.97,28.59
348,29.97,28.59
607,29.97,28.59
237,29.97,28.59
629,29.97,28.59
460,29.97,28.59
287,29.97,28.59
466,29.99,28.59
438,29.99,28.59
126,29.99,28.59
720,29.99,28.59
363,29.99,28.59
510,29.99,28.59
552,29.99,28.59
213,29.99,28.59
801,29.99,28.59
232,29.99,28.59
713,29.99,28.59
366,29.99,28.59
532,29.99,28.59
440,29.99,28.59
209,29.99,28.59
703,29.99,28.59
157,29.99,28.59
450,29.99,28.59
152,29.99,28.59
759,29.99,28.59
459,29.99,28.59
287,29.99,28.59
345,29.99,28.59
629,29.99,28.59
526,29.99,28.59
622,29.99,28.59
435,29.99,28.59
732,29.99,28.59
432,29.99,28.59
567,29.99,28.59
541,29.99,28.59
192,29.99,28.59
656,29.99,28.59
371,29.99,28.59
870,29.99,28.59
460,29.99,28.59
571,29.99,28.59
789,29.99,28.59
388,29.99,28.59
614,29.99,28.59
228,29.99,28.59
552,29.99,28.59
596,29.99,28.59
714,29.99,28.59
122,29.99,28.59
667,29.99,28.59
664,29.99,28.59
615,29.99,28.59
368,29.99,28.59
384,29.99,28.59
468,29.99,28.59
763,29.99,28.59
207,29.99,28.59
579,29.99,28.59
623,29.99,28.59
196,29.99,28.59
883,29.99,28.59
272,29.99,28.59
402,29.99,28.59
496,29.99,28.59
877,29.99,28.59
336,29.99,28.59
831,29.99,28.59
391,29.99,28.59
421,29.99,28.59
870,29.99,28.59
393,29.99,28.59
698,29.99,28.59
488,29.99,28.59
405,29.99,28.59
474,29.99,28.59
569,29.99,28.59
364,29.99,28.59
841,29.99,28.59
174,29.99,28.59
874,29.99,28.59
263,29.99,28.59
682,29.99,28.59
614,29.99,28.59
667,29.99,28.59
633,29.99,28.59
350,29.99,28.59
882,29.99,28.59
533,29.99,28.79
680,29.99,28.79
508,29.99,28.79
778,29.99,28.79
357,29.99,28.79
705,29.99,28.79
529,29.99,28.79
657,29.99,28.79
304,29.99,28.79
697,29.99,28.79
470,29.99,28.79
562,29.99,28.79
858,29.99,28.79
366,29.99,28.79
632,29.99,28.79
460,29.99,28.79
777,29.99,28.79
328,29.99,28.79
763,29.99,28.79
443,29.99,28.79
254,29.99,28.79
551,29.99,28.79
334,29.99,28.79
707,29.99,28.79
431,29.99,28.79
657,29.99,28.79
130,29.99,28.79
677,29.99,28.79
604,29.99,28.79
522,29.99,28.79
850,29.99,28.79
466,29.99,28.79
564,29.99,28.79
577,29.99,28.79
626,29.99,28.79
515,29.99,28.79
549,30.01,28.79
379,30.01,28.79
576,30.01,28.79
119,30.01,28.79
504,30.01,28.79
451,30.01,28.79
646,30.01,28.79
490,30.01,28.79
521,30.01,28.79
428,30.01,28.79
260,30.01,28.79
755,30.01,28.79
119,30.01,28.79
603,30.01,28.79
294,30.01,28.79
700,30.01,28.79
392,30.01,28.79
235,30.01,28.79
487,30.01,28.79
497,30.01,28.79
165,30.01,28.79
355,30.01,28.79
455,30.01,28.79
696,30.01,28.79
477,30.01,28.75
460,30.01,28.75
881,30.01,28.75
230,30.01,28.75
792,30.01,28.75
329,30.01,28.75
838,30.01,28.75
262,30.01,28.75
653,30.01,28.75
253,30.01,28.75
584,30.01,28.75
497,30.01,28.75
662,30.01,28.75
699,30.01,28.75
251,30.01,28.75
795,30.01,28.75
370,30.01,28.75
693,30.01,28.75
407,30.01,28.75
836,30.01,28.75
680,30.01,28.75
682,30.01,28.75
388,30.01,28.75
721,30.01,28.75
194,30.01,28.75
654,30.01,28.75
523,30.01,28.75
484,30.01,28.75
706,30.01,28.75
515,30.01,28.75
883,30.01,28.75
158,30.01,28.75
851,30.01,28.75
207,30.01,28.75
882,30.01,28.75
378,30.01,28.75
738,29.95,28.75
658,29.95,28.75
570,29.95,28.75
477,29.95,28.75
644,29.95,28.75
737,29.95,28.75
552,29.95,28.75
539,29.95,28.75
325,29.95,28.75
471,29.95,28.75
119,29.95,28.75
792,29.95,28.75
119,29.95,28.75
682,29.95,28.75
577,29.95,28.75
702,29.95,28.75
132,29.95,28.75
667,29.95,28.75
469,29.95,28.75
393,29.95,28.75
663,29.95,28.75
358,29.95,28.75
812,29.95,28.75
339,29.95,28.65
434,29.95,28.65
728,29.95,28.65
263,29.95,28.65
120,29.95,28.65
619,29.95,28.65
288,29.95,28.65
691,29.95,28.65
409,29.95,28.65
384,29.95,28.65
485,29.95,28.65
533,29.95,28.65
780,29.95,28.65
358,29.95,28.65
561,29.95,28.65
166,29.95,28.65
783,29.95,28.65
238,29.95,28.65
410,29.95,28.65
576,29.95,28.65
671,29.95,28.65
690,29.95,28.65
713,29.95,28.65
121,29.95,28.65
472,29.95,28.65
548,29.95,28.65
622,29.95,28.65
373,29.95,28.65
312,29.95,28.65
857,29.95,28.65
283,29.95,28.65
749,29.95,28.65
334,29.95,28.65
525,29.95,28.65
318,29.95,28.65
340,29.95,28.65
523,29.95,28.65
369,29.95,28.65
601,29.95,28.65
512,29.95,28.65
638,29.95,28.65
163,29.95,28.65
651,29.95,28.65
500,29.95,28.65
735,29.95,28.65
161,29.95,28.65
692,29.95,28.65
122,29.95,28.65
851,29.95,28.65
456,29.95,28.65
644,29.95,28.65
267,29.95,28.65
459,29.95,28.65
735,29.95,28.65
465,29.95,28.65
590,29.95,28.65
467,29.95,28.65
533,29.95,28.65
452,29.95,28.65
574,29.95,28.65
407,29.95,28.71
643,29.95,28.71
416,29.95,28.71
312,29.95,28.71
702,29.95,28.71
336,29.95,28.71
312,29.95,28.71
796,29.95,28.71
329,29.95,28.71
242,29.95,28.71
627,29.95,28.71
123,29.95,28.71
635,29.95,28.71
265,29.95,28.71
807,29.95,28.71
474,29.95,28.71
465,29.95,28.71
594,29.95,28.71
445,29.95,28.71
757,29.95,28.71
264,29.95,28.71
603,29.95,28.71
274,29.95,28.71
716,29.95,28.71
373,29.95,28.71
679,29.95,28.71
293,29.95,28.71
548,29.95,28.71
446,29.95,28.71
507,29.95,28.71
139,29.95,28.71
678,29.95,28.71
443,29.95,28.71
803,29.95,28.71
448,29.95,28.71
394,29.95,28.71
883,29.99,28.71
122,29.99,28.71
805,29.99,28.71
689,29.99,28.71
464,29.99,28.71
363,29.99,28.71
682,29.99,28.71
403,29.99,28.71
631,29.99,28.71
381,29.99,28.71
557,29.99,28.71
535,29.99,28.71
562,29.99,28.71
567,29.99,28.71
695,29.99,28.71
475,29.99,28.71
391,29.99,28.71
882,29.99,28.71
213,29.99,28.71
871,29.99,28.71
266,29.99,28.71
809,29.99,28.71
179,29.99,28.71
369,29.99,28.71
749,29.99,28.59
611,29.99,28.59
513,29.99,28.59
586,29.99,28.59
587,29.99,28.59
569,29.99,28.59
573,29.99,28.59
665,29.99,28.59
595,29.99,28.59
426,29.99,28.59
556,29.99,28.59
532,29.99,28.59
607,29.99,28.59
423,29.99,28.59
689,29.99,28.59
565,29.99,28.59
399,29.99,28.59
465,29.99,28.59
457,29.99,28.59
621,29.99,28.59
283,29.99,28.59
633,29.99,28.59
355,29.99,28.59
422,29.99,28.59
789,29.99,28.59
657,29.99,28.59
870,29.99,28.59
468,29.99,28.59
194,29.99,28.59
674,29.99,28.59
325,29.99,28.59
447,29.99,28.59
505,29.99,28.59
427,29.99,28.59
497,29.99,28.59
425,29.99,28.59
817,29.95,28.59
119,29.95,28.59
561,29.95,28.59
320,29.95,28.59
632,29.95,28.59
531,29.95,28.59
