730,31.31,29.89
349,31.31,29.89
402,31.31,29.89
380,31.31,29.89
442,31.31,29.89
236,31.31,29.89
837,31.31,29.89
604,31.31,29.89
716,31.31,29.89
430,31.31,29.89
458,31.31,29.89
882,31.31,29.89
536,31.31,29.89
347,31.31,29.89
123,31.31,29.89
752,31.31,29.89
575,31.31,29.89
846,31.31,29.89
355,31.31,29.89
510,31.29,29.89
597,31.29,29.89
590,31.29,29.89
683,31.29,29.89
524,31.29,29.89
256,31.29,29.89
398,31.29,29.89
460,31.29,29.89
626,31.29,29.89
845,31.29,29.89
127,31.29,29.89
681,31.29,29.89
490,31.29,29.89
503,31.29,29.89
291,31.29,29.89
719,31.29,29.89
314,31.29,29.89
518,31.29,29.89
494,31.29,29.89
284,31.29,29.89
775,31.29,29.89
481,31.29,29.89
882,31.29,29.89
175,31.29,29.89
504,31.29,29.99
649,31.29,29.99
623,31.29,29.99
502,31.29,29.99
301,31.29,29.99
353,31.29,29.99
778,31.29,29.99
337,31.29,29.99
442,31.29,29.99
739,31.29,29.99
120,31.29,29.99
437,31.29,29.99
148,31.29,29.99
667,31.29,29.99
183,31.29,29.99
883,31.29,29.99
492,31.29,29.99
573,31.29,29.99
288,31.29,29.99
120,31.29,29.99
638,31.29,29.99
359,31.29,29.99
569,31.29,29.99
316,31.29,29.99
585,31.29,29.99
288,31.29,29.99
380,31.29,29.99
565,31.29,29.99
325,31.29,29.99
261,31.29,29.99
581,31.29,29.99
407,31.29,29.99
459,31.29,29.99
499,31.29,29.99
399,31.29,29.99
722,31.29,29.99
200,31.27,29.99
446,31.27,29.99
471,31.27,29.99
417,31.27,29.99
363,31.27,29.99
683,31.27,29.99
655,31.27,29.99
676,31.27,29.99
236,31.27,29.99
592,31.27,29.99
676,31.27,29.99
164,31.27,29.99
378,31.27,29.99
436,31.27,29.99
795,31.27,29.99
665,31.27,29.99
772,31.27,29.99
119,31.27,29.99
883,31.27,29.99
475,31.27,29.99
863,31.27,29.99
466,31.27,29.99
335,31.27,29.99
449,31.27,29.99
397,31.27,29.99
834,31.27,29.99
181,31.27,29.99
573,31.27,29.99
217,31.27,29.99
885,31.27,29.99
465,31.27,29.99
779,31.27,29.99
595,31.27,29.99
376,31.27,29.99
381,31.27,29.99
850,31.27,29.99
333,31.27,29.99
852,31.27,29.99
500,31.27,29.99
514,31.27,29.99
561,31.27,29.99
267,31.27,29.99
881,31.27,29.99
207,31.27,29.99
781,31.27,29.99
657,31.27,29.99
772,31.27,29.99
376,31.27,29.99
666,31.27,29.99
797,31.27,29.99
325,31.27,29.99
518,31.27,29.99
282,31.27,29.99
565,31.27,29.99
360,31.27,29.99
417,31.27,29.99
720,31.27,29.99
292,31.27,29.99
374,31.27,29.99
603,31.29,29.99
169,31.29,29.99
629,31.29,29.99
118,31.29,29.99
844,31.29,29.99
457,31.29,29.99
350,31.29,29.99
853,31.29,29.99
543,31.29,29.99
612,31.29,29.99
272,31.29,29.99
455,31.29,29.99
120,31.29,29.99
451,31.29,29.99
293,31.29,29.99
474,31.29,29.99
195,31.29,29.99
515,31.29,29.99
506,31.29,29.99
772,31.29,29.99
260,31.29,29.99
810,31.29,29.99
349,31.29,29.99
555,31.29,29.99
400,31.29,30.11
321,31.29,30.11
630,31.29,30.11
214,31.29,30.11
857,31.29,30.11
433,31.29,30.11
493,31.29,30.11
490,31.29,30.11
465,31.29,30.11
269,31.29,30.11
692,31.29,30.11
633,31.29,30.11
507,31.29,30.11
659,31.29,30.11
627,31.29,30.11
597,31.29,30.11
720,31.29,30.11
627,31.29,30.11
300,31.29,30.11
885,31.29,30.11
117,31.29,30.11
731,31.29,30.11
366,31.29,30.11
743,31.29,30.11
362,31.29,30.11
310,31.29,30.11
532,31.29,30.11
387,31.29,30.11
358,31.29,30.11
688,31.29,30.11
576,31.29,30.11
466,31.29,30.11
472,31.29,30.11
883,31.29,30.11
270,31.29,30.11
357,31.29,30.11
578,31.27,30.11
256,31.27,30.11
658,31.27,30.11
348,31.27,30.11
861,31.27,30.11
282,31.27,30.11
685,31.27,30.11
632,31.27,30.11
304,31.27,30.11
885,31.27,30.11
463,31.27,30.11
428,31.27,30.11
698,31.27,30.11
494,31.27,30.11
653,31.27,30.11
412,31.27,30.11
428,31.27,30.11
674,31.27,30.11
467,31.27,30.11
263,31.27,30.11
316,31.27,30.11
882,31.27,30.11
128,31.27,30.11
564,31.27,30.05
656,31.27,30.05
120,31.27,30.05
580,31.27,30.05
466,31.27,30.05
460,31.27,30.05
381,31.27,30.05
380,31.27,30.05
880,31.27,30.05
384,31.27,30.05
867,31.27,30.05
350,31.27,30.05
440,31.27,30.05
530,31.27,30.05
201,31.27,30.05
432,31.27,30.05
380,31.27,30.05
174,31.27,30.05
563,31.27,30.05
627,31.27,30.05
311,31.27,30.05
384,31.27,30.05
516,31.27,30.05
384,31.27,30.05
354,31.27,30.05
506,31.27,30.05
184,31.27,30.05
852,31.27,30.05
323,31.27,30.05
852,31.27,30.05
539,31.27,30.05
460,31.27,30.05
690,31.27,30.05
460,31.27,30.05
590,31.27,30.05
659,31.27,30.05
397,31.27,30.05
590,31.31,30.05
700,31.31,30.05
666,31.31,30.05
672,31.31,30.05
554,31.31,30.05
457,31.31,30.05
781,31.31,30.05
508,31.31,30.05
374,31.31,30.05
804,31.31,30.05
372,31.31,30.05
475,31.31,30.05
588,31.31,30.05
438,31.31,30.05
708,31.31,30.05
400,31.31,30.05
830,31.31,30.05
286,31.31,30.05
804,31.31,30.05
442,31.31,30.05
666,31.31,30.05
866,31.31,30.05
477,31.31,30.05
714,31.31,30.17
766,31.31,30.17
212,31.31,30.17
516,31.31,30.17
340,31.31,30.17
449,31.31,30.17
334,31.31,30.17
623,31.31,30.17
783,31.31,30.17
303,31.31,30.17
679,31.31,30.17
290,31.31,30.17
682,31.31,30.17
156,31.31,30.17
337,31.31,30.17
571,31.31,30.17
237,31.31,30.17
792,31.31,30.17
460,31.31,30.17
469,31.31,30.17
464,31.31,30.17
529,31.31,30.17
124,31.31,30.17
715,31.31,30.17
225,31.31,30.17
648,31.31,30.17
286,31.31,30.17
767,31.31,30.17
376,31.31,30.17
582,31.31,30.17
173,31.31,30.17
569,31.31,30.17
448,31.31,30.17
118,31.31,30.17
676,31.31,30.17
175,31.31,30.17
657,31.29,30.17
118,31.29,30.17
820,31.29,30.17
481,31.29,30.17
404,31.29,30.17
532,31.29,30.17
713,31.29,30.17
270,31.29,30.17
678,31.29,30.17
426,31.29,30.17
679,31.29,30.17
717,31.29,30.17
628,31.29,30.17
595,31.29,30.17
310,31.29,30.17
718,31.29,30.17
402,31.29,30.17
884,31.29,30.17
272,31.29,30.17
600,31.29,30.17
643,31.29,30.17
397,31.29,30.17
622,31.29,30.17
771,31.29,30.17
212,31.29,30.03
511,31.29,30.03
481,31.29,30.03
654,31.29,30.03
562,31.29,30.03
475,31.29,30.03
616,31.29,30.03
378,31.29,30.03
695,31.29,30.03
318,31.29,30.03
823,31.29,30.03
592,31.29,30.03
443,31.29,30.03
391,31.29,30.03
566,31.29,30.03
678,31.29,30.03
186,31.29,30.03
885,31.29,30.03
143,31.29,30.03
369,31.29,30.03
477,31.29,30.03
556,31.29,30.03
560,31.29,30.03
552,31.29,30.03
385,31.29,30.03
665,31.29,30.03
119,31.29,30.03
539,31.29,30.03
557,31.29,30.03
130,31.29,30.03
832,31.29,30.03
118,31.29,30.03
884,31.29,30.03
118,31.29,30.03
733,31.29,30.03
399,31.29,30.03
503,31.29,30.03
302,31.29,30.03
292,31.29,30.03
565,31.29,30.03
267,31.29,30.03
725,31.29,30.03
384,31.29,30.03
446,31.29,30.03
592,31.29,30.03
478,31.29,30.03
569,31.29,30.03
535,31.29,30.03
157,31.29,30.03
668,31.29,30.03
269,31.29,30.03
710,31.29,30.03
422,31.29,30.03
449,31.29,30.03
775,31.29,30.03
549,31.29,30.03
669,31.29,30.03
146,31.29,30.03
787,31.29,30.03
125,31.29,29.99
736,31.29,29.99
231,31.29,29.99
405,31.29,29.99
736,31.29,29.99
332,31.29,29.99
545,31.29,29.99
416,31.29,29.99
296,31.29,29.99
341,31.29,29.99
575,31.29,29.99
493,31.29,29.99
673,31.29,29.99
396,31.29,29.99
681,31.29,29.99
208,31.29,29.99
814,31.29,29.99
358,31.29,29.99
