546,30.99,29.65
395,30.99,29.65
424,30.99,29.65
130,30.99,29.65
509,30.99,29.65
594,30.99,29.65
420,30.99,29.65
701,30.99,29.65
392,30.99,29.65
785,30.99,29.65
360,30.99,29.65
323,30.99,29.65
578,30.99,29.65
559,30.99,29.65
242,30.99,29.65
547,30.99,29.65
307,30.99,29.65
490,30.99,29.65
446,30.99,29.65
777,30.99,29.65
514,30.99,29.65
120,30.99,29.65
879,30.99,29.65
376,30.99,29.65
582,30.99,29.65
261,30.99,29.65
642,30.97,29.65
257,30.97,29.65
476,30.97,29.65
518,30.97,29.65
388,30.97,29.65
444,30.97,29.65
517,30.97,29.65
310,30.97,29.65
612,30.97,29.65
407,30.97,29.65
743,30.97,29.65
574,30.97,29.65
510,30.97,29.65
532,30.97,29.65
597,30.97,29.65
551,30.97,29.65
413,30.97,29.65
884,30.97,29.65
464,30.97,29.65
337,30.97,29.65
509,30.97,29.65
572,30.97,29.65
603,30.97,29.65
356,30.97,29.65
676,30.97,29.71
524,30.97,29.71
815,30.97,29.71
558,30.97,29.71
742,30.97,29.71
545,30.97,29.71
480,30.97,29.71
618,30.97,29.71
468,30.97,29.71
338,30.97,29.71
534,30.97,29.71
356,30.97,29.71
432,30.97,29.71
281,30.97,29.71
297,30.97,29.71
639,30.97,29.71
198,30.97,29.71
584,30.97,29.71
428,30.97,29.71
411,30.97,29.71
480,30.97,29.71
536,30.97,29.71
625,30.97,29.71
371,30.97,29.71
704,30.97,29.71
332,30.97,29.71
884,30.97,29.71
467,30.97,29.71
482,30.97,29.71
855,30.97,29.71
578,30.97,29.71
317,30.97,29.71
639,30.97,29.71
510,30.97,29.71
620,30.97,29.71
475,30.97,29.71
467,30.97,29.71
554,30.97,29.71
278,30.97,29.71
767,30.97,29.71
229,30.97,29.71
716,30.97,29.71
369,30.97,29.71
708,30.97,29.71
468,30.97,29.71
593,30.97,29.71
473,30.97,29.71
322,30.97,29.71
547,30.97,29.71
375,30.97,29.71
742,30.97,29.71
303,30.97,29.71
522,30.97,29.71
553,30.97,29.71
707,30.97,29.71
194,30.97,29.71
640,30.97,29.71
313,30.97,29.71
757,30.97,29.71
221,30.97,29.71
799,30.97,29.71
598,30.97,29.71
322,30.97,29.71
574,30.97,29.71
376,30.97,29.71
401,30.97,29.71
318,30.97,29.71
457,30.97,29.71
120,30.97,29.71
698,30.97,29.71
275,30.97,29.71
543,30.97,29.71
434,30.97,29.71
442,30.97,29.71
663,30.97,29.71
388,30.97,29.71
386,30.97,29.71
781,30.97,29.71
534,30.97,29.71
525,30.97,29.71
570,30.97,29.71
384,30.97,29.71
563,30.97,29.71
332,30.97,29.71
884,30.97,29.71
414,30.97,29.71
294,30.97,29.71
628,30.97,29.71
557,30.97,29.71
651,30.97,29.71
585,30.97,29.71
884,30.97,29.71
418,30.97,29.71
769,30.97,29.71
518,30.97,29.71
529,30.97,29.71
243,30.95,29.71
344,30.95,29.71
508,30.95,29.71
670,30.95,29.71
118,30.95,29.71
689,30.95,29.71
566,30.95,29.71
470,30.95,29.71
369,30.95,29.71
252,30.95,29.71
645,30.95,29.71
332,30.95,29.71
882,30.95,29.71
513,30.95,29.71
479,30.95,29.71
345,30.95,29.71
416,30.95,29.71
734,30.95,29.71
427,30.95,29.71
476,30.95,29.71
340,30.95,29.71
443,30.95,29.71
572,30.95,29.71
413,30.95,29.69
555,30.95,29.69
564,30.95,29.69
131,30.95,29.69
717,30.95,29.69
120,30.95,29.69
716,30.95,29.69
450,30.95,29.69
654,30.95,29.69
178,30.95,29.69
356,30.95,29.69
548,30.95,29.69
185,30.95,29.69
777,30.95,29.69
531,30.95,29.69
446,30.95,29.69
119,30.95,29.69
573,30.95,29.69
290,30.95,29.69
389,30.95,29.69
383,30.95,29.69
666,30.95,29.69
440,30.95,29.69
575,30.95,29.69
709,30.95,29.69
628,30.95,29.69
383,30.95,29.69
369,30.95,29.69
591,30.95,29.69
145,30.95,29.69
748,30.95,29.69
225,30.95,29.69
722,30.95,29.69
176,30.95,29.69
574,30.95,29.69
479,30.95,29.69
694,30.99,29.69
448,30.99,29.69
865,30.99,29.69
651,30.99,29.69
282,30.99,29.69
322,30.99,29.69
514,30.99,29.69
759,30.99,29.69
527,30.99,29.69
820,30.99,29.69
407,30.99,29.69
745,30.99,29.69
260,30.99,29.69
849,30.99,29.69
598,30.99,29.69
523,30.99,29.69
572,30.99,29.69
492,30.99,29.69
592,30.99,29.69
475,30.99,29.69
701,30.99,29.69
504,30.99,29.69
825,30.99,29.69
617,30.99,29.69
689,30.99,29.63
125,30.99,29.63
510,30.99,29.63
397,30.99,29.63
374,30.99,29.63
250,30.99,29.63
697,30.99,29.63
198,30.99,29.63
593,30.99,29.63
570,30.99,29.63
457,30.99,29.63
747,30.99,29.63
119,30.99,29.63
883,30.99,29.63
230,30.99,29.63
578,30.99,29.63
530,30.99,29.63
668,30.99,29.63
884,30.99,29.63
500,30.99,29.63
419,30.99,29.63
719,30.99,29.63
480,30.99,29.63
204,30.99,29.63
703,30.99,29.63
467,30.99,29.63
579,30.99,29.63
644,30.99,29.63
620,30.99,29.63
552,30.99,29.63
702,30.99,29.63
348,30.99,29.63
654,30.99,29.63
240,30.99,29.63
490,30.99,29.63
617,30.99,29.63
477,30.97,29.63
709,30.97,29.63
310,30.97,29.63
772,30.97,29.63
399,30.97,29.63
434,30.97,29.63
211,30.97,29.63
652,30.97,29.63
278,30.97,29.63
731,30.97,29.63
468,30.97,29.63
281,30.97,29.63
776,30.97,29.63
388,30.97,29.63
370,30.97,29.63
135,30.97,29.63
456,30.97,29.63
239,30.97,29.63
695,30.97,29.63
118,30.97,29.63
722,30.97,29.63
183,30.97,29.63
590,30.97,29.63
294,30.97,29.63
479,30.97,29.65
519,30.97,29.65
432,30.97,29.65
468,30.97,29.65
424,30.97,29.65
754,30.97,29.65
834,30.97,29.65
601,30.97,29.65
466,30.97,29.65
600,30.97,29.65
422,30.97,29.65
298,30.97,29.65
208,30.97,29.65
432,30.97,29.65
257,30.97,29.65
348,30.97,29.65
566,30.97,29.65
486,30.97,29.65
717,30.97,29.65
351,30.97,29.65
872,30.97,29.65
368,30.97,29.65
481,30.97,29.65
837,30.97,29.65
273,30.97,29.65
852,30.97,29.65
529,30.97,29.65
569,30.97,29.65
253,30.97,29.65
656,30.97,29.65
405,30.97,29.65
488,30.97,29.65
374,30.97,29.65
583,30.97,29.65
502,30.97,29.65
587,30.97,29.65
363,30.97,29.65
682,30.97,29.65
271,30.97,29.65
356,30.97,29.65
729,30.97,29.65
354,30.97,29.65
719,30.97,29.65
274,30.97,29.65
749,30.97,29.65
504,30.97,29.65
503,30.97,29.65
264,30.97,29.65
704,30.97,29.65
383,30.97,29.65
587,30.97,29.65
200,30.97,29.65
192,30.97,29.65
649,30.97,29.65
613,30.97,29.65
637,30.97,29.65
489,30.97,29.65
665,30.97,29.65
341,30.97,29.65
651,30.97,29.57
118,30.97,29.57
807,30.97,29.57
335,30.97,29.57
664,30.97,29.57
274,30.97,29.57
570,30.97,29.57
590,30.97,29.57
348,30.97,29.57
724,30.97,29.57
390,30.97,29.57
221,30.97,29.57
258,30.97,29.57
691,30.97,29.57
498,30.97,29.57
468,30.97,29.57
626,30.97,29.57
449,30.97,29.57
243,30.97,29.57
504,30.97,29.57
422,30.97,29.57
464,30.97,29.57
208,30.97,29.57
578,30.97,29.57
557,30.97,29.57
120,30.97,29.57
787,30.97,29.57
475,30.97,29.57
737,30.97,29.57
278,30.97,29.57
429,30.97,29.57
697,30.97,29.57
327,30.97,29.57
442,30.97,29.57
827,30.97,29.57
575,30.97,29.57
384,30.95,29.57
448,30.95,29.57
650,30.95,29.57
177,30.95,29.57
589,30.95,29.57
468,30.95,29.57
590,30.95,29.57
746,30.95,29.57
265,30.95,29.57
863,30.95,29.57
313,30.95,29.57
772,30.95,29.57
603,30.95,29.57
404,30.95,29.57
619,30.95,29.57
536,30.95,29.57
618,30.95,29.57
489,30.95,29.57
535,30.95,29.57
685,30.95,29.57
538,30.95,29.57
522,30.95,29.57
775,30.95,29.57
633,30.95,29.57
124,30.95,29.65
408,30.95,29.65
772,30.95,29.65
397,30.95,29.65
563,30.95,29.65
665,30.95,29.65
543,30.95,29.65
789,30.95,29.65
391,30.95,29.65
862,30.95,29.65
489,30.95,29.65
