290,30.09,28.63
384,30.09,28.63
576,30.09,28.63
121,30.09,28.63
132,30.09,28.63
497,30.09,28.63
845,30.09,28.63
320,30.09,28.63
632,30.09,28.63
308,30.09,28.63
647,30.09,28.63
119,30.09,28.63
881,30.09,28.63
184,30.09,28.63
882,30.09,28.63
496,30.09,28.63
167,30.09,28.63
720,30.09,28.63
123,30.09,28.63
851,30.11,28.63
119,30.11,28.63
869,30.11,28.63
119,30.11,28.63
721,30.11,28.63
322,30.11,28.63
352,30.11,28.63
501,30.11,28.63
512,30.11,28.63
376,30.11,28.63
381,30.11,28.63
276,30.11,28.63
661,30.11,28.63
738,30.11,28.63
469,30.11,28.63
816,30.11,28.63
266,30.11,28.63
880,30.11,28.63
119,30.11,28.63
625,30.11,28.63
523,30.11,28.63
372,30.11,28.63
514,30.11,28.63
665,30.11,28.63
615,30.11,28.83
511,30.11,28.83
710,30.11,28.83
316,30.11,28.83
709,30.11,28.83
501,30.11,28.83
404,30.11,28.83
779,30.11,28.83
461,30.11,28.83
622,30.11,28.83
673,30.11,28.83
198,30.11,28.83
882,30.11,28.83
385,30.11,28.83
486,30.11,28.83
449,30.11,28.83
349,30.11,28.83
728,30.11,28.83
428,30.11,28.83
616,30.11,28.83
729,30.11,28.83
549,30.11,28.83
508,30.11,28.83
592,30.11,28.83
579,30.11,28.83
288,30.11,28.83
559,30.11,28.83
561,30.11,28.83
418,30.11,28.83
620,30.11,28.83
653,30.11,28.83
552,30.11,28.83
587,30.11,28.83
203,30.11,28.83
445,30.11,28.83
541,30.11,28.83
659,30.09,28.83
510,30.09,28.83
738,30.09,28.83
626,30.09,28.83
291,30.09,28.83
678,30.09,28.83
426,30.09,28.83
398,30.09,28.83
395,30.09,28.83
700,30.09,28.83
120,30.09,28.83
299,30.09,28.83
424,30.09,28.83
400,30.09,28.83
559,30.09,28.83
455,30.09,28.83
624,30.09,28.83
381,30.09,28.83
506,30.09,28.83
452,30.09,28.83
540,30.09,28.83
226,30.09,28.83
650,30.09,28.83
499,30.09,28.83
869,30.09,28.71
380,30.09,28.71
516,30.09,28.71
537,30.09,28.71
226,30.09,28.71
526,30.09,28.71
226,30.09,28.71
604,30.09,28.71
119,30.09,28.71
766,30.09,28.71
129,30.09,28.71
487,30.09,28.71
490,30.09,28.71
275,30.09,28.71
802,30.09,28.71
335,30.09,28.71
690,30.09,28.71
665,30.09,28.71
407,30.09,28.71
228,30.09,28.71
872,30.09,28.71
422,30.09,28.71
495,30.09,28.71
408,30.09,28.71
677,30.09,28.71
350,30.09,28.71
787,30.09,28.71
433,30.09,28.71
273,30.09,28.71
839,30.09,28.71
188,30.09,28.71
882,30.09,28.71
210,30.09,28.71
683,30.09,28.71
314,30.09,28.71
724,30.09,28.71
376,30.09,28.71
397,30.09,28.71
713,30.09,28.71
314,30.09,28.71
559,30.09,28.71
389,30.09,28.71
631,30.09,28.71
614,30.09,28.71
815,30.09,28.71
345,30.09,28.71
835,30.09,28.71
486,30.09,28.71
883,30.09,28.71
593,30.09,28.71
658,30.09,28.71
666,30.09,28.71
602,30.09,28.71
428,30.09,28.71
482,30.09,28.71
635,30.09,28.71
120,30.09,28.71
711,30.09,28.71
233,30.09,28.71
883,30.09,28.53
513,30.09,28.53
441,30.09,28.53
703,30.09,28.53
320,30.09,28.53
520,30.09,28.53
408,30.09,28.53
557,30.09,28.53
396,30.09,28.53
697,30.09,28.53
566,30.09,28.53
837,30.09,28.53
159,30.09,28.53
883,30.09,28.53
409,30.09,28.53
867,30.09,28.53
255,30.09,28.53
669,30.09,28.53
498,30.09,28.53
621,30.09,28.53
859,30.09,28.53
404,30.09,28.53
883,30.09,28.53
120,30.09,28.53
885,30.09,28.53
281,30.09,28.53
404,30.09,28.53
363,30.09,28.53
550,30.09,28.53
549,30.09,28.53
518,30.09,28.53
545,30.09,28.53
581,30.09,28.53
310,30.09,28.53
553,30.09,28.53
882,30.09,28.53
230,30.09,28.53
487,30.09,28.53
475,30.09,28.53
719,30.09,28.53
371,30.09,28.53
721,30.09,28.53
623,30.09,28.53
615,30.09,28.53
426,30.09,28.53
327,30.09,28.53
773,30.09,28.53
162,30.09,28.53
660,30.09,28.53
427,30.09,28.53
573,30.09,28.53
376,30.09,28.53
568,30.09,28.53
759,30.09,28.53
339,30.09,28.53
469,30.09,28.53
526,30.09,28.53
832,30.09,28.53
247,30.09,28.53
539,30.09,28.53
769,30.09,28.71
446,30.09,28.71
508,30.09,28.71
547,30.09,28.71
405,30.09,28.71
121,30.09,28.71
474,30.09,28.71
510,30.09,28.71
531,30.09,28.71
295,30.09,28.71
721,30.09,28.71
220,30.09,28.71
734,30.09,28.71
398,30.09,28.71
740,30.09,28.71
578,30.09,28.71
154,30.09,28.71
761,30.09,28.71
675,30.09,28.71
139,30.09,28.71
406,30.09,28.71
753,30.09,28.71
344,30.09,28.71
521,30.09,28.71
538,30.09,28.71
363,30.09,28.71
329,30.09,28.71
514,30.09,28.71
466,30.09,28.71
629,30.09,28.71
462,30.09,28.71
474,30.09,28.71
646,30.09,28.71
121,30.09,28.71
590,30.09,28.71
225,30.09,28.71
751,30.09,28.71
120,30.09,28.71
335,30.09,28.71
293,30.09,28.71
332,30.09,28.71
598,30.09,28.71
421,30.09,28.71
452,30.09,28.71
297,30.09,28.71
858,30.09,28.71
323,30.09,28.71
278,30.09,28.71
391,30.09,28.71
568,30.09,28.71
635,30.09,28.71
243,30.09,28.71
428,30.09,28.71
503,30.09,28.71
145,30.09,28.71
475,30.09,28.71
312,30.09,28.71
204,30.09,28.71
587,30.09,28.71
251,30.09,28.71
857,30.09,28.71
121,30.09,28.71
772,30.09,28.71
436,30.09,28.71
616,30.09,28.71
561,30.09,28.71
727,30.09,28.71
721,30.09,28.71
504,30.09,28.71
530,30.09,28.71
289,30.09,28.71
575,30.09,28.71
396,30.09,28.71
615,30.09,28.71
421,30.09,28.71
558,30.09,28.71
304,30.09,28.71
866,30.09,28.71
170,30.09,28.71
678,30.09,28.71
570,30.09,28.71
412,30.09,28.71
493,30.09,28.71
236,30.09,28.71
883,30.09,28.71
438,30.09,28.71
530,30.09,28.71
418,30.09,28.71
832,30.09,28.71
335,30.09,28.71
414,30.09,28.71
579,30.09,28.71
385,30.09,28.71
485,30.09,28.71
371,30.09,28.71
651,30.09,28.71
559,30.11,28.71
585,30.11,28.71
731,30.11,28.71
832,30.11,28.71
187,30.11,28.71
811,30.11,28.71
370,30.11,28.71
570,30.11,28.71
486,30.11,28.71
359,30.11,28.71
623,30.11,28.71
512,30.11,28.71
661,30.11,28.71
362,30.11,28.71
510,30.11,28.71
459,30.11,28.71
864,30.11,28.71
470,30.11,28.71
454,30.11,28.71
658,30.11,28.71
701,30.11,28.71
685,30.11,28.71
593,30.11,28.71
674,30.11,28.63
617,30.11,28.63
406,30.11,28.63
467,30.11,28.63
478,30.11,28.63
184,30.11,28.63
641,30.11,28.63
283,30.11,28.63
742,30.11,28.63
403,30.11,28.63
490,30.11,28.63
628,30.11,28.63
257,30.11,28.63
540,30.11,28.63
481,30.11,28.63
659,30.11,28.63
513,30.11,28.63
806,30.11,28.63
247,30.11,28.63
473,30.11,28.63
452,30.11,28.63
722,30.11,28.63
342,30.11,28.63
357,30.11,28.63
160,30.11,28.63
611,30.11,28.63
196,30.11,28.63
724,30.11,28.63
737,30.11,28.63
428,30.11,28.63
458,30.11,28.63
269,30.11,28.63
635,30.11,28.63
276,30.11,28.63
432,30.11,28.63
670,30.11,28.63
297,30.11,28.63
511,30.11,28.63
681,30.11,28.63
866,30.11,28.63
366,30.11,28.63
668,30.11,28.63
510,30.11,28.63
283,30.11,28.63
610,30.11,28.63
592,30.11,28.63
478,30.11,28.63
495,30.11,28.63
210,30.11,28.63
761,30.11,28.63
523,30.11,28.63
480,30.11,28.63
314,30.11,28.63
372,30.11,28.63
557,30.11,28.63
292,30.11,28.63
853,30.11,28.63
443,30.11,28.63
657,30.11,28.63
828,30.11,28.63
482,30.11,28.83
618,30.11,28.83
660,30.11,28.83
635,30.11,28.83
719,30.11,28.83
453,30.11,28.83
796,30.11,28.83
808,30.11,28.83
529,30.11,28.83
490,30.11,28.83
737,30.11,28.83
372,30.11,28.83
267,30.11,28.83
743,30.11,28.83
120,30.11,28.83
734,30.11,28.83
311,30.11,28.83
585,30.11,28.83
507,30.11,28.83
