406,30.79,29.35
737,30.79,29.35
476,30.79,29.35
125,30.79,29.35
630,30.79,29.35
276,30.79,29.35
883,30.79,29.35
119,30.79,29.35
831,30.79,29.35
247,30.79,29.35
608,30.79,29.35
395,30.79,29.35
576,30.79,29.35
516,30.79,29.35
307,30.79,29.35
501,30.79,29.35
179,30.79,29.35
531,30.79,29.35
118,30.79,29.35
463,30.79,29.35
160,30.79,29.35
461,30.79,29.35
338,30.79,29.35
573,30.79,29.35
199,30.79,29.35
557,30.79,29.35
466,30.79,29.35
643,30.79,29.35
616,30.79,29.35
418,30.79,29.35
521,30.79,29.35
122,30.79,29.35
630,30.79,29.35
119,30.79,29.35
648,30.79,29.35
118,30.79,29.35
595,30.79,29.35
364,30.79,29.35
517,30.79,29.35
677,30.79,29.35
519,30.79,29.35
494,30.79,29.35
347,30.79,29.35
574,30.79,29.35
560,30.79,29.35
445,30.79,29.35
536,30.79,29.35
883,30.79,29.35
178,30.79,29.55
654,30.79,29.55
334,30.79,29.55
868,30.79,29.55
661,30.79,29.55
636,30.79,29.55
482,30.79,29.55
686,30.79,29.55
797,30.79,29.55
306,30.79,29.55
786,30.79,29.55
120,30.79,29.55
678,30.79,29.55
767,30.79,29.55
423,30.79,29.55
440,30.79,29.55
696,30.79,29.55
268,30.79,29.55
394,30.79,29.55
566,30.79,29.55
561,30.79,29.55
429,30.79,29.55
758,30.79,29.55
543,30.79,29.55
376,30.79,29.55
768,30.79,29.55
343,30.79,29.55
880,30.79,29.55
132,30.79,29.55
735,30.79,29.55
392,30.79,29.55
263,30.79,29.55
429,30.79,29.55
486,30.79,29.55
599,30.79,29.55
217,30.79,29.55
778,30.83,29.55
556,30.83,29.55
426,30.83,29.55
540,30.83,29.55
519,30.83,29.55
442,30.83,29.55
481,30.83,29.55
188,30.83,29.55
880,30.83,29.55
332,30.83,29.55
317,30.83,29.55
726,30.83,29.55
409,30.83,29.55
396,30.83,29.55
119,30.83,29.55
225,30.83,29.55
124,30.83,29.55
827,30.83,29.55
115,30.83,29.55
294,30.83,29.55
740,30.83,29.55
528,30.83,29.55
398,30.83,29.55
493,30.83,29.55
392,30.83,29.51
537,30.83,29.51
560,30.83,29.51
700,30.83,29.51
544,30.83,29.51
118,30.83,29.51
530,30.83,29.51
122,30.83,29.51
883,30.83,29.51
120,30.83,29.51
548,30.83,29.51
603,30.83,29.51
489,30.83,29.51
175,30.83,29.51
375,30.83,29.51
350,30.83,29.51
314,30.83,29.51
753,30.83,29.51
305,30.83,29.51
571,30.83,29.51
368,30.83,29.51
606,30.83,29.51
456,30.83,29.51
695,30.83,29.51
119,30.83,29.51
883,30.83,29.51
270,30.83,29.51
680,30.83,29.51
510,30.83,29.51
647,30.83,29.51
638,30.83,29.51
422,30.83,29.51
668,30.83,29.51
316,30.83,29.51
712,30.83,29.51
422,30.83,29.51
825,30.83,29.51
277,30.83,29.51
391,30.83,29.51
729,30.83,29.51
643,30.83,29.51
354,30.83,29.51
635,30.83,29.51
550,30.83,29.51
567,30.83,29.51
337,30.83,29.51
696,30.83,29.51
793,30.83,29.51
326,30.83,29.51
744,30.83,29.51
429,30.83,29.51
654,30.83,29.51
466,30.83,29.51
615,30.83,29.51
415,30.83,29.51
314,30.83,29.51
865,30.83,29.51
397,30.83,29.51
618,30.83,29.51
300,30.83,29.45
596,30.83,29.45
431,30.83,29.45
210,30.83,29.45
460,30.83,29.45
471,30.83,29.45
426,30.83,29.45
364,30.83,29.45
191,30.83,29.45
657,30.83,29.45
158,30.83,29.45
672,30.83,29.45
504,30.83,29.45
119,30.83,29.45
774,30.83,29.45
177,30.83,29.45
833,30.83,29.45
462,30.83,29.45
455,30.83,29.45
119,30.83,29.45
497,30.83,29.45
461,30.83,29.45
189,30.83,29.45
581,30.83,29.45
210,30.83,29.45
490,30.83,29.45
352,30.83,29.45
548,30.83,29.45
519,30.83,29.45
428,30.83,29.45
272,30.83,29.45
397,30.83,29.45
366,30.83,29.45
699,30.83,29.45
369,30.83,29.45
842,30.83,29.45
650,30.79,29.45
402,30.79,29.45
512,30.79,29.45
410,30.79,29.45
727,30.79,29.45
709,30.79,29.45
863,30.79,29.45
451,30.79,29.45
534,30.79,29.45
563,30.79,29.45
533,30.79,29.45
723,30.79,29.45
273,30.79,29.45
439,30.79,29.45
491,30.79,29.45
400,30.79,29.45
189,30.79,29.45
663,30.79,29.45
561,30.79,29.45
789,30.79,29.45
246,30.79,29.45
594,30.79,29.45
418,30.79,29.45
771,30.79,29.45
471,30.79,29.45
721,30.79,29.45
520,30.79,29.45
478,30.79,29.45
861,30.79,29.45
245,30.79,29.45
595,30.79,29.45
439,30.79,29.45
370,30.79,29.45
565,30.79,29.45
599,30.79,29.45
358,30.79,29.45
678,30.79,29.45
395,30.79,29.45
818,30.79,29.45
399,30.79,29.45
883,30.79,29.45
503,30.79,29.45
509,30.79,29.45
378,30.79,29.45
189,30.79,29.45
884,30.79,29.45
120,30.79,29.45
646,30.79,29.45
394,30.79,29.45
462,30.79,29.45
223,30.79,29.45
610,30.79,29.45
326,30.79,29.45
330,30.79,29.45
302,30.79,29.45
560,30.79,29.45
442,30.79,29.45
541,30.79,29.45
452,30.79,29.45
486,30.79,29.45
670,30.79,29.45
121,30.79,29.45
883,30.79,29.45
120,30.79,29.45
656,30.79,29.45
474,30.79,29.45
501,30.79,29.45
265,30.79,29.45
587,30.79,29.45
425,30.79,29.45
257,30.79,29.45
355,30.79,29.45
473,30.79,29.45
561,30.79,29.45
228,30.79,29.45
503,30.79,29.45
453,30.79,29.45
551,30.79,29.45
234,30.79,29.45
744,30.79,29.45
122,30.79,29.45
688,30.79,29.45
308,30.79,29.45
798,30.79,29.63
322,30.79,29.63
335,30.79,29.63
640,30.79,29.63
271,30.79,29.63
692,30.79,29.63
394,30.79,29.63
596,30.79,29.63
363,30.79,29.63
689,30.79,29.63
581,30.79,29.63
609,30.79,29.63
390,30.79,29.63
405,30.79,29.63
750,30.79,29.63
566,30.79,29.63
174,30.79,29.63
651,30.79,29.63
430,30.79,29.63
521,30.79,29.63
303,30.79,29.63
420,30.79,29.63
859,30.79,29.63
301,30.79,29.63
816,30.79,29.63
524,30.79,29.63
536,30.79,29.63
810,30.79,29.63
441,30.79,29.63
722,30.79,29.63
392,30.79,29.63
501,30.79,29.63
730,30.79,29.63
584,30.79,29.63
435,30.79,29.63
520,30.79,29.63
565,30.83,29.63
456,30.83,29.63
597,30.83,29.63
540,30.83,29.63
353,30.83,29.63
847,30.83,29.63
341,30.83,29.63
523,30.83,29.63
425,30.83,29.63
441,30.83,29.63
862,30.83,29.63
128,30.83,29.63
452,30.83,29.63
404,30.83,29.63
441,30.83,29.63
121,30.83,29.63
304,30.83,29.63
741,30.83,29.63
128,30.83,29.63
482,30.83,29.63
322,30.83,29.63
579,30.83,29.63
145,30.83,29.63
759,30.83,29.63
332,30.83,29.57
628,30.83,29.57
229,30.83,29.57
603,30.83,29.57
169,30.83,29.57
744,30.83,29.57
303,30.83,29.57
565,30.83,29.57
441,30.83,29.57
257,30.83,29.57
570,30.83,29.57
374,30.83,29.57
378,30.83,29.57
313,30.83,29.57
459,30.83,29.57
358,30.83,29.57
695,30.83,29.57
475,30.83,29.57
797,30.83,29.57
463,30.83,29.57
812,30.83,29.57
566,30.83,29.57
688,30.83,29.57
434,30.83,29.57
537,30.83,29.57
420,30.83,29.57
334,30.83,29.57
883,30.83,29.57
119,30.83,29.57
883,30.83,29.57
426,30.83,29.57
797,30.83,29.57
334,30.83,29.57
846,30.83,29.57
558,30.83,29.57
508,30.83,29.57
475,30.79,29.57
638,30.79,29.57
575,30.79,29.57
719,30.79,29.57
584,30.79,29.57
656,30.79,29.57
376,30.79,29.57
302,30.79,29.57
592,30.79,29.57
119,30.79,29.57
816,30.79,29.57
189,30.79,29.57
884,30.79,29.57
230,30.79,29.57
714,30.79,29.57
422,30.79,29.57
630,30.79,29.57
546,30.79,29.57
129,30.79,29.57
588,30.79,29.57
450,30.79,29.57
435,30.79,29.57
710,30.79,29.57
736,30.79,29.55
285,30.79,29.55
871,30.79,29.55
184,30.79,29.55
452,30.79,29.55
194,30.79,29.55
651,30.79,29.55
126,30.79,29.55
571,30.79,29.55
507,30.79,29.55
323,30.79,29.55
856,30.79,29.55
220,30.79,29.55
874,30.79,29.55
