809,30.99,29.75
119,30.99,29.75
659,30.99,29.75
121,30.99,29.75
414,30.99,29.75
268,30.99,29.75
882,30.99,29.75
657,30.99,29.75
550,30.99,29.75
687,30.99,29.75
682,30.99,29.75
730,30.99,29.75
437,30.99,29.75
497,30.99,29.75
729,30.99,29.75
656,30.99,29.75
289,30.99,29.75
593,30.99,29.75
427,30.99,29.75
564,30.99,29.55
532,30.99,29.55
587,30.99,29.55
864,30.99,29.55
462,30.99,29.55
804,30.99,29.55
306,30.99,29.55
381,30.99,29.55
719,30.99,29.55
330,30.99,29.55
793,30.99,29.55
386,30.99,29.55
539,30.99,29.55
868,30.99,29.55
405,30.99,29.55
662,30.99,29.55
522,30.99,29.55
498,30.99,29.55
557,30.99,29.55
564,30.99,29.55
483,30.99,29.55
365,30.99,29.55
718,30.99,29.55
516,30.99,29.55
467,30.99,29.55
406,30.99,29.55
340,30.99,29.55
884,30.99,29.55
119,30.99,29.55
636,30.99,29.55
629,30.99,29.55
522,30.99,29.55
436,30.99,29.55
594,30.99,29.55
478,30.99,29.55
595,30.99,29.55
363,30.95,29.55
344,30.95,29.55
614,30.95,29.55
401,30.95,29.55
375,30.95,29.55
702,30.95,29.55
406,30.95,29.55
227,30.95,29.55
545,30.95,29.55
232,30.95,29.55
857,30.95,29.55
261,30.95,29.55
823,30.95,29.55
209,30.95,29.55
493,30.95,29.55
785,30.95,29.55
230,30.95,29.55
747,30.95,29.55
276,30.95,29.55
569,30.95,29.55
452,30.95,29.55
694,30.95,29.55
329,30.95,29.55
641,30.95,29.77
665,30.95,29.77
464,30.95,29.77
613,30.95,29.77
660,30.95,29.77
514,30.95,29.77
519,30.95,29.77
476,30.95,29.77
335,30.95,29.77
681,30.95,29.77
119,30.95,29.77
848,30.95,29.77
372,30.95,29.77
805,30.95,29.77
255,30.95,29.77
517,30.95,29.77
779,30.95,29.77
463,30.95,29.77
684,30.95,29.77
484,30.95,29.77
532,30.95,29.77
285,30.95,29.77
522,30.95,29.77
786,30.95,29.77
530,30.95,29.77
322,30.95,29.77
446,30.95,29.77
378,30.95,29.77
658,30.95,29.77
205,30.95,29.77
883,30.95,29.77
636,30.95,29.77
615,30.95,29.77
546,30.95,29.77
396,30.95,29.77
740,30.95,29.77
483,30.95,29.77
720,30.93,29.77
400,30.93,29.77
483,30.93,29.77
729,30.93,29.77
518,30.93,29.77
489,30.93,29.77
761,30.93,29.77
428,30.93,29.77
536,30.93,29.77
511,30.93,29.77
565,30.93,29.77
590,30.93,29.77
549,30.93,29.77
580,30.93,29.77
599,30.93,29.77
627,30.93,29.77
120,30.93,29.77
796,30.93,29.77
531,30.93,29.77
308,30.93,29.77
273,30.93,29.77
448,30.93,29.77
656,30.93,29.77
213,30.93,29.63
716,30.93,29.63
526,30.93,29.63
361,30.93,29.63
429,30.93,29.63
569,30.93,29.63
545,30.93,29.63
772,30.93,29.63
612,30.93,29.63
419,30.93,29.63
549,30.93,29.63
494,30.93,29.63
571,30.93,29.63
430,30.93,29.63
269,30.93,29.63
508,30.93,29.63
624,30.93,29.63
122,30.93,29.63
653,30.93,29.63
303,30.93,29.63
631,30.93,29.63
213,30.93,29.63
388,30.93,29.63
790,30.93,29.63
448,30.93,29.63
648,30.93,29.63
461,30.93,29.63
457,30.93,29.63
408,30.93,29.63
406,30.93,29.63
348,30.93,29.63
283,30.93,29.63
515,30.93,29.63
458,30.93,29.63
419,30.93,29.63
600,30.93,29.63
507,30.97,29.63
674,30.97,29.63
408,30.97,29.63
537,30.97,29.63
674,30.97,29.63
293,30.97,29.63
683,30.97,29.63
590,30.97,29.63
637,30.97,29.63
304,30.97,29.63
420,30.97,29.63
633,30.97,29.63
399,30.97,29.63
471,30.97,29.63
554,30.97,29.63
509,30.97,29.63
600,30.97,29.63
294,30.97,29.63
456,30.97,29.63
486,30.97,29.63
314,30.97,29.63
611,30.97,29.63
458,30.97,29.63
794,30.97,29.63
119,30.97,29.63
791,30.97,29.63
327,30.97,29.63
529,30.97,29.63
527,30.97,29.63
628,30.97,29.63
586,30.97,29.63
375,30.97,29.63
601,30.97,29.63
476,30.97,29.63
733,30.97,29.63
194,30.97,29.63
873,30.97,29.63
492,30.97,29.63
883,30.97,29.63
567,30.97,29.63
518,30.97,29.63
583,30.97,29.63
438,30.97,29.63
491,30.97,29.63
413,30.97,29.63
454,30.97,29.63
188,30.97,29.63
625,30.97,29.63
118,30.97,29.63
810,30.97,29.63
272,30.97,29.63
501,30.97,29.63
467,30.97,29.63
641,30.97,29.63
449,30.97,29.63
671,30.97,29.63
366,30.97,29.63
389,30.97,29.63
667,30.97,29.63
641,30.97,29.63
618,30.95,29.63
261,30.95,29.63
605,30.95,29.63
315,30.95,29.63
455,30.95,29.63
118,30.95,29.63
763,30.95,29.63
120,30.95,29.63
659,30.95,29.63
628,30.95,29.63
180,30.95,29.63
578,30.95,29.63
403,30.95,29.63
772,30.95,29.63
400,30.95,29.63
429,30.95,29.63
534,30.95,29.63
760,30.95,29.63
228,30.95,29.63
652,30.95,29.63
272,30.95,29.63
690,30.95,29.63
120,30.95,29.63
879,30.95,29.65
123,30.95,29.65
674,30.95,29.65
308,30.95,29.65
701,30.95,29.65
559,30.95,29.65
202,30.95,29.65
884,30.95,29.65
581,30.95,29.65
547,30.95,29.65
253,30.95,29.65
638,30.95,29.65
456,30.95,29.65
486,30.95,29.65
504,30.95,29.65
656,30.95,29.65
340,30.95,29.65
698,30.95,29.65
603,30.95,29.65
780,30.95,29.65
529,30.95,29.65
330,30.95,29.65
871,30.95,29.65
291,30.95,29.65
881,30.95,29.65
580,30.95,29.65
869,30.95,29.65
441,30.95,29.65
601,30.95,29.65
364,30.95,29.65
218,30.95,29.65
758,30.95,29.65
266,30.95,29.65
885,30.95,29.65
122,30.95,29.65
460,30.95,29.65
774,30.95,29.65
386,30.95,29.65
455,30.95,29.65
612,30.95,29.65
201,30.95,29.65
754,30.95,29.65
352,30.95,29.65
195,30.95,29.65
630,30.95,29.65
324,30.95,29.65
344,30.95,29.65
360,30.95,29.65
554,30.95,29.65
217,30.95,29.65
787,30.95,29.65
119,30.95,29.65
579,30.95,29.65
405,30.95,29.65
312,30.95,29.65
788,30.95,29.65
572,30.95,29.65
434,30.95,29.65
432,30.95,29.65
486,30.95,29.65
549,30.95,29.63
672,30.95,29.63
193,30.95,29.63
769,30.95,29.63
209,30.95,29.63
653,30.95,29.63
123,30.95,29.63
700,30.95,29.63
251,30.95,29.63
692,30.95,29.63
123,30.95,29.63
410,30.95,29.63
519,30.95,29.63
265,30.95,29.63
727,30.95,29.63
429,30.95,29.63
545,30.95,29.63
387,30.95,29.63
882,30.95,29.63
214,30.95,29.63
800,30.95,29.63
383,30.95,29.63
532,30.95,29.63
247,30.95,29.63
803,30.95,29.63
455,30.95,29.63
858,30.95,29.63
878,30.95,29.63
353,30.95,29.63
845,30.95,29.63
267,30.95,29.63
739,30.95,29.63
208,30.95,29.63
604,30.95,29.63
355,30.95,29.63
626,30.95,29.63
656,30.95,29.63
278,30.95,29.63
665,30.95,29.63
599,30.95,29.63
409,30.95,29.63
690,30.95,29.63
484,30.95,29.63
775,30.95,29.63
533,30.95,29.63
556,30.95,29.63
673,30.95,29.63
123,30.95,29.63
883,30.95,29.63
380,30.95,29.63
361,30.95,29.63
810,30.95,29.63
422,30.95,29.63
548,30.95,29.63
394,30.95,29.63
712,30.95,29.63
548,30.95,29.63
340,30.95,29.63
518,30.95,29.63
376,30.95,29.63
568,30.95,29.69
393,30.95,29.69
710,30.95,29.69
624,30.95,29.69
201,30.95,29.69
767,30.95,29.69
422,30.95,29.69
612,30.95,29.69
587,30.95,29.69
133,30.95,29.69
497,30.95,29.69
292,30.95,29.69
803,30.95,29.69
126,30.95,29.69
319,30.95,29.69
502,30.95,29.69
622,30.95,29.69
287,30.95,29.69
364,30.95,29.69
607,30.95,29.69
357,30.95,29.69
702,30.95,29.69
333,30.95,29.69
625,30.95,29.69
620,30.95,29.69
386,30.95,29.69
488,30.95,29.69
579,30.95,29.69
152,30.95,29.69
573,30.95,29.69
368,30.95,29.69
755,30.95,29.69
299,30.95,29.69
267,30.95,29.69
728,30.95,29.69
297,30.95,29.69
768,30.97,29.69
122,30.97,29.69
645,30.97,29.69
205,30.97,29.69
573,30.97,29.69
586,30.97,29.69
