811,31.05,29.69
574,31.05,29.69
118,31.05,29.69
389,31.05,29.69
878,31.05,29.69
503,31.05,29.69
283,31.05,29.69
122,31.05,29.69
353,31.05,29.69
532,31.05,29.69
774,31.05,29.69
526,31.05,29.69
384,31.05,29.69
547,31.05,29.69
371,31.05,29.69
736,31.05,29.69
125,31.05,29.69
748,31.05,29.69
663,31.05,29.69
475,31.05,29.69
608,31.05,29.69
574,31.05,29.69
703,31.05,29.69
490,31.05,29.69
508,31.05,29.69
664,31.05,29.69
362,31.05,29.69
380,31.05,29.69
574,31.05,29.69
380,31.05,29.69
868,31.05,29.69
368,31.05,29.69
632,31.05,29.69
544,31.05,29.69
616,31.05,29.69
326,31.05,29.59
464,31.05,29.59
550,31.05,29.59
483,31.05,29.59
751,31.05,29.59
403,31.05,29.59
680,31.05,29.59
377,31.05,29.59
589,31.05,29.59
372,31.05,29.59
740,31.05,29.59
554,31.05,29.59
630,31.05,29.59
121,31.05,29.59
884,31.05,29.59
411,31.05,29.59
470,31.05,29.59
803,31.05,29.59
379,31.05,29.59
627,31.05,29.59
284,31.05,29.59
600,31.05,29.59
296,31.05,29.59
812,31.05,29.59
309,31.05,29.59
829,31.05,29.59
610,31.05,29.59
615,31.05,29.59
801,31.05,29.59
337,31.05,29.59
631,31.05,29.59
334,31.05,29.59
807,31.05,29.59
308,31.05,29.59
592,31.05,29.59
591,31.05,29.59
737,31.07,29.59
122,31.07,29.59
815,31.07,29.59
266,31.07,29.59
526,31.07,29.59
378,31.07,29.59
561,31.07,29.59
514,31.07,29.59
234,31.07,29.59
599,31.07,29.59
337,31.07,29.59
877,31.07,29.59
119,31.07,29.59
770,31.07,29.59
571,31.07,29.59
220,31.07,29.59
487,31.07,29.59
440,31.07,29.59
451,31.07,29.59
246,31.07,29.59
448,31.07,29.59
329,31.07,29.59
456,31.07,29.59
230,31.07,29.77
552,31.07,29.77
212,31.07,29.77
530,31.07,29.77
300,31.07,29.77
836,31.07,29.77
471,31.07,29.77
544,31.07,29.77
548,31.07,29.77
269,31.07,29.77
612,31.07,29.77
119,31.07,29.77
883,31.07,29.77
205,31.07,29.77
511,31.07,29.77
657,31.07,29.77
603,31.07,29.77
378,31.07,29.77
596,31.07,29.77
512,31.07,29.77
356,31.07,29.77
389,31.07,29.77
710,31.07,29.77
367,31.07,29.77
347,31.07,29.77
667,31.07,29.77
342,31.07,29.77
738,31.07,29.77
144,31.07,29.77
816,31.07,29.77
219,31.07,29.77
462,31.07,29.77
267,31.07,29.77
592,31.07,29.77
442,31.07,29.77
120,31.07,29.77
879,31.07,29.77
280,31.05,29.77
400,31.05,29.77
275,31.05,29.77
543,31.05,29.77
693,31.05,29.77
503,31.05,29.77
642,31.05,29.77
611,31.05,29.77
204,31.05,29.77
588,31.05,29.77
358,31.05,29.77
423,31.05,29.77
594,31.05,29.77
282,31.05,29.77
673,31.05,29.77
300,31.05,29.77
666,31.05,29.77
285,31.05,29.77
684,31.05,29.77
333,31.05,29.77
585,31.05,29.77
649,31.05,29.77
126,31.05,29.77
692,31.05,29.59
476,31.05,29.59
615,31.05,29.59
181,31.05,29.59
579,31.05,29.59
640,31.05,29.59
180,31.05,29.59
617,31.05,29.59
560,31.05,29.59
372,31.05,29.59
474,31.05,29.59
586,31.05,29.59
556,31.05,29.59
745,31.05,29.59
612,31.05,29.59
883,31.05,29.59
419,31.05,29.59
643,31.05,29.59
546,31.05,29.59
884,31.05,29.59
543,31.05,29.59
774,31.05,29.59
682,31.05,29.59
365,31.05,29.59
776,31.05,29.59
265,31.05,29.59
884,31.05,29.59
179,31.05,29.59
781,31.05,29.59
498,31.05,29.59
564,31.05,29.59
249,31.05,29.59
750,31.05,29.59
549,31.05,29.59
604,31.05,29.59
576,31.05,29.59
574,31.09,29.59
652,31.09,29.59
497,31.09,29.59
537,31.09,29.59
567,31.09,29.59
850,31.09,29.59
216,31.09,29.59
875,31.09,29.59
519,31.09,29.59
458,31.09,29.59
716,31.09,29.59
431,31.09,29.59
696,31.09,29.59
279,31.09,29.59
827,31.09,29.59
245,31.09,29.59
568,31.09,29.59
690,31.09,29.59
605,31.09,29.59
741,31.09,29.59
604,31.09,29.59
500,31.09,29.59
566,31.09,29.59
591,31.09,29.59
621,31.09,29.83
482,31.09,29.83
307,31.09,29.83
461,31.09,29.83
708,31.09,29.83
747,31.09,29.83
237,31.09,29.83
867,31.09,29.83
646,31.09,29.83
646,31.09,29.83
352,31.09,29.83
630,31.09,29.83
611,31.09,29.83
275,31.09,29.83
733,31.09,29.83
396,31.09,29.83
598,31.09,29.83
552,31.09,29.83
571,31.09,29.83
382,31.09,29.83
414,31.09,29.83
652,31.09,29.83
434,31.09,29.83
885,31.09,29.83
204,31.09,29.83
563,31.09,29.83
667,31.09,29.83
397,31.09,29.83
426,31.09,29.83
613,31.09,29.83
225,31.09,29.83
456,31.09,29.83
170,31.09,29.83
533,31.09,29.83
488,31.09,29.83
418,31.09,29.83
581,31.05,29.83
177,31.05,29.83
803,31.05,29.83
482,31.05,29.83
496,31.05,29.83
490,31.05,29.83
120,31.05,29.83
692,31.05,29.83
425,31.05,29.83
492,31.05,29.83
121,31.05,29.83
852,31.05,29.83
161,31.05,29.83
288,31.05,29.83
122,31.05,29.83
350,31.05,29.83
445,31.05,29.83
464,31.05,29.83
312,31.05,29.83
557,31.05,29.83
460,31.05,29.83
470,31.05,29.83
581,31.05,29.83
167,31.05,29.83
817,31.05,29.79
258,31.05,29.79
781,31.05,29.79
282,31.05,29.79
690,31.05,29.79
524,31.05,29.79
656,31.05,29.79
317,31.05,29.79
175,31.05,29.79
573,31.05,29.79
125,31.05,29.79
759,31.05,29.79
120,31.05,29.79
486,31.05,29.79
536,31.05,29.79
501,31.05,29.79
477,31.05,29.79
413,31.05,29.79
346,31.05,29.79
610,31.05,29.79
179,31.05,29.79
457,31.05,29.79
618,31.05,29.79
119,31.05,29.79
412,31.05,29.79
236,31.05,29.79
508,31.05,29.79
451,31.05,29.79
739,31.05,29.79
181,31.05,29.79
883,31.05,29.79
193,31.05,29.79
710,31.05,29.79
784,31.05,29.79
278,31.05,29.79
749,31.05,29.79
248,31.05,29.79
350,31.05,29.79
304,31.05,29.79
665,31.05,29.79
444,31.05,29.79
586,31.05,29.79
325,31.05,29.79
562,31.05,29.79
263,31.05,29.79
697,31.05,29.79
496,31.05,29.79
613,31.05,29.79
519,31.05,29.79
150,31.05,29.79
660,31.05,29.79
313,31.05,29.79
697,31.05,29.79
350,31.05,29.79
840,31.05,29.79
317,31.05,29.79
670,31.05,29.79
476,31.05,29.79
121,31.05,29.79
352,31.05,29.79
489,31.05,29.71
684,31.05,29.71
747,31.05,29.71
365,31.05,29.71
796,31.05,29.71
792,31.05,29.71
274,31.05,29.71
867,31.05,29.71
118,31.05,29.71
610,31.05,29.71
341,31.05,29.71
574,31.05,29.71
481,31.05,29.71
228,31.05,29.71
644,31.05,29.71
192,31.05,29.71
629,31.05,29.71
206,31.05,29.71
883,31.05,29.71
189,31.05,29.71
571,31.05,29.71
547,31.05,29.71
522,31.05,29.71
546,31.05,29.71
460,31.05,29.71
718,31.05,29.71
501,31.05,29.71
313,31.05,29.71
598,31.05,29.71
459,31.05,29.71
274,31.05,29.71
553,31.05,29.71
337,31.05,29.71
884,31.05,29.71
141,31.05,29.71
857,31.05,29.71
243,31.07,29.71
469,31.07,29.71
290,31.07,29.71
422,31.07,29.71
573,31.07,29.71
201,31.07,29.71
794,31.07,29.71
420,31.07,29.71
366,31.07,29.71
481,31.07,29.71
495,31.07,29.71
834,31.07,29.71
549,31.07,29.71
313,31.07,29.71
456,31.07,29.71
407,31.07,29.71
512,31.07,29.71
349,31.07,29.71
591,31.07,29.71
498,31.07,29.71
379,31.07,29.71
839,31.07,29.71
217,31.07,29.71
163,31.07,29.65
270,31.07,29.65
710,31.07,29.65
180,31.07,29.65
508,31.07,29.65
621,31.07,29.65
242,31.07,29.65
706,31.07,29.65
503,31.07,29.65
378,31.07,29.65
171,31.07,29.65
483,31.07,29.65
327,31.07,29.65
512,31.07,29.65
488,31.07,29.65
553,31.07,29.65
663,31.07,29.65
521,31.07,29.65
157,31.07,29.65
407,31.07,29.65
512,31.07,29.65
152,31.07,29.65
578,31.07,29.65
174,31.07,29.65
552,31.07,29.65
176,31.07,29.65
