618,30.53,29.43
712,30.53,29.43
582,30.53,29.43
199,30.53,29.43
189,30.53,29.43
299,30.53,29.43
389,30.53,29.43
884,30.53,29.43
153,30.53,29.43
273,30.53,29.43
481,30.53,29.43
716,30.53,29.43
448,30.53,29.43
362,30.53,29.43
122,30.53,29.43
516,30.53,29.43
546,30.53,29.43
438,30.53,29.17
683,30.53,29.17
119,30.53,29.17
883,30.53,29.17
219,30.53,29.17
867,30.53,29.17
118,30.53,29.17
769,30.53,29.17
122,30.53,29.17
677,30.53,29.17
430,30.53,29.17
119,30.53,29.17
599,30.53,29.17
481,30.53,29.17
507,30.53,29.17
388,30.53,29.17
480,30.53,29.17
610,30.53,29.17
524,30.53,29.17
320,30.53,29.17
765,30.53,29.17
275,30.53,29.17
724,30.53,29.17
421,30.53,29.17
629,30.53,29.17
437,30.53,29.17
587,30.53,29.17
701,30.53,29.17
250,30.53,29.17
680,30.53,29.17
330,30.53,29.17
653,30.53,29.17
285,30.53,29.17
731,30.53,29.17
505,30.53,29.17
502,30.53,29.17
494,30.55,29.17
545,30.55,29.17
456,30.55,29.17
600,30.55,29.17
374,30.55,29.17
646,30.55,29.17
481,30.55,29.17
685,30.55,29.17
423,30.55,29.17
293,30.55,29.17
883,30.55,29.17
125,30.55,29.17
707,30.55,29.17
486,30.55,29.17
631,30.55,29.17
301,30.55,29.17
831,30.55,29.17
883,30.55,29.17
283,30.55,29.17
823,30.55,29.17
252,30.55,29.17
579,30.55,29.17
314,30.55,29.17
633,30.55,29.17
635,30.55,29.09
638,30.55,29.09
653,30.55,29.09
741,30.55,29.09
126,30.55,29.09
696,30.55,29.09
289,30.55,29.09
405,30.55,29.09
464,30.55,29.09
320,30.55,29.09
883,30.55,29.09
279,30.55,29.09
665,30.55,29.09
365,30.55,29.09
862,30.55,29.09
119,30.55,29.09
568,30.55,29.09
434,30.55,29.09
372,30.55,29.09
468,30.55,29.09
474,30.55,29.09
480,30.55,29.09
527,30.55,29.09
394,30.55,29.09
509,30.55,29.09
329,30.55,29.09
579,30.55,29.09
702,30.55,29.09
123,30.55,29.09
577,30.55,29.09
371,30.55,29.09
881,30.55,29.09
423,30.55,29.09
474,30.55,29.09
494,30.55,29.09
121,30.55,29.09
434,30.55,29.09
200,30.55,29.09
526,30.55,29.09
272,30.55,29.09
781,30.55,29.09
300,30.55,29.09
435,30.55,29.09
581,30.55,29.09
370,30.55,29.09
727,30.55,29.09
359,30.55,29.09
433,30.55,29.09
645,30.55,29.09
585,30.55,29.09
402,30.55,29.09
575,30.55,29.09
132,30.55,29.09
647,30.55,29.09
295,30.55,29.09
631,30.55,29.09
596,30.55,29.09
379,30.55,29.09
628,30.55,29.09
391,30.55,29.17
653,30.55,29.17
125,30.55,29.17
782,30.55,29.17
399,30.55,29.17
255,30.55,29.17
265,30.55,29.17
263,30.55,29.17
672,30.55,29.17
290,30.55,29.17
500,30.55,29.17
312,30.55,29.17
490,30.55,29.17
257,30.55,29.17
470,30.55,29.17
567,30.55,29.17
702,30.55,29.17
272,30.55,29.17
826,30.55,29.17
134,30.55,29.17
879,30.55,29.17
797,30.55,29.17
455,30.55,29.17
333,30.55,29.17
273,30.55,29.17
861,30.55,29.17
291,30.55,29.17
846,30.55,29.17
357,30.55,29.17
708,30.55,29.17
534,30.55,29.17
704,30.55,29.17
701,30.55,29.17
623,30.55,29.17
580,30.55,29.17
499,30.55,29.17
255,30.57,29.17
749,30.57,29.17
619,30.57,29.17
843,30.57,29.17
844,30.57,29.17
397,30.57,29.17
814,30.57,29.17
255,30.57,29.17
736,30.57,29.17
298,30.57,29.17
713,30.57,29.17
118,30.57,29.17
803,30.57,29.17
498,30.57,29.17
416,30.57,29.17
656,30.57,29.17
393,30.57,29.17
560,30.57,29.17
439,30.57,29.17
406,30.57,29.17
397,30.57,29.17
314,30.57,29.17
119,30.57,29.17
605,30.57,29.17
118,30.57,29.15
718,30.57,29.15
125,30.57,29.15
711,30.57,29.15
188,30.57,29.15
633,30.57,29.15
642,30.57,29.15
436,30.57,29.15
791,30.57,29.15
205,30.57,29.15
840,30.57,29.15
336,30.57,29.15
522,30.57,29.15
447,30.57,29.15
546,30.57,29.15
315,30.57,29.15
419,30.57,29.15
196,30.57,29.15
354,30.57,29.15
377,30.57,29.15
543,30.57,29.15
417,30.57,29.15
296,30.57,29.15
437,30.57,29.15
203,30.57,29.15
528,30.57,29.15
567,30.57,29.15
632,30.57,29.15
410,30.57,29.15
638,30.57,29.15
376,30.57,29.15
471,30.57,29.15
445,30.57,29.15
419,30.57,29.15
286,30.57,29.15
543,30.57,29.15
138,30.53,29.15
570,30.53,29.15
673,30.53,29.15
545,30.53,29.15
512,30.53,29.15
429,30.53,29.15
812,30.53,29.15
285,30.53,29.15
852,30.53,29.15
397,30.53,29.15
125,30.53,29.15
687,30.53,29.15
797,30.53,29.15
686,30.53,29.15
600,30.53,29.15
659,30.53,29.15
393,30.53,29.15
608,30.53,29.15
180,30.53,29.15
453,30.53,29.15
509,30.53,29.15
523,30.53,29.15
491,30.53,29.15
558,30.53,29.17
312,30.53,29.17
643,30.53,29.17
538,30.53,29.17
406,30.53,29.17
344,30.53,29.17
569,30.53,29.17
630,30.53,29.17
238,30.53,29.17
718,30.53,29.17
410,30.53,29.17
595,30.53,29.17
480,30.53,29.17
345,30.53,29.17
602,30.53,29.17
227,30.53,29.17
604,30.53,29.17
289,30.53,29.17
763,30.53,29.17
524,30.53,29.17
452,30.53,29.17
498,30.53,29.17
344,30.53,29.17
264,30.53,29.17
734,30.53,29.17
228,30.53,29.17
623,30.53,29.17
360,30.53,29.17
625,30.53,29.17
450,30.53,29.17
271,30.53,29.17
602,30.53,29.17
120,30.53,29.17
882,30.53,29.17
302,30.53,29.17
522,30.53,29.17
434,30.55,29.17
593,30.55,29.17
328,30.55,29.17
435,30.55,29.17
590,30.55,29.17
292,30.55,29.17
398,30.55,29.17
517,30.55,29.17
225,30.55,29.17
351,30.55,29.17
393,30.55,29.17
322,30.55,29.17
785,30.55,29.17
454,30.55,29.17
860,30.55,29.17
284,30.55,29.17
781,30.55,29.17
572,30.55,29.17
500,30.55,29.17
836,30.55,29.17
423,30.55,29.17
640,30.55,29.17
545,30.55,29.17
751,30.55,29.17
123,30.55,29.31
711,30.55,29.31
308,30.55,29.31
672,30.55,29.31
465,30.55,29.31
514,30.55,29.31
558,30.55,29.31
880,30.55,29.31
272,30.55,29.31
883,30.55,29.31
372,30.55,29.31
526,30.55,29.31
614,30.55,29.31
485,30.55,29.31
843,30.55,29.31
220,30.55,29.31
797,30.55,29.31
483,30.55,29.31
736,30.55,29.31
560,30.55,29.31
640,30.55,29.31
635,30.55,29.31
804,30.55,29.31
461,30.55,29.31
297,30.55,29.31
644,30.55,29.31
625,30.55,29.31
593,30.55,29.31
565,30.55,29.31
596,30.55,29.31
157,30.55,29.31
721,30.55,29.31
167,30.55,29.31
883,30.55,29.31
243,30.55,29.31
642,30.55,29.31
429,30.57,29.31
430,30.57,29.31
129,30.57,29.31
546,30.57,29.31
703,30.57,29.31
604,30.57,29.31
538,30.57,29.31
707,30.57,29.31
635,30.57,29.31
355,30.57,29.31
510,30.57,29.31
253,30.57,29.31
406,30.57,29.31
119,30.57,29.31
597,30.57,29.31
318,30.57,29.31
457,30.57,29.31
515,30.57,29.31
336,30.57,29.31
527,30.57,29.31
142,30.57,29.31
705,30.57,29.31
257,30.57,29.31
630,30.57,29.31
199,30.57,29.05
620,30.57,29.05
634,30.57,29.05
480,30.57,29.05
649,30.57,29.05
505,30.57,29.05
262,30.57,29.05
493,30.57,29.05
342,30.57,29.05
311,30.57,29.05
472,30.57,29.05
525,30.57,29.05
545,30.57,29.05
308,30.57,29.05
792,30.57,29.05
220,30.57,29.05
740,30.57,29.05
424,30.57,29.05
591,30.57,29.05
639,30.57,29.05
392,30.57,29.05
661,30.57,29.05
506,30.57,29.05
385,30.57,29.05
345,30.57,29.05
685,30.57,29.05
393,30.57,29.05
416,30.57,29.05
449,30.57,29.05
492,30.57,29.05
665,30.57,29.05
136,30.57,29.05
367,30.57,29.05
713,30.57,29.05
655,30.57,29.05
296,30.57,29.05
731,30.61,29.05
396,30.61,29.05
560,30.61,29.05
184,30.61,29.05
696,30.61,29.05
118,30.61,29.05
507,30.61,29.05
433,30.61,29.05
