353,30.79,29.49
246,30.79,29.49
733,30.79,29.49
121,30.79,29.49
414,30.79,29.49
772,30.79,29.49
386,30.79,29.49
122,30.79,29.49
697,30.79,29.49
339,30.79,29.49
235,30.79,29.49
455,30.79,29.49
646,30.79,29.49
649,30.79,29.49
125,30.79,29.49
566,30.79,29.49
497,30.79,29.49
800,30.79,29.49
328,30.79,29.49
619,30.79,29.49
701,30.79,29.49
391,30.79,29.49
570,30.79,29.49
531,30.79,29.49
583,30.79,29.49
241,30.79,29.49
623,30.79,29.49
392,30.79,29.49
730,30.79,29.49
578,30.79,29.49
624,30.79,29.49
652,30.79,29.49
615,30.79,29.43
392,30.79,29.43
864,30.79,29.43
368,30.79,29.43
421,30.79,29.43
858,30.79,29.43
289,30.79,29.43
280,30.79,29.43
361,30.79,29.43
846,30.79,29.43
249,30.79,29.43
745,30.79,29.43
620,30.79,29.43
525,30.79,29.43
549,30.79,29.43
664,30.79,29.43
836,30.79,29.43
121,30.79,29.43
657,30.79,29.43
355,30.79,29.43
705,30.79,29.43
478,30.79,29.43
471,30.79,29.43
678,30.79,29.43
546,30.79,29.43
334,30.79,29.43
852,30.79,29.43
328,30.79,29.43
443,30.79,29.43
558,30.79,29.43
315,30.79,29.43
512,30.79,29.43
118,30.79,29.43
883,30.79,29.43
417,30.79,29.43
556,30.79,29.43
634,30.79,29.43
880,30.79,29.43
361,30.79,29.43
323,30.79,29.43
528,30.79,29.43
382,30.79,29.43
701,30.79,29.43
343,30.79,29.43
664,30.79,29.43
247,30.79,29.43
458,30.79,29.43
340,30.79,29.43
634,30.79,29.43
118,30.79,29.43
754,30.79,29.43
483,30.79,29.43
865,30.79,29.43
188,30.79,29.43
489,30.79,29.43
772,30.79,29.43
119,30.79,29.43
524,30.79,29.43
322,30.79,29.43
596,30.79,29.43
118,30.79,29.51
679,30.79,29.51
279,30.79,29.51
336,30.79,29.51
548,30.79,29.51
511,30.79,29.51
531,30.79,29.51
379,30.79,29.51
434,30.79,29.51
719,30.79,29.51
390,30.79,29.51
514,30.79,29.51
619,30.79,29.51
242,30.79,29.51
465,30.79,29.51
260,30.79,29.51
560,30.79,29.51
333,30.79,29.51
433,30.79,29.51
402,30.79,29.51
451,30.79,29.51
297,30.79,29.51
423,30.79,29.51
581,30.79,29.51
166,30.79,29.51
883,30.79,29.51
250,30.79,29.51
646,30.79,29.51
584,30.79,29.51
709,30.79,29.51
627,30.79,29.51
227,30.79,29.51
295,30.79,29.51
717,30.79,29.51
127,30.79,29.51
724,30.79,29.51
636,30.77,29.51
408,30.77,29.51
666,30.77,29.51
467,30.77,29.51
865,30.77,29.51
518,30.77,29.51
502,30.77,29.51
618,30.77,29.51
484,30.77,29.51
592,30.77,29.51
353,30.77,29.51
632,30.77,29.51
246,30.77,29.51
683,30.77,29.51
657,30.77,29.51
241,30.77,29.51
671,30.77,29.51
561,30.77,29.51
544,30.77,29.51
572,30.77,29.51
388,30.77,29.51
883,30.77,29.51
402,30.77,29.51
482,30.77,29.51
883,30.77,29.51
516,30.77,29.51
567,30.77,29.51
460,30.77,29.51
650,30.77,29.51
474,30.77,29.51
154,30.77,29.51
304,30.77,29.51
408,30.77,29.51
373,30.77,29.51
620,30.77,29.51
445,30.77,29.51
597,30.77,29.51
318,30.77,29.51
434,30.77,29.51
662,30.77,29.51
487,30.77,29.51
617,30.77,29.51
648,30.77,29.51
558,30.77,29.51
121,30.77,29.51
864,30.77,29.51
119,30.77,29.51
650,30.77,29.51
435,30.77,29.51
434,30.77,29.51
544,30.77,29.51
201,30.77,29.51
795,30.77,29.51
335,30.77,29.51
522,30.77,29.51
170,30.77,29.51
737,30.77,29.51
290,30.77,29.51
498,30.77,29.51
424,30.77,29.51
121,30.77,29.51
277,30.77,29.51
866,30.77,29.51
464,30.77,29.51
598,30.77,29.51
564,30.77,29.51
428,30.77,29.51
643,30.77,29.51
120,30.77,29.51
754,30.77,29.51
504,30.77,29.51
667,30.77,29.51
527,30.77,29.51
810,30.77,29.51
231,30.77,29.51
659,30.77,29.51
464,30.77,29.51
777,30.77,29.51
581,30.77,29.51
341,30.77,29.51
591,30.77,29.51
695,30.77,29.51
207,30.77,29.51
844,30.77,29.39
673,30.77,29.39
321,30.77,29.39
685,30.77,29.39
163,30.77,29.39
767,30.77,29.39
231,30.77,29.39
580,30.77,29.39
533,30.77,29.39
624,30.77,29.39
613,30.77,29.39
817,30.77,29.39
716,30.77,29.39
456,30.77,29.39
669,30.77,29.39
414,30.77,29.39
331,30.77,29.39
524,30.77,29.39
370,30.77,29.39
452,30.77,29.39
473,30.77,29.39
262,30.77,29.39
775,30.77,29.39
121,30.77,29.39
797,30.77,29.39
530,30.77,29.39
364,30.77,29.39
598,30.77,29.39
531,30.77,29.39
770,30.77,29.39
223,30.77,29.39
638,30.77,29.39
381,30.77,29.39
678,30.77,29.39
411,30.77,29.39
664,30.77,29.39
350,30.79,29.39
341,30.79,29.39
598,30.79,29.39
417,30.79,29.39
524,30.79,29.39
408,30.79,29.39
707,30.79,29.39
480,30.79,29.39
331,30.79,29.39
118,30.79,29.39
833,30.79,29.39
335,30.79,29.39
625,30.79,29.39
362,30.79,29.39
600,30.79,29.39
448,30.79,29.39
296,30.79,29.39
583,30.79,29.39
433,30.79,29.39
120,30.79,29.39
620,30.79,29.39
581,30.79,29.39
524,30.79,29.39
602,30.79,29.39
709,30.79,29.37
495,30.79,29.37
599,30.79,29.37
319,30.79,29.37
216,30.79,29.37
569,30.79,29.37
120,30.79,29.37
669,30.79,29.37
377,30.79,29.37
282,30.79,29.37
714,30.79,29.37
320,30.79,29.37
516,30.79,29.37
458,30.79,29.37
439,30.79,29.37
522,30.79,29.37
556,30.79,29.37
834,30.79,29.37
830,30.79,29.37
513,30.79,30.79
701,30.79,29.37
553,30.79,29.37
638,30.79,29.37
407,30.79,29.37
514,30.79,29.37
690,30.79,29.37
437,30.79,29.37
849,30.79,29.37
118,30.79,29.37
763,30.79,29.37
207,30.79,29.37
590,30.79,29.37
536,30.79,29.37
370,30.79,29.37
705,30.79,29.37
361,30.79,29.37
587,30.75,29.37
487,30.75,29.37
882,30.75,29.37
619,30.75,29.37
348,30.75,29.37
346,30.75,29.37
562,30.75,29.37
433,30.75,29.37
457,30.75,29.37
526,30.75,29.37
559,30.75,29.37
364,30.75,29.37
434,30.75,29.37
552,30.75,29.37
371,30.75,29.37
529,30.75,29.37
396,30.75,29.37
657,30.75,29.37
118,30.75,29.37
879,30.75,29.37
151,30.75,29.37
343,30.75,29.37
682,30.75,29.37
478,30.75,29.35
415,30.75,29.35
562,30.75,29.35
485,30.75,29.35
438,30.75,29.35
587,30.75,29.35
432,30.75,29.35
884,30.75,29.35
345,30.75,29.35
232,30.75,29.35
672,30.75,29.35
585,30.75,29.35
170,30.75,29.35
677,30.75,29.35
396,30.75,29.35
406,30.75,29.35
386,30.75,29.35
451,30.75,29.35
741,30.75,29.35
173,30.75,29.35
738,30.75,29.35
770,30.75,29.35
539,30.75,29.35
231,30.75,29.35
744,30.75,29.35
630,30.75,29.35
876,30.75,29.35
368,30.75,29.35
717,30.75,29.35
285,30.75,29.35
565,30.75,29.35
318,30.75,29.35
628,30.75,29.35
424,30.75,29.35
592,30.75,29.35
881,30.75,29.35
135,30.79,29.35
883,30.79,29.35
384,30.79,29.35
883,30.79,29.35
257,30.79,29.35
441,30.79,29.35
630,30.79,29.35
583,30.79,29.35
344,30.79,29.35
808,30.79,29.35
665,30.79,29.35
381,30.79,29.35
567,30.79,29.35
392,30.79,29.35
746,30.79,29.35
149,30.79,29.35
720,30.79,29.35
391,30.79,29.35
838,30.79,29.35
338,30.79,29.35
856,30.79,29.35
552,30.79,29.35
385,30.79,29.35
717,30.79,29.35
464,30.79,29.51
590,30.79,29.51
219,30.79,29.51
636,30.79,29.51
419,30.79,29.51
518,30.79,29.51
687,30.79,29.51
676,30.79,29.51
307,30.79,29.51
604,30.79,29.51
118,30.79,29.51
571,30.79,29.51
186,30.79,29.51
381,30.79,29.51
884,30.79,29.51
371,30.79,29.51
430,30.79,29.51
302,30.79,29.51
609,30.79,29.51
118,30.79,29.51
716,30.79,29.51
402,30.79,29.51
256,30.79,29.51
542,30.79,29.51
551,30.79,29.51
600,30.79,29.51
398,30.79,29.51
145,30.79,29.51
821,30.79,29.51
325,30.79,29.51
