316,29.47,28.19
563,29.47,28.19
273,29.47,28.19
749,29.47,28.19
323,29.47,28.19
866,29.47,28.19
155,29.47,28.19
648,29.47,28.19
499,29.47,28.19
882,29.47,28.19
784,29.47,28.19
304,29.47,28.19
664,29.47,28.19
497,29.47,28.19
735,29.47,28.19
176,29.47,28.19
882,29.47,28.19
327,29.47,28.19
883,29.47,28.19
527,29.47,28.19
754,29.47,28.19
589,29.47,28.19
277,29.47,28.19
813,29.47,28.19
536,29.47,28.19
272,29.47,28.19
491,29.47,28.19
581,29.47,28.19
432,29.47,28.19
870,29.47,28.19
181,29.47,28.19
732,29.47,28.19
156,29.47,28.19
813,29.47,28.19
605,29.47,28.19
881,29.47,28.19
285,29.47,28.19
598,29.47,28.19
709,29.47,28.19
181,29.47,28.19
611,29.47,28.19
458,29.47,28.19
456,29.47,28.19
124,29.47,28.19
379,29.47,28.19
383,29.47,28.19
519,29.47,28.19
259,29.47,28.19
845,29.47,28.19
121,29.47,28.19
851,29.47,28.19
362,29.47,28.19
597,29.47,28.19
595,29.47,28.19
392,29.49,28.19
539,29.49,28.19
120,29.49,28.19
755,29.49,28.19
501,29.49,28.19
804,29.49,28.19
272,29.49,28.19
725,29.49,28.19
447,29.49,28.19
630,29.49,28.19
439,29.49,28.19
664,29.49,28.19
640,29.49,28.19
482,29.49,28.19
665,29.49,28.19
554,29.49,28.19
346,29.49,28.19
423,29.49,28.19
718,29.49,28.19
128,29.49,28.19
784,29.49,28.19
267,29.49,28.19
643,29.49,28.19
602,29.49,28.19
498,29.49,28.45
764,29.49,28.45
487,29.49,28.45
329,29.49,28.45
458,29.49,28.45
883,29.49,28.45
219,29.49,28.45
677,29.49,28.45
596,29.49,28.45
559,29.49,28.45
752,29.49,28.45
665,29.49,28.45
422,29.49,28.45
675,29.49,28.45
708,29.49,28.45
599,29.49,28.45
696,29.49,28.45
238,29.49,28.45
727,29.49,28.45
213,29.49,28.45
863,29.49,28.45
359,29.49,28.45
730,29.49,28.45
469,29.49,28.45
836,29.49,28.45
541,29.49,28.45
425,29.49,28.45
587,29.49,28.45
620,29.49,28.45
776,29.49,28.45
439,29.49,28.45
488,29.49,28.45
697,29.49,28.45
414,29.49,28.45
378,29.49,28.45
683,29.49,28.45
119,29.47,28.45
626,29.47,28.45
337,29.47,28.45
809,29.47,28.45
243,29.47,28.45
264,29.47,28.45
639,29.47,28.45
484,29.47,28.45
729,29.47,28.45
120,29.47,28.45
354,29.47,28.45
532,29.47,28.45
621,29.47,28.45
120,29.47,28.45
708,29.47,28.45
416,29.47,28.45
425,29.47,28.45
670,29.47,28.45
548,29.47,28.45
125,29.47,28.45
789,29.47,28.45
660,29.47,28.45
582,29.47,28.45
607,29.47,28.07
346,29.47,28.07
800,29.47,28.07
119,29.47,28.07
781,29.47,28.07
180,29.47,28.07
449,29.47,28.07
502,29.47,28.07
253,29.47,28.07
750,29.47,28.07
123,29.47,28.07
383,29.47,28.07
497,29.47,28.07
883,29.47,28.07
121,29.47,28.07
880,29.47,28.07
541,29.47,28.07
346,29.47,28.07
493,29.47,28.07
595,29.47,28.07
314,29.47,28.07
762,29.47,28.07
755,29.47,28.07
678,29.47,28.07
130,29.47,28.07
123,29.47,28.07
628,29.47,28.07
179,29.47,28.07
794,29.47,28.07
329,29.47,28.07
806,29.47,28.07
246,29.47,28.07
594,29.47,28.07
811,29.47,28.07
393,29.47,28.07
670,29.47,28.07
251,29.49,28.07
880,29.49,28.07
121,29.49,28.07
670,29.49,28.07
655,29.49,28.07
587,29.49,28.07
525,29.49,28.07
563,29.49,28.07
525,29.49,28.07
324,29.49,28.07
350,29.49,28.07
830,29.49,28.07
733,29.49,28.07
562,29.49,28.07
553,29.49,28.07
270,29.49,28.07
577,29.49,28.07
285,29.49,28.07
686,29.49,28.07
746,29.49,28.07
606,29.49,28.07
328,29.49,28.07
452,29.49,28.07
512,29.49,28.07
278,29.49,28.23
816,29.49,28.23
290,29.49,28.23
657,29.49,28.23
758,29.49,28.23
760,29.49,28.23
422,29.49,28.23
648,29.49,28.23
544,29.49,28.23
630,29.49,28.23
365,29.49,28.23
845,29.49,28.23
312,29.49,28.23
606,29.49,28.23
710,29.49,28.23
266,29.49,28.23
663,29.49,28.23
410,29.49,28.23
822,29.49,28.23
338,29.49,28.23
569,29.49,28.23
127,29.49,28.23
784,29.49,28.23
724,29.49,28.23
325,29.49,28.23
845,29.49,28.23
666,29.49,28.23
415,29.49,28.23
564,29.49,28.23
702,29.49,28.23
523,29.49,28.23
324,29.49,28.23
418,29.49,28.23
463,29.49,28.23
146,29.49,28.23
684,29.49,28.23
424,29.47,28.23
416,29.47,28.23
606,29.47,28.23
135,29.47,28.23
883,29.47,28.23
119,29.47,28.23
439,29.47,28.23
538,29.47,28.23
629,29.47,28.23
136,29.47,28.23
593,29.47,28.23
705,29.47,28.23
264,29.47,28.23
637,29.47,28.23
530,29.47,28.23
355,29.47,28.23
242,29.47,28.23
637,29.47,28.23
636,29.47,28.23
566,29.47,28.23
238,29.47,28.23
390,29.47,28.23
518,29.47,28.23
621,29.47,28.23
461,29.47,28.07
495,29.47,28.07
485,29.47,28.07
265,29.47,28.07
683,29.47,28.07
247,29.47,28.07
361,29.47,28.07
164,29.47,28.07
745,29.47,28.07
123,29.47,28.07
257,29.47,28.07
772,29.47,28.07
576,29.47,28.07
352,29.47,28.07
498,29.47,28.07
458,29.47,28.07
523,29.47,28.07
466,29.47,28.07
843,29.47,28.07
823,29.47,28.07
177,29.47,28.07
571,29.47,28.07
351,29.47,28.07
822,29.47,28.07
119,29.47,28.07
706,29.47,28.07
506,29.47,28.07
542,29.47,28.07
487,29.47,28.07
584,29.47,28.07
327,29.47,28.07
119,29.47,28.07
883,29.47,28.07
357,29.47,28.07
557,29.47,28.07
546,29.47,28.07
458,29.45,28.07
720,29.45,28.07
639,29.45,28.07
407,29.45,28.07
417,29.45,28.07
251,29.45,28.07
483,29.45,28.07
624,29.45,28.07
486,29.45,28.07
722,29.45,28.07
471,29.45,28.07
882,29.45,28.07
291,29.45,28.07
632,29.45,28.07
544,29.45,28.07
473,29.45,28.07
125,29.45,28.07
383,29.45,28.07
639,29.45,28.07
119,29.45,28.07
828,29.45,28.07
294,29.45,28.07
730,29.45,28.07
213,29.45,28.07
571,29.45,28.11
437,29.45,28.11
650,29.45,28.11
407,29.45,28.11
666,29.45,28.11
386,29.45,28.11
484,29.45,28.11
606,29.45,28.11
743,29.45,28.11
882,29.45,28.11
497,29.45,28.11
692,29.45,28.11
493,29.45,28.11
761,29.45,28.11
247,29.45,28.11
866,29.45,28.11
276,29.45,28.11
597,29.45,28.11
780,29.45,28.11
342,29.45,28.11
664,29.45,28.11
375,29.45,28.11
759,29.45,28.11
154,29.45,28.11
631,29.45,28.11
568,29.45,28.11
749,29.45,28.11
503,29.45,28.11
656,29.45,28.11
349,29.45,28.11
688,29.45,28.11
340,29.45,28.11
437,29.45,28.11
646,29.45,28.11
552,29.45,28.11
619,29.45,28.11
314,29.47,28.11
728,29.47,28.11
119,29.47,28.11
730,29.47,28.11
479,29.47,28.11
216,29.47,28.11
777,29.47,28.11
129,29.47,28.11
768,29.47,28.11
122,29.47,28.11
528,29.47,28.11
199,29.47,28.11
389,29.47,28.11
662,29.47,28.11
233,29.47,28.11
181,29.47,28.11
617,29.47,28.11
173,29.47,28.11
583,29.47,28.11
353,29.47,28.11
787,29.47,28.11
435,29.47,28.11
329,29.47,28.11
337,29.47,28.27
134,29.47,28.27
566,29.47,28.27
119,29.47,28.27
765,29.47,28.27
378,29.47,28.27
264,29.47,28.27
573,29.47,28.27
751,29.47,28.27
383,29.47,28.27
344,29.47,28.27
491,29.47,28.27
382,29.47,28.27
486,29.47,28.27
461,29.47,28.27
700,29.47,28.27
222,29.47,28.27
660,29.47,28.27
512,29.47,28.27
321,29.47,28.27
119,29.47,28.27
614,29.47,28.27
259,29.47,28.27
606,29.47,28.27
303,29.47,28.27
518,29.47,28.27
718,29.47,28.27
146,29.47,28.27
840,29.47,28.27
164,29.47,28.27
666,29.47,28.27
174,29.47,28.27
742,29.47,28.27
736,29.47,28.27
776,29.47,28.27
178,29.47,28.27
771,29.47,28.27
405,29.47,28.27
363,29.47,28.27
506,29.47,28.27
526,29.47,28.27
233,29.47,28.27
