867,31.19,30.05
516,31.19,30.05
462,31.19,30.05
120,31.19,30.05
780,31.19,30.05
445,31.19,30.05
591,31.19,29.91
882,31.19,29.91
379,31.19,29.91
652,31.19,29.91
120,31.19,29.91
389,31.19,29.91
274,31.19,29.91
142,31.19,29.91
122,31.19,29.91
712,31.19,29.91
498,31.19,29.91
712,31.19,29.91
768,31.19,29.91
811,31.19,29.91
273,31.19,29.91
526,31.19,29.91
653,31.19,29.91
122,31.19,29.91
870,31.19,29.91
219,31.19,29.91
613,31.19,29.91
119,31.19,29.91
537,31.19,29.91
465,31.19,29.91
472,31.19,29.91
122,31.19,29.91
698,31.19,29.91
659,31.19,29.91
202,31.19,29.91
408,31.19,29.91
531,31.19,29.91
489,31.19,29.91
561,31.19,29.91
711,31.19,29.91
451,31.19,29.91
686,31.19,29.91
382,31.17,29.91
883,31.17,29.91
119,31.17,29.91
690,31.17,29.91
561,31.17,29.91
857,31.17,29.91
582,31.17,29.91
660,31.17,29.91
570,31.17,29.91
433,31.17,29.91
647,31.17,29.91
679,31.17,29.91
489,31.17,29.91
551,31.17,29.91
643,31.17,29.91
653,31.17,29.91
406,31.17,29.91
277,31.17,29.91
842,31.17,29.91
460,31.17,29.91
789,31.17,29.91
664,31.17,29.91
477,31.17,29.91
572,31.17,29.91
411,31.17,29.97
729,31.17,29.97
227,31.17,29.97
447,31.17,29.97
555,31.17,29.97
832,31.17,29.97
340,31.17,29.97
375,31.17,29.97
382,31.17,29.97
508,31.17,29.97
607,31.17,29.97
700,31.17,29.97
216,31.17,29.97
311,31.17,29.97
514,31.17,29.97
703,31.17,29.97
449,31.17,29.97
498,31.17,29.97
580,31.17,29.97
377,31.17,29.97
369,31.17,29.97
497,31.17,29.97
270,31.17,29.97
372,31.17,29.97
375,31.17,29.97
618,31.17,29.97
460,31.17,29.97
518,31.17,29.97
494,31.17,29.97
303,31.17,29.97
397,31.17,29.97
444,31.17,29.97
405,31.17,29.97
306,31.17,29.97
449,31.17,29.97
375,31.17,29.97
505,31.19,29.97
118,31.19,29.97
431,31.19,29.97
242,31.19,29.97
882,31.19,29.97
448,31.19,29.97
591,31.19,29.97
402,31.19,29.97
820,31.19,29.97
307,31.19,29.97
717,31.19,29.97
508,31.19,29.97
126,31.19,29.97
531,31.19,29.97
428,31.19,29.97
585,31.19,29.97
487,31.19,29.97
612,31.19,29.97
546,31.19,29.97
657,31.19,29.97
295,31.19,29.97
802,31.19,29.97
122,31.19,29.97
699,31.19,29.79
347,31.19,29.79
638,31.19,29.79
329,31.19,29.79
825,31.19,29.79
759,31.19,29.79
312,31.19,29.79
870,31.19,29.79
220,31.19,29.79
845,31.19,29.79
242,31.19,29.79
701,31.19,29.79
356,31.19,29.79
568,31.19,29.79
642,31.19,29.79
691,31.19,29.79
363,31.19,29.79
618,31.19,29.79
651,31.19,29.79
725,31.19,29.79
299,31.19,29.79
358,31.19,29.79
473,31.19,29.79
122,31.19,29.79
748,31.19,29.79
179,31.19,29.79
692,31.19,29.79
118,31.19,29.79
829,31.19,29.79
297,31.19,29.79
498,31.19,29.79
616,31.19,29.79
533,31.19,29.79
880,31.19,29.79
310,31.19,29.79
592,31.19,29.79
619,31.19,29.79
345,31.19,29.79
535,31.19,29.79
490,31.19,29.79
118,31.19,29.79
582,31.19,29.79
267,31.19,29.79
880,31.19,29.79
203,31.19,29.79
475,31.19,29.79
821,31.19,29.79
350,31.19,29.79
593,31.19,29.79
204,31.19,29.79
721,31.19,29.79
119,31.19,29.79
429,31.19,29.79
281,31.19,29.79
346,31.19,29.79
199,31.19,29.79
525,31.19,29.79
257,31.19,29.79
556,31.19,29.79
207,31.19,29.79
884,31.19,29.79
402,31.19,29.79
514,31.19,29.79
810,31.19,29.79
276,31.19,29.79
688,31.19,29.79
125,31.19,29.79
885,31.19,29.79
596,31.19,29.79
474,31.19,29.79
527,31.19,29.79
705,31.19,29.79
233,31.19,29.79
646,31.19,29.79
630,31.19,29.79
462,31.19,29.79
623,31.19,29.79
506,31.19,29.79
709,31.19,29.79
368,31.19,29.79
625,31.19,29.79
460,31.19,29.79
689,31.19,29.79
118,31.19,29.79
813,31.19,29.79
660,31.19,29.79
591,31.19,29.79
426,31.19,29.79
650,31.19,29.79
505,31.19,29.79
203,31.19,29.79
688,31.19,29.79
579,31.19,29.79
636,31.19,29.79
403,31.19,29.79
659,31.19,29.79
525,31.17,29.79
512,31.17,29.79
647,31.17,29.79
554,31.17,29.79
260,31.17,29.79
498,31.17,29.79
474,31.17,29.79
442,31.17,29.79
358,31.17,29.79
646,31.17,29.79
699,31.17,29.79
118,31.17,29.79
814,31.17,29.79
217,31.17,29.79
328,31.17,29.79
312,31.17,29.79
604,31.17,29.79
319,31.17,29.79
495,31.17,29.79
470,31.17,29.79
661,31.17,29.79
693,31.17,29.79
122,31.17,29.79
433,31.17,29.79
400,31.17,29.91
465,31.17,29.91
469,31.17,29.91
695,31.17,29.91
122,31.17,29.91
781,31.17,29.91
221,31.17,29.91
767,31.17,29.91
366,31.17,29.91
520,31.17,29.91
560,31.17,29.91
458,31.17,29.91
789,31.17,29.91
222,31.17,29.91
729,31.17,29.91
564,31.17,29.91
438,31.17,29.91
473,31.17,29.91
551,31.17,29.91
409,31.17,29.91
421,31.17,29.91
393,31.17,29.91
334,31.17,29.91
122,31.17,29.91
684,31.17,29.91
337,31.17,29.91
717,31.17,29.91
738,31.17,29.91
268,31.17,29.91
829,31.17,29.91
411,31.17,29.91
794,31.17,29.91
378,31.17,29.91
588,31.17,29.91
142,31.17,29.91
487,31.17,29.91
614,31.21,29.91
446,31.21,29.91
531,31.21,29.91
592,31.21,29.91
552,31.21,29.91
568,31.21,29.91
613,31.21,29.91
322,31.21,29.91
666,31.21,29.91
667,31.21,29.91
306,31.21,29.91
586,31.21,29.91
884,31.21,29.91
294,31.21,29.91
807,31.21,29.91
613,31.21,29.91
364,31.21,29.91
574,31.21,29.91
365,31.21,29.91
796,31.21,29.91
363,31.21,29.91
599,31.21,29.91
389,31.21,29.91
425,31.21,29.89
493,31.21,29.89
604,31.21,29.89
526,31.21,29.89
548,31.21,29.89
347,31.21,29.89
710,31.21,29.89
330,31.21,29.89
561,31.21,29.89
443,31.21,29.89
463,31.21,29.89
446,31.21,29.89
131,31.21,29.89
690,31.21,29.89
118,31.21,29.89
567,31.21,29.89
537,31.21,29.89
496,31.21,29.89
364,31.21,29.89
545,31.21,29.89
884,31.21,29.89
444,31.21,29.89
269,31.21,29.89
528,31.21,29.89
813,31.21,29.89
228,31.21,29.89
334,31.21,29.89
466,31.21,29.89
459,31.21,29.89
123,31.21,29.89
670,31.21,29.89
220,31.21,29.89
552,31.21,29.89
211,31.21,29.89
725,31.21,29.89
445,31.21,29.89
207,31.15,29.89
876,31.15,29.89
402,31.15,29.89
705,31.15,29.89
528,31.15,29.89
573,31.15,29.89
493,31.15,29.89
446,31.15,29.89
636,31.15,29.89
624,31.15,29.89
161,31.15,29.89
723,31.15,29.89
261,31.15,29.89
792,31.15,29.89
381,31.15,29.89
721,31.15,29.89
676,31.15,29.89
233,31.15,29.89
624,31.15,29.89
594,31.15,29.89
591,31.15,29.89
284,31.15,29.89
882,31.15,29.89
376,31.15,29.89
252,31.15,29.77
744,31.15,29.77
430,31.15,29.77
458,31.15,29.77
528,31.15,29.77
445,31.15,29.77
762,31.15,29.77
768,31.15,29.77
436,31.15,29.77
884,31.15,29.77
309,31.15,29.77
306,31.15,29.77
573,31.15,29.77
671,31.15,29.77
239,31.15,29.77
427,31.15,29.77
652,31.15,29.77
391,31.15,29.77
838,31.15,29.77
179,31.15,29.77
884,31.15,29.77
278,31.15,29.77
657,31.15,29.77
215,31.15,29.77
327,31.15,29.77
705,31.15,29.77
513,31.15,29.77
495,31.15,29.77
729,31.15,29.77
119,31.15,29.77
504,31.15,29.77
457,31.15,29.77
242,31.15,29.77
685,31.15,29.77
461,31.15,29.77
186,31.15,29.77
183,31.19,29.77
775,31.19,29.77
122,31.19,29.77
650,31.19,29.77
302,31.19,29.77
405,31.19,29.77
583,31.19,29.77
405,31.19,29.77
773,31.19,29.77
549,31.19,29.77
657,31.19,29.77
426,31.19,29.77
416,31.19,29.77
303,31.19,29.77
526,31.19,29.77
288,31.19,29.77
377,31.19,29.77
448,31.19,29.77
860,31.19,29.77
