590,31.21,29.85
201,31.21,29.85
257,31.21,29.85
361,31.21,29.85
122,31.21,29.85
716,31.21,29.85
508,31.21,29.85
720,31.21,29.85
508,31.21,29.85
593,31.21,29.85
424,31.21,29.85
612,31.21,29.85
121,31.21,29.85
535,31.21,29.85
385,31.21,29.85
667,31.21,29.85
666,31.21,29.85
483,31.21,29.85
475,31.21,29.85
390,31.21,29.85
650,31.21,29.85
402,31.21,29.85
700,31.21,29.85
673,31.21,29.85
700,31.21,29.85
544,31.21,29.85
310,31.21,29.85
731,31.21,29.85
848,31.21,29.85
703,31.21,29.85
488,31.21,29.85
690,31.21,29.85
291,31.21,29.85
383,31.21,29.85
408,31.21,29.85
517,31.21,29.85
432,31.21,29.85
700,31.21,29.85
341,31.21,29.85
558,31.21,29.85
452,31.21,29.85
507,31.21,29.85
614,31.21,29.85
141,31.21,29.85
556,31.21,29.85
787,31.21,29.85
178,31.21,29.85
589,31.21,29.85
717,31.21,29.85
522,31.21,29.85
296,31.21,29.85
732,31.21,29.85
462,31.21,29.85
167,31.21,29.85
667,31.21,29.85
524,31.21,29.85
604,31.21,29.85
493,31.21,29.85
257,31.21,29.85
670,31.21,29.85
122,31.21,29.85
662,31.21,29.85
129,31.23,29.85
436,31.23,29.85
540,31.23,29.85
467,31.23,29.85
282,31.23,29.85
318,31.23,29.85
164,31.23,29.85
428,31.23,29.85
204,31.23,29.85
309,31.23,29.85
454,31.23,29.85
303,31.23,29.85
407,31.23,29.85
120,31.23,29.85
715,31.23,29.85
319,31.23,29.85
608,31.23,29.85
624,31.23,29.85
726,31.23,29.85
663,31.23,29.85
323,31.23,29.85
586,31.23,29.85
121,31.23,29.85
531,31.23,29.85
376,31.23,29.93
713,31.23,29.93
282,31.23,29.93
759,31.23,29.93
408,31.23,29.93
749,31.23,29.93
204,31.23,29.93
879,31.23,29.93
609,31.23,29.93
741,31.23,29.93
306,31.23,29.93
574,31.23,29.93
631,31.23,29.93
119,31.23,29.93
882,31.23,29.93
202,31.23,29.93
136,31.23,29.93
390,31.23,29.93
693,31.23,29.93
579,31.23,29.93
786,31.23,29.93
474,31.23,29.93
743,31.23,29.93
604,31.23,29.93
529,31.23,29.93
687,31.23,29.93
625,31.23,29.93
301,31.23,29.93
882,31.23,29.93
744,31.23,29.93
132,31.23,29.93
883,31.23,29.93
304,31.23,29.93
775,31.23,29.93
275,31.23,29.93
634,31.23,29.93
440,31.21,29.93
486,31.21,29.93
586,31.21,29.93
484,31.21,29.93
862,31.21,29.93
119,31.21,29.93
822,31.21,29.93
290,31.21,29.93
218,31.21,29.93
386,31.21,29.93
880,31.21,29.93
330,31.21,29.93
465,31.21,29.93
333,31.21,29.93
761,31.21,29.93
432,31.21,29.93
600,31.21,29.93
588,31.21,29.93
354,31.21,29.93
224,31.21,29.93
658,31.21,29.93
671,31.21,29.93
134,31.21,29.93
543,31.21,29.99
551,31.21,29.99
238,31.21,29.99
514,31.21,29.99
219,31.21,29.99
711,31.21,29.99
418,31.21,29.99
382,31.21,29.99
719,31.21,29.99
306,31.21,29.99
415,31.21,29.99
430,31.21,29.99
229,31.21,29.99
124,31.21,29.99
474,31.21,29.99
879,31.21,29.99
489,31.21,29.99
591,31.21,29.99
731,31.21,29.99
859,31.21,29.99
691,31.21,29.99
330,31.21,29.99
422,31.21,29.99
300,31.21,29.99
479,31.21,29.99
120,31.21,29.99
120,31.21,29.99
195,31.21,29.99
784,31.21,29.99
684,31.21,29.99
708,31.21,29.99
337,31.21,29.99
652,31.21,29.99
709,31.21,29.99
506,31.21,29.99
725,31.21,29.99
466,31.21,29.99
740,31.21,29.99
118,31.21,29.99
884,31.21,29.99
347,31.21,29.99
841,31.21,29.99
325,31.21,29.99
598,31.21,29.99
195,31.21,29.99
781,31.21,29.99
657,31.21,29.99
694,31.21,29.99
121,31.21,29.99
467,31.21,29.99
701,31.21,29.99
818,31.21,29.99
778,31.21,29.99
556,31.21,29.99
805,31.21,29.99
124,31.21,29.99
884,31.21,29.99
524,31.21,29.99
673,31.21,29.99
680,31.21,29.99
573,31.21,29.91
467,31.21,29.91
411,31.21,29.91
837,31.21,29.91
442,31.21,29.91
818,31.21,29.91
480,31.21,29.91
883,31.21,29.91
388,31.21,29.91
423,31.21,29.91
857,31.21,29.91
282,31.21,29.91
581,31.21,29.91
497,31.21,29.91
471,31.21,29.91
540,31.21,29.91
512,31.21,29.91
486,31.21,29.91
754,31.21,29.91
120,31.21,29.91
699,31.21,29.91
307,31.21,29.91
885,31.21,29.91
174,31.21,29.91
846,31.21,29.91
385,31.21,29.91
461,31.21,29.91
818,31.21,29.91
422,31.21,29.91
441,31.21,29.91
119,31.21,29.91
377,31.21,29.91
118,31.21,29.91
187,31.21,29.91
565,31.21,29.91
595,31.21,29.91
330,31.19,29.91
304,31.19,29.91
311,31.19,29.91
879,31.19,29.91
275,31.19,29.91
555,31.19,29.91
722,31.19,29.91
375,31.19,29.91
583,31.19,29.91
435,31.19,29.91
662,31.19,29.91
118,31.19,29.91
884,31.19,29.91
329,31.19,29.91
316,31.19,29.91
317,31.19,29.91
546,31.19,29.91
296,31.19,29.91
416,31.19,29.91
601,31.19,29.91
573,31.19,29.91
568,31.19,29.91
680,31.19,29.91
513,31.19,29.91
577,31.19,29.89
520,31.19,29.89
244,31.19,29.89
727,31.19,29.89
118,31.19,29.89
576,31.19,29.89
773,31.19,29.89
341,31.19,29.89
665,31.19,29.89
407,31.19,29.89
425,31.19,29.89
409,31.19,29.89
727,31.19,29.89
361,31.19,29.89
593,31.19,29.89
519,31.19,29.89
690,31.19,29.89
850,31.19,29.89
452,31.19,29.89
320,31.19,29.89
662,31.19,29.89
579,31.19,29.89
438,31.19,29.89
698,31.19,29.89
693,31.19,29.89
716,31.19,29.89
426,31.19,29.89
660,31.19,29.89
412,31.19,29.89
469,31.19,29.89
662,31.19,29.89
818,31.19,29.89
381,31.19,29.89
554,31.19,29.89
598,31.19,29.89
539,31.19,29.89
632,31.21,29.89
271,31.21,29.89
532,31.21,29.89
415,31.21,29.89
555,31.21,29.89
545,31.21,29.89
601,31.21,29.89
224,31.21,29.89
587,31.21,29.89
344,31.21,29.89
605,31.21,29.89
604,31.21,29.89
562,31.21,29.89
753,31.21,29.89
334,31.21,29.89
854,31.21,29.89
392,31.21,29.89
723,31.21,29.89
182,31.21,29.89
636,31.21,29.89
150,31.21,29.89
324,31.21,29.89
298,31.21,29.89
471,31.21,29.91
472,31.21,29.91
455,31.21,29.91
353,31.21,29.91
598,31.21,29.91
657,31.21,29.91
454,31.21,29.91
657,31.21,29.91
168,31.21,29.91
753,31.21,29.91
285,31.21,29.91
883,31.21,29.91
429,31.21,29.91
508,31.21,29.91
512,31.21,29.91
432,31.21,29.91
758,31.21,29.91
373,31.21,29.91
765,31.21,29.91
359,31.21,29.91
683,31.21,29.91
377,31.21,29.91
584,31.21,29.91
616,31.21,29.91
719,31.21,29.91
396,31.21,29.91
603,31.21,29.91
282,31.21,29.91
573,31.21,29.91
199,31.21,29.91
854,31.21,29.91
571,31.21,29.91
593,31.21,29.91
638,31.21,29.91
469,31.21,29.91
773,31.21,29.91
517,31.23,29.91
690,31.23,29.91
387,31.23,29.91
630,31.23,29.91
521,31.23,29.91
718,31.23,29.91
678,31.23,29.91
733,31.23,29.91
542,31.23,29.91
754,31.23,29.91
472,31.23,29.91
724,31.23,29.91
579,31.23,29.91
407,31.23,29.91
413,31.23,29.91
472,31.23,29.91
626,31.23,29.91
118,31.23,29.91
885,31.23,29.91
392,31.23,29.91
338,31.23,29.91
460,31.23,29.91
521,31.23,29.91
489,31.23,29.91
134,31.23,29.97
706,31.23,29.97
272,31.23,29.97
421,31.23,29.97
287,31.23,29.97
469,31.23,29.97
353,31.23,29.97
122,31.23,29.97
347,31.23,29.97
739,31.23,29.97
209,31.23,29.97
756,31.23,29.97
448,31.23,29.97
642,31.23,29.97
430,31.23,29.97
244,31.23,29.97
885,31.23,29.97
119,31.23,29.97
589,31.23,29.97
694,31.23,29.97
582,31.23,29.97
272,31.23,29.97
491,31.23,29.97
651,31.23,29.97
421,31.23,29.97
335,31.23,29.97
565,31.23,29.97
456,31.23,29.97
659,31.23,29.97
362,31.23,29.97
594,31.23,29.97
591,31.23,29.97
204,31.23,29.97
760,31.23,29.97
