379,30.85,29.45
520,30.85,29.45
722,30.85,29.45
462,30.85,29.45
409,30.85,29.45
431,30.85,29.45
732,30.85,29.45
498,30.85,29.45
297,30.85,29.45
253,30.85,29.51
428,30.85,29.51
473,30.85,29.51
346,30.85,29.51
601,30.85,29.51
522,30.85,29.51
372,30.85,29.51
479,30.85,29.51
514,30.85,29.51
498,30.85,29.51
634,30.85,29.51
669,30.85,29.51
653,30.85,29.51
538,30.85,29.51
672,30.85,29.51
314,30.85,29.51
608,30.85,29.51
459,30.85,29.51
883,30.85,29.51
418,30.85,29.51
520,30.85,29.51
729,30.85,29.51
237,30.85,29.51
716,30.85,29.51
468,30.85,29.51
702,30.85,29.51
487,30.85,29.51
842,30.85,29.51
540,30.85,29.51
798,30.85,29.51
323,30.85,29.51
748,30.85,29.51
578,30.85,29.51
602,30.85,29.51
324,30.85,29.51
595,30.85,29.51
251,30.87,29.51
442,30.87,29.51
460,30.87,29.51
430,30.87,29.51
700,30.87,29.51
120,30.87,29.51
735,30.87,29.51
382,30.87,29.51
483,30.87,29.51
553,30.87,29.51
600,30.87,29.51
630,30.87,29.51
355,30.87,29.51
404,30.87,29.51
616,30.87,29.51
555,30.87,29.51
664,30.87,29.51
693,30.87,29.51
119,30.87,29.51
762,30.87,29.51
348,30.87,29.51
412,30.87,29.51
174,30.87,29.51
882,30.87,29.59
411,30.87,29.59
622,30.87,29.59
466,30.87,29.59
308,30.87,29.59
752,30.87,29.59
291,30.87,29.59
885,30.87,29.59
118,30.87,29.59
404,30.87,29.59
472,30.87,29.59
616,30.87,29.59
591,30.87,29.59
603,30.87,29.59
122,30.87,29.59
851,30.87,29.59
121,30.87,29.59
630,30.87,29.59
590,30.87,29.59
341,30.87,29.59
510,30.87,29.59
452,30.87,29.59
834,30.87,29.59
118,30.87,29.59
750,30.87,29.59
336,30.87,29.59
621,30.87,29.59
205,30.87,29.59
121,30.87,29.59
600,30.87,29.59
256,30.87,29.59
664,30.87,29.59
523,30.87,29.59
584,30.87,29.59
412,30.87,29.59
572,30.87,29.59
828,30.85,29.59
509,30.85,29.59
362,30.85,29.59
744,30.85,29.59
601,30.85,29.59
405,30.85,29.59
121,30.85,29.59
695,30.85,29.59
269,30.85,29.59
260,30.85,29.59
669,30.85,29.59
315,30.85,29.59
612,30.85,29.59
561,30.85,29.59
883,30.85,29.59
259,30.85,29.59
271,30.85,29.59
884,30.85,29.59
457,30.85,29.59
601,30.85,29.59
369,30.85,29.59
739,30.85,29.59
694,30.85,29.59
403,30.85,29.59
707,30.85,29.57
558,30.85,29.57
120,30.85,29.57
715,30.85,29.57
350,30.85,29.57
807,30.85,29.57
472,30.85,29.57
690,30.85,29.57
489,30.85,29.57
372,30.85,29.57
425,30.85,29.57
513,30.85,29.57
806,30.85,29.57
119,30.85,29.57
884,30.85,29.57
321,30.85,29.57
415,30.85,29.57
521,30.85,29.57
593,30.85,29.57
593,30.85,29.57
431,30.85,29.57
403,30.85,29.57
779,30.85,29.57
536,30.85,29.57
638,30.85,29.57
816,30.85,29.57
323,30.85,29.57
480,30.85,29.57
667,30.85,29.57
775,30.85,29.57
325,30.85,29.57
739,30.85,29.57
523,30.85,29.57
475,30.85,29.57
573,30.85,29.57
278,30.85,29.57
883,30.91,29.57
235,30.91,29.57
881,30.91,29.57
332,30.91,29.57
380,30.91,29.57
577,30.91,29.57
805,30.91,29.57
461,30.91,29.57
638,30.91,29.57
433,30.91,29.57
551,30.91,29.57
607,30.91,29.57
280,30.91,29.57
236,30.91,29.57
490,30.91,29.57
330,30.91,29.57
446,30.91,29.57
761,30.91,29.57
118,30.91,29.57
882,30.91,29.57
325,30.91,29.57
415,30.91,29.57
296,30.91,29.57
405,30.91,29.57
759,30.91,29.45
265,30.91,29.45
748,30.91,29.45
229,30.91,29.45
443,30.91,29.45
416,30.91,29.45
396,30.91,29.45
396,30.91,29.45
532,30.91,29.45
150,30.91,29.45
836,30.91,29.45
126,30.91,29.45
745,30.91,29.45
405,30.91,29.45
540,30.91,29.45
497,30.91,29.45
428,30.91,29.45
883,30.91,29.45
484,30.91,29.45
675,30.91,29.45
595,30.91,29.45
782,30.91,29.45
148,30.91,29.45
566,30.91,29.45
726,30.91,29.45
472,30.91,29.45
308,30.91,29.45
841,30.91,29.45
428,30.91,29.45
780,30.91,29.45
405,30.91,29.45
460,30.91,29.45
866,30.91,29.45
297,30.91,29.45
651,30.91,29.45
485,30.91,29.45
431,30.87,29.45
532,30.87,29.45
884,30.87,29.45
268,30.87,29.45
738,30.87,29.45
779,30.87,29.45
388,30.87,29.45
692,30.87,29.45
475,30.87,29.45
406,30.87,29.45
492,30.87,29.45
122,30.87,29.45
732,30.87,29.45
718,30.87,29.45
264,30.87,29.45
539,30.87,29.45
623,30.87,29.45
486,30.87,29.45
383,30.87,29.45
658,30.87,29.45
477,30.87,29.45
147,30.87,29.45
478,30.87,29.45
444,30.87,29.39
520,30.87,29.39
118,30.87,29.39
627,30.87,29.39
550,30.87,29.39
118,30.87,29.39
702,30.87,29.39
509,30.87,29.39
651,30.87,29.39
427,30.87,29.39
804,30.87,29.39
543,30.87,29.39
475,30.87,29.39
530,30.87,29.39
740,30.87,29.39
145,30.87,29.39
568,30.87,29.39
295,30.87,29.39
822,30.87,29.39
118,30.87,29.39
673,30.87,29.39
522,30.87,29.39
459,30.87,29.39
618,30.87,29.39
417,30.87,29.39
747,30.87,29.39
285,30.87,29.39
468,30.87,29.39
409,30.87,29.39
502,30.87,29.39
338,30.87,29.39
622,30.87,29.39
502,30.87,29.39
392,30.87,29.39
372,30.87,29.39
315,30.87,29.39
651,30.85,29.39
459,30.85,29.39
550,30.85,29.39
620,30.85,29.39
782,30.85,29.39
369,30.85,29.39
642,30.85,29.39
266,30.85,29.39
704,30.85,29.39
524,30.85,29.39
121,30.85,29.39
407,30.85,29.39
477,30.85,29.39
811,30.85,29.39
177,30.85,29.39
856,30.85,29.39
348,30.85,29.39
760,30.85,29.39
142,30.85,29.39
786,30.85,29.39
552,30.85,29.39
880,30.85,29.39
379,30.85,29.39
609,30.85,29.39
618,30.85,29.57
599,30.85,29.57
690,30.85,29.57
724,30.85,29.57
669,30.85,29.57
517,30.85,29.57
882,30.85,29.57
276,30.85,29.57
881,30.85,29.57
145,30.85,29.57
883,30.85,29.57
350,30.85,29.57
521,30.85,29.57
675,30.85,29.57
532,30.85,29.57
491,30.85,29.57
413,30.85,29.57
679,30.85,29.57
307,30.85,29.57
759,30.85,29.57
372,30.85,29.57
658,30.85,29.57
281,30.85,29.57
772,30.85,29.57
179,30.85,29.57
676,30.85,29.57
122,30.85,29.57
744,30.85,29.57
227,30.85,29.57
491,30.85,29.57
519,30.85,29.57
532,30.85,29.57
546,30.85,29.57
394,30.85,29.57
796,30.85,29.57
119,30.85,29.57
523,30.87,29.57
738,30.87,29.57
366,30.87,29.57
516,30.87,29.57
587,30.87,29.57
144,30.87,29.57
666,30.87,29.57
363,30.87,29.57
424,30.87,29.57
536,30.87,29.57
118,30.87,29.57
736,30.87,29.57
455,30.87,29.57
488,30.87,29.57
123,30.87,29.57
882,30.87,29.57
181,30.87,29.57
422,30.87,29.57
400,30.87,29.57
467,30.87,29.57
792,30.87,29.57
121,30.87,29.57
879,30.87,29.57
254,30.87,29.43
358,30.87,29.43
465,30.87,29.43
473,30.87,29.43
411,30.87,29.43
799,30.87,29.43
323,30.87,29.43
767,30.87,29.43
424,30.87,29.43
561,30.87,29.43
708,30.87,29.43
318,30.87,29.43
446,30.87,29.43
501,30.87,29.43
748,30.87,29.43
153,30.87,29.43
579,30.87,29.43
292,30.87,29.43
748,30.87,29.43
322,30.87,29.43
489,30.87,29.43
515,30.87,29.43
249,30.87,29.43
842,30.87,29.43
161,30.87,29.43
595,30.87,29.43
318,30.87,29.43
597,30.87,29.43
687,30.87,29.43
490,30.87,29.43
328,30.87,29.43
601,30.87,29.43
346,30.87,29.43
483,30.87,29.43
619,30.87,29.43
371,30.87,29.43
566,30.87,29.43
620,30.87,29.43
462,30.87,29.43
332,30.87,29.43
654,30.87,29.43
227,30.87,29.43
855,30.87,29.43
140,30.87,29.43
738,30.87,29.43
772,30.87,29.43
333,30.87,29.43
626,30.87,29.43
421,30.87,29.43
628,30.87,29.43
247,30.87,29.43
737,30.87,29.43
760,30.87,29.43
