583,30.13,28.89
375,30.13,28.89
272,30.13,28.89
205,30.13,28.89
443,30.13,28.89
556,30.13,28.89
405,30.13,28.89
478,30.13,28.89
123,30.13,28.89
593,30.13,28.89
163,30.13,28.89
270,30.13,28.89
391,30.13,28.89
202,30.13,28.89
529,30.13,28.89
486,30.13,28.89
757,30.13,28.89
527,30.13,28.89
206,30.13,28.89
734,30.13,28.89
119,30.13,28.89
691,30.13,28.89
188,30.17,28.89
672,30.17,28.89
479,30.17,28.89
229,30.17,28.89
688,30.17,28.89
623,30.17,28.89
323,30.17,28.89
461,30.17,28.89
489,30.17,28.89
356,30.17,28.89
349,30.17,28.89
587,30.17,28.89
574,30.17,28.89
312,30.17,28.89
405,30.17,28.89
473,30.17,28.89
651,30.17,28.89
119,30.17,28.89
883,30.17,28.89
314,30.17,28.89
252,30.17,28.89
604,30.17,28.89
561,30.17,28.89
830,30.17,28.79
463,30.17,28.79
498,30.17,28.79
454,30.17,28.79
408,30.17,28.79
453,30.17,28.79
845,30.17,28.79
408,30.17,28.79
371,30.17,28.79
741,30.17,28.79
804,30.17,28.79
273,30.17,28.79
750,30.17,28.79
720,30.17,28.79
402,30.17,28.79
252,30.17,28.79
453,30.17,28.79
857,30.17,28.79
249,30.17,28.79
746,30.17,28.79
361,30.17,28.79
294,30.17,28.79
455,30.17,28.79
661,30.17,28.79
479,30.17,28.79
242,30.17,28.79
386,30.17,28.79
601,30.17,28.79
506,30.17,28.79
534,30.17,28.79
484,30.17,28.79
297,30.17,28.79
245,30.17,28.79
508,30.17,28.79
751,30.17,28.79
264,30.17,28.79
531,30.17,28.79
510,30.17,28.79
555,30.17,28.79
409,30.17,28.79
492,30.17,28.79
883,30.17,28.79
291,30.17,28.79
533,30.17,28.79
209,30.17,28.79
531,30.17,28.79
586,30.17,28.79
464,30.17,28.79
599,30.17,28.79
669,30.17,28.79
131,30.17,28.79
746,30.17,28.79
261,30.17,28.79
529,30.17,28.79
418,30.17,28.79
566,30.17,28.79
319,30.17,28.79
139,30.17,28.79
806,30.17,28.79
218,30.17,28.79
417,30.17,28.85
384,30.17,28.85
442,30.17,28.85
570,30.17,28.85
227,30.17,28.85
700,30.17,28.85
459,30.17,28.85
326,30.17,28.85
301,30.17,28.85
582,30.17,28.85
542,30.17,28.85
490,30.17,28.85
651,30.17,28.85
819,30.17,28.85
383,30.17,28.85
780,30.17,28.85
374,30.17,28.85
557,30.17,28.85
421,30.17,28.85
446,30.17,28.85
275,30.17,28.85
122,30.17,28.85
883,30.17,28.85
194,30.17,28.85
577,30.17,28.85
122,30.17,28.85
757,30.17,28.85
547,30.17,28.85
517,30.17,28.85
674,30.17,28.85
542,30.17,28.85
492,30.17,28.85
653,30.17,28.85
615,30.17,28.85
569,30.17,28.85
385,30.17,28.85
508,30.17,28.85
533,30.17,28.85
553,30.17,28.85
507,30.17,28.85
307,30.17,28.85
820,30.17,28.85
118,30.17,28.85
880,30.17,28.85
305,30.17,28.85
410,30.17,28.85
728,30.17,28.85
365,30.17,28.85
883,30.17,28.85
119,30.17,28.85
582,30.17,28.85
528,30.17,28.85
401,30.17,28.85
326,30.17,28.85
664,30.17,28.85
194,30.17,28.85
719,30.17,28.85
124,30.17,28.85
635,30.17,28.85
119,30.17,28.83
684,30.17,28.83
432,30.17,28.83
340,30.17,28.83
509,30.17,28.83
268,30.17,28.83
883,30.17,28.83
119,30.17,28.83
790,30.17,28.83
341,30.17,28.83
570,30.17,28.83
214,30.17,28.83
362,30.17,28.83
715,30.17,28.83
514,30.17,28.83
120,30.17,28.83
459,30.17,28.83
444,30.17,28.83
240,30.17,28.83
741,30.17,28.83
123,30.17,28.83
608,30.17,28.83
498,30.17,28.83
696,30.17,28.83
248,30.17,28.83
817,30.17,28.83
392,30.17,28.83
832,30.17,28.83
188,30.17,28.83
224,30.17,28.83
572,30.17,28.83
279,30.17,28.83
495,30.17,28.83
484,30.17,28.83
755,30.17,28.83
122,30.17,28.83
694,30.17,28.83
651,30.17,28.83
670,30.17,28.83
233,30.17,28.83
850,30.17,28.83
474,30.17,28.83
360,30.17,28.83
639,30.17,28.83
766,30.17,28.83
494,30.17,28.83
379,30.17,28.83
733,30.17,28.83
402,30.17,28.83
524,30.17,28.83
394,30.17,28.83
742,30.17,28.83
342,30.17,28.83
558,30.17,28.83
652,30.17,28.83
535,30.17,28.83
646,30.17,28.83
411,30.17,28.83
522,30.17,28.83
539,30.17,28.83
363,30.17,28.79
762,30.17,28.79
834,30.17,28.79
118,30.17,28.79
880,30.17,28.79
503,30.17,28.79
807,30.17,28.79
167,30.17,28.79
883,30.17,28.79
371,30.17,28.79
487,30.17,28.79
660,30.17,28.79
321,30.17,28.79
865,30.17,28.79
496,30.17,28.79
786,30.17,28.79
145,30.17,28.79
326,30.17,28.79
451,30.17,28.79
454,30.17,28.79
402,30.17,28.79
264,30.17,28.79
305,30.17,28.79
556,30.17,28.79
401,30.17,28.79
471,30.17,28.79
831,30.17,28.79
119,30.17,28.79
552,30.17,28.79
355,30.17,28.79
703,30.17,28.79
119,30.17,28.79
850,30.17,28.79
529,30.17,28.79
582,30.17,28.79
351,30.17,28.79
387,30.19,28.79
709,30.19,28.79
120,30.19,28.79
370,30.19,28.79
405,30.19,28.79
377,30.19,28.79
288,30.19,28.79
678,30.19,28.79
373,30.19,28.79
564,30.19,28.79
505,30.19,28.79
555,30.19,28.79
151,30.19,28.79
495,30.19,28.79
505,30.19,28.79
392,30.19,28.79
411,30.19,28.79
119,30.19,28.79
874,30.19,28.79
120,30.19,28.79
552,30.19,28.79
136,30.19,28.79
543,30.19,28.79
447,30.19,28.89
495,30.19,28.89
565,30.19,28.89
591,30.19,28.89
496,30.19,28.89
621,30.19,28.89
451,30.19,28.89
392,30.19,28.89
576,30.19,28.89
624,30.19,28.89
361,30.19,28.89
219,30.19,28.89
883,30.19,28.89
388,30.19,28.89
681,30.19,28.89
473,30.19,28.89
537,30.19,28.89
386,30.19,28.89
558,30.19,28.89
761,30.19,28.89
635,30.19,28.89
549,30.19,28.89
432,30.19,28.89
855,30.19,28.89
358,30.19,28.89
417,30.19,28.89
727,30.19,28.89
752,30.19,28.89
223,30.19,28.89
862,30.19,28.89
200,30.19,28.89
804,30.19,28.89
380,30.19,28.89
462,30.19,28.89
723,30.19,28.89
273,30.19,28.89
884,30.17,28.89
119,30.17,28.89
594,30.17,28.89
170,30.17,28.89
824,30.17,28.89
194,30.17,28.89
406,30.17,28.89
704,30.17,28.89
200,30.17,28.89
521,30.17,28.89
592,30.17,28.89
270,30.17,28.89
571,30.17,28.89
451,30.17,28.89
519,30.17,28.89
652,30.17,28.89
119,30.17,28.89
688,30.17,28.89
373,30.17,28.89
545,30.17,28.89
295,30.17,28.89
557,30.17,28.89
653,30.17,28.89
215,30.17,28.89
679,30.17,28.99
130,30.17,28.99
591,30.17,28.99
180,30.17,28.99
698,30.17,28.99
324,30.17,28.99
229,30.17,28.99
389,30.17,28.99
527,30.17,28.99
329,30.17,28.99
419,30.17,28.99
540,30.17,28.99
879,30.17,28.99
299,30.17,28.99
853,30.17,28.99
566,30.17,28.99
176,30.17,28.99
574,30.17,28.99
381,30.17,28.99
596,30.17,28.99
207,30.17,28.99
417,30.17,28.99
558,30.17,28.99
482,30.17,28.99
418,30.17,28.99
439,30.17,28.99
724,30.17,28.99
341,30.17,28.99
769,30.17,28.99
561,30.17,28.99
553,30.17,28.99
667,30.17,28.99
751,30.17,28.99
655,30.17,28.99
470,30.17,28.99
136,30.17,28.99
883,30.19,28.99
287,30.19,28.99
648,30.19,28.99
703,30.19,28.99
398,30.19,28.99
605,30.19,28.99
368,30.19,28.99
869,30.19,28.99
441,30.19,28.99
727,30.19,28.99
119,30.19,28.99
884,30.19,28.99
159,30.19,28.99
641,30.19,28.99
883,30.19,28.99
345,30.19,28.99
284,30.19,28.99
739,30.19,28.99
449,30.19,28.99
464,30.19,28.99
620,30.19,28.99
548,30.19,28.99
712,30.19,28.99
166,30.19,28.85
883,30.19,28.85
418,30.19,28.85
579,30.19,28.85
470,30.19,28.85
568,30.19,28.85
607,30.19,28.85
177,30.19,28.85
782,30.19,28.85
146,30.19,28.85
580,30.19,28.85
270,30.19,28.85
652,30.19,28.85
316,30.19,28.85
374,30.19,28.85
506,30.19,28.85
397,30.19,28.85
