268,30.29,29.05
784,30.29,29.05
224,30.29,29.05
481,30.29,29.05
617,30.29,29.05
622,30.29,29.05
883,30.29,29.05
584,30.29,29.05
889,30.29,29.05
121,30.29,29.05
717,30.29,29.05
511,30.29,29.05
567,30.31,29.05
715,30.31,29.05
705,30.31,29.05
430,30.31,29.05
806,30.31,29.05
192,30.31,29.05
770,30.31,29.05
429,30.31,29.05
437,30.31,29.05
883,30.31,29.05
541,30.31,29.05
343,30.31,29.05
544,30.31,29.05
802,30.31,29.05
166,30.31,29.05
823,30.31,29.05
307,30.31,29.05
448,30.31,29.05
595,30.31,29.05
357,30.31,29.05
697,30.31,29.05
365,30.31,29.05
638,30.31,29.05
505,30.31,29.05
635,30.31,28.95
368,30.31,28.95
494,30.31,28.95
496,30.31,28.95
366,30.31,28.95
421,30.31,28.95
800,30.31,28.95
421,30.31,28.95
303,30.31,28.95
683,30.31,28.95
489,30.31,28.95
367,30.31,28.95
199,30.31,28.95
791,30.31,28.95
173,30.31,28.95
257,30.31,28.95
379,30.31,28.95
389,30.31,28.95
529,30.31,28.95
521,30.31,28.95
883,30.31,28.95
423,30.31,28.95
526,30.31,28.95
385,30.31,28.95
411,30.31,28.95
493,30.31,28.95
358,30.31,28.95
440,30.31,28.95
591,30.31,28.95
393,30.31,28.95
572,30.31,28.95
203,30.31,28.95
273,30.31,28.95
561,30.31,28.95
446,30.31,28.95
368,30.31,28.95
237,30.27,28.95
857,30.27,28.95
378,30.27,28.95
723,30.27,28.95
537,30.27,28.95
209,30.27,28.95
462,30.27,28.95
325,30.27,28.95
732,30.27,28.95
398,30.27,28.95
432,30.27,28.95
694,30.27,28.95
606,30.27,28.95
381,30.27,28.95
442,30.27,28.95
342,30.27,28.95
860,30.27,28.95
286,30.27,28.95
692,30.27,28.95
430,30.27,28.95
548,30.27,28.95
320,30.27,28.95
719,30.27,28.95
349,30.27,28.97
255,30.27,28.97
494,30.27,28.97
126,30.27,28.97
697,30.27,28.97
359,30.27,28.97
678,30.27,28.97
475,30.27,28.97
524,30.27,28.97
665,30.27,28.97
837,30.27,28.97
334,30.27,28.97
537,30.27,28.97
833,30.27,28.97
301,30.27,28.97
360,30.27,28.97
788,30.27,28.97
536,30.27,28.97
447,30.27,28.97
878,30.27,28.97
386,30.27,28.97
692,30.27,28.97
134,30.27,28.97
611,30.27,28.97
535,30.27,28.97
203,30.27,28.97
531,30.27,28.97
563,30.27,28.97
644,30.27,28.97
119,30.27,28.97
712,30.27,28.97
795,30.27,28.97
607,30.27,28.97
482,30.27,28.97
883,30.27,28.97
119,30.27,28.97
586,30.29,28.97
491,30.29,28.97
570,30.29,28.97
330,30.29,28.97
570,30.29,28.97
377,30.29,28.97
679,30.29,28.97
281,30.29,28.97
363,30.29,28.97
754,30.29,28.97
205,30.29,28.97
752,30.29,28.97
391,30.29,28.97
560,30.29,28.97
334,30.29,28.97
332,30.29,28.97
707,30.29,28.97
265,30.29,28.97
197,30.29,28.97
582,30.29,28.97
467,30.29,28.97
581,30.29,28.97
710,30.29,28.97
482,30.29,28.97
773,30.29,28.99
440,30.29,28.99
756,30.29,28.99
443,30.29,28.99
777,30.29,28.99
628,30.29,28.99
751,30.29,28.99
335,30.29,28.99
514,30.29,28.99
877,30.29,28.99
354,30.29,28.99
614,30.29,28.99
362,30.29,28.99
558,30.29,28.99
370,30.29,28.99
473,30.29,28.99
659,30.29,28.99
715,30.29,28.99
244,30.29,28.99
879,30.29,28.99
596,30.29,28.99
674,30.29,28.99
765,30.29,28.99
677,30.29,28.99
438,30.29,28.99
335,30.29,28.99
664,30.29,28.99
203,30.29,28.99
688,30.29,28.99
204,30.29,28.99
671,30.29,28.99
431,30.29,28.99
588,30.29,28.99
527,30.29,28.99
607,30.29,28.99
570,30.29,28.99
286,30.27,28.99
693,30.27,28.99
496,30.27,28.99
239,30.27,28.99
669,30.27,28.99
703,30.27,28.99
309,30.27,28.99
748,30.27,28.99
376,30.27,28.99
868,30.27,28.99
671,30.27,28.99
152,30.27,28.99
371,30.27,28.99
270,30.27,28.99
844,30.27,28.99
220,30.27,28.99
882,30.27,28.99
206,30.27,28.99
873,30.27,28.99
269,30.27,28.99
452,30.27,28.99
585,30.27,28.99
441,30.27,28.99
133,30.27,28.99
252,30.27,28.99
139,30.27,28.99
508,30.27,28.99
400,30.27,28.99
672,30.27,28.99
694,30.27,28.99
119,30.27,28.99
766,30.27,28.99
120,30.27,28.99
881,30.27,28.99
130,30.27,28.99
881,30.27,28.99
442,30.27,28.99
431,30.27,28.99
689,30.27,28.99
144,30.27,28.99
661,30.27,28.99
116,30.27,28.99
479,30.27,28.99
474,30.27,28.99
514,30.27,28.99
442,30.27,28.99
828,30.27,28.99
169,30.27,28.99
783,30.27,28.99
317,30.27,28.99
834,30.27,28.99
388,30.27,28.99
702,30.27,28.99
617,30.27,28.99
467,30.27,28.99
598,30.27,28.99
317,30.27,28.99
875,30.27,28.99
180,30.27,28.99
864,30.27,28.99
217,30.27,28.99
602,30.27,28.99
309,30.27,28.99
768,30.27,28.99
614,30.27,28.99
687,30.27,28.99
538,30.27,28.99
861,30.27,28.99
457,30.27,28.99
703,30.27,28.99
882,30.27,28.99
177,30.27,28.99
749,30.27,28.99
302,30.27,28.99
883,30.27,28.99
130,30.27,28.99
732,30.27,28.99
479,30.27,28.99
741,30.27,28.99
244,30.27,28.99
749,30.27,28.99
121,30.27,28.99
616,30.27,28.99
830,30.27,28.83
366,30.27,28.83
860,30.27,28.83
203,30.27,28.83
557,30.27,28.83
715,30.27,28.83
503,30.27,28.83
125,30.27,28.83
882,30.27,28.83
122,30.27,28.83
543,30.27,28.83
513,30.27,28.83
510,30.27,28.83
473,30.27,28.83
453,30.27,28.83
498,30.27,28.83
246,30.27,28.83
749,30.27,28.83
144,30.27,28.83
884,30.27,28.83
458,30.27,28.83
297,30.27,28.83
713,30.27,28.83
654,30.27,28.83
188,30.27,28.83
291,30.27,28.83
541,30.27,28.83
510,30.27,28.83
310,30.27,28.83
424,30.27,28.83
452,30.27,28.83
188,30.27,28.83
790,30.27,28.83
401,30.27,28.83
715,30.27,28.83
298,30.27,28.83
618,30.27,28.83
681,30.27,28.83
121,30.27,28.83
487,30.27,28.83
560,30.27,28.83
384,30.27,28.83
263,30.27,28.83
654,30.27,28.83
329,30.27,28.83
329,30.27,28.83
560,30.27,28.83
568,30.27,28.83
508,30.27,28.83
420,30.27,28.83
679,30.27,28.83
774,30.27,28.83
312,30.27,28.83
653,30.27,28.83
553,30.27,28.83
429,30.27,28.83
739,30.27,28.83
123,30.27,28.83
883,30.27,28.83
265,30.27,28.85
760,30.27,28.85
377,30.27,28.85
501,30.27,28.85
636,30.27,28.85
495,30.27,28.85
721,30.27,28.85
396,30.27,28.85
438,30.27,28.85
522,30.27,28.85
608,30.27,28.85
635,30.27,28.85
631,30.27,28.85
583,30.27,28.85
558,30.27,28.85
537,30.27,28.85
819,30.27,28.85
217,30.27,28.85
630,30.27,28.85
664,30.27,28.85
423,30.27,28.85
710,30.27,28.85
446,30.27,28.85
674,30.27,28.85
427,30.27,28.85
683,30.27,28.85
182,30.27,28.85
544,30.27,28.85
338,30.27,28.85
675,30.27,28.85
784,30.27,28.85
324,30.27,28.85
505,30.27,28.85
748,30.27,28.85
119,30.27,28.85
625,30.27,28.85
369,30.27,28.85
404,30.27,28.85
556,30.27,28.85
374,30.27,28.85
836,30.27,28.85
177,30.27,28.85
596,30.27,28.85
429,30.27,28.85
594,30.27,28.85
435,30.27,28.85
618,30.27,28.85
717,30.27,28.85
127,30.27,28.85
724,30.27,28.85
332,30.27,28.85
471,30.27,28.85
397,30.27,28.85
368,30.27,28.85
304,30.27,28.85
564,30.27,28.85
151,30.27,28.85
795,30.27,28.85
265,30.27,28.85
804,30.27,28.85
493,30.27,28.91
674,30.27,28.91
667,30.27,28.91
120,30.27,28.91
883,30.27,28.91
262,30.27,28.91
671,30.27,28.91
493,30.27,28.91
754,30.27,28.91
204,30.27,28.91
394,30.27,28.91
654,30.27,28.91
824,30.27,28.91
343,30.27,28.91
490,30.27,28.91
446,30.27,28.91
767,30.27,28.91
464,30.27,28.91
611,30.27,28.91
792,30.27,28.91
385,30.27,28.91
789,30.27,28.91
694,30.27,28.91
794,30.27,28.91
533,30.27,28.91
617,30.27,28.91
255,30.27,28.91
