376,29.09,27.87
470,29.09,27.87
122,29.09,27.87
273,29.09,27.87
540,29.09,27.87
554,29.09,27.87
461,29.09,27.87
618,29.09,27.87
442,29.09,27.87
122,29.09,27.87
846,29.09,27.85
155,29.09,27.85
316,29.09,27.85
328,29.09,27.85
803,29.09,27.85
548,29.09,27.85
446,29.09,27.85
469,29.09,27.85
423,29.09,27.85
472,29.09,27.85
168,29.09,27.85
861,29.09,27.85
130,29.09,27.85
447,29.09,27.85
573,29.09,27.85
579,29.09,27.85
151,29.09,27.85
343,29.09,27.85
746,29.09,27.85
196,29.09,27.85
316,29.09,27.85
436,29.09,27.85
577,29.09,27.85
386,29.09,27.85
388,29.09,27.85
127,29.09,27.85
751,29.09,27.85
179,29.09,27.85
606,29.09,27.85
588,29.09,27.85
122,29.09,27.85
373,29.09,27.85
460,29.09,27.85
729,29.09,27.85
139,29.09,27.85
882,29.09,27.85
449,29.11,27.85
571,29.11,27.85
319,29.11,27.85
360,29.11,27.85
546,29.11,27.85
153,29.11,27.85
627,29.11,27.85
212,29.11,27.85
192,29.11,27.85
666,29.11,27.85
423,29.11,27.85
566,29.11,27.85
667,29.11,27.85
391,29.11,27.85
785,29.11,27.85
158,29.11,27.85
550,29.11,27.85
305,29.11,27.85
546,29.11,27.85
469,29.11,27.85
653,29.11,27.85
653,29.11,27.85
158,29.11,27.85
310,29.11,27.95
247,29.11,27.95
537,29.11,27.95
480,29.11,27.95
419,29.11,27.95
551,29.11,27.95
630,29.11,27.95
461,29.11,27.95
793,29.11,27.95
280,29.11,27.95
605,29.11,27.95
601,29.11,27.95
501,29.11,27.95
788,29.11,27.95
328,29.11,27.95
671,29.11,27.95
374,29.11,27.95
630,29.11,27.95
237,29.11,27.95
773,29.11,27.95
348,29.11,27.95
462,29.11,27.95
715,29.11,27.95
541,29.11,27.95
537,29.11,27.95
740,29.11,27.95
730,29.11,27.95
366,29.11,27.95
734,29.11,27.95
591,29.11,27.95
570,29.11,27.95
210,29.11,27.95
742,29.11,27.95
133,29.11,27.95
783,29.11,27.95
286,29.11,27.95
610,29.11,27.95
529,29.11,27.95
493,29.11,27.95
547,29.11,27.95
265,29.11,27.95
560,29.11,27.95
328,29.11,27.95
882,29.11,27.95
120,29.11,27.95
713,29.11,27.95
574,29.11,27.95
546,29.11,27.95
333,29.11,27.95
703,29.11,27.95
129,29.11,27.95
508,29.11,27.95
289,29.11,27.95
629,29.11,27.95
374,29.11,27.95
128,29.11,27.95
785,29.11,27.95
120,29.11,27.95
474,29.11,27.95
120,29.11,27.95
882,29.11,27.85
122,29.11,27.85
649,29.11,27.85
300,29.11,27.85
646,29.11,27.85
411,29.11,27.85
544,29.11,27.85
579,29.11,27.85
414,29.11,27.85
139,29.11,27.85
426,29.11,27.85
400,29.11,27.85
553,29.11,27.85
738,29.11,27.85
467,29.11,27.85
882,29.11,27.85
119,29.11,27.85
839,29.11,27.85
809,29.11,27.85
557,29.11,27.85
493,29.11,27.85
636,29.11,27.85
751,29.11,27.85
126,29.11,27.85
835,29.11,27.85
456,29.11,27.85
791,29.11,27.85
326,29.11,27.85
711,29.11,27.85
431,29.11,27.85
559,29.11,27.85
436,29.11,27.85
745,29.11,27.85
273,29.11,27.85
748,29.11,27.85
451,29.11,27.85
574,29.11,27.85
577,29.11,27.85
282,29.11,27.85
882,29.11,27.85
267,29.11,27.85
742,29.11,27.85
778,29.11,27.85
564,29.11,27.85
555,29.11,27.85
700,29.11,27.85
392,29.11,27.85
359,29.11,27.85
651,29.11,27.85
480,29.11,27.85
504,29.11,27.85
429,29.11,27.85
643,29.11,27.85
761,29.11,27.85
650,29.11,27.85
528,29.11,27.85
635,29.11,27.85
388,29.11,27.85
628,29.11,27.85
296,29.11,27.95
794,29.11,27.95
528,29.11,27.95
147,29.11,27.95
715,29.11,27.95
121,29.11,27.95
551,29.11,27.95
528,29.11,27.95
583,29.11,27.95
134,29.11,27.95
741,29.11,27.95
407,29.11,27.95
443,29.11,27.95
560,29.11,27.95
525,29.11,27.95
326,29.11,27.95
343,29.11,27.95
277,29.11,27.95
543,29.11,27.95
352,29.11,27.95
248,29.11,27.95
558,29.11,27.95
217,29.11,27.95
576,29.11,27.95
207,29.11,27.95
831,29.11,27.95
367,29.11,27.95
387,29.11,27.95
685,29.11,27.95
220,29.11,27.95
641,29.11,27.95
120,29.11,27.95
692,29.11,27.95
237,29.11,27.95
421,29.11,27.95
195,29.11,27.95
431,29.11,27.95
304,29.11,27.95
685,29.11,27.95
421,29.11,27.95
401,29.11,27.95
240,29.11,27.95
863,29.11,27.95
454,29.11,27.95
302,29.11,27.95
611,29.11,27.95
125,29.11,27.95
880,29.11,27.95
119,29.11,27.95
675,29.11,27.95
484,29.11,27.95
509,29.11,27.95
586,29.11,27.95
414,29.11,27.95
436,29.11,27.95
460,29.11,27.95
744,29.11,27.95
392,29.11,27.95
374,29.11,27.95
510,29.11,27.95
764,29.11,27.73
376,29.11,27.73
576,29.11,27.73
372,29.11,27.73
783,29.11,27.73
120,29.11,27.73
624,29.11,27.73
446,29.11,27.73
516,29.11,27.73
482,29.11,27.73
513,29.11,27.73
883,29.11,27.73
365,29.11,27.73
748,29.11,27.73
589,29.11,27.73
881,29.11,27.73
227,29.11,27.73
771,29.11,27.73
581,29.11,27.73
420,29.11,27.73
650,29.11,27.73
716,29.11,27.73
471,29.11,27.73
689,29.11,27.73
419,29.11,27.73
479,29.11,27.73
386,29.11,27.73
120,29.11,27.73
810,29.11,27.73
175,29.11,27.73
706,29.11,27.73
349,29.11,27.73
525,29.11,27.73
335,29.11,27.73
455,29.11,27.73
647,29.11,27.73
149,29.11,27.73
621,29.11,27.73
122,29.11,27.73
633,29.11,27.73
303,29.11,27.73
511,29.11,27.73
144,29.11,27.73
701,29.11,27.73
194,29.11,27.73
491,29.11,27.73
119,29.11,27.73
668,29.11,27.73
267,29.11,27.73
612,29.11,27.73
381,29.11,27.73
451,29.11,27.73
882,29.11,27.73
121,29.11,27.73
638,29.11,27.73
133,29.11,27.73
479,29.11,27.73
137,29.11,27.73
524,29.11,27.73
499,29.11,27.73
342,29.11,27.85
284,29.11,27.85
624,29.11,27.85
695,29.11,27.85
589,29.11,27.85
561,29.11,27.85
734,29.11,27.85
499,29.11,27.85
215,29.11,27.85
718,29.11,27.85
255,29.11,27.85
882,29.11,27.85
194,29.11,27.85
882,29.11,27.85
540,29.11,27.85
236,29.11,27.85
772,29.11,27.85
370,29.11,27.85
559,29.11,27.85
561,29.11,27.85
499,29.11,27.85
707,29.11,27.85
742,29.11,27.85
379,29.11,27.85
634,29.11,27.85
495,29.11,27.85
277,29.11,27.85
638,29.11,27.85
483,29.11,27.85
119,29.11,27.85
730,29.11,27.85
441,29.11,27.85
589,29.11,27.85
533,29.11,27.85
280,29.11,27.85
794,29.11,27.85
143,29.15,27.85
875,29.15,27.85
484,29.15,27.85
556,29.15,27.85
481,29.15,27.85
731,29.15,27.85
709,29.15,27.85
449,29.15,27.85
618,29.15,27.85
598,29.15,27.85
582,29.15,27.85
217,29.15,27.85
688,29.15,27.85
565,29.15,27.85
564,29.15,27.85
301,29.15,27.85
859,29.15,27.85
120,29.15,27.85
728,29.15,27.85
380,29.15,27.85
585,29.15,27.85
285,29.15,27.85
552,29.15,27.85
830,29.15,27.95
128,29.15,27.95
883,29.15,27.95
253,29.15,27.95
823,29.15,27.95
273,29.15,27.95
677,29.15,27.95
507,29.15,27.95
423,29.15,27.95
360,29.15,27.95
552,29.15,27.95
242,29.15,27.95
466,29.15,27.95
591,29.15,27.95
471,29.15,27.95
307,29.15,27.95
591,29.15,27.95
882,29.15,27.95
119,29.15,27.95
881,29.15,27.95
122,29.15,27.95
565,29.15,27.95
119,29.15,27.95
417,29.15,27.95
386,29.15,27.95
276,29.15,27.95
534,29.15,27.95
551,29.15,27.95
378,29.15,27.95
429,29.15,27.95
515,29.15,27.95
528,29.15,27.95
548,29.15,27.95
212,29.15,27.95
719,29.15,27.95
520,29.15,27.95
572,29.15,27.95
364,29.15,27.95
752,29.15,27.95
247,29.15,27.95
474,29.15,27.95
838,29.15,27.95
267,29.15,27.95
704,29.15,27.95
264,29.15,27.95
671,29.15,27.95
421,29.15,27.95
378,29.15,27.95
636,29.15,27.95
660,29.15,27.95
131,29.15,27.95
