122,27.43,26.93
719,27.43,26.93
123,27.43,26.93
538,27.43,26.93
684,27.43,26.93
767,27.43,26.93
610,27.43,26.93
130,27.43,26.93
848,27.43,26.93
584,27.43,26.93
777,27.43,26.93
473,27.43,26.93
472,27.43,26.93
828,27.43,26.93
574,27.43,26.93
310,27.43,26.93
879,27.43,26.93
415,27.43,26.93
469,27.43,26.93
303,27.43,26.93
624,27.43,26.93
339,27.43,26.93
294,27.43,26.93
843,27.43,26.93
246,27.43,26.93
701,27.43,26.93
234,27.43,26.93
774,27.43,26.93
124,27.43,26.93
336,27.43,26.93
632,27.43,26.93
557,27.43,26.93
309,27.43,26.93
341,27.43,26.93
416,27.43,26.93
126,27.43,26.93
512,27.43,26.93
411,27.43,26.93
596,27.43,26.93
333,27.43,26.93
647,27.43,26.93
139,27.43,26.93
818,27.43,26.93
247,27.43,26.93
569,27.43,26.93
500,27.43,26.93
127,27.43,26.93
574,27.43,26.93
221,27.43,26.93
459,27.43,26.93
438,27.43,26.93
544,27.43,26.93
244,27.43,26.93
557,27.43,26.93
323,27.43,26.93
615,27.43,26.93
777,27.43,26.93
359,27.43,26.93
381,27.43,26.93
718,27.43,26.93
482,27.43,26.93
645,27.43,26.93
481,27.43,26.93
125,27.43,26.93
383,27.43,26.93
306,27.43,26.93
867,27.43,26.93
128,27.43,26.93
466,27.43,26.93
462,27.43,26.93
723,27.45,26.93
356,27.45,26.93
810,27.45,26.93
734,27.45,26.93
345,27.45,26.93
645,27.45,26.93
493,27.45,26.93
390,27.45,26.93
367,27.45,26.93
511,27.45,26.93
803,27.45,26.93
429,27.45,26.93
334,27.45,26.93
880,27.45,26.93
358,27.45,26.93
722,27.45,26.93
648,27.45,26.93
620,27.45,26.93
436,27.45,26.93
337,27.45,26.93
881,27.45,26.93
335,27.45,26.93
527,27.45,26.93
250,27.45,26.93
732,27.45,26.91
409,27.45,26.91
651,27.45,26.91
620,27.45,26.91
581,27.45,26.91
431,27.45,26.91
325,27.45,26.91
539,27.45,26.91
553,27.45,26.91
334,27.45,26.91
777,27.45,26.91
760,27.45,26.91
204,27.45,26.91
881,27.45,26.91
126,27.45,26.91
730,27.45,26.91
357,27.45,26.91
350,27.45,26.91
578,27.45,26.91
277,27.45,26.91
710,27.45,26.91
381,27.45,26.91
347,27.45,26.91
371,27.45,26.91
792,27.45,26.91
373,27.45,26.91
534,27.45,26.91
521,27.45,26.91
879,27.45,26.91
417,27.45,26.91
359,27.45,26.91
497,27.45,26.91
668,27.45,26.91
143,27.45,26.91
413,27.45,26.91
303,27.45,26.91
169,27.47,26.91
730,27.47,26.91
121,27.47,26.91
881,27.47,26.91
155,27.47,26.91
388,27.47,26.91
469,27.47,26.91
469,27.47,26.91
495,27.47,26.91
547,27.47,26.91
881,27.47,26.91
121,27.47,26.91
879,27.47,26.91
524,27.47,26.91
281,27.47,26.91
543,27.47,26.91
800,27.47,26.91
395,27.47,26.91
365,27.47,26.91
221,27.47,26.91
655,27.47,26.91
257,27.47,26.91
371,27.47,26.91
590,27.47,26.91
292,27.47,26.85
603,27.47,26.85
212,27.47,26.85
716,27.47,26.85
336,27.47,26.85
369,27.47,26.85
721,27.47,26.85
560,27.47,26.85
203,27.47,26.85
227,27.47,26.85
758,27.47,26.85
311,27.47,26.85
643,27.47,26.85
543,27.47,26.85
573,27.47,26.85
405,27.47,26.85
643,27.47,26.85
779,27.47,26.85
471,27.47,26.85
387,27.47,26.85
876,27.47,26.85
449,27.47,26.85
568,27.47,26.85
697,27.47,26.85
344,27.47,26.85
719,27.47,26.85
121,27.47,26.85
749,27.47,26.85
652,27.47,26.85
176,27.47,26.85
304,27.47,26.85
814,27.47,26.85
582,27.47,26.85
420,27.47,26.85
880,27.47,26.85
610,27.47,26.85
688,27.45,26.85
341,27.45,26.85
737,27.45,26.85
580,27.45,26.85
613,27.45,26.85
439,27.45,26.85
773,27.45,26.85
261,27.45,26.85
752,27.45,26.85
388,27.45,26.85
645,27.45,26.85
535,27.45,26.85
355,27.45,26.85
740,27.45,26.85
320,27.45,26.85
831,27.45,26.85
339,27.45,26.85
798,27.45,26.85
164,27.45,26.85
880,27.45,26.85
540,27.45,26.85
520,27.45,26.85
465,27.45,26.85
530,27.45,26.85
814,27.45,26.83
651,27.45,26.83
493,27.45,26.83
744,27.45,26.83
570,27.45,26.83
414,27.45,26.83
696,27.45,26.83
231,27.45,26.83
760,27.45,26.83
298,27.45,26.83
878,27.45,26.83
418,27.45,26.83
487,27.45,26.83
880,27.45,26.83
411,27.45,26.83
719,27.45,26.83
123,27.45,26.83
881,27.45,26.83
122,27.45,26.83
881,27.45,26.83
436,27.45,26.83
581,27.45,26.83
497,27.45,26.83
403,27.45,26.83
681,27.45,26.83
311,27.45,26.83
324,27.45,26.83
634,27.45,26.83
554,27.45,26.83
380,27.45,26.83
474,27.45,26.83
475,27.45,26.83
809,27.45,26.83
285,27.45,26.83
697,27.45,26.83
382,27.45,26.83
815,27.47,26.83
300,27.47,26.83
451,27.47,26.83
610,27.47,26.83
126,27.47,26.83
880,27.47,26.83
121,27.47,26.83
590,27.47,26.83
123,27.47,26.83
793,27.47,26.83
298,27.47,26.83
544,27.47,26.83
693,27.47,26.83
122,27.47,26.83
443,27.47,26.83
429,27.47,26.83
400,27.47,26.83
429,27.47,26.83
595,27.47,26.83
124,27.47,26.83
797,27.47,26.83
203,27.47,26.83
549,27.47,26.83
552,27.47,26.83
504,27.47,27.11
317,27.47,27.11
702,27.47,27.11
756,27.47,27.11
318,27.47,27.11
682,27.47,27.11
288,27.47,27.11
542,27.47,27.11
158,27.47,27.11
590,27.47,27.11
539,27.47,27.11
595,27.47,27.11
577,27.47,27.11
586,27.47,27.11
121,27.47,27.11
837,27.47,27.11
532,27.47,27.11
603,27.47,27.11
881,27.47,27.11
184,27.47,27.11
883,27.47,27.11
208,27.47,27.11
683,27.47,27.11
318,27.47,27.11
880,27.47,27.11
121,27.47,27.11
759,27.47,27.11
586,27.47,27.11
277,27.47,27.11
769,27.47,27.11
449,27.47,27.11
504,27.47,27.11
550,27.47,27.11
616,27.47,27.11
721,27.47,27.11
688,27.47,27.11
370,27.47,27.11
826,27.45,27.11
521,27.45,27.11
880,27.45,27.11
187,27.45,27.11
875,27.45,27.11
645,27.45,27.11
476,27.45,27.11
668,27.45,27.11
320,27.45,27.11
661,27.45,27.11
491,27.45,27.11
881,27.45,27.11
377,27.45,27.11
678,27.45,27.11
603,27.45,27.11
633,27.45,27.11
652,27.45,27.11
378,27.45,27.11
717,27.45,27.11
386,27.45,27.11
509,27.45,27.11
396,27.45,27.11
570,27.45,27.11
765,27.45,26.91
837,27.45,26.91
360,27.45,26.91
880,27.45,26.91
121,27.45,26.91
743,27.45,26.91
629,27.45,26.91
422,27.45,26.91
385,27.45,26.91
543,27.45,26.91
666,27.45,26.91
337,27.45,26.91
493,27.45,26.91
631,27.45,26.91
645,27.45,26.91
374,27.45,26.91
580,27.45,26.91
535,27.45,26.91
447,27.45,26.91
411,27.45,26.91
520,27.45,26.91
236,27.45,26.91
574,27.45,26.91
411,27.45,26.91
419,27.45,26.91
466,27.45,26.91
123,27.45,26.91
881,27.45,26.91
538,27.45,26.91
591,27.45,26.91
120,27.45,26.91
719,27.45,26.91
377,27.45,26.91
159,27.45,26.91
415,27.45,26.91
455,27.45,26.91
670,27.45,26.91
346,27.47,26.91
410,27.47,26.91
488,27.47,26.91
552,27.47,26.91
503,27.47,26.91
729,27.47,26.91
124,27.47,26.91
544,27.47,26.91
517,27.47,26.91
787,27.47,26.91
147,27.47,26.91
413,27.47,26.91
745,27.47,26.91
328,27.47,26.91
675,27.47,26.91
211,27.47,26.91
462,27.47,26.91
198,27.47,26.91
810,27.47,26.91
394,27.47,26.91
613,27.47,26.91
629,27.47,26.91
547,27.47,26.91
720,27.47,27.11
409,27.47,27.11
474,27.47,27.11
302,27.47,27.11
496,27.47,27.11
590,27.47,27.11
586,27.47,27.11
260,27.47,27.11
616,27.47,27.11
121,27.47,27.11
881,27.47,27.11
475,27.47,27.11
419,27.47,27.11
835,27.47,27.11
730,27.47,27.11
595,27.47,27.11
372,27.47,27.11
557,27.47,27.11
233,27.47,27.11
730,27.47,27.11
350,27.47,27.11
701,27.47,27.11
685,27.47,27.11
215,27.47,27.11
