686,30.55,29.19
350,30.55,29.19
381,30.55,29.19
122,30.55,29.19
434,30.55,29.19
882,30.55,29.29
663,30.55,29.29
465,30.55,29.29
627,30.55,29.29
334,30.55,29.29
350,30.55,29.29
627,30.55,29.29
229,30.55,29.29
715,30.55,29.29
221,30.55,29.29
843,30.55,29.29
120,30.55,29.29
668,30.55,29.29
303,30.55,29.29
311,30.55,29.29
251,30.55,29.29
421,30.55,29.29
539,30.55,29.29
181,30.55,29.29
394,30.55,29.29
483,30.55,29.29
136,30.55,29.29
482,30.55,29.29
571,30.55,29.29
209,30.55,29.29
749,30.55,29.29
472,30.55,29.29
710,30.55,29.29
399,30.55,29.29
571,30.55,29.29
505,30.55,29.29
704,30.55,29.29
607,30.55,29.29
217,30.55,29.29
785,30.55,29.29
133,30.55,29.29
665,30.55,29.29
217,30.55,29.29
437,30.55,29.29
485,30.55,29.29
457,30.55,29.29
555,30.55,29.29
168,30.55,29.29
521,30.55,29.29
580,30.55,29.29
563,30.55,29.29
476,30.55,29.29
796,30.55,29.29
488,30.55,29.29
743,30.55,29.29
410,30.55,29.29
699,30.55,29.29
328,30.55,29.29
510,30.55,29.29
616,30.55,29.29
629,30.55,29.29
716,30.55,29.29
395,30.55,29.29
876,30.55,29.29
395,30.55,29.29
883,30.55,29.19
258,30.55,29.19
509,30.55,29.19
576,30.55,29.19
336,30.55,29.19
660,30.55,29.19
522,30.55,29.19
308,30.55,29.19
624,30.55,29.19
563,30.55,29.19
451,30.55,29.19
719,30.55,29.19
121,30.55,29.19
777,30.55,29.19
209,30.55,29.19
767,30.55,29.19
268,30.55,29.19
883,30.55,29.19
262,30.55,29.19
677,30.55,29.19
493,30.55,29.19
118,30.55,29.19
473,30.55,29.19
311,30.55,29.19
565,30.55,29.19
119,30.55,29.19
501,30.55,29.19
313,30.55,29.19
631,30.55,29.19
118,30.55,29.19
536,30.55,29.19
119,30.55,29.19
786,30.55,29.19
225,30.55,29.19
712,30.55,29.19
673,30.55,29.19
618,30.61,29.19
614,30.61,29.19
210,30.61,29.19
838,30.61,29.19
130,30.61,29.19
770,30.61,29.19
259,30.61,29.19
573,30.61,29.19
243,30.61,29.19
580,30.61,29.19
606,30.61,29.19
525,30.61,29.19
277,30.61,29.19
385,30.61,29.19
551,30.61,29.19
722,30.61,29.19
376,30.61,29.19
493,30.61,29.19
762,30.61,29.19
303,30.61,29.19
797,30.61,29.19
476,30.61,29.19
738,30.61,29.19
166,30.61,29.25
626,30.61,29.25
391,30.61,29.25
341,30.61,29.25
461,30.61,29.25
688,30.61,29.25
500,30.61,29.25
342,30.61,29.25
623,30.61,29.25
630,30.61,29.25
375,30.61,29.25
676,30.61,29.25
512,30.61,29.25
174,30.61,29.25
580,30.61,29.25
590,30.61,29.25
883,30.61,29.25
168,30.61,29.25
624,30.61,29.25
575,30.61,29.25
446,30.61,29.25
466,30.61,29.25
386,30.61,29.25
856,30.61,29.25
203,30.61,29.25
756,30.61,29.25
366,30.61,29.25
159,30.61,29.25
703,30.61,29.25
482,30.61,29.25
679,30.61,29.25
231,30.61,29.25
446,30.61,29.25
765,30.61,29.25
346,30.61,29.25
579,30.61,29.25
663,30.57,29.25
271,30.57,29.25
535,30.57,29.25
335,30.57,29.25
668,30.57,29.25
225,30.57,29.25
488,30.57,29.25
642,30.57,29.25
719,30.57,29.25
482,30.57,29.25
227,30.57,29.25
864,30.57,29.25
121,30.57,29.25
575,30.57,29.25
393,30.57,29.25
396,30.57,29.25
252,30.57,29.25
654,30.57,29.25
276,30.57,29.25
570,30.57,29.25
269,30.57,29.25
632,30.57,29.25
601,30.57,29.25
785,30.57,29.25
714,30.57,29.19
358,30.57,29.19
602,30.57,29.19
330,30.57,29.19
737,30.57,29.19
223,30.57,29.19
476,30.57,29.19
440,30.57,29.19
300,30.57,29.19
486,30.57,29.19
337,30.57,29.19
577,30.57,29.19
361,30.57,29.19
743,30.57,29.19
502,30.57,29.19
463,30.57,29.19
539,30.57,29.19
569,30.57,29.19
612,30.57,29.19
615,30.57,29.19
307,30.57,29.19
595,30.57,29.19
340,30.57,29.19
727,30.57,29.19
555,30.57,29.19
416,30.57,29.19
628,30.57,29.19
348,30.57,29.19
774,30.57,29.19
244,30.57,29.19
572,30.57,29.19
394,30.57,29.19
884,30.57,29.19
436,30.57,29.19
434,30.57,29.19
535,30.57,29.19
235,30.61,29.19
767,30.61,29.19
368,30.61,29.19
483,30.61,29.19
782,30.61,29.19
245,30.61,29.19
710,30.61,29.19
784,30.61,29.19
224,30.61,29.19
883,30.61,29.19
224,30.61,29.19
543,30.61,29.19
461,30.61,29.19
561,30.61,29.19
297,30.61,29.19
578,30.61,29.19
633,30.61,29.19
416,30.61,29.19
662,30.61,29.19
190,30.61,29.19
642,30.61,29.19
487,30.61,29.19
353,30.61,29.19
563,30.61,29.31
589,30.61,29.31
152,30.61,29.31
781,30.61,29.31
119,30.61,29.31
868,30.61,29.31
231,30.61,29.31
807,30.61,29.31
336,30.61,29.31
359,30.61,29.31
746,30.61,29.31
437,30.61,29.31
738,30.61,29.31
350,30.61,29.31
801,30.61,29.31
177,30.61,29.31
419,30.61,29.31
350,30.61,29.31
636,30.61,29.31
132,30.61,29.31
620,30.61,29.31
362,30.61,29.31
854,30.61,29.31
252,30.61,29.31
775,30.61,29.31
576,30.61,29.31
344,30.61,29.31
474,30.61,29.31
423,30.61,29.31
603,30.61,29.31
240,30.61,29.31
787,30.61,29.31
294,30.61,29.31
230,30.61,29.31
400,30.61,29.31
537,30.61,29.31
342,30.55,29.31
596,30.55,29.31
538,30.55,29.31
423,30.55,29.31
475,30.55,29.31
528,30.55,29.31
763,30.55,29.31
507,30.55,29.31
515,30.55,29.31
364,30.55,29.31
880,30.55,29.31
122,30.55,29.31
812,30.55,29.31
505,30.55,29.31
591,30.55,29.31
437,30.55,29.31
523,30.55,29.31
690,30.55,29.31
276,30.55,29.31
505,30.55,29.31
586,30.55,29.31
572,30.55,29.31
372,30.55,29.31
597,30.55,29.31
654,30.55,29.11
472,30.55,29.11
474,30.55,29.11
552,30.55,29.11
374,30.55,29.11
358,30.55,29.11
440,30.55,29.11
470,30.55,29.11
342,30.55,29.11
306,30.55,29.11
804,30.55,29.11
211,30.55,29.11
597,30.55,29.11
470,30.55,29.11
603,30.55,29.11
373,30.55,29.11
430,30.55,29.11
544,30.55,29.11
420,30.55,29.11
123,30.55,29.11
322,30.55,29.11
267,30.55,29.11
422,30.55,29.11
185,30.55,29.11
347,30.55,29.11
176,30.55,29.11
278,30.55,29.11
794,30.55,29.11
275,30.55,29.11
608,30.55,29.11
503,30.55,29.11
698,30.55,29.11
297,30.55,29.11
421,30.55,29.11
884,30.55,29.11
526,30.55,29.11
743,30.61,29.11
403,30.61,29.11
695,30.61,29.11
316,30.61,29.11
123,30.61,29.11
302,30.61,29.11
880,30.61,29.11
276,30.61,29.11
883,30.61,29.11
471,30.61,29.11
855,30.61,29.11
395,30.61,29.11
833,30.61,29.11
372,30.61,29.11
452,30.61,29.11
761,30.61,29.11
369,30.61,29.11
807,30.61,29.11
121,30.61,29.11
884,30.61,29.11
319,30.61,29.11
587,30.61,29.11
575,30.61,29.11
616,30.61,29.15
538,30.61,29.15
615,30.61,29.15
524,30.61,29.15
870,30.61,29.15
465,30.61,29.15
684,30.61,29.15
491,30.61,29.15
523,30.61,29.15
621,30.61,29.15
423,30.61,29.15
874,30.61,29.15
270,30.61,29.15
740,30.61,29.15
310,30.61,29.15
624,30.61,29.15
539,30.61,29.15
413,30.61,29.15
702,30.61,29.15
455,30.61,29.15
853,30.61,29.15
295,30.61,29.15
553,30.61,29.15
447,30.61,29.15
449,30.61,29.15
598,30.61,29.15
493,30.61,29.15
613,30.61,29.15
778,30.61,29.15
315,30.61,29.15
661,30.61,29.15
266,30.61,29.15
484,30.61,29.15
384,30.61,29.15
396,30.61,29.15
696,30.61,29.15
148,30.57,29.15
708,30.57,29.15
136,30.57,29.15
745,30.57,29.15
179,30.57,29.15
452,30.57,29.15
527,30.57,29.15
163,30.57,29.15
277,30.57,29.15
635,30.57,29.15
189,30.57,29.15
557,30.57,29.15
426,30.57,29.15
424,30.57,29.15
598,30.57,29.15
477,30.57,29.15
311,30.57,29.15
310,30.57,29.15
619,30.57,29.15
435,30.57,29.15
