581,28.69,27.43
441,28.69,27.43
266,28.69,27.43
432,28.69,27.43
234,28.69,27.43
617,28.69,27.43
576,28.69,27.43
807,28.69,27.43
267,28.69,27.43
652,28.69,27.43
123,28.69,27.43
329,28.69,27.43
438,28.69,27.43
556,28.69,27.43
524,28.69,27.43
314,28.69,27.43
533,28.69,27.43
386,28.69,27.43
629,28.69,27.43
128,28.69,27.43
816,28.69,27.43
445,28.69,27.43
552,28.69,27.43
272,28.69,27.43
830,28.69,27.43
541,28.69,27.43
619,28.69,27.43
478,28.69,27.43
880,28.69,27.43
434,28.69,27.43
599,28.69,27.43
620,28.69,27.43
289,28.69,27.43
698,28.69,27.43
330,28.69,27.43
882,28.69,27.43
120,28.69,27.43
360,28.69,27.43
761,28.69,27.43
806,28.69,27.43
269,28.69,27.43
565,28.69,27.43
776,28.69,27.43
261,28.69,27.43
595,28.69,27.43
387,28.69,27.43
515,28.69,27.43
384,28.69,27.43
603,28.69,27.43
526,28.69,27.43
489,28.69,27.43
230,28.69,27.43
770,28.69,27.43
235,28.69,27.43
777,28.69,27.43
737,28.69,27.59
669,28.69,27.59
547,28.69,27.59
221,28.69,27.59
882,28.69,27.59
421,28.69,27.59
325,28.69,27.59
389,28.69,27.59
883,28.69,27.59
145,28.69,27.59
322,28.69,27.59
743,28.69,27.59
611,28.69,27.59
509,28.69,27.59
683,28.69,27.59
533,28.69,27.59
500,28.69,27.59
457,28.69,27.59
775,28.69,27.59
613,28.69,27.59
370,28.69,27.59
857,28.69,27.59
416,28.69,27.59
729,28.69,27.59
408,28.69,27.59
473,28.69,27.59
505,28.69,27.59
128,28.69,27.59
363,28.69,27.59
444,28.69,27.59
558,28.69,27.59
156,28.69,27.59
676,28.69,27.59
284,28.69,27.59
285,28.69,27.59
744,28.69,27.59
626,28.69,27.59
417,28.69,27.59
362,28.69,27.59
421,28.69,27.59
537,28.69,27.59
386,28.69,27.59
594,28.69,27.59
812,28.69,27.59
168,28.69,27.59
648,28.69,27.59
384,28.69,27.59
815,28.69,27.59
316,28.69,27.59
207,28.69,27.59
880,28.69,27.59
365,28.69,27.59
358,28.69,27.59
431,28.69,27.59
787,28.69,27.59
226,28.69,27.59
705,28.69,27.59
458,28.69,27.59
587,28.69,27.59
459,28.69,27.59
480,28.69,27.59
416,28.69,27.59
273,28.69,27.59
236,28.69,27.59
782,28.69,27.59
571,28.69,27.59
119,28.69,27.59
569,28.69,27.59
120,28.69,27.59
413,28.69,27.59
120,28.69,27.59
733,28.69,27.59
540,28.69,27.59
429,28.69,27.59
459,28.69,27.59
685,28.69,27.59
512,28.69,27.59
120,28.69,27.59
620,28.69,27.59
178,28.69,27.59
464,28.69,27.59
190,28.69,27.59
570,28.69,27.59
338,28.69,27.59
505,28.69,27.59
302,28.69,27.59
610,28.69,27.59
195,28.69,27.59
760,28.69,27.59
493,28.69,27.59
330,28.69,27.59
526,28.69,27.59
401,28.69,27.59
700,28.69,27.59
368,28.69,27.59
848,28.69,27.59
221,28.69,27.59
649,28.71,27.59
293,28.71,27.59
713,28.71,27.59
405,28.71,27.59
498,28.71,27.59
496,28.71,27.59
557,28.71,27.59
719,28.71,27.59
452,28.71,27.59
667,28.71,27.59
567,28.71,27.59
467,28.71,27.59
471,28.71,27.59
730,28.71,27.59
334,28.71,27.59
634,28.71,27.59
298,28.71,27.59
633,28.71,27.59
484,28.71,27.59
370,28.71,27.59
671,28.71,27.59
584,28.71,27.59
535,28.71,27.59
191,28.71,27.59
753,28.71,27.59
255,28.71,27.59
604,28.71,27.59
488,28.71,27.59
329,28.71,27.59
681,28.71,27.59
354,28.71,27.59
564,28.71,27.59
433,28.71,27.59
558,28.71,27.59
620,28.71,27.59
444,28.71,27.59
764,28.71,27.59
642,28.71,27.59
121,28.71,27.59
800,28.71,27.59
122,28.71,27.59
882,28.71,27.59
663,28.71,27.59
482,28.71,27.59
636,28.71,27.59
439,28.71,27.59
664,28.71,27.59
405,28.71,27.59
577,28.71,27.59
302,28.71,27.59
602,28.71,27.59
474,28.71,27.59
181,28.71,27.59
613,28.71,27.59
560,28.71,27.59
163,28.71,27.59
627,28.71,27.59
119,28.71,27.59
569,28.71,27.59
512,28.71,27.59
341,28.69,27.59
846,28.69,27.59
419,28.69,27.59
617,28.69,27.59
328,28.69,27.59
752,28.69,27.59
300,28.69,27.59
650,28.69,27.59
272,28.69,27.59
618,28.69,27.59
451,28.69,27.59
123,28.69,27.59
820,28.69,27.59
439,28.69,27.59
542,28.69,27.59
504,28.69,27.59
816,28.69,27.59
184,28.69,27.59
552,28.69,27.59
382,28.69,27.59
579,28.69,27.59
120,28.69,27.59
858,28.69,27.59
462,28.69,27.59
546,28.69,27.59
874,28.69,27.59
123,28.69,27.59
760,28.69,27.59
345,28.69,27.59
788,28.69,27.59
363,28.69,27.59
847,28.69,27.59
214,28.69,27.59
749,28.69,27.59
580,28.69,27.59
634,28.69,27.59
770,28.69,27.59
481,28.69,27.59
564,28.69,27.59
578,28.69,27.59
521,28.69,27.59
417,28.69,27.59
527,28.69,27.59
534,28.69,27.59
624,28.69,27.59
202,28.69,27.59
750,28.69,27.59
490,28.69,27.59
857,28.69,27.59
441,28.69,27.59
541,28.69,27.59
810,28.69,27.59
282,28.69,27.59
862,28.69,27.59
509,28.69,27.59
882,28.69,27.59
176,28.69,27.59
407,28.69,27.59
596,28.69,27.59
604,28.69,27.59
326,28.69,27.59
860,28.69,27.59
259,28.69,27.59
655,28.69,27.59
493,28.69,27.59
852,28.69,27.59
449,28.69,27.59
386,28.69,27.59
696,28.69,27.59
156,28.69,27.59
881,28.69,27.59
120,28.69,27.59
842,28.69,27.59
410,28.69,27.59
737,28.69,27.59
125,28.69,27.59
456,28.69,27.59
433,28.69,27.59
466,28.69,27.59
659,28.69,27.59
442,28.69,27.59
302,28.69,27.59
402,28.69,27.59
626,28.69,27.53
293,28.69,27.53
771,28.69,27.53
251,28.69,27.53
726,28.69,27.53
190,28.69,27.53
730,28.69,27.53
120,28.69,27.53
545,28.69,27.53
244,28.69,27.53
319,28.69,27.53
826,28.69,27.53
227,28.69,27.53
881,28.69,27.53
119,28.69,27.53
657,28.69,27.53
121,28.69,27.53
673,28.69,27.53
368,28.69,27.53
513,28.69,27.53
634,28.69,27.53
472,28.69,27.53
719,28.69,27.53
291,28.69,27.53
630,28.69,27.53
675,28.69,27.53
677,28.69,27.53
131,28.69,27.53
749,28.69,27.53
122,28.69,27.53
737,28.69,27.53
446,28.69,27.53
522,28.69,27.53
308,28.69,27.53
438,28.69,27.53
769,28.69,27.53
223,28.69,27.53
576,28.69,27.53
141,28.69,27.53
859,28.69,27.53
678,28.69,27.53
541,28.69,27.53
480,28.69,27.53
455,28.69,27.53
519,28.69,27.53
377,28.69,27.53
453,28.69,27.53
518,28.69,27.53
533,28.69,27.53
706,28.69,27.53
631,28.69,27.53
506,28.69,27.53
533,28.69,27.53
387,28.69,27.53
696,28.69,27.53
463,28.69,27.53
592,28.69,27.53
534,28.69,27.53
754,28.69,27.53
462,28.69,27.53
588,28.69,27.49
851,28.69,27.49
326,28.69,27.49
672,28.69,27.49
176,28.69,27.49
559,28.69,27.49
722,28.69,27.49
745,28.69,27.49
566,28.69,27.49
552,28.69,27.49
364,28.69,27.49
565,28.69,27.49
318,28.69,27.49
689,28.69,27.49
512,28.69,27.49
274,28.69,27.49
684,28.69,27.49
283,28.69,27.49
549,28.69,27.49
323,28.69,27.49
866,28.69,27.49
332,28.69,27.49
695,28.69,27.49
393,28.69,27.49
539,28.69,27.49
830,28.69,27.49
326,28.69,27.49
583,28.69,27.49
357,28.69,27.49
480,28.69,27.49
429,28.69,27.49
482,28.69,27.49
121,28.69,27.49
383,28.69,27.49
121,28.69,27.49
690,28.69,27.49
119,28.69,27.49
634,28.67,27.49
455,28.67,27.49
280,28.67,27.49
770,28.67,27.49
201,28.67,27.49
882,28.67,27.49
181,28.67,27.49
723,28.67,27.49
373,28.67,27.49
348,28.67,27.49
327,28.67,27.49
640,28.67,27.49
688,28.67,27.49
436,28.67,27.49
502,28.67,27.49
428,28.67,27.49
529,28.67,27.49
382,28.67,27.49
694,28.67,27.49
366,28.67,27.49
811,28.67,27.49
120,28.67,27.49
752,28.67,27.49
121,28.67,27.73
584,28.67,27.73
389,28.67,27.73
