117,31.27,29.91
721,31.27,29.91
118,31.27,29.91
243,31.27,29.91
464,31.27,29.91
533,31.27,29.91
605,31.27,29.91
688,31.27,29.91
536,31.27,29.91
394,31.27,29.91
537,31.27,29.91
340,31.27,29.91
694,31.27,29.91
267,31.27,29.91
121,31.27,29.91
364,31.27,29.91
433,31.27,29.91
808,31.27,29.91
515,31.27,29.91
457,31.27,29.91
525,31.27,29.91
398,31.27,29.91
454,31.27,29.91
569,31.27,29.91
237,31.27,29.91
678,31.27,29.91
500,31.27,29.91
883,31.27,29.91
263,31.27,29.91
423,31.27,29.91
690,31.27,29.91
871,31.27,29.91
319,31.27,29.91
297,31.27,29.91
473,31.27,29.91
308,31.27,29.91
703,31.27,29.91
228,31.27,29.91
565,31.27,29.91
373,31.27,29.91
724,31.27,29.91
641,31.27,29.91
535,31.27,29.91
522,31.27,29.91
668,31.27,29.91
511,31.27,29.91
698,31.27,29.91
561,31.27,29.91
460,31.27,29.91
328,31.27,29.91
571,31.29,29.91
704,31.29,29.91
119,31.29,29.91
772,31.29,29.91
289,31.29,29.91
755,31.29,29.91
480,31.29,29.91
561,31.29,29.91
695,31.29,29.91
655,31.29,29.91
690,31.29,29.91
586,31.29,29.91
658,31.29,29.91
389,31.29,29.91
591,31.29,29.91
658,31.29,29.91
398,31.29,29.91
591,31.29,29.91
577,31.29,29.91
266,31.29,29.91
226,31.29,29.91
389,31.29,29.91
453,31.29,29.91
678,31.29,29.91
382,31.29,29.79
845,31.29,29.79
407,31.29,29.79
863,31.29,29.79
122,31.29,29.79
803,31.29,29.79
441,31.29,29.79
630,31.29,29.79
536,31.29,29.79
341,31.29,29.79
416,31.29,29.79
262,31.29,29.79
846,31.29,29.79
533,31.29,29.79
204,31.29,29.79
310,31.29,29.79
348,31.29,29.79
301,31.29,29.79
470,31.29,29.79
445,31.29,29.79
706,31.29,29.79
316,31.29,29.79
578,31.29,29.79
138,31.29,29.79
120,31.29,29.79
432,31.29,29.79
589,31.29,29.79
323,31.29,29.79
689,31.29,29.79
884,31.29,29.79
336,31.29,29.79
567,31.29,29.79
483,31.29,29.79
736,31.29,29.79
484,31.29,29.79
810,31.29,29.79
398,31.31,29.79
737,31.31,29.79
401,31.31,29.79
338,31.31,29.79
590,31.31,29.79
487,31.31,29.79
707,31.31,29.79
544,31.31,29.79
882,31.31,29.79
216,31.31,29.79
548,31.31,29.79
334,31.31,29.79
740,31.31,29.79
575,31.31,29.79
615,31.31,29.79
530,31.31,29.79
438,31.31,29.79
631,31.31,29.79
659,31.31,29.79
685,31.31,29.79
715,31.31,29.79
518,31.31,29.79
621,31.31,29.79
630,31.31,30.05
242,31.31,30.05
798,31.31,30.05
378,31.31,30.05
752,31.31,30.05
379,31.31,30.05
526,31.31,30.05
382,31.31,30.05
426,31.31,30.05
330,31.31,30.05
225,31.31,30.05
489,31.31,30.05
511,31.31,30.05
681,31.31,30.05
219,31.31,30.05
501,31.31,30.05
530,31.31,30.05
499,31.31,30.05
526,31.31,30.05
563,31.31,30.05
197,31.31,30.05
751,31.31,30.05
589,31.31,30.05
786,31.31,30.05
438,31.31,30.05
258,31.31,30.05
660,31.31,30.05
244,31.31,30.05
836,31.31,30.05
301,31.31,30.05
739,31.31,30.05
268,31.31,30.05
566,31.31,30.05
462,31.31,30.05
289,31.31,30.05
583,31.31,30.05
234,31.29,30.05
446,31.29,30.05
450,31.29,30.05
329,31.29,30.05
506,31.29,30.05
453,31.29,30.05
630,31.29,30.05
508,31.29,30.05
228,31.29,30.05
774,31.29,30.05
495,31.29,30.05
799,31.29,30.05
209,31.29,30.05
407,31.29,30.05
750,31.29,30.05
295,31.29,30.05
542,31.29,30.05
609,31.29,30.05
411,31.29,30.05
209,31.29,30.05
532,31.29,30.05
545,31.29,30.05
456,31.29,30.05
737,31.29,30.05
729,31.29,29.79
551,31.29,29.79
682,31.29,29.79
467,31.29,29.79
774,31.29,29.79
432,31.29,29.79
439,31.29,29.79
605,31.29,29.79
370,31.29,29.79
633,31.29,29.79
293,31.29,29.79
695,31.29,29.79
119,31.29,29.79
577,31.29,29.79
413,31.29,29.79
709,31.29,29.79
467,31.29,29.79
834,31.29,29.79
314,31.29,29.79
508,31.29,29.79
574,31.29,29.79
640,31.29,29.79
555,31.29,29.79
342,31.29,29.79
636,31.29,29.79
132,31.29,29.79
657,31.29,29.79
131,31.29,29.79
884,31.29,29.79
255,31.29,29.79
433,31.29,29.79
540,31.29,29.79
136,31.29,29.79
628,31.29,29.79
490,31.29,29.79
720,31.29,29.79
487,31.33,29.79
403,31.33,29.79
580,31.33,29.79
531,31.33,29.79
356,31.33,29.79
536,31.33,29.79
327,31.33,29.79
475,31.33,29.79
117,31.33,29.79
822,31.33,29.79
351,31.33,29.79
466,31.33,29.79
531,31.33,29.79
369,31.33,29.79
492,31.33,29.79
216,31.33,29.79
884,31.33,29.79
369,31.33,29.79
345,31.33,29.79
285,31.33,29.79
484,31.33,29.79
755,31.33,29.79
441,31.33,29.79
571,31.33,30.03
638,31.33,30.03
227,31.33,30.03
488,31.33,30.03
379,31.33,30.03
260,31.33,30.03
762,31.33,30.03
566,31.33,30.03
373,31.33,30.03
225,31.33,30.03
883,31.33,30.03
415,31.33,30.03
733,31.33,30.03
390,31.33,30.03
474,31.33,30.03
804,31.33,30.03
237,31.33,30.03
534,31.33,30.03
686,31.33,30.03
196,31.33,30.03
346,31.33,30.03
565,31.33,30.03
442,31.33,30.03
343,31.33,30.03
606,31.33,30.03
753,31.33,30.03
473,31.33,30.03
850,31.33,30.03
455,31.33,30.03
610,31.33,30.03
381,31.33,30.03
459,31.33,30.03
570,31.33,30.03
258,31.33,30.03
658,31.33,30.03
309,31.33,30.03
483,31.29,30.03
304,31.29,30.03
460,31.29,30.03
756,31.29,30.03
553,31.29,30.03
785,31.29,30.03
536,31.29,30.03
684,31.29,30.03
289,31.29,30.03
811,31.29,30.03
393,31.29,30.03
449,31.29,30.03
613,31.29,30.03
712,31.29,30.03
484,31.29,30.03
424,31.29,30.03
448,31.29,30.03
638,31.29,30.03
280,31.29,30.03
621,31.29,30.03
600,31.29,30.03
488,31.29,30.03
756,31.29,30.03
288,31.29,30.03
820,31.29,29.91
119,31.29,29.91
607,31.29,29.91
706,31.29,29.91
126,31.29,29.91
382,31.29,29.91
770,31.29,29.91
440,31.29,29.91
229,31.29,29.91
550,31.29,29.91
532,31.29,29.91
489,31.29,29.91
118,31.29,29.91
532,31.29,29.91
364,31.29,29.91
400,31.29,29.91
275,31.29,29.91
885,31.29,29.91
270,31.29,29.91
708,31.29,29.91
448,31.29,29.91
142,31.29,29.91
550,31.29,29.91
387,31.29,29.91
609,31.29,29.91
321,31.29,29.91
354,31.29,29.91
488,31.29,29.91
550,31.29,29.91
316,31.29,29.91
713,31.29,29.91
142,31.29,29.91
854,31.29,29.91
299,31.29,29.91
884,31.29,29.91
587,31.29,29.91
559,31.29,29.91
523,31.29,29.91
602,31.29,29.91
759,31.29,29.91
119,31.29,29.91
863,31.29,29.91
118,31.29,29.91
557,31.29,29.91
231,31.29,29.91
528,31.29,29.91
461,31.29,29.91
730,31.29,29.91
731,31.29,29.91
635,31.29,29.91
381,31.29,29.91
714,31.29,29.91
460,31.29,29.91
328,31.29,29.91
851,31.29,29.91
697,31.29,29.91
867,31.29,29.91
118,31.29,29.91
795,31.29,29.91
161,31.29,29.97
506,31.29,29.97
470,31.29,29.97
683,31.29,29.97
738,31.29,29.97
208,31.29,29.97
500,31.29,29.97
232,31.29,29.97
591,31.29,29.97
377,31.29,29.97
680,31.29,29.97
414,31.29,29.97
356,31.29,29.97
822,31.29,29.97
857,31.29,29.97
398,31.29,29.97
845,31.29,29.97
204,31.29,29.97
689,31.29,29.97
356,31.29,29.97
238,31.29,29.97
413,31.29,29.97
156,31.29,29.97
535,31.29,29.97
274,31.29,29.97
543,31.29,29.97
128,31.29,29.97
608,31.29,29.97
628,31.29,29.97
374,31.29,29.97
499,31.29,29.97
407,31.29,29.97
629,31.29,29.97
117,31.29,29.97
510,31.29,29.97
673,31.29,29.97
281,31.29,29.97
119,31.29,29.97
565,31.29,29.97
321,31.29,29.97
559,31.29,29.97
403,31.29,29.97
753,31.29,29.97
492,31.29,29.97
481,31.29,29.97
664,31.29,29.97
172,31.29,29.97
