219,27.95,27.15
546,27.95,27.15
285,27.95,27.15
342,27.95,27.15
862,27.95,27.05
377,27.95,27.05
544,27.95,27.05
254,27.95,27.05
372,27.95,27.05
346,27.95,27.05
360,27.95,27.05
685,27.95,27.05
506,27.95,27.05
124,27.95,27.05
746,27.95,27.05
122,27.95,27.05
777,27.95,27.05
633,27.95,27.05
645,27.95,27.05
848,27.95,27.05
166,27.95,27.05
731,27.95,27.05
309,27.95,27.05
577,27.95,27.05
120,27.95,27.05
849,27.95,27.05
127,27.95,27.05
337,27.95,27.05
777,27.95,27.05
432,27.95,27.05
645,27.95,27.05
291,27.95,27.05
513,27.95,27.05
322,27.95,27.05
601,27.95,27.05
438,27.95,27.05
863,27.95,27.05
224,27.95,27.05
504,27.95,27.05
500,27.95,27.05
600,27.95,27.05
372,27.95,27.05
299,27.95,27.05
709,27.95,27.05
432,27.95,27.05
651,27.95,27.05
126,27.95,27.05
881,27.95,27.05
208,27.95,27.05
783,27.95,27.05
578,27.95,27.05
440,27.95,27.05
649,27.95,27.05
383,27.95,27.05
742,27.95,27.05
141,27.95,27.05
369,27.95,27.05
433,27.95,27.05
746,27.95,27.05
482,27.95,27.05
690,27.95,27.05
169,27.95,27.05
626,27.95,27.05
121,27.95,27.05
881,27.95,27.09
574,27.95,27.09
518,27.95,27.09
786,27.95,27.09
467,27.95,27.09
699,27.95,27.09
188,27.95,27.09
810,27.95,27.09
305,27.95,27.09
745,27.95,27.09
403,27.95,27.09
405,27.95,27.09
669,27.95,27.09
222,27.95,27.09
734,27.95,27.09
425,27.95,27.09
595,27.95,27.09
505,27.95,27.09
692,27.95,27.09
563,27.95,27.09
574,27.95,27.09
311,27.95,27.09
876,27.95,27.09
447,27.95,27.09
685,27.95,27.09
700,27.95,27.09
448,27.95,27.09
509,27.95,27.09
428,27.95,27.09
686,27.95,27.09
358,27.95,27.09
732,27.95,27.09
409,27.95,27.09
619,27.95,27.09
519,27.95,27.09
410,27.95,27.09
661,27.95,27.09
127,27.97,27.09
778,27.97,27.09
186,27.97,27.09
722,27.97,27.09
609,27.97,27.09
628,27.97,27.09
655,27.97,27.09
602,27.97,27.09
519,27.97,27.09
552,27.97,27.09
710,27.97,27.09
275,27.97,27.09
304,27.97,27.09
525,27.97,27.09
368,27.97,27.09
559,27.97,27.09
627,27.97,27.09
444,27.97,27.09
723,27.97,27.09
428,27.97,27.09
637,27.97,27.09
682,27.97,27.09
341,27.97,27.09
495,27.97,27.29
144,27.97,27.29
881,27.97,27.29
125,27.97,27.29
780,27.97,27.29
729,27.97,27.29
607,27.97,27.29
579,27.97,27.29
338,27.97,27.29
823,27.97,27.29
469,27.97,27.29
880,27.97,27.29
234,27.97,27.29
708,27.97,27.29
579,27.97,27.29
687,27.97,27.29
523,27.97,27.29
500,27.97,27.29
325,27.97,27.29
808,27.97,27.29
632,27.97,27.29
451,27.97,27.29
625,27.97,27.29
691,27.97,27.29
512,27.97,27.29
123,27.97,27.29
707,27.97,27.29
164,27.97,27.29
657,27.97,27.29
547,27.97,27.29
501,27.97,27.29
194,27.97,27.29
712,27.97,27.29
482,27.97,27.29
547,27.97,27.29
550,27.97,27.29
322,27.97,27.29
390,27.97,27.29
279,27.97,27.29
434,27.97,27.29
414,27.97,27.29
545,27.97,27.29
122,27.97,27.29
630,27.97,27.29
138,27.97,27.29
600,27.97,27.29
298,27.97,27.29
629,27.97,27.29
235,27.97,27.29
179,27.97,27.29
769,27.97,27.29
123,27.97,27.29
509,27.97,27.29
483,27.97,27.29
654,27.97,27.29
128,27.97,27.29
700,27.97,27.29
122,27.97,27.29
332,27.97,27.29
234,27.97,27.29
563,27.97,26.97
125,27.97,26.97
703,27.97,26.97
303,27.97,26.97
602,27.97,26.97
630,27.97,26.97
120,27.97,26.97
879,27.97,26.97
162,27.97,26.97
749,27.97,26.97
122,27.97,26.97
624,27.97,26.97
336,27.97,26.97
122,27.97,26.97
840,27.97,26.97
247,27.97,26.97
643,27.97,26.97
627,27.97,26.97
539,27.97,26.97
212,27.97,26.97
390,27.97,26.97
628,27.97,26.97
864,27.97,26.97
564,27.97,26.97
203,27.97,26.97
642,27.97,26.97
582,27.97,26.97
122,27.97,26.97
386,27.97,26.97
685,27.97,26.97
292,27.97,26.97
604,27.97,26.97
274,27.97,26.97
879,27.97,26.97
166,27.97,26.97
603,27.97,26.97
684,27.97,26.97
415,27.95,26.97
546,27.95,26.97
496,27.95,26.97
574,27.95,26.97
121,27.95,26.97
761,27.95,26.97
423,27.95,26.97
526,27.95,26.97
301,27.95,26.97
411,27.95,26.97
484,27.95,26.97
395,27.95,26.97
184,27.95,26.97
488,27.95,26.97
550,27.95,26.97
862,27.95,26.97
740,27.95,26.97
314,27.95,26.97
606,27.95,26.97
421,27.95,26.97
881,27.95,26.97
124,27.95,26.97
278,27.95,26.97
626,27.95,26.93
585,27.95,26.93
401,27.95,26.93
495,27.95,26.93
568,27.95,26.93
588,27.95,26.93
723,27.95,26.93
421,27.95,26.93
431,27.95,26.93
295,27.95,26.93
700,27.95,26.93
718,27.95,26.93
579,27.95,26.93
124,27.95,26.93
881,27.95,26.93
580,27.95,26.93
530,27.95,26.93
305,27.95,26.93
579,27.95,26.93
395,27.95,26.93
120,27.95,26.93
644,27.95,26.93
387,27.95,26.93
271,27.95,26.93
714,27.95,26.93
598,27.95,26.93
364,27.95,26.93
546,27.95,26.93
688,27.95,26.93
536,27.95,26.93
530,27.95,26.93
224,27.95,26.93
719,27.95,26.93
619,27.95,26.93
287,27.95,26.93
509,27.95,26.93
700,27.95,26.93
121,27.95,26.93
844,27.95,26.93
123,27.95,26.93
712,27.95,26.93
378,27.95,26.93
340,27.95,26.93
555,27.95,26.93
238,27.95,26.93
670,27.95,26.93
196,27.95,26.93
838,27.95,26.93
120,27.95,26.93
839,27.95,26.93
250,27.95,26.93
411,27.95,26.93
346,27.95,26.93
423,27.95,26.93
745,27.95,26.93
171,27.95,26.93
197,27.95,26.93
597,27.95,26.93
590,27.95,26.93
248,27.95,26.93
798,27.95,27.05
247,27.95,27.05
668,27.95,27.05
235,27.95,27.05
715,27.95,27.05
207,27.95,27.05
441,27.95,27.05
813,27.95,27.05
120,27.95,27.05
805,27.95,27.05
120,27.95,27.05
594,27.95,27.05
141,27.95,27.05
523,27.95,27.05
238,27.95,27.05
817,27.95,27.05
341,27.95,27.05
355,27.95,27.05
842,27.95,27.05
139,27.95,27.05
538,27.95,27.05
748,27.95,27.05
476,27.95,27.05
657,27.95,27.05
758,27.95,27.05
150,27.95,27.05
857,27.95,27.05
289,27.95,27.05
752,27.95,27.05
414,27.95,27.05
301,27.95,27.05
647,27.95,27.05
588,27.95,27.05
410,27.95,27.05
155,27.95,27.05
877,27.95,27.05
331,27.95,27.05
571,27.95,27.05
121,27.95,27.05
599,27.95,27.05
499,27.95,27.05
368,27.95,27.05
750,27.95,27.05
409,27.95,27.05
469,27.95,27.05
400,27.95,27.05
612,27.95,27.05
330,27.95,27.05
394,27.95,27.05
592,27.95,27.05
577,27.95,27.05
121,27.95,27.05
698,27.95,27.05
634,27.95,27.05
688,27.95,27.05
322,27.95,27.05
362,27.95,27.05
537,27.95,27.05
249,27.95,27.05
530,27.95,27.05
406,27.95,27.11
468,27.95,27.11
421,27.95,27.11
661,27.95,27.11
385,27.95,27.11
451,27.95,27.11
798,27.95,27.11
591,27.95,27.11
407,27.95,27.11
427,27.95,27.11
344,27.95,27.11
675,27.95,27.11
560,27.95,27.11
122,27.95,27.11
881,27.95,27.11
185,27.95,27.11
800,27.95,27.11
348,27.95,27.11
607,27.95,27.11
355,27.95,27.11
616,27.95,27.11
732,27.95,27.11
371,27.95,27.11
756,27.95,27.11
574,27.95,27.11
879,27.95,27.11
372,27.95,27.11
504,27.95,27.11
756,27.95,27.11
345,27.95,27.11
567,27.95,27.11
595,27.95,27.11
627,27.95,27.11
678,27.95,27.11
409,27.95,27.11
803,27.95,27.11
721,27.95,27.11
316,28.01,27.11
459,28.01,27.11
420,28.01,27.11
415,28.01,27.11
178,28.01,27.11
881,28.01,27.11
121,28.01,27.11
685,28.01,27.11
443,28.01,27.11
438,28.01,27.11
881,28.01,27.11
154,28.01,27.11
633,28.01,27.11
401,28.01,27.11
281,28.01,27.11
545,28.01,27.11
576,28.01,27.11
427,28.01,27.11
580,28.01,27.11
