127,26.85,26.71
342,26.85,26.71
464,26.85,26.71
261,26.85,26.71
879,26.85,26.71
611,26.85,26.71
719,26.85,26.71
530,26.85,26.71
856,26.85,26.71
125,26.85,26.71
811,26.85,26.71
488,26.85,26.71
655,26.85,26.71
730,26.85,26.71
275,26.85,26.71
414,26.85,26.71
647,26.85,26.71
420,26.85,26.71
471,26.85,26.71
502,26.85,26.71
573,26.85,26.71
360,26.85,26.71
123,26.85,26.71
880,26.85,26.71
214,26.85,26.71
824,26.85,26.71
491,26.85,26.71
455,26.85,26.71
564,26.85,26.71
122,26.85,26.71
861,26.85,26.71
125,26.85,26.71
456,26.85,26.71
407,26.85,26.71
880,26.85,26.71
533,26.85,26.71
571,26.85,26.71
463,26.85,26.71
636,26.85,26.71
163,26.85,26.71
669,26.85,26.71
235,26.85,26.71
398,26.85,26.71
133,26.85,26.71
673,26.85,26.71
604,26.85,26.71
119,26.85,26.71
828,26.85,26.71
213,26.85,26.71
753,26.85,26.71
171,26.85,26.71
694,26.85,26.71
560,26.85,26.71
292,26.85,26.71
489,26.85,26.71
352,26.85,26.71
543,26.85,26.71
125,26.85,26.71
880,26.87,26.71
211,26.87,26.71
341,26.87,26.71
523,26.87,26.71
527,26.87,26.71
423,26.87,26.71
565,26.87,26.71
367,26.87,26.71
778,26.87,26.71
357,26.87,26.71
427,26.87,26.71
804,26.87,26.71
211,26.87,26.71
332,26.87,26.71
341,26.87,26.71
679,26.87,26.71
315,26.87,26.71
665,26.87,26.71
339,26.87,26.71
535,26.87,26.71
420,26.87,26.71
584,26.87,26.71
701,26.87,26.71
530,26.87,26.71
585,26.87,26.73
695,26.87,26.73
668,26.87,26.73
285,26.87,26.73
820,26.87,26.73
733,26.87,26.73
273,26.87,26.73
223,26.87,26.73
880,26.87,26.73
205,26.87,26.73
608,26.87,26.73
389,26.87,26.73
527,26.87,26.73
705,26.87,26.73
499,26.87,26.73
470,26.87,26.73
488,26.87,26.73
429,26.87,26.73
477,26.87,26.73
711,26.87,26.73
341,26.87,26.73
655,26.87,26.73
719,26.87,26.73
627,26.87,26.73
220,26.87,26.73
695,26.87,26.73
293,26.87,26.73
726,26.87,26.73
384,26.87,26.73
437,26.87,26.73
448,26.87,26.73
123,26.87,26.73
880,26.87,26.73
125,26.87,26.73
703,26.87,26.73
472,26.87,26.73
629,26.83,26.73
616,26.83,26.73
217,26.83,26.73
421,26.83,26.73
512,26.83,26.73
703,26.83,26.73
203,26.83,26.73
677,26.83,26.73
663,26.83,26.73
138,26.83,26.73
675,26.83,26.73
452,26.83,26.73
121,26.83,26.73
879,26.83,26.73
457,26.83,26.73
597,26.83,26.73
202,26.83,26.73
229,26.83,26.73
469,26.83,26.73
336,26.83,26.73
509,26.83,26.73
122,26.83,26.73
722,26.83,26.73
219,26.83,26.73
648,26.83,26.55
148,26.83,26.55
399,26.83,26.55
529,26.83,26.55
260,26.83,26.55
794,26.83,26.55
301,26.83,26.55
500,26.83,26.55
729,26.83,26.55
433,26.83,26.55
280,26.83,26.55
763,26.83,26.55
263,26.83,26.55
667,26.83,26.55
242,26.83,26.55
694,26.83,26.55
357,26.83,26.55
310,26.83,26.55
397,26.83,26.55
356,26.83,26.55
724,26.83,26.55
320,26.83,26.55
667,26.83,26.55
260,26.83,26.55
786,26.83,26.55
499,26.83,26.55
588,26.83,26.55
120,26.83,26.55
705,26.83,26.55
579,26.83,26.55
388,26.83,26.55
417,26.83,26.55
591,26.83,26.55
513,26.83,26.55
399,26.83,26.55
419,26.83,26.55
215,26.83,26.55
880,26.83,26.55
338,26.83,26.55
881,26.83,26.55
449,26.83,26.55
484,26.83,26.55
723,26.83,26.55
661,26.83,26.55
439,26.83,26.55
479,26.83,26.55
720,26.83,26.55
305,26.83,26.55
614,26.83,26.55
348,26.83,26.55
704,26.83,26.55
390,26.83,26.55
754,26.83,26.55
312,26.83,26.55
522,26.83,26.55
185,26.83,26.55
880,26.83,26.55
232,26.83,26.55
839,26.83,26.55
551,26.83,26.55
533,26.83,26.73
856,26.83,26.73
318,26.83,26.73
879,26.83,26.73
456,26.83,26.73
561,26.83,26.73
538,26.83,26.73
677,26.83,26.73
180,26.83,26.73
428,26.83,26.73
696,26.83,26.73
523,26.83,26.73
455,26.83,26.73
560,26.83,26.73
401,26.83,26.73
626,26.83,26.73
324,26.83,26.73
473,26.83,26.73
879,26.83,26.73
122,26.83,26.73
768,26.83,26.73
400,26.83,26.73
781,26.83,26.73
210,26.83,26.73
699,26.83,26.73
644,26.83,26.73
244,26.83,26.73
690,26.83,26.73
486,26.83,26.73
672,26.83,26.73
176,26.83,26.73
523,26.83,26.73
464,26.83,26.73
656,26.83,26.73
466,26.83,26.73
557,26.83,26.73
686,26.85,26.73
317,26.85,26.73
500,26.85,26.73
616,26.85,26.73
340,26.85,26.73
366,26.85,26.73
420,26.85,26.73
228,26.85,26.73
849,26.85,26.73
180,26.85,26.73
692,26.85,26.73
342,26.85,26.73
378,26.85,26.73
497,26.85,26.73
649,26.85,26.73
691,26.85,26.73
796,26.85,26.73
677,26.85,26.73
264,26.85,26.73
367,26.85,26.73
354,26.85,26.73
540,26.85,26.73
551,26.85,26.73
514,26.85,26.73
508,26.85,26.77
596,26.85,26.77
124,26.85,26.77
723,26.85,26.77
162,26.85,26.77
498,26.85,26.77
668,26.85,26.77
724,26.85,26.77
498,26.85,26.77
124,26.85,26.77
716,26.85,26.77
725,26.85,26.77
623,26.85,26.77
416,26.85,26.77
573,26.85,26.77
212,26.85,26.77
358,26.85,26.77
789,26.85,26.77
203,26.85,26.77
469,26.85,26.77
685,26.85,26.77
634,26.85,26.77
603,26.85,26.77
735,26.85,26.77
372,26.85,26.77
503,26.85,26.77
284,26.85,26.77
751,26.85,26.77
528,26.85,26.77
879,26.85,26.77
465,26.85,26.77
440,26.85,26.77
814,26.85,26.77
175,26.85,26.77
547,26.85,26.77
658,26.85,26.77
558,26.83,26.77
361,26.83,26.77
685,26.83,26.77
570,26.83,26.77
350,26.83,26.77
668,26.83,26.77
720,26.83,26.77
386,26.83,26.77
424,26.83,26.77
558,26.83,26.77
589,26.83,26.77
413,26.83,26.77
372,26.83,26.77
809,26.83,26.77
350,26.83,26.77
881,26.83,26.77
442,26.83,26.77
449,26.83,26.77
391,26.83,26.77
429,26.83,26.77
781,26.83,26.77
304,26.83,26.77
404,26.83,26.77
632,26.83,26.77
644,26.83,26.55
123,26.83,26.55
584,26.83,26.55
368,26.83,26.55
358,26.83,26.55
564,26.83,26.55
485,26.83,26.55
240,26.83,26.55
749,26.83,26.55
186,26.83,26.55
597,26.83,26.55
507,26.83,26.55
121,26.83,26.55
712,26.83,26.55
121,26.83,26.55
874,26.83,26.55
377,26.83,26.55
640,26.83,26.55
451,26.83,26.55
787,26.83,26.55
498,26.83,26.55
280,26.83,26.55
552,26.83,26.55
343,26.83,26.55
285,26.83,26.55
481,26.83,26.55
421,26.83,26.55
415,26.83,26.55
664,26.83,26.55
294,26.83,26.55
725,26.83,26.55
136,26.83,26.55
850,26.83,26.55
287,26.83,26.55
830,26.83,26.55
371,26.83,26.55
458,26.87,26.55
702,26.87,26.55
331,26.87,26.55
587,26.87,26.55
348,26.87,26.55
690,26.87,26.55
304,26.87,26.55
351,26.87,26.55
532,26.87,26.55
603,26.87,26.55
667,26.87,26.55
563,26.87,26.55
529,26.87,26.55
772,26.87,26.55
335,26.87,26.55
521,26.87,26.55
352,26.87,26.55
511,26.87,26.55
584,26.87,26.55
232,26.87,26.55
879,26.87,26.55
131,26.87,26.55
826,26.87,26.55
490,26.87,26.55
582,26.87,26.73
410,26.87,26.73
801,26.87,26.73
471,26.87,26.73
767,26.87,26.73
487,26.87,26.73
251,26.87,26.73
847,26.87,26.73
474,26.87,26.73
731,26.87,26.73
449,26.87,26.73
425,26.87,26.73
409,26.87,26.73
754,26.87,26.73
272,26.87,26.73
718,26.87,26.73
327,26.87,26.73
650,26.87,26.73
472,26.87,26.73
390,26.87,26.73
544,26.87,26.73
393,26.87,26.73
576,26.87,26.73
433,26.87,26.73
631,26.87,26.73
235,26.87,26.73
620,26.87,26.73
662,26.87,26.73
880,26.87,26.73
336,26.87,26.73
453,26.87,26.73
400,26.87,26.73
484,26.87,26.73
259,26.87,26.73
576,26.87,26.73
594,26.87,26.73
