431,30.21,28.85
429,30.21,28.85
494,30.21,28.85
344,30.21,28.85
355,30.21,28.85
523,30.21,28.85
690,30.21,28.85
656,30.21,28.85
600,30.21,28.85
453,30.21,28.85
586,30.21,28.85
365,30.21,28.85
680,30.21,28.85
363,30.21,28.85
733,30.21,28.85
447,30.21,28.75
762,30.21,28.75
440,30.21,28.75
470,30.21,28.75
349,30.21,28.75
850,30.21,28.75
455,30.21,28.75
523,30.21,28.75
505,30.21,28.75
687,30.21,28.75
632,30.21,28.75
663,30.21,28.75
580,30.21,28.75
428,30.21,28.75
629,30.21,28.75
119,30.21,28.75
883,30.21,28.75
121,30.21,28.75
672,30.21,28.75
686,30.21,28.75
496,30.21,28.75
412,30.21,28.75
514,30.21,28.75
391,30.21,28.75
497,30.21,28.75
434,30.21,28.75
582,30.21,28.75
640,30.21,28.75
119,30.21,28.75
821,30.21,28.75
176,30.21,28.75
883,30.21,28.75
119,30.21,28.75
694,30.21,28.75
120,30.21,28.75
560,30.21,28.75
382,30.21,28.75
538,30.21,28.75
694,30.21,28.75
241,30.21,28.75
822,30.21,28.75
230,30.21,28.75
441,30.21,28.75
553,30.21,28.75
668,30.21,28.75
459,30.21,28.75
561,30.21,28.75
458,30.21,28.75
816,30.21,28.75
331,30.21,28.75
665,30.21,28.75
428,30.21,28.75
555,30.21,28.75
396,30.21,28.75
690,30.21,28.75
800,30.21,28.75
119,30.21,28.75
883,30.21,28.75
406,30.21,28.75
785,30.21,28.75
298,30.21,28.75
469,30.21,28.75
282,30.21,28.75
588,30.21,28.75
400,30.21,28.75
620,30.21,28.75
234,30.21,28.75
779,30.21,28.75
553,30.21,28.75
548,30.21,28.75
684,30.21,28.75
121,30.21,28.75
883,30.21,28.75
358,30.21,28.75
700,30.21,28.75
851,30.21,28.75
830,30.21,28.75
400,30.21,28.75
593,30.21,28.75
726,30.21,28.75
259,30.21,28.75
622,30.21,28.75
270,30.21,28.75
777,30.21,28.75
350,30.21,28.75
671,30.21,28.75
686,30.21,28.75
668,30.21,28.75
586,30.21,28.75
764,30.21,28.75
365,30.21,28.75
279,30.21,28.75
520,30.21,28.75
601,30.21,28.75
479,30.21,28.75
120,30.23,28.75
805,30.23,28.75
338,30.23,28.75
527,30.23,28.75
120,30.23,28.75
786,30.23,28.75
282,30.23,28.75
448,30.23,28.75
666,30.23,28.75
329,30.23,28.75
569,30.23,28.75
255,30.23,28.75
622,30.23,28.75
202,30.23,28.75
256,30.23,28.75
458,30.23,28.75
484,30.23,28.75
118,30.23,28.75
658,30.23,28.75
431,30.23,28.75
608,30.23,28.75
317,30.23,28.75
408,30.23,28.75
545,30.23,28.75
407,30.23,28.79
270,30.23,28.79
353,30.23,28.79
740,30.23,28.79
119,30.23,28.79
725,30.23,28.79
383,30.23,28.79
340,30.23,28.79
530,30.23,28.79
281,30.23,28.79
640,30.23,28.79
351,30.23,28.79
499,30.23,28.79
454,30.23,28.79
295,30.23,28.79
597,30.23,28.79
441,30.23,28.79
468,30.23,28.79
729,30.23,28.79
407,30.23,28.79
801,30.23,28.79
128,30.23,28.79
812,30.23,28.79
504,30.23,28.79
599,30.23,28.79
362,30.23,28.79
565,30.23,28.79
749,30.23,28.79
224,30.23,28.79
761,30.23,28.79
409,30.23,28.79
469,30.23,28.79
437,30.23,28.79
581,30.23,28.79
631,30.23,28.79
570,30.23,28.79
359,30.19,28.79
714,30.19,28.79
120,30.19,28.79
777,30.19,28.79
723,30.19,28.79
336,30.19,28.79
824,30.19,28.79
397,30.19,28.79
655,30.19,28.79
573,30.19,28.79
664,30.19,28.79
210,30.19,28.79
883,30.19,28.79
304,30.19,28.79
734,30.19,28.79
562,30.19,28.79
564,30.19,28.79
680,30.19,28.79
572,30.19,28.79
570,30.19,28.79
392,30.19,28.79
650,30.19,28.79
409,30.19,28.79
605,30.19,28.79
164,30.19,28.77
817,30.19,28.77
196,30.19,28.77
656,30.19,28.77
447,30.19,28.77
472,30.19,28.77
290,30.19,28.77
393,30.19,28.77
606,30.19,28.77
273,30.19,28.77
814,30.19,28.77
247,30.19,28.77
854,30.19,28.77
326,30.19,28.77
564,30.19,28.77
626,30.19,28.77
447,30.19,28.77
361,30.19,28.77
288,30.19,28.77
262,30.19,28.77
457,30.19,28.77
303,30.19,28.77
543,30.19,28.77
601,30.19,28.77
119,30.19,28.77
602,30.19,28.77
177,30.19,28.77
633,30.19,28.77
229,30.19,28.77
623,30.19,28.77
442,30.19,28.77
292,30.19,28.77
762,30.19,28.77
415,30.19,28.77
685,30.19,28.77
400,30.19,28.77
856,30.21,28.77
262,30.21,28.77
245,30.21,28.77
638,30.21,28.77
528,30.21,28.77
442,30.21,28.77
295,30.21,28.77
503,30.21,28.77
696,30.21,28.77
244,30.21,28.77
883,30.21,28.77
716,30.21,28.77
118,30.21,28.77
731,30.21,28.77
528,30.21,28.77
751,30.21,28.77
298,30.21,28.77
853,30.21,28.77
451,30.21,28.77
625,30.21,28.77
459,30.21,28.77
627,30.21,28.77
600,30.21,28.77
511,30.21,28.79
592,30.21,28.79
473,30.21,28.79
297,30.21,28.79
813,30.21,28.79
709,30.21,28.79
213,30.21,28.79
667,30.21,28.79
380,30.21,28.79
882,30.21,28.79
119,30.21,28.79
802,30.21,28.79
564,30.21,28.79
396,30.21,28.79
629,30.21,28.79
391,30.21,28.79
616,30.21,28.79
120,30.21,28.79
883,30.21,28.79
255,30.21,28.79
883,30.21,28.79
528,30.21,28.79
599,30.21,28.79
596,30.21,28.79
488,30.21,28.79
284,30.21,28.79
760,30.21,28.79
310,30.21,28.79
453,30.21,28.79
340,30.21,28.79
380,30.21,28.79
449,30.21,28.79
186,30.21,28.79
554,30.21,28.79
120,30.21,28.79
650,30.21,28.79
153,30.17,28.79
525,30.17,28.79
341,30.17,28.79
511,30.17,28.79
715,30.17,28.79
218,30.17,28.79
461,30.17,28.79
189,30.17,28.79
763,30.17,28.79
127,30.17,28.79
390,30.17,28.79
435,30.17,28.79
322,30.17,28.79
118,30.17,28.79
664,30.17,28.79
141,30.17,28.79
712,30.17,28.79
195,30.17,28.79
867,30.17,28.79
318,30.17,28.79
509,30.17,28.79
410,30.17,28.79
376,30.17,28.79
541,30.17,28.91
873,30.17,28.91
597,30.17,28.91
120,30.17,28.91
798,30.17,28.91
411,30.17,28.91
523,30.17,28.91
378,30.17,28.91
588,30.17,28.91
254,30.17,28.91
816,30.17,28.91
187,30.17,28.91
692,30.17,28.91
570,30.17,28.91
533,30.17,28.91
754,30.17,28.91
215,30.17,28.91
755,30.17,28.91
368,30.17,28.91
462,30.17,28.91
124,30.17,28.91
687,30.17,28.91
629,30.17,28.91
651,30.17,28.91
520,30.17,28.91
549,30.17,28.91
508,30.17,28.91
457,30.17,28.91
482,30.17,28.91
797,30.17,28.91
529,30.17,28.91
482,30.17,28.91
746,30.17,28.91
244,30.17,28.91
832,30.17,28.91
292,30.17,28.91
634,30.19,28.91
298,30.19,28.91
325,30.19,28.91
575,30.19,28.91
436,30.19,28.91
444,30.19,28.91
494,30.19,28.91
419,30.19,28.91
392,30.19,28.91
384,30.19,28.91
538,30.19,28.91
612,30.19,28.91
394,30.19,28.91
582,30.19,28.91
532,30.19,28.91
460,30.19,28.91
119,30.19,28.91
883,30.19,28.91
400,30.19,28.91
531,30.19,28.91
221,30.19,28.91
480,30.19,28.91
444,30.19,28.91
141,30.19,28.91
859,30.19,28.89
261,30.19,28.89
357,30.19,28.89
294,30.19,28.89
739,30.19,28.89
576,30.19,28.89
332,30.19,28.89
445,30.19,28.89
744,30.19,28.89
458,30.19,28.89
405,30.19,28.89
332,30.19,28.89
491,30.19,28.89
183,30.19,28.89
503,30.19,28.89
376,30.19,28.89
173,30.19,28.89
632,30.19,28.89
359,30.19,28.89
755,30.19,28.89
394,30.19,28.89
299,30.19,28.89
763,30.19,28.89
119,30.19,28.89
690,30.19,28.89
362,30.19,28.89
494,30.19,28.89
312,30.19,28.89
632,30.19,28.89
620,30.19,28.89
518,30.19,28.89
778,30.19,28.89
324,30.19,28.89
525,30.19,28.89
367,30.19,28.89
443,30.19,28.89
661,30.19,28.89
547,30.19,28.89
650,30.19,28.89
817,30.19,28.89
320,30.19,28.89
718,30.19,28.89
456,30.19,28.89
827,30.19,28.89
122,30.19,28.89
738,30.19,28.89
775,30.19,28.89
