400,30.19,28.83
579,30.19,28.83
122,30.19,28.83
298,30.19,28.83
406,30.19,28.83
528,30.19,28.83
121,30.19,28.83
549,30.19,28.83
548,30.19,28.83
629,30.19,28.83
363,30.19,28.83
792,30.19,28.83
422,30.19,28.83
699,30.19,28.83
537,30.19,28.83
119,30.19,28.83
817,30.19,28.83
487,30.19,28.83
514,30.19,28.83
159,30.19,28.83
755,30.19,28.83
310,30.19,28.83
446,30.19,28.83
218,30.19,28.83
618,30.19,28.83
528,30.19,28.83
121,30.19,28.83
730,30.19,28.83
339,30.19,28.83
430,30.19,28.83
647,30.19,28.83
761,30.19,28.83
121,30.19,28.83
883,30.17,28.83
559,30.17,28.83
448,30.17,28.83
432,30.17,28.83
656,30.17,28.83
419,30.17,28.83
623,30.17,28.83
378,30.17,28.83
408,30.17,28.83
770,30.17,28.83
122,30.17,28.83
883,30.17,28.83
402,30.17,28.83
805,30.17,28.83
273,30.17,28.83
756,30.17,28.83
645,30.17,28.83
555,30.17,28.83
776,30.17,28.83
655,30.17,28.83
284,30.17,28.83
678,30.17,28.83
692,30.17,28.83
459,30.17,28.83
589,30.17,28.79
635,30.17,28.79
515,30.17,28.79
163,30.17,28.79
648,30.17,28.79
221,30.17,28.79
477,30.17,28.79
119,30.17,28.79
660,30.17,28.79
718,30.17,28.79
344,30.17,28.79
546,30.17,28.79
618,30.17,28.79
338,30.17,28.79
271,30.17,28.79
319,30.17,28.79
448,30.17,28.79
432,30.17,28.79
119,30.17,28.79
788,30.17,28.79
119,30.17,28.79
629,30.17,28.79
377,30.17,28.79
591,30.17,28.79
121,30.17,28.79
613,30.17,28.79
541,30.17,28.79
245,30.17,28.79
761,30.17,28.79
388,30.17,28.79
883,30.17,28.79
119,30.17,28.79
607,30.17,28.79
542,30.17,28.79
391,30.17,28.79
481,30.17,28.79
530,30.21,28.79
132,30.21,28.79
586,30.21,28.79
609,30.21,28.79
638,30.21,28.79
451,30.21,28.79
118,30.21,28.79
855,30.21,28.79
276,30.21,28.79
550,30.21,28.79
123,30.21,28.79
873,30.21,28.79
119,30.21,28.79
557,30.21,28.79
380,30.21,28.79
565,30.21,28.79
601,30.21,28.79
301,30.21,28.79
723,30.21,28.79
379,30.21,28.79
407,30.21,28.79
762,30.21,28.79
748,30.21,28.79
627,30.21,28.85
785,30.21,28.85
430,30.21,28.85
882,30.21,28.85
158,30.21,28.85
769,30.21,28.85
453,30.21,28.85
264,30.21,28.85
712,30.21,28.85
730,30.21,28.85
610,30.21,28.85
294,30.21,28.85
878,30.21,28.85
254,30.21,28.85
709,30.21,28.85
363,30.21,28.85
623,30.21,28.85
687,30.21,28.85
489,30.21,28.85
560,30.21,28.85
745,30.21,28.85
364,30.21,28.85
660,30.21,28.85
231,30.21,28.85
365,30.21,28.85
676,30.21,28.85
193,30.21,28.85
381,30.21,28.85
121,30.21,28.85
883,30.21,28.85
344,30.21,28.85
603,30.21,28.85
129,30.21,28.85
486,30.21,28.85
626,30.21,28.85
336,30.21,28.85
512,30.21,28.85
418,30.21,28.85
630,30.21,28.85
120,30.21,28.85
748,30.21,28.85
519,30.21,28.85
334,30.21,28.85
240,30.21,28.85
436,30.21,28.85
296,30.21,28.85
545,30.21,28.85
287,30.21,28.85
732,30.21,28.85
782,30.21,28.85
316,30.21,28.85
883,30.21,28.85
119,30.21,28.85
788,30.21,28.85
246,30.21,28.85
582,30.21,28.85
119,30.21,28.85
719,30.21,28.85
767,30.21,28.85
447,30.21,28.85
885,30.21,28.85
410,30.21,28.85
420,30.21,28.85
121,30.21,28.85
537,30.21,28.85
670,30.21,28.85
593,30.21,28.85
591,30.21,28.85
856,30.21,28.85
125,30.21,28.85
883,30.21,28.85
550,30.21,28.85
650,30.21,28.85
364,30.21,28.85
304,30.21,28.85
516,30.21,28.85
391,30.21,28.85
491,30.21,28.85
564,30.21,28.85
791,30.21,28.85
189,30.21,28.85
622,30.21,28.85
454,30.21,28.85
643,30.21,28.85
403,30.21,28.85
870,30.21,28.85
164,30.21,28.85
470,30.21,28.85
394,30.21,28.85
883,30.21,28.85
313,30.21,28.85
597,30.21,28.85
649,30.21,28.85
259,30.21,28.85
671,30.21,28.85
442,30.21,28.85
814,30.19,28.85
379,30.19,28.85
811,30.19,28.85
166,30.19,28.85
550,30.19,28.85
268,30.19,28.85
615,30.19,28.85
553,30.19,28.85
371,30.19,28.85
506,30.19,28.85
540,30.19,28.85
597,30.19,28.85
404,30.19,28.85
724,30.19,28.85
206,30.19,28.85
696,30.19,28.85
119,30.19,28.85
821,30.19,28.85
210,30.19,28.85
589,30.19,28.85
365,30.19,28.85
556,30.19,28.85
620,30.19,28.85
266,30.19,28.91
846,30.19,28.91
374,30.19,28.91
715,30.19,28.91
124,30.19,28.91
866,30.19,28.91
495,30.19,28.91
494,30.19,28.91
651,30.19,28.91
465,30.19,28.91
147,30.19,28.91
772,30.19,28.91
312,30.19,28.91
699,30.19,28.91
556,30.19,28.91
325,30.19,28.91
639,30.19,28.91
421,30.19,28.91
611,30.19,28.91
189,30.19,28.91
586,30.19,28.91
526,30.19,28.91
150,30.19,28.91
714,30.19,28.91
314,30.19,28.91
626,30.19,28.91
399,30.19,28.91
438,30.19,28.91
497,30.19,28.91
565,30.19,28.91
579,30.19,28.91
596,30.19,28.91
681,30.19,28.91
606,30.19,28.91
390,30.19,28.91
768,30.19,28.91
575,30.19,28.91
882,30.19,28.91
422,30.19,28.91
357,30.19,28.91
610,30.19,28.91
280,30.19,28.91
598,30.19,28.91
257,30.19,28.91
361,30.19,28.91
554,30.19,28.91
661,30.19,28.91
652,30.19,28.91
613,30.19,28.91
598,30.19,28.91
800,30.19,28.91
693,30.19,28.91
349,30.19,28.91
701,30.19,28.91
821,30.19,28.91
554,30.19,28.91
637,30.19,28.91
500,30.19,28.91
378,30.19,28.91
713,30.19,28.91
239,30.19,28.85
771,30.19,28.85
621,30.19,28.85
432,30.19,28.85
553,30.19,28.85
423,30.19,28.85
783,30.19,28.85
486,30.19,28.85
874,30.19,28.85
189,30.19,28.85
703,30.19,28.85
248,30.19,28.85
582,30.19,28.85
336,30.19,28.85
401,30.19,28.85
493,30.19,28.85
605,30.19,28.85
353,30.19,28.85
554,30.19,28.85
391,30.19,28.85
413,30.19,28.85
701,30.19,28.85
122,30.19,28.85
860,30.19,28.85
403,30.19,28.85
819,30.19,28.85
198,30.19,28.85
297,30.19,28.85
329,30.19,28.85
632,30.19,28.85
213,30.19,28.85
306,30.19,28.85
318,30.19,28.85
367,30.19,28.85
344,30.19,28.85
612,30.19,28.85
351,30.21,28.85
224,30.21,28.85
600,30.21,28.85
194,30.21,28.85
657,30.21,28.85
144,30.21,28.85
864,30.21,28.85
464,30.21,28.85
640,30.21,28.85
439,30.21,28.85
119,30.21,28.85
610,30.21,28.85
408,30.21,28.85
700,30.21,28.85
401,30.21,28.85
351,30.21,28.85
397,30.21,28.85
788,30.21,28.85
585,30.21,28.85
344,30.21,28.85
513,30.21,28.85
718,30.21,28.85
486,30.21,28.85
753,30.21,28.85
562,30.21,28.77
539,30.21,28.77
702,30.21,28.77
580,30.21,28.77
589,30.21,28.77
289,30.21,28.77
775,30.21,28.77
133,30.21,28.77
707,30.21,28.77
541,30.21,28.77
604,30.21,28.77
594,30.21,28.77
704,30.21,28.77
613,30.21,28.77
825,30.21,28.77
528,30.21,28.77
370,30.21,28.77
882,30.21,28.77
409,30.21,28.77
412,30.21,28.77
592,30.21,28.77
776,30.21,28.77
233,30.21,28.77
667,30.21,28.77
451,30.21,28.77
709,30.21,28.77
128,30.21,28.77
673,30.21,28.77
444,30.21,28.77
293,30.21,28.77
751,30.21,28.77
522,30.21,28.77
613,30.21,28.77
363,30.21,28.77
466,30.21,28.77
621,30.21,28.77
318,30.19,28.77
256,30.19,28.77
882,30.19,28.77
500,30.19,28.77
166,30.19,28.77
432,30.19,28.77
824,30.19,28.77
119,30.19,28.77
831,30.19,28.77
506,30.19,28.77
298,30.19,28.77
825,30.19,28.77
267,30.19,28.77
883,30.19,28.77
278,30.19,28.77
365,30.19,28.77
446,30.19,28.77
454,30.19,28.77
303,30.19,28.77
398,30.19,28.77
743,30.19,28.77
648,30.19,28.77
233,30.19,28.77
684,30.19,28.85
159,30.19,28.85
591,30.19,28.85
365,30.19,28.85
