352,29.13,27.69
437,29.13,27.69
571,29.13,27.69
158,29.13,27.69
280,29.13,27.69
879,29.13,27.69
264,29.13,27.69
670,29.13,27.69
401,29.13,27.69
474,29.13,27.69
300,29.13,27.69
452,29.13,27.69
695,29.13,27.69
683,29.13,27.69
135,29.13,27.69
561,29.13,27.69
756,29.13,27.69
120,29.13,27.69
446,29.13,27.69
383,29.13,27.69
217,29.13,27.69
342,29.13,27.69
732,29.13,27.69
119,29.13,27.69
870,29.13,27.69
238,29.13,27.69
806,29.13,27.69
236,29.13,27.69
370,29.13,27.69
731,29.13,27.69
316,29.13,27.69
515,29.13,27.69
329,29.13,27.69
354,29.13,27.69
303,29.13,27.69
450,29.13,27.69
523,29.13,27.69
881,29.13,27.69
442,29.13,27.69
463,29.13,27.69
486,29.13,27.69
509,29.13,27.69
276,29.13,27.69
762,29.13,27.69
450,29.13,27.69
489,29.13,27.69
881,29.13,27.69
280,29.13,27.69
912,29.13,27.69
356,29.13,27.69
492,29.13,27.69
425,29.13,27.69
522,29.13,27.69
556,29.13,27.69
496,29.13,27.69
422,29.13,27.69
544,29.13,27.69
438,29.13,27.69
841,29.13,27.69
241,29.13,27.69
180,29.13,27.73
882,29.13,27.73
540,29.13,27.73
624,29.13,27.73
575,29.13,27.73
427,29.13,27.73
563,29.13,27.73
656,29.13,27.73
255,29.13,27.73
122,29.13,27.73
375,29.13,27.73
277,29.13,27.73
753,29.13,27.73
273,29.13,27.73
765,29.13,27.73
388,29.13,27.73
667,29.13,27.73
513,29.13,27.73
425,29.13,27.73
545,29.13,27.73
659,29.13,27.73
522,29.13,27.73
428,29.13,27.73
237,29.13,27.73
530,29.13,27.73
706,29.13,27.73
408,29.13,27.73
397,29.13,27.73
326,29.13,27.73
621,29.13,27.73
119,29.13,27.73
507,29.13,27.73
177,29.13,27.73
671,29.13,27.73
519,29.13,27.73
561,29.13,27.73
635,29.11,27.73
436,29.11,27.73
467,29.11,27.73
434,29.11,27.73
606,29.11,27.73
347,29.11,27.73
403,29.11,27.73
348,29.11,27.73
882,29.11,27.73
448,29.11,27.73
746,29.11,27.73
257,29.11,27.73
869,29.11,27.73
316,29.11,27.73
731,29.11,27.73
426,29.11,27.73
539,29.11,27.73
834,29.11,27.73
254,29.11,27.73
870,29.11,27.73
122,29.11,27.73
801,29.11,27.73
532,29.11,27.73
571,29.11,27.79
219,29.11,27.79
872,29.11,27.79
119,29.11,27.79
487,29.11,27.79
354,29.11,27.79
619,29.11,27.79
614,29.11,27.79
424,29.11,27.79
882,29.11,27.79
404,29.11,27.79
612,29.11,27.79
309,29.11,27.79
882,29.11,27.79
339,29.11,27.79
883,29.11,27.79
172,29.11,27.79
438,29.11,27.79
574,29.11,27.79
329,29.11,27.79
506,29.11,27.79
532,29.11,27.79
517,29.11,27.79
377,29.11,27.79
514,29.11,27.79
219,29.11,27.79
882,29.11,27.79
119,29.11,27.79
672,29.11,27.79
197,29.11,27.79
514,29.11,27.79
298,29.11,27.79
743,29.11,27.79
534,29.11,27.79
321,29.11,27.79
563,29.11,27.79
407,29.11,27.79
728,29.11,27.79
132,29.11,27.79
649,29.11,27.79
161,29.11,27.79
507,29.11,27.79
472,29.11,27.79
552,29.11,27.79
476,29.11,27.79
674,29.11,27.79
190,29.11,27.79
588,29.11,27.79
120,29.11,27.79
467,29.11,27.79
695,29.11,27.79
120,29.11,27.79
716,29.11,27.79
249,29.11,27.79
646,29.11,27.79
126,29.11,27.79
803,29.11,27.79
120,29.11,27.79
609,29.11,27.79
409,29.11,27.79
482,29.11,27.87
827,29.11,27.87
512,29.11,27.87
882,29.11,27.87
421,29.11,27.87
252,29.11,27.87
356,29.11,27.87
422,29.11,27.87
424,29.11,27.87
635,29.11,27.87
119,29.11,27.87
743,29.11,27.87
242,29.11,27.87
578,29.11,27.87
592,29.11,27.87
326,29.11,27.87
443,29.11,27.87
382,29.11,27.87
828,29.11,27.87
120,29.11,27.87
882,29.11,27.87
404,29.11,27.87
651,29.11,27.87
646,29.11,27.87
196,29.11,27.87
589,29.11,27.87
383,29.11,27.87
528,29.11,27.87
363,29.11,27.87
493,29.11,27.87
576,29.11,27.87
478,29.11,27.87
719,29.11,27.87
583,29.11,27.87
202,29.11,27.87
882,29.11,27.87
287,29.09,27.87
773,29.09,27.87
824,29.09,27.87
637,29.09,27.87
453,29.09,27.87
613,29.09,27.87
635,29.09,27.87
464,29.09,27.87
840,29.09,27.87
264,29.09,27.87
621,29.09,27.87
565,29.09,27.87
589,29.09,27.87
576,29.09,27.87
470,29.09,27.87
429,29.09,27.87
745,29.09,27.87
448,29.09,27.87
408,29.09,27.87
688,29.09,27.87
354,29.09,27.87
882,29.09,27.87
264,29.09,27.87
729,29.09,28.07
447,29.09,28.07
762,29.09,28.07
342,29.09,28.07
882,29.09,28.07
467,29.09,28.07
352,29.09,28.07
722,29.09,28.07
150,29.09,28.07
865,29.09,28.07
216,29.09,28.07
883,29.09,28.07
320,29.09,28.07
404,29.09,28.07
882,29.09,28.07
494,29.09,28.07
664,29.09,28.07
435,29.09,28.07
554,29.09,28.07
578,29.09,28.07
442,29.09,28.07
626,29.09,28.07
878,29.09,28.07
141,29.09,28.07
813,29.09,28.07
607,29.09,28.07
520,29.09,28.07
317,29.09,28.07
854,29.09,28.07
455,29.09,28.07
854,29.09,28.07
445,29.09,28.07
509,29.09,28.07
882,29.09,28.07
119,29.09,28.07
779,29.09,28.07
484,29.09,28.07
215,29.15,28.07
697,29.15,28.07
463,29.15,28.07
440,29.15,28.07
558,29.15,28.07
586,29.15,28.07
423,29.15,28.07
870,29.15,28.07
522,29.15,28.07
745,29.15,28.07
738,29.15,28.07
367,29.15,28.07
604,29.15,28.07
413,29.15,28.07
636,29.15,28.07
453,29.15,28.07
474,29.15,28.07
632,29.15,28.07
583,29.15,28.07
282,29.15,28.07
779,29.15,28.07
169,29.15,28.07
568,29.15,28.07
333,29.15,27.93
597,29.15,27.93
728,29.15,27.93
128,29.15,27.93
832,29.15,27.93
299,29.15,27.93
273,29.15,27.93
328,29.15,27.93
508,29.15,27.93
274,29.15,27.93
298,29.15,27.93
453,29.15,27.93
390,29.15,27.93
119,29.15,27.93
180,29.15,27.93
468,29.15,27.93
266,29.15,27.93
276,29.15,27.93
581,29.15,27.93
544,29.15,27.93
119,29.15,27.93
882,29.15,27.93
313,29.15,27.93
769,29.15,27.93
238,29.15,27.93
291,29.15,27.93
455,29.15,27.93
122,29.15,27.93
472,29.15,27.93
561,29.15,27.93
133,29.15,27.93
518,29.15,27.93
679,29.15,27.93
605,29.15,27.93
525,29.15,27.93
605,29.15,27.93
671,29.13,27.93
342,29.13,27.93
529,29.13,27.93
535,29.13,27.93
724,29.13,27.93
121,29.13,27.93
883,29.13,27.93
525,29.13,27.93
475,29.13,27.93
750,29.13,27.93
561,29.13,27.93
727,29.13,27.93
516,29.13,27.93
881,29.13,27.93
617,29.13,27.93
638,29.13,27.93
499,29.13,27.93
881,29.13,27.93
333,29.13,27.93
533,29.13,27.93
295,29.13,27.93
860,29.13,27.93
444,29.13,27.93
682,29.13,27.93
701,29.13,27.81
284,29.13,27.81
764,29.13,27.81
188,29.13,27.81
855,29.13,27.81
123,29.13,27.81
709,29.13,27.81
261,29.13,27.81
678,29.13,27.81
559,29.13,27.81
672,29.13,27.81
870,29.13,27.81
479,29.13,27.81
686,29.13,27.81
497,29.13,27.81
552,29.13,27.81
318,29.13,27.81
867,29.13,27.81
367,29.13,27.81
567,29.13,27.81
368,29.13,27.81
641,29.13,27.81
130,29.13,27.81
765,29.13,27.81
229,29.13,27.81
445,29.13,27.81
535,29.13,27.81
384,29.13,27.81
807,29.13,27.81
219,29.13,27.81
515,29.13,27.81
390,29.13,27.81
319,29.13,27.81
380,29.13,27.81
359,29.13,27.81
174,29.13,27.81
475,29.15,27.81
225,29.15,27.81
717,29.15,27.81
166,29.15,27.81
740,29.15,27.81
444,29.15,27.81
662,29.15,27.81
316,29.15,27.81
321,29.15,27.81
882,29.15,27.81
120,29.15,27.81
656,29.15,27.81
317,29.15,27.81
880,29.15,27.81
283,29.15,27.81
506,29.15,27.81
658,29.15,27.81
722,29.15,27.81
221,29.15,27.81
724,29.15,27.81
296,29.15,27.81
708,29.15,27.81
582,29.15,27.81
432,29.15,27.75
852,29.15,27.75
