337,29.63,28.31
315,29.63,28.31
122,29.63,28.31
535,29.63,28.25
386,29.63,28.25
742,29.63,28.25
829,29.63,28.25
124,29.63,28.25
767,29.63,28.25
119,29.63,28.25
374,29.63,28.25
382,29.63,28.25
490,29.63,28.25
439,29.63,28.25
595,29.63,28.25
149,29.63,28.25
429,29.63,28.25
266,29.63,28.25
542,29.63,28.25
382,29.63,28.25
350,29.63,28.25
635,29.63,28.25
119,29.63,28.25
883,29.63,28.25
367,29.63,28.25
403,29.63,28.25
724,29.63,28.25
574,29.63,28.25
414,29.63,28.25
409,29.63,28.25
383,29.63,28.25
390,29.63,28.25
376,29.63,28.25
486,29.63,28.25
410,29.63,28.25
431,29.63,28.25
637,29.63,28.25
582,29.63,28.25
559,29.63,28.25
238,29.63,28.25
881,29.63,28.25
322,29.63,28.25
825,29.63,28.25
351,29.63,28.25
386,29.63,28.25
625,29.63,28.25
207,29.63,28.25
611,29.63,28.25
801,29.63,28.25
475,29.63,28.25
509,29.63,28.25
691,29.63,28.25
291,29.63,28.25
615,29.63,28.25
667,29.63,28.25
867,29.63,28.25
649,29.63,28.25
364,29.63,28.25
371,29.63,28.25
592,29.63,28.25
327,29.63,28.25
532,29.63,28.25
644,29.63,28.27
228,29.63,28.27
722,29.63,28.27
341,29.63,28.27
839,29.63,28.27
448,29.63,28.27
538,29.63,28.27
532,29.63,28.27
519,29.63,28.27
234,29.63,28.27
560,29.63,28.27
883,29.63,28.27
120,29.63,28.27
883,29.63,28.27
652,29.63,28.27
387,29.63,28.27
290,29.63,28.27
574,29.63,28.27
166,29.63,28.27
552,29.63,28.27
123,29.63,28.27
851,29.63,28.27
140,29.63,28.27
379,29.63,28.27
266,29.63,28.27
333,29.63,28.27
788,29.63,28.27
474,29.63,28.27
883,29.63,28.27
474,29.63,28.27
472,29.63,28.27
486,29.63,28.27
825,29.63,28.27
439,29.63,28.27
265,29.63,28.27
608,29.63,28.27
430,29.65,28.27
121,29.65,28.27
716,29.65,28.27
494,29.65,28.27
530,29.65,28.27
703,29.65,28.27
227,29.65,28.27
696,29.65,28.27
121,29.65,28.27
875,29.65,28.27
330,29.65,28.27
739,29.65,28.27
288,29.65,28.27
660,29.65,28.27
696,29.65,28.27
456,29.65,28.27
378,29.65,28.27
877,29.65,28.27
137,29.65,28.27
495,29.65,28.27
634,29.65,28.27
222,29.65,28.27
538,29.65,28.27
516,29.65,28.27
568,29.65,28.25
367,29.65,28.25
858,29.65,28.25
148,29.65,28.25
743,29.65,28.25
437,29.65,28.25
512,29.65,28.25
738,29.65,28.25
312,29.65,28.25
807,29.65,28.25
285,29.65,28.25
528,29.65,28.25
382,29.65,28.25
481,29.65,28.25
522,29.65,28.25
649,29.65,28.25
456,29.65,28.25
792,29.65,28.25
634,29.65,28.25
393,29.65,28.25
641,29.65,28.25
543,29.65,28.25
405,29.65,28.25
423,29.65,28.25
622,29.65,28.25
394,29.65,28.25
777,29.65,28.25
423,29.65,28.25
719,29.65,28.25
520,29.65,28.25
327,29.65,28.25
726,29.65,28.25
439,29.65,28.25
440,29.65,28.25
389,29.65,28.25
528,29.65,28.25
251,29.61,28.25
731,29.61,28.25
524,29.61,28.25
383,29.61,28.25
346,29.61,28.25
481,29.61,28.25
373,29.61,28.25
258,29.61,28.25
420,29.61,28.25
478,29.61,28.25
310,29.61,28.25
795,29.61,28.25
376,29.61,28.25
322,29.61,28.25
700,29.61,28.25
267,29.61,28.25
880,29.61,28.25
120,29.61,28.25
587,29.61,28.25
584,29.61,28.25
474,29.61,28.25
452,29.61,28.25
621,29.61,28.25
173,29.61,28.23
378,29.61,28.23
450,29.61,28.23
616,29.61,28.23
229,29.61,28.23
333,29.61,28.23
526,29.61,28.23
406,29.61,28.23
502,29.61,28.23
120,29.61,28.23
819,29.61,28.23
120,29.61,28.23
738,29.61,28.23
388,29.61,28.23
365,29.61,28.23
560,29.61,28.23
308,29.61,28.23
772,29.61,28.23
125,29.61,28.23
596,29.61,28.23
566,29.61,28.23
583,29.61,28.23
452,29.61,28.23
850,29.61,28.23
412,29.61,28.23
841,29.61,28.23
344,29.61,28.23
838,29.61,28.23
295,29.61,28.23
751,29.61,28.23
495,29.61,28.23
741,29.61,28.23
348,29.61,28.23
220,29.61,28.23
883,29.61,28.23
316,29.61,28.23
702,29.65,28.23
465,29.65,28.23
725,29.65,28.23
474,29.65,28.23
605,29.65,28.23
585,29.65,28.23
880,29.65,28.23
250,29.65,28.23
579,29.65,28.23
664,29.65,28.23
511,29.65,28.23
766,29.65,28.23
509,29.65,28.23
273,29.65,28.23
131,29.65,28.23
811,29.65,28.23
277,29.65,28.23
496,29.65,28.23
138,29.65,28.23
746,29.65,28.23
483,29.65,28.23
242,29.65,28.23
409,29.65,28.23
418,29.65,28.23
458,29.65,28.43
324,29.65,28.43
686,29.65,28.43
592,29.65,28.43
494,29.65,28.43
354,29.65,28.43
880,29.65,28.43
314,29.65,28.43
485,29.65,28.43
353,29.65,28.43
750,29.65,28.43
413,29.65,28.43
553,29.65,28.43
469,29.65,28.43
369,29.65,28.43
646,29.65,28.43
225,29.65,28.43
804,29.65,28.43
119,29.65,28.43
672,29.65,28.43
432,29.65,28.43
122,29.65,28.43
533,29.65,28.43
443,29.65,28.43
654,29.65,28.43
216,29.65,28.43
373,29.65,28.43
648,29.65,28.43
260,29.65,28.43
131,29.65,28.43
729,29.65,28.43
224,29.65,28.43
711,29.65,28.43
503,29.65,28.43
862,29.65,28.43
527,29.65,28.43
771,29.63,28.43
543,29.63,28.43
290,29.63,28.43
590,29.63,28.43
130,29.63,28.43
697,29.63,28.43
231,29.63,28.43
396,29.63,28.43
451,29.63,28.43
489,29.63,28.43
443,29.63,28.43
556,29.63,28.43
686,29.63,28.43
430,29.63,28.43
481,29.63,28.43
778,29.63,28.43
451,29.63,28.43
581,29.63,28.43
880,29.63,28.43
465,29.63,28.43
710,29.63,28.43
595,29.63,28.43
810,29.63,28.43
286,29.63,28.43
731,29.63,28.33
132,29.63,28.33
537,29.63,28.33
496,29.63,28.33
485,29.63,28.33
883,29.63,28.33
292,29.63,28.33
573,29.63,28.33
150,29.63,28.33
864,29.63,28.33
402,29.63,28.33
692,29.63,28.33
424,29.63,28.33
687,29.63,28.33
463,29.63,28.33
729,29.63,28.33
333,29.63,28.33
588,29.63,28.33
651,29.63,28.33
201,29.63,28.33
351,29.63,28.33
282,29.63,28.33
632,29.63,28.33
355,29.63,28.33
883,29.63,28.33
121,29.63,28.33
798,29.63,28.33
311,29.63,28.33
297,29.63,28.33
684,29.63,28.33
406,29.63,28.33
262,29.63,28.33
702,29.63,28.33
641,29.63,28.33
610,29.63,28.33
534,29.63,28.33
123,29.61,28.33
483,29.61,28.33
150,29.61,28.33
840,29.61,28.33
119,29.61,28.33
789,29.61,28.33
184,29.61,28.33
717,29.61,28.33
419,29.61,28.33
119,29.61,28.33
882,29.61,28.33
158,29.61,28.33
678,29.61,28.33
121,29.61,28.33
657,29.61,28.33
326,29.61,28.33
389,29.61,28.33
424,29.61,28.33
710,29.61,28.33
123,29.61,28.33
562,29.61,28.33
540,29.61,28.33
716,29.61,28.33
454,29.61,28.23
490,29.61,28.23
775,29.61,28.23
122,29.61,28.23
781,29.61,28.23
326,29.61,28.23
883,29.61,28.23
120,29.61,28.23
743,29.61,28.23
226,29.61,28.23
545,29.61,28.23
453,29.61,28.23
631,29.61,28.23
534,29.61,28.23
359,29.61,28.23
458,29.61,28.23
842,29.61,28.23
385,29.61,28.23
652,29.61,28.23
880,29.61,28.23
253,29.61,28.23
739,29.61,28.23
223,29.61,28.23
881,29.61,28.23
353,29.61,28.23
863,29.61,28.23
313,29.61,28.23
820,29.61,28.23
550,29.61,28.23
679,29.61,28.23
881,29.61,28.23
122,29.61,28.23
856,29.61,28.23
331,29.61,28.23
685,29.61,28.23
424,29.61,28.23
463,29.65,28.23
825,29.65,28.23
562,29.65,28.23
152,29.65,28.23
782,29.65,28.23
411,29.65,28.23
327,29.65,28.23
545,29.65,28.23
281,29.65,28.23
480,29.65,28.23
395,29.65,28.23
609,29.65,28.23
390,29.65,28.23
669,29.65,28.23
119,29.65,28.23
725,29.65,28.23
630,29.65,28.23
205,29.65,28.23
883,29.65,28.23
187,29.65,28.23
534,29.65,28.23
269,29.65,28.23
682,29.65,28.23
