364,30.69,29.23
536,30.69,29.23
135,30.69,29.23
399,30.69,29.23
687,30.69,29.23
780,30.69,29.23
884,30.69,29.23
407,30.69,29.23
709,30.69,29.23
608,30.69,29.23
788,30.69,29.23
123,30.69,29.23
750,30.69,29.23
385,30.69,29.23
591,30.69,29.23
546,30.69,29.23
491,30.69,29.23
605,30.69,29.23
463,30.69,29.23
358,30.69,29.23
521,30.69,29.23
476,30.69,29.23
499,30.69,29.23
641,30.69,29.23
350,30.69,29.23
633,30.69,29.23
448,30.69,29.23
859,30.69,29.23
507,30.69,29.23
656,30.69,29.23
590,30.69,29.23
529,30.69,29.23
596,30.69,29.23
120,30.69,29.23
792,30.69,29.23
273,30.69,29.23
788,30.69,29.23
494,30.69,29.23
537,30.69,29.23
514,30.69,29.23
605,30.69,29.23
854,30.69,29.23
268,30.69,29.23
406,30.69,29.23
331,30.69,29.23
432,30.69,29.23
463,30.69,29.23
270,30.69,29.23
423,30.69,29.23
821,30.69,29.23
293,30.69,29.23
858,30.69,29.23
179,30.69,29.23
603,30.69,29.43
127,30.69,29.43
503,30.69,29.43
620,30.69,29.43
616,30.69,29.43
876,30.69,29.43
135,30.69,29.43
708,30.69,29.43
146,30.69,29.43
709,30.69,29.43
479,30.69,29.43
347,30.69,29.43
536,30.69,29.43
615,30.69,29.43
119,30.69,29.43
708,30.69,29.43
527,30.69,29.43
272,30.69,29.43
619,30.69,29.43
184,30.69,29.43
633,30.69,29.43
318,30.69,29.43
668,30.69,29.43
259,30.69,29.43
817,30.69,29.43
260,30.69,29.43
635,30.69,29.43
283,30.69,29.43
544,30.69,29.43
725,30.69,29.43
287,30.69,29.43
197,30.69,29.43
438,30.69,29.43
272,30.69,29.43
689,30.69,29.43
600,30.69,29.43
581,30.69,29.43
755,30.69,29.43
310,30.69,29.43
879,30.69,29.43
222,30.69,29.43
602,30.69,29.43
537,30.69,29.43
407,30.69,29.43
585,30.69,29.43
729,30.69,29.43
509,30.69,29.43
326,30.69,29.43
774,30.69,29.43
298,30.69,29.43
718,30.69,29.43
248,30.69,29.43
606,30.69,29.43
713,30.69,29.43
383,30.69,29.43
570,30.69,29.43
512,30.69,29.43
682,30.69,29.43
682,30.69,29.43
499,30.69,29.43
601,30.69,29.43
579,30.69,29.43
317,30.69,29.43
883,30.69,29.43
155,30.69,29.43
809,30.69,29.43
403,30.69,29.43
806,30.69,29.43
120,30.69,29.43
692,30.69,29.43
597,30.69,29.43
397,30.69,29.43
574,30.69,29.43
347,30.69,29.43
671,30.69,29.43
251,30.69,29.43
540,30.69,29.43
504,30.69,29.43
441,30.69,29.43
382,30.69,29.43
659,30.69,29.43
340,30.69,29.43
718,30.69,29.43
183,30.69,29.43
742,30.69,29.43
497,30.69,29.43
120,30.69,29.43
736,30.69,29.43
334,30.69,29.43
716,30.69,29.43
119,30.69,29.43
723,30.69,29.43
264,30.69,29.43
581,30.69,29.43
287,30.69,29.43
482,30.71,29.43
394,30.71,29.43
317,30.71,29.43
377,30.71,29.43
249,30.71,29.43
460,30.71,29.43
696,30.71,29.43
401,30.71,29.43
299,30.71,29.43
650,30.71,29.43
202,30.71,29.43
884,30.71,29.43
330,30.71,29.43
852,30.71,29.43
728,30.71,29.43
568,30.71,29.43
601,30.71,29.43
484,30.71,29.43
792,30.71,29.43
213,30.71,29.43
586,30.71,29.43
356,30.71,29.43
373,30.71,29.43
657,30.71,29.43
485,30.71,29.25
856,30.71,29.25
641,30.71,29.25
409,30.71,29.25
660,30.71,29.25
264,30.71,29.25
600,30.71,29.25
634,30.71,29.25
432,30.71,29.25
387,30.71,29.25
504,30.71,29.25
608,30.71,29.25
121,30.71,29.25
860,30.71,29.25
599,30.71,29.25
640,30.71,29.25
483,30.71,29.25
537,30.71,29.25
713,30.71,29.25
490,30.71,29.25
606,30.71,29.25
539,30.71,29.25
394,30.71,29.25
535,30.71,29.25
507,30.71,29.25
458,30.71,29.25
646,30.71,29.25
121,30.71,29.25
671,30.71,29.25
307,30.71,29.25
757,30.71,29.25
318,30.71,29.25
222,30.71,29.25
415,30.71,29.25
469,30.71,29.25
654,30.71,29.25
412,30.67,29.25
729,30.67,29.25
383,30.67,29.25
884,30.67,29.25
173,30.67,29.25
700,30.67,29.25
192,30.67,29.25
791,30.67,29.25
563,30.67,29.25
483,30.67,29.25
135,30.67,29.25
755,30.67,29.25
118,30.67,29.25
614,30.67,29.25
599,30.67,29.25
119,30.67,29.25
883,30.67,29.25
122,30.67,29.25
629,30.67,29.25
476,30.67,29.25
530,30.67,29.25
544,30.67,29.25
475,30.67,29.25
325,30.67,29.39
586,30.67,29.39
475,30.67,29.39
126,30.67,29.39
548,30.67,29.39
119,30.67,29.39
365,30.67,29.39
566,30.67,29.39
402,30.67,29.39
498,30.67,29.39
882,30.67,29.39
124,30.67,29.39
883,30.67,29.39
470,30.67,29.39
756,30.67,29.39
484,30.67,29.39
483,30.67,29.39
703,30.67,29.39
205,30.67,29.39
681,30.67,29.39
375,30.67,29.39
579,30.67,29.39
576,30.67,29.39
512,30.67,29.39
658,30.67,29.39
662,30.67,29.39
771,30.67,29.39
735,30.67,29.39
545,30.67,29.39
761,30.67,29.39
414,30.67,29.39
709,30.67,29.39
594,30.67,29.39
531,30.67,29.39
642,30.67,29.39
347,30.67,29.39
763,30.67,29.39
304,30.67,29.39
865,30.67,29.39
541,30.67,29.39
611,30.67,29.39
704,30.67,29.39
643,30.67,29.39
432,30.67,29.39
622,30.67,29.39
835,30.67,29.39
611,30.67,29.39
742,30.67,29.39
441,30.67,29.39
794,30.67,29.39
264,30.67,29.39
531,30.67,29.39
457,30.67,29.39
747,30.67,29.39
132,30.67,29.39
846,30.67,29.39
405,30.67,29.39
557,30.67,29.39
384,30.67,29.39
322,30.67,29.39
798,30.67,29.39
170,30.67,29.39
822,30.67,29.39
353,30.67,29.39
647,30.67,29.39
360,30.67,29.39
781,30.67,29.39
519,30.67,29.39
499,30.67,29.39
590,30.67,29.39
411,30.67,29.39
446,30.67,29.39
401,30.67,29.39
544,30.67,29.39
408,30.67,29.39
290,30.67,29.39
392,30.67,29.39
558,30.67,29.39
206,30.67,29.39
777,30.67,29.39
251,30.67,29.39
882,30.67,29.39
277,30.67,29.39
474,30.67,29.39
667,30.67,29.39
484,30.67,29.39
330,30.67,29.39
703,30.67,29.39
266,30.67,29.39
427,30.67,29.39
463,30.67,29.39
450,30.67,29.39
505,30.67,29.39
378,30.67,29.39
693,30.67,29.39
373,30.67,29.39
883,30.73,29.39
292,30.73,29.39
822,30.73,29.39
298,30.73,29.39
334,30.73,29.39
584,30.73,29.39
499,30.73,29.39
677,30.73,29.39
297,30.73,29.39
883,30.73,29.39
378,30.73,29.39
865,30.73,29.39
629,30.73,29.39
447,30.73,29.39
531,30.73,29.39
883,30.73,29.39
547,30.73,29.39
486,30.73,29.39
597,30.73,29.39
657,30.73,29.39
660,30.73,29.39
462,30.73,29.39
761,30.73,29.39
560,30.73,29.29
640,30.73,29.29
268,30.73,29.29
810,30.73,29.29
119,30.73,29.29
827,30.73,29.29
714,30.73,29.29
459,30.73,29.29
633,30.73,29.29
377,30.73,29.29
364,30.73,29.29
384,30.73,29.29
445,30.73,29.29
637,30.73,29.29
655,30.73,29.29
561,30.73,29.29
805,30.73,29.29
477,30.73,29.29
344,30.73,29.29
171,30.73,29.29
655,30.73,29.29
405,30.73,29.29
620,30.73,29.29
380,30.73,29.29
333,30.73,29.29
837,30.73,29.29
353,30.73,29.29
856,30.73,29.29
167,30.73,29.29
398,30.73,29.29
615,30.73,29.29
229,30.73,29.29
501,30.73,29.29
259,30.73,29.29
466,30.73,29.29
769,30.73,29.29
165,30.67,29.29
723,30.67,29.29
285,30.67,29.29
458,30.67,29.29
457,30.67,29.29
489,30.67,29.29
329,30.67,29.29
315,30.67,29.29
883,30.67,29.29
296,30.67,29.29
531,30.67,29.29
575,30.67,29.29
691,30.67,29.29
760,30.67,29.29
213,30.67,29.29
704,30.67,29.29
397,30.67,29.29
319,30.67,29.29
584,30.67,29.29
595,30.67,29.29
329,30.67,29.29
575,30.67,29.29
353,30.67,29.29
712,30.67,29.29
267,30.67,29.19
494,30.67,29.19
645,30.67,29.19
712,30.67,29.19
417,30.67,29.19
658,30.67,29.19
475,30.67,29.19
323,30.67,29.19
881,30.67,29.19
