551,31.07,29.79
123,31.07,29.79
308,31.07,29.79
317,31.07,29.79
570,31.07,29.79
741,31.07,29.79
883,31.07,29.79
709,31.07,29.79
425,31.07,29.79
300,31.07,29.79
612,31.07,29.79
158,31.07,29.79
593,31.07,29.79
358,31.07,29.79
289,31.07,29.79
129,31.07,29.79
556,31.07,29.79
633,31.07,29.79
309,31.07,29.79
726,31.07,29.79
443,31.07,29.79
533,31.07,29.79
473,31.07,29.79
311,31.07,29.79
635,31.07,29.79
427,31.07,29.79
608,31.07,29.79
203,31.07,29.79
569,31.07,29.79
243,31.07,29.79
479,31.07,29.79
574,31.07,29.79
315,31.07,29.79
292,31.07,29.79
766,31.07,29.79
535,31.07,29.79
229,31.07,29.79
763,31.07,29.79
403,31.07,29.79
553,31.07,29.77
569,31.07,29.77
374,31.07,29.77
123,31.07,29.77
484,31.07,29.77
119,31.07,29.77
644,31.07,29.77
321,31.07,29.77
361,31.07,29.77
505,31.07,29.77
202,31.07,29.77
623,31.07,29.77
417,31.07,29.77
292,31.07,29.77
296,31.07,29.77
445,31.07,29.77
503,31.07,29.77
537,31.07,29.77
209,31.07,29.77
500,31.07,29.77
515,31.07,29.77
257,31.07,29.77
462,31.07,29.77
246,31.07,29.77
371,31.07,29.77
505,31.07,29.77
500,31.07,29.77
281,31.07,29.77
811,31.07,29.77
400,31.07,29.77
735,31.07,29.77
558,31.07,29.77
127,31.07,29.77
845,31.07,29.77
275,31.07,29.77
780,31.07,29.77
120,31.05,29.77
790,31.05,29.77
335,31.05,29.77
310,31.05,29.77
749,31.05,29.77
280,31.05,29.77
377,31.05,29.77
502,31.05,29.77
530,31.05,29.77
522,31.05,29.77
537,31.05,29.77
570,31.05,29.77
816,31.05,29.77
406,31.05,29.77
602,31.05,29.77
392,31.05,29.77
735,31.05,29.77
238,31.05,29.77
675,31.05,29.77
302,31.05,29.77
427,31.05,29.77
405,31.05,29.77
582,31.05,29.77
753,31.05,29.85
132,31.05,29.85
882,31.05,29.85
648,31.05,29.85
820,31.05,29.85
193,31.05,29.85
699,31.05,29.85
544,31.05,29.85
226,31.05,29.85
837,31.05,29.85
433,31.05,29.85
518,31.05,29.85
460,31.05,29.85
391,31.05,29.85
605,31.05,29.85
546,31.05,29.85
144,31.05,29.85
783,31.05,29.85
305,31.05,29.85
838,31.05,29.85
497,31.05,29.85
584,31.05,29.85
466,31.05,29.85
524,31.05,29.85
884,31.05,29.85
291,31.05,29.85
845,31.05,29.85
228,31.05,29.85
884,31.05,29.85
196,31.05,29.85
754,31.05,29.85
420,31.05,29.85
503,31.05,29.85
618,31.05,29.85
695,31.05,29.85
557,31.05,29.85
719,31.05,29.85
729,31.07,29.85
529,31.07,29.85
712,31.07,29.85
279,31.07,29.85
858,31.07,29.85
141,31.07,29.85
884,31.07,29.85
139,31.07,29.85
789,31.07,29.85
357,31.07,29.85
414,31.07,29.85
735,31.07,29.85
233,31.07,29.85
571,31.07,29.85
206,31.07,29.85
884,31.07,29.85
217,31.07,29.85
731,31.07,29.85
451,31.07,29.85
609,31.07,29.85
731,31.07,29.85
403,31.07,29.85
506,31.07,29.85
560,31.07,29.69
324,31.07,29.69
246,31.07,29.69
545,31.07,29.69
261,31.07,29.69
567,31.07,29.69
247,31.07,29.69
851,31.07,29.69
174,31.07,29.69
785,31.07,29.69
596,31.07,29.69
502,31.07,29.69
467,31.07,29.69
362,31.07,29.69
729,31.07,29.69
321,31.07,29.69
737,31.07,29.69
495,31.07,29.69
719,31.07,29.69
355,31.07,29.69
694,31.07,29.69
543,31.07,29.69
313,31.07,29.69
488,31.07,29.69
164,31.07,29.69
507,31.07,29.69
424,31.07,29.69
344,31.07,29.69
421,31.07,29.69
722,31.07,29.69
119,31.07,29.69
568,31.07,29.69
484,31.07,29.69
464,31.07,29.69
314,31.07,29.69
667,31.07,29.69
336,31.07,29.69
174,31.07,29.69
876,31.07,29.69
421,31.07,29.69
710,31.07,29.69
425,31.07,29.69
524,31.07,29.69
432,31.07,29.69
339,31.07,29.69
556,31.07,29.69
503,31.07,29.69
565,31.07,29.69
461,31.07,29.69
727,31.07,29.69
605,31.07,29.69
446,31.07,29.69
340,31.07,29.69
639,31.07,29.69
270,31.07,29.69
779,31.07,29.69
227,31.07,29.69
693,31.07,29.69
120,31.07,29.69
694,31.07,29.69
616,31.07,29.83
361,31.07,29.83
651,31.07,29.83
318,31.07,29.83
740,31.07,29.83
119,31.07,29.83
795,31.07,29.83
156,31.07,29.83
652,31.07,29.83
467,31.07,29.83
656,31.07,29.83
328,31.07,29.83
384,31.07,29.83
264,31.07,29.83
389,31.07,29.83
462,31.07,29.83
711,31.07,29.83
788,31.07,29.83
654,31.07,29.83
670,31.07,29.83
367,31.07,29.83
834,31.07,29.83
139,31.07,29.83
602,31.07,29.83
345,31.07,29.83
536,31.07,29.83
391,31.07,29.83
480,31.07,29.83
728,31.07,29.83
346,31.07,29.83
826,31.07,29.83
544,31.07,29.83
511,31.07,29.83
475,31.07,29.83
741,31.07,29.83
529,31.07,29.83
775,31.05,29.83
251,31.05,29.83
831,31.05,29.83
590,31.05,29.83
421,31.05,29.83
638,31.05,29.83
540,31.05,29.83
522,31.05,29.83
352,31.05,29.83
804,31.05,29.83
143,31.05,29.83
729,31.05,29.83
411,31.05,29.83
835,31.05,29.83
514,31.05,29.83
459,31.05,29.83
758,31.05,29.83
315,31.05,29.83
630,31.05,29.83
615,31.05,29.83
544,31.05,29.83
491,31.05,29.83
393,31.05,29.83
851,31.05,29.83
883,31.05,29.59
270,31.05,29.59
563,31.05,29.59
592,31.05,29.59
742,31.05,29.59
275,31.05,29.59
632,31.05,29.59
660,31.05,29.59
535,31.05,29.59
462,31.05,29.59
504,31.05,29.59
824,31.05,29.59
273,31.05,29.59
814,31.05,29.59
673,31.05,29.59
120,31.05,29.59
636,31.05,29.59
438,31.05,29.59
667,31.05,29.59
540,31.05,29.59
564,31.05,29.59
508,31.05,29.59
555,31.05,29.59
424,31.05,29.59
560,31.05,29.59
527,31.05,29.59
130,31.05,29.59
854,31.05,29.59
668,31.05,29.59
438,31.05,29.59
243,31.05,29.59
402,31.05,29.59
474,31.05,29.59
348,31.05,29.59
207,31.05,29.59
885,31.05,29.59
369,31.09,29.59
426,31.09,29.59
506,31.09,29.59
637,31.09,29.59
669,31.09,29.59
299,31.09,29.59
777,31.09,29.59
464,31.09,29.59
314,31.09,29.59
390,31.09,29.59
669,31.09,29.59
696,31.09,29.59
260,31.09,29.59
850,31.09,29.59
221,31.09,29.59
589,31.09,29.59
413,31.09,29.59
304,31.09,29.59
409,31.09,29.59
408,31.09,29.59
510,31.09,29.59
537,31.09,29.59
328,31.09,29.59
450,31.09,29.59
118,31.09,29.69
453,31.09,29.69
378,31.09,29.69
246,31.09,29.69
776,31.09,29.69
119,31.09,29.69
837,31.09,29.69
693,31.09,29.69
625,31.09,29.69
538,31.09,29.69
359,31.09,29.69
491,31.09,29.69
120,31.09,29.69
552,31.09,29.69
195,31.09,29.69
709,31.09,29.69
247,31.09,29.69
123,31.09,29.69
504,31.09,29.69
328,31.09,29.69
467,31.09,29.69
682,31.09,29.69
118,31.09,29.69
371,31.09,29.69
489,31.09,29.69
439,31.09,29.69
259,31.09,29.69
452,31.09,29.69
357,31.09,29.69
191,31.09,29.69
647,31.09,29.69
119,31.09,29.69
476,31.09,29.69
162,31.09,29.69
525,31.09,29.69
519,31.09,29.69
373,31.07,29.69
572,31.07,29.69
645,31.07,29.69
707,31.07,29.69
121,31.07,29.69
799,31.07,29.69
190,31.07,29.69
632,31.07,29.69
488,31.07,29.69
471,31.07,29.69
122,31.07,29.69
587,31.07,29.69
170,31.07,29.69
692,31.07,29.69
390,31.07,29.69
240,31.07,29.69
882,31.07,29.69
157,31.07,29.69
405,31.07,29.69
223,31.07,29.69
881,31.07,29.69
118,31.07,29.69
748,31.07,29.69
322,31.07,29.69
670,31.07,29.69
455,31.07,29.69
380,31.07,29.69
576,31.07,29.69
308,31.07,29.69
425,31.07,29.69
514,31.07,29.69
691,31.07,29.69
277,31.07,29.69
833,31.07,29.69
422,31.07,29.69
634,31.07,29.69
122,31.07,29.69
832,31.07,29.69
329,31.07,29.69
627,31.07,29.69
465,31.07,29.69
586,31.07,29.69
714,31.07,29.69
211,31.07,29.69
816,31.07,29.69
513,31.07,29.69
