715,30.97,29.79
206,30.97,29.79
625,30.97,29.79
121,30.97,29.79
135,30.97,29.79
518,30.97,29.79
668,30.97,29.79
448,30.97,29.79
208,30.97,29.79
560,30.97,29.79
391,30.97,29.79
437,30.97,29.79
632,30.97,29.79
446,30.97,29.79
360,30.97,29.79
841,30.97,29.79
655,30.97,29.79
749,30.95,29.79
438,30.95,29.79
353,30.95,29.79
834,30.95,29.79
501,30.95,29.79
681,30.95,29.79
544,30.95,29.79
707,30.95,29.79
228,30.95,29.79
656,30.95,29.79
324,30.95,29.79
573,30.95,29.79
645,30.95,29.79
689,30.95,29.79
664,30.95,29.79
438,30.95,29.79
435,30.95,29.79
717,30.95,29.79
645,30.95,29.79
432,30.95,29.79
853,30.95,29.79
390,30.95,29.79
649,30.95,29.79
182,30.95,29.79
880,30.95,29.75
335,30.95,29.75
537,30.95,29.75
631,30.95,29.75
539,30.95,29.75
678,30.95,29.75
170,30.95,29.75
875,30.95,29.75
427,30.95,29.75
848,30.95,29.75
246,30.95,29.75
587,30.95,29.75
442,30.95,29.75
420,30.95,29.75
657,30.95,29.75
343,30.95,29.75
524,30.95,29.75
638,30.95,29.75
466,30.95,29.75
533,30.95,29.75
799,30.95,29.75
121,30.95,29.75
711,30.95,29.75
357,30.95,29.75
884,30.95,29.75
204,30.95,29.75
722,30.95,29.75
387,30.95,29.75
778,30.95,29.75
658,30.95,29.75
298,30.95,29.75
556,30.95,29.75
509,30.95,29.75
738,30.95,29.75
359,30.95,29.75
548,30.95,29.75
728,30.95,29.75
408,30.95,29.75
589,30.95,29.75
617,30.95,29.75
277,30.95,29.75
670,30.95,29.75
286,30.95,29.75
570,30.95,29.75
749,30.95,29.75
223,30.95,29.75
771,30.95,29.75
207,30.95,29.75
586,30.95,29.75
119,30.95,29.75
831,30.95,29.75
119,30.95,29.75
575,30.95,29.75
134,30.95,29.75
557,30.95,29.75
567,30.95,29.75
373,30.95,29.75
684,30.95,29.75
401,30.95,29.75
577,30.95,29.75
702,30.95,29.71
407,30.95,29.71
402,30.95,29.71
747,30.95,29.71
260,30.95,29.71
650,30.95,29.71
498,30.95,29.71
864,30.95,29.71
745,30.95,29.71
584,30.95,29.71
275,30.95,29.71
273,30.95,29.71
539,30.95,29.71
211,30.95,29.71
693,30.95,29.71
344,30.95,29.71
769,30.95,29.71
477,30.95,29.71
532,30.95,29.71
656,30.95,29.71
579,30.95,29.71
534,30.95,29.71
534,30.95,29.71
436,30.95,29.71
422,30.95,29.71
119,30.95,29.71
450,30.95,29.71
693,30.95,29.71
407,30.95,29.71
611,30.95,29.71
419,30.95,29.71
884,30.95,29.71
536,30.95,29.71
718,30.95,29.71
475,30.95,29.71
591,30.95,29.71
813,30.93,29.71
585,30.93,29.71
803,30.93,29.71
394,30.93,29.71
677,30.93,29.71
391,30.93,29.71
562,30.93,29.71
680,30.93,29.71
527,30.93,29.71
570,30.93,29.71
589,30.93,29.71
341,30.93,29.71
710,30.93,29.71
321,30.93,29.71
696,30.93,29.71
728,30.93,29.71
264,30.93,29.71
832,30.93,29.71
297,30.93,29.71
884,30.93,29.71
404,30.93,29.71
732,30.93,29.71
306,30.93,29.71
513,30.93,29.49
419,30.93,29.49
449,30.93,29.49
304,30.93,29.49
208,30.93,29.49
362,30.93,29.49
573,30.93,29.49
320,30.93,29.49
702,30.93,29.49
620,30.93,29.49
364,30.93,29.49
869,30.93,29.49
118,30.93,29.49
883,30.93,29.49
311,30.93,29.49
555,30.93,29.49
226,30.93,29.49
559,30.93,29.49
413,30.93,29.49
319,30.93,29.49
386,30.93,29.49
121,30.93,29.49
741,30.93,29.49
155,30.93,29.49
663,30.93,29.49
527,30.93,29.49
408,30.93,29.49
621,30.93,29.49
608,30.93,29.49
264,30.93,29.49
575,30.93,29.49
309,30.93,29.49
724,30.93,29.49
314,30.93,29.49
411,30.93,29.49
377,30.93,29.49
356,30.95,29.49
695,30.95,29.49
232,30.95,29.49
884,30.95,29.49
229,30.95,29.49
845,30.95,29.49
228,30.95,29.49
795,30.95,29.49
481,30.95,29.49
766,30.95,29.49
637,30.95,29.49
344,30.95,29.49
379,30.95,29.49
560,30.95,29.49
569,30.95,29.49
466,30.95,29.49
791,30.95,29.49
240,30.95,29.49
867,30.95,29.49
119,30.95,29.49
827,30.95,29.49
261,30.95,29.49
696,30.95,29.49
355,30.95,29.49
590,30.95,29.59
765,30.95,29.59
468,30.95,29.59
821,30.95,29.59
312,30.95,29.59
883,30.95,29.59
391,30.95,29.59
676,30.95,29.59
478,30.95,29.59
437,30.95,29.59
613,30.95,29.59
545,30.95,29.59
192,30.95,29.59
813,30.95,29.59
405,30.95,29.59
739,30.95,29.59
409,30.95,29.59
310,30.95,29.59
654,30.95,29.59
475,30.95,29.59
880,30.95,29.59
699,30.95,29.59
291,30.95,29.59
591,30.95,29.59
334,30.95,29.59
363,30.95,29.59
507,30.95,29.59
548,30.95,29.59
259,30.95,29.59
763,30.95,29.59
358,30.95,29.59
262,30.95,29.59
422,30.95,29.59
778,30.95,29.59
635,30.95,29.59
696,30.95,29.59
266,30.99,29.59
720,30.99,29.59
395,30.99,29.59
619,30.99,29.59
418,30.99,29.59
588,30.99,29.59
672,30.99,29.59
121,30.99,29.59
883,30.99,29.59
253,30.99,29.59
463,30.99,29.59
671,30.99,29.59
537,30.99,29.59
334,30.99,29.59
378,30.99,29.59
870,30.99,29.59
441,30.99,29.59
672,30.99,29.59
195,30.99,29.59
612,30.99,29.59
394,30.99,29.59
477,30.99,29.59
339,30.99,29.59
361,30.99,29.59
360,30.99,29.63
708,30.99,29.63
291,30.99,29.63
657,30.99,29.63
684,30.99,29.63
337,30.99,29.63
681,30.99,29.63
120,30.99,29.63
883,30.99,29.63
232,30.99,29.63
483,30.99,29.63
298,30.99,29.63
820,30.99,29.63
434,30.99,29.63
595,30.99,29.63
643,30.99,29.63
390,30.99,29.63
288,30.99,29.63
280,30.99,29.63
547,30.99,29.63
396,30.99,29.63
459,30.99,29.63
764,30.99,29.63
625,30.99,29.63
118,30.99,29.63
732,30.99,29.63
494,30.99,29.63
846,30.99,29.63
239,30.99,29.63
302,30.99,29.63
724,30.99,29.63
120,30.99,29.63
515,30.99,29.63
375,30.99,29.63
693,30.99,29.63
227,30.99,29.63
816,30.93,29.63
299,30.93,29.63
559,30.93,29.63
602,30.93,29.63
725,30.93,29.63
655,30.93,29.63
383,30.93,29.63
389,30.93,29.63
779,30.93,29.63
384,30.93,29.63
704,30.93,29.63
718,30.93,29.63
285,30.93,29.63
634,30.93,29.63
320,30.93,29.63
861,30.93,29.63
275,30.93,29.63
720,30.93,29.63
328,30.93,29.63
850,30.93,29.63
310,30.93,29.63
532,30.93,29.63
734,30.93,29.63
372,30.93,29.57
646,30.93,29.57
441,30.93,29.57
564,30.93,29.57
376,30.93,29.57
372,30.93,29.57
595,30.93,29.57
564,30.93,29.57
155,30.93,29.57
882,30.93,29.57
119,30.93,29.57
645,30.93,29.57
486,30.93,29.57
419,30.93,29.57
628,30.93,29.57
287,30.93,29.57
573,30.93,29.57
497,30.93,29.57
652,30.93,29.57
209,30.93,29.57
864,30.93,29.57
432,30.93,29.57
637,30.93,29.57
639,30.93,29.57
444,30.93,29.57
347,30.93,29.57
323,30.93,29.57
231,30.93,29.57
524,30.93,29.57
253,30.93,29.57
687,30.93,29.57
391,30.93,29.57
256,30.93,29.57
727,30.93,29.57
395,30.93,29.57
387,30.93,29.57
530,30.95,29.57
366,30.95,29.57
669,30.95,29.57
358,30.95,29.57
581,30.95,29.57
671,30.95,29.57
209,30.95,29.57
500,30.95,29.57
481,30.95,29.57
527,30.95,29.57
528,30.95,29.57
571,30.95,29.57
418,30.95,29.57
344,30.95,29.57
775,30.95,29.57
465,30.95,29.57
761,30.95,29.57
234,30.95,29.57
730,30.95,29.57
592,30.95,29.57
118,30.95,29.57
527,30.95,29.57
630,30.95,29.57
561,30.95,29.57
728,30.95,29.83
579,30.95,29.83
704,30.95,29.83
464,30.95,29.83
459,30.95,29.83
564,30.95,29.83
729,30.95,29.83
374,30.95,29.83
608,30.95,29.83
641,30.95,29.83
342,30.95,29.83
584,30.95,29.83
693,30.95,29.83
547,30.95,29.83
716,30.95,29.83
364,30.95,29.83
697,30.95,29.83
508,30.95,29.83
639,30.95,29.83
125,30.95,29.83
540,30.95,29.83
