119,30.85,29.49
883,30.85,29.49
189,30.85,29.49
529,30.85,29.65
315,30.85,29.65
436,30.85,29.65
882,30.85,29.65
556,30.85,29.65
846,30.85,29.65
243,30.85,29.65
755,30.85,29.65
255,30.85,29.65
699,30.85,29.65
533,30.85,29.65
494,30.85,29.65
633,30.85,29.65
643,30.85,29.65
420,30.85,29.65
391,30.85,29.65
119,30.85,29.65
870,30.85,29.65
486,30.85,29.65
510,30.85,29.65
699,30.85,29.65
119,30.85,29.65
611,30.85,29.65
516,30.85,29.65
757,30.85,29.65
336,30.85,29.65
706,30.85,29.65
174,30.85,29.65
574,30.85,29.65
560,30.85,29.65
120,30.85,29.65
884,30.85,29.65
333,30.85,29.65
420,30.85,29.65
511,30.85,29.65
480,30.85,29.65
542,30.89,29.65
583,30.89,29.65
361,30.89,29.65
123,30.89,29.65
741,30.89,29.65
716,30.89,29.65
486,30.89,29.65
481,30.89,29.65
740,30.89,29.65
118,30.89,29.65
696,30.89,29.65
122,30.89,29.65
442,30.89,29.65
309,30.89,29.65
537,30.89,29.65
286,30.89,29.65
543,30.89,29.65
593,30.89,29.65
506,30.89,29.65
706,30.89,29.65
121,30.89,29.65
417,30.89,29.65
121,30.89,29.65
330,30.89,29.65
540,30.89,29.29
468,30.89,29.29
138,30.89,29.29
489,30.89,29.29
226,30.89,29.29
878,30.89,29.29
411,30.89,29.29
238,30.89,29.29
819,30.89,29.29
552,30.89,29.29
724,30.89,29.29
319,30.89,29.29
727,30.89,29.29
436,30.89,29.29
679,30.89,29.29
424,30.89,29.29
766,30.89,29.29
369,30.89,29.29
391,30.89,29.29
567,30.89,29.29
266,30.89,29.29
230,30.89,29.29
822,30.89,29.29
292,30.89,29.29
684,30.89,29.29
734,30.89,29.29
122,30.89,29.29
880,30.89,29.29
243,30.89,29.29
777,30.89,29.29
552,30.89,29.29
634,30.89,29.29
332,30.89,29.29
694,30.89,29.29
558,30.89,29.29
450,30.89,29.29
758,30.87,29.29
121,30.87,29.29
861,30.87,29.29
242,30.87,29.29
747,30.87,29.29
751,30.87,29.29
519,30.87,29.29
614,30.87,29.29
749,30.87,29.29
221,30.87,29.29
450,30.87,29.29
665,30.87,29.29
559,30.87,29.29
491,30.87,29.29
332,30.87,29.29
728,30.87,29.29
276,30.87,29.29
852,30.87,29.29
324,30.87,29.29
883,30.87,29.29
157,30.87,29.29
700,30.87,29.29
463,30.87,29.29
408,30.87,29.55
617,30.87,29.55
463,30.87,29.55
817,30.87,29.55
118,30.87,29.55
717,30.87,29.55
366,30.87,29.55
476,30.87,29.55
315,30.87,29.55
776,30.87,29.55
360,30.87,29.55
345,30.87,29.55
221,30.87,29.55
834,30.87,29.55
454,30.87,29.55
206,30.87,29.55
884,30.87,29.55
432,30.87,29.55
481,30.87,29.55
170,30.87,29.55
883,30.87,29.55
406,30.87,29.55
660,30.87,29.55
442,30.87,29.55
659,30.87,29.55
197,30.87,29.55
535,30.87,29.55
590,30.87,29.55
510,30.87,29.55
141,30.87,29.55
534,30.87,29.55
390,30.87,29.55
379,30.87,29.55
859,30.87,29.55
136,30.87,29.55
600,30.87,29.55
292,30.87,29.55
497,30.85,29.55
578,30.85,29.55
712,30.85,29.55
220,30.85,29.55
626,30.85,29.55
757,30.85,29.55
188,30.85,29.55
622,30.85,29.55
333,30.85,29.55
417,30.85,29.55
373,30.85,29.55
556,30.85,29.55
430,30.85,29.55
340,30.85,29.55
884,30.85,29.55
482,30.85,29.55
379,30.85,29.55
665,30.85,29.55
405,30.85,29.55
527,30.85,29.55
456,30.85,29.55
295,30.85,29.55
646,30.85,29.55
165,30.85,29.35
645,30.85,29.35
375,30.85,29.35
657,30.85,29.35
438,30.85,29.35
577,30.85,29.35
526,30.85,29.35
446,30.85,29.35
883,30.85,29.35
370,30.85,29.35
737,30.85,29.35
428,30.85,29.35
663,30.85,29.35
736,30.85,29.35
540,30.85,29.35
324,30.85,29.35
720,30.85,29.35
327,30.85,29.35
530,30.85,29.35
463,30.85,29.35
809,30.85,29.35
597,30.85,29.35
208,30.85,29.35
882,30.85,29.35
429,30.85,29.35
631,30.85,29.35
386,30.85,29.35
620,30.85,29.35
570,30.85,29.35
670,30.85,29.35
414,30.85,29.35
524,30.85,29.35
876,30.85,29.35
145,30.85,29.35
854,30.85,29.35
408,30.85,29.35
501,30.85,29.35
623,30.85,29.35
526,30.85,29.35
698,30.85,29.35
863,30.85,29.35
522,30.85,29.35
557,30.85,29.35
560,30.85,29.35
636,30.85,29.35
423,30.85,29.35
389,30.85,29.35
788,30.85,29.35
525,30.85,29.35
633,30.85,29.35
216,30.85,29.35
831,30.85,29.35
410,30.85,29.35
719,30.85,29.35
820,30.85,29.35
232,30.85,29.35
626,30.85,29.35
328,30.85,29.35
713,30.85,29.35
254,30.85,29.35
432,30.85,29.75
506,30.85,29.75
674,30.85,29.75
575,30.85,29.75
542,30.85,29.75
185,30.85,29.75
597,30.85,29.75
232,30.85,29.75
611,30.85,29.75
440,30.85,29.75
523,30.85,29.75
624,30.85,29.75
400,30.85,29.75
437,30.85,29.75
119,30.85,29.75
860,30.85,29.75
193,30.85,29.75
605,30.85,29.75
206,30.85,29.75
724,30.85,29.75
609,30.85,29.75
484,30.85,29.75
836,30.85,29.75
428,30.85,29.75
204,30.85,29.75
504,30.85,29.75
340,30.85,29.75
498,30.85,29.75
341,30.85,29.75
399,30.85,29.75
780,30.85,29.75
196,30.85,29.75
878,30.85,29.75
375,30.85,29.75
795,30.85,29.75
229,30.85,29.75
879,30.87,29.75
739,30.87,29.75
119,30.87,29.75
883,30.87,29.75
123,30.87,29.75
706,30.87,29.75
247,30.87,29.75
809,30.87,29.75
411,30.87,29.75
586,30.87,29.75
501,30.87,29.75
615,30.87,29.75
270,30.87,29.75
860,30.87,29.75
413,30.87,29.75
863,30.87,29.75
775,30.87,29.75
515,30.87,29.75
555,30.87,29.75
324,30.87,29.75
666,30.87,29.75
400,30.87,29.75
847,30.87,29.75
155,30.87,29.39
729,30.87,29.39
380,30.87,29.39
349,30.87,29.39
799,30.87,29.39
624,30.87,29.39
340,30.87,29.39
473,30.87,29.39
472,30.87,29.39
504,30.87,29.39
502,30.87,29.39
358,30.87,29.39
870,30.87,29.39
315,30.87,29.39
581,30.87,29.39
255,30.87,29.39
858,30.87,29.39
205,30.87,29.39
761,30.87,29.39
463,30.87,29.39
479,30.87,29.39
427,30.87,29.39
519,30.87,29.39
677,30.87,29.39
386,30.87,29.39
746,30.87,29.39
589,30.87,29.39
524,30.87,29.39
672,30.87,29.39
310,30.87,29.39
420,30.87,29.39
436,30.87,29.39
118,30.87,29.39
755,30.87,29.39
623,30.87,29.39
135,30.87,29.39
861,30.85,29.39
208,30.85,29.39
737,30.85,29.39
478,30.85,29.39
567,30.85,29.39
356,30.85,29.39
558,30.85,29.39
582,30.85,29.39
461,30.85,29.39
720,30.85,29.39
383,30.85,29.39
693,30.85,29.39
524,30.85,29.39
542,30.85,29.39
316,30.85,29.39
535,30.85,29.39
192,30.85,29.39
557,30.85,29.39
249,30.85,29.39
297,30.85,29.39
331,30.85,29.39
738,30.85,29.39
522,30.85,29.39
396,30.85,29.39
540,30.85,29.57
414,30.85,29.57
462,30.85,29.57
120,30.85,29.57
880,30.85,29.57
397,30.85,29.57
738,30.85,29.57
395,30.85,29.57
852,30.85,29.57
339,30.85,29.57
233,30.85,29.57
882,30.85,29.57
448,30.85,29.57
787,30.85,29.57
305,30.85,29.57
663,30.85,29.57
453,30.85,29.57
558,30.85,29.57
482,30.85,29.57
882,30.85,29.57
188,30.85,29.57
749,30.85,29.57
614,30.85,29.57
679,30.85,29.57
514,30.85,29.57
680,30.85,29.57
770,30.85,29.57
118,30.85,29.57
883,30.85,29.57
373,30.85,29.57
770,30.85,29.57
119,30.85,29.57
775,30.85,29.57
448,30.85,29.57
552,30.85,29.57
355,30.85,29.57
765,30.89,29.57
498,30.89,29.57
435,30.89,29.57
447,30.89,29.57
252,30.89,29.57
274,30.89,29.57
367,30.89,29.57
672,30.89,29.57
171,30.89,29.57
806,30.89,29.57
119,30.89,29.57
882,30.89,29.57
118,30.89,29.57
640,30.89,29.57
500,30.89,29.57
242,30.89,29.57
564,30.89,29.57
516,30.89,29.57
565,30.89,29.57
367,30.89,29.57
656,30.89,29.57
