360,29.69,28.27
787,29.69,28.27
136,29.69,28.27
489,29.69,28.27
132,29.69,28.27
882,29.69,28.43
426,29.69,28.43
660,29.69,28.43
500,29.69,28.43
816,29.69,28.43
321,29.69,28.43
855,29.69,28.43
232,29.69,28.43
620,29.69,28.43
122,29.69,28.43
684,29.69,28.43
275,29.69,28.43
487,29.69,28.43
756,29.69,28.43
125,29.69,28.43
883,29.69,28.43
120,29.69,28.43
666,29.69,28.43
205,29.69,28.43
530,29.69,28.43
490,29.69,28.43
657,29.69,28.43
757,29.69,28.43
404,29.69,28.43
394,29.69,28.43
700,29.69,28.43
370,29.69,28.43
345,29.69,28.43
530,29.69,28.43
230,29.69,28.43
604,29.69,28.43
173,29.69,28.43
883,29.69,28.43
202,29.69,28.43
745,29.69,28.43
440,29.69,28.43
716,29.69,28.43
315,29.69,28.43
544,29.69,28.43
820,29.69,28.43
130,29.69,28.43
803,29.69,28.43
503,29.69,28.43
738,29.69,28.43
366,29.69,28.43
654,29.69,28.43
591,29.69,28.43
882,29.69,28.43
231,29.69,28.43
881,29.69,28.43
582,29.69,28.43
602,29.69,28.43
754,29.69,28.43
693,29.69,28.43
651,29.69,28.43
288,29.69,28.43
882,29.69,28.43
124,29.69,28.43
784,29.69,28.43
126,29.69,28.43
629,29.69,28.23
575,29.69,28.23
530,29.69,28.23
623,29.69,28.23
787,29.69,28.23
364,29.69,28.23
501,29.69,28.23
406,29.69,28.23
673,29.69,28.23
612,29.69,28.23
356,29.69,28.23
850,29.69,28.23
353,29.69,28.23
756,29.69,28.23
320,29.69,28.23
625,29.69,28.23
240,29.69,28.23
809,29.69,28.23
367,29.69,28.23
344,29.69,28.23
648,29.69,28.23
447,29.69,28.23
570,29.69,28.23
514,29.69,28.23
614,29.69,28.23
569,29.69,28.23
514,29.69,28.23
574,29.69,28.23
632,29.69,28.23
611,29.69,28.23
466,29.69,28.23
390,29.69,28.23
631,29.69,28.23
282,29.69,28.23
386,29.69,28.23
586,29.69,28.23
156,29.69,28.23
434,29.69,28.23
124,29.69,28.23
597,29.69,28.23
392,29.69,28.23
812,29.69,28.23
396,29.69,28.23
534,29.69,28.23
419,29.69,28.23
395,29.69,28.23
783,29.69,28.23
256,29.69,28.23
132,29.69,28.23
594,29.69,28.23
456,29.69,28.23
473,29.69,28.23
453,29.69,28.23
244,29.69,28.23
558,29.69,28.23
288,29.69,28.23
711,29.69,28.23
402,29.69,28.23
663,29.69,28.23
861,29.69,28.39
139,29.69,28.39
608,29.69,28.39
256,29.69,28.39
830,29.69,28.39
282,29.69,28.39
523,29.69,28.39
276,29.69,28.39
522,29.69,28.39
643,29.69,28.39
402,29.69,28.39
439,29.69,28.39
552,29.69,28.39
565,29.69,28.39
854,29.69,28.39
663,29.69,28.39
535,29.69,28.39
881,29.69,28.39
506,29.69,28.39
527,29.69,28.39
207,29.69,28.39
876,29.69,28.39
354,29.69,28.39
584,29.69,28.39
662,29.69,28.39
456,29.69,28.39
294,29.69,28.39
196,29.69,28.39
883,29.69,28.39
286,29.69,28.39
761,29.69,28.39
372,29.69,28.39
632,29.69,28.39
577,29.69,28.39
711,29.69,28.39
337,29.69,28.39
692,29.69,28.39
583,29.69,28.39
636,29.69,28.39
613,29.69,28.39
611,29.69,28.39
580,29.69,28.39
443,29.69,28.39
660,29.69,28.39
121,29.69,28.39
885,29.69,28.39
144,29.69,28.39
799,29.69,28.39
119,29.69,28.39
763,29.69,28.39
129,29.69,28.39
685,29.69,28.39
499,29.69,28.39
382,29.69,28.39
261,29.69,28.39
376,29.69,28.39
368,29.69,28.39
639,29.69,28.39
526,29.69,28.39
402,29.69,28.39
868,29.69,28.33
139,29.69,28.33
882,29.69,28.33
119,29.69,28.33
588,29.69,28.33
364,29.69,28.33
597,29.69,28.33
605,29.69,28.33
262,29.69,28.33
769,29.69,28.33
323,29.69,28.33
881,29.69,28.33
121,29.69,28.33
696,29.69,28.33
150,29.69,28.33
455,29.69,28.33
477,29.69,28.33
492,29.69,28.33
256,29.69,28.33
586,29.69,28.33
509,29.69,28.33
795,29.69,28.33
276,29.69,28.33
603,29.69,28.33
782,29.69,28.33
235,29.69,28.33
739,29.69,28.33
374,29.69,28.33
882,29.69,28.33
231,29.69,28.33
577,29.69,28.33
564,29.69,28.33
585,29.69,28.33
730,29.69,28.33
290,29.69,28.33
710,29.69,28.33
332,29.69,28.33
483,29.69,28.33
786,29.69,28.33
463,29.69,28.33
732,29.69,28.33
669,29.69,28.33
642,29.69,28.33
585,29.69,28.33
417,29.69,28.33
795,29.69,28.33
515,29.69,28.33
737,29.69,28.33
802,29.69,28.33
587,29.69,28.33
594,29.69,28.33
453,29.69,28.33
797,29.69,28.33
546,29.69,28.33
417,29.69,28.33
337,29.69,28.33
581,29.69,28.33
555,29.69,28.33
447,29.69,28.33
696,29.69,28.27
710,29.69,28.27
356,29.69,28.27
859,29.69,28.27
737,29.69,28.27
510,29.69,28.27
715,29.69,28.27
519,29.69,28.27
631,29.69,28.27
292,29.69,28.27
883,29.69,28.27
129,29.69,28.27
766,29.69,28.27
744,29.69,28.27
377,29.69,28.27
749,29.69,28.27
375,29.69,28.27
767,29.69,28.27
378,29.69,28.27
514,29.69,28.27
120,29.69,28.27
813,29.69,28.27
333,29.69,28.27
586,29.69,28.27
167,29.69,28.27
641,29.69,28.27
119,29.69,28.27
664,29.69,28.27
198,29.69,28.27
559,29.69,28.27
464,29.69,28.27
280,29.69,28.27
622,29.69,28.27
120,29.69,28.27
883,29.69,28.27
426,29.69,28.27
633,29.71,28.27
236,29.71,28.27
415,29.71,28.27
531,29.71,28.27
310,29.71,28.27
487,29.71,28.27
139,29.71,28.27
320,29.71,28.27
244,29.71,28.27
321,29.71,28.27
541,29.71,28.27
361,29.71,28.27
632,29.71,28.27
738,29.71,28.27
119,29.71,28.27
828,29.71,28.27
305,29.71,28.27
808,29.71,28.27
520,29.71,28.27
588,29.71,28.27
493,29.71,28.27
596,29.71,28.27
503,29.71,28.27
499,29.71,28.27
312,29.71,28.39
610,29.71,28.39
594,29.71,28.39
515,29.71,28.39
536,29.71,28.39
650,29.71,28.39
813,29.71,28.39
403,29.71,28.39
765,29.71,28.39
333,29.71,28.39
797,29.71,28.39
350,29.71,28.39
618,29.71,28.39
408,29.71,28.39
383,29.71,28.39
720,29.71,28.39
357,29.71,28.39
722,29.71,28.39
640,29.71,28.39
634,29.71,28.39
380,29.71,28.39
588,29.71,28.39
473,29.71,28.39
709,29.71,28.39
687,29.71,28.39
387,29.71,28.39
827,29.71,28.39
637,29.71,28.39
170,29.71,28.39
559,29.71,28.39
508,29.71,28.39
406,29.71,28.39
499,29.71,28.39
296,29.71,28.39
737,29.71,28.39
258,29.71,28.39
849,29.71,28.39
121,29.71,28.39
433,29.71,28.39
463,29.71,28.39
340,29.71,28.39
717,29.71,28.39
518,29.71,28.39
542,29.71,28.39
685,29.71,28.39
531,29.71,28.39
348,29.71,28.39
600,29.71,28.39
490,29.71,28.39
165,29.71,28.39
473,29.71,28.39
563,29.71,28.39
120,29.71,28.39
764,29.71,28.39
446,29.71,28.39
758,29.71,28.39
456,29.71,28.39
325,29.71,28.39
812,29.71,28.39
315,29.71,28.33
534,29.71,28.33
466,29.71,28.33
286,29.71,28.33
470,29.71,28.33
551,29.71,28.33
639,29.71,28.33
626,29.71,28.33
298,29.71,28.33
431,29.71,28.33
520,29.71,28.33
446,29.71,28.33
513,29.71,28.33
746,29.71,28.33
666,29.71,28.33
280,29.71,28.33
831,29.71,28.33
294,29.71,28.33
667,29.71,28.33
381,29.71,28.33
658,29.71,28.33
234,29.71,28.33
392,29.71,28.33
671,29.71,28.33
321,29.71,28.33
883,29.71,28.33
384,29.71,28.33
690,29.71,28.33
504,29.71,28.33
529,29.71,28.33
593,29.71,28.33
883,29.71,28.33
431,29.71,28.33
731,29.71,28.33
367,29.71,28.33
688,29.71,28.33
531,29.71,28.33
777,29.71,28.33
753,29.71,28.33
370,29.71,28.33
686,29.71,28.33
261,29.71,28.33
853,29.71,28.33
438,29.71,28.33
565,29.71,28.33
368,29.71,28.33
406,29.71,28.33
482,29.71,28.33
177,29.71,28.33
330,29.71,28.33
657,29.71,28.33
503,29.71,28.33
493,29.71,28.33
367,29.71,28.33
331,29.71,28.33
883,29.71,28.33
276,29.71,28.33
