736,29.49,28.11
638,29.49,28.11
478,29.49,28.11
130,29.49,28.11
881,29.49,28.11
734,29.49,28.11
749,29.49,28.11
434,29.49,28.11
458,29.49,28.11
437,29.49,28.11
313,29.49,28.11
274,29.49,28.11
394,29.49,28.11
668,29.45,28.11
427,29.45,28.11
804,29.45,28.11
241,29.45,28.11
723,29.45,28.11
283,29.45,28.11
345,29.45,28.11
883,29.45,28.11
509,29.45,28.11
722,29.45,28.11
145,29.45,28.11
472,29.45,28.11
506,29.45,28.11
458,29.45,28.11
441,29.45,28.11
704,29.45,28.11
193,29.45,28.11
564,29.45,28.11
406,29.45,28.11
601,29.45,28.11
368,29.45,28.11
685,29.45,28.11
319,29.45,28.11
532,29.45,28.07
798,29.45,28.07
207,29.45,28.07
850,29.45,28.07
281,29.45,28.07
777,29.45,28.07
550,29.45,28.07
322,29.45,28.07
624,29.45,28.07
284,29.45,28.07
843,29.45,28.07
314,29.45,28.07
608,29.45,28.07
360,29.45,28.07
486,29.45,28.07
172,29.45,28.07
770,29.45,28.07
259,29.45,28.07
547,29.45,28.07
404,29.45,28.07
624,29.45,28.07
252,29.45,28.07
457,29.45,28.07
609,29.45,28.07
186,29.45,28.07
366,29.45,28.07
356,29.45,28.07
882,29.45,28.07
151,29.45,28.07
548,29.45,28.07
121,29.45,28.07
557,29.45,28.07
356,29.45,28.07
123,29.45,28.07
884,29.45,28.07
386,29.45,28.07
402,29.55,28.07
267,29.55,28.07
744,29.55,28.07
289,29.55,28.07
472,29.55,28.07
581,29.55,28.07
425,29.55,28.07
124,29.55,28.07
662,29.55,28.07
323,29.55,28.07
452,29.55,28.07
184,29.55,28.07
534,29.55,28.07
436,29.55,28.07
151,29.55,28.07
833,29.55,28.07
219,29.55,28.07
882,29.55,28.07
227,29.55,28.07
386,29.55,28.07
883,29.55,28.07
227,29.55,28.07
613,29.55,28.07
556,29.55,28.07
495,29.55,28.33
230,29.55,28.33
383,29.55,28.33
336,29.55,28.33
473,29.55,28.33
518,29.55,28.33
590,29.55,28.33
491,29.55,28.33
773,29.55,28.33
210,29.55,28.33
841,29.55,28.33
441,29.55,28.33
407,29.55,28.33
728,29.55,28.33
631,29.55,28.33
640,29.55,28.33
422,29.55,28.33
868,29.55,28.33
321,29.55,28.33
747,29.55,28.33
496,29.55,28.33
499,29.55,28.33
601,29.55,28.33
539,29.55,28.33
367,29.55,28.33
603,29.55,28.33
609,29.55,28.33
578,29.55,28.33
790,29.55,28.33
439,29.55,28.33
874,29.55,28.33
603,29.55,28.33
559,29.55,28.33
283,29.55,28.33
768,29.55,28.33
463,29.55,28.33
796,29.53,28.33
558,29.53,28.33
460,29.53,28.33
740,29.53,28.33
120,29.53,28.33
823,29.53,28.33
460,29.53,28.33
679,29.53,28.33
874,29.53,28.33
766,29.53,28.33
535,29.53,28.33
555,29.53,28.33
435,29.53,28.33
595,29.53,28.33
696,29.53,28.33
272,29.53,28.33
374,29.53,28.33
407,29.53,28.33
327,29.53,28.33
526,29.53,28.33
545,29.53,28.33
369,29.53,28.33
882,29.53,28.33
308,29.53,28.33
614,29.53,28.13
697,29.53,28.13
132,29.53,28.13
612,29.53,28.13
387,29.53,28.13
695,29.53,28.13
528,29.53,28.13
435,29.53,28.13
594,29.53,28.13
347,29.53,28.13
343,29.53,28.13
431,29.53,28.13
444,29.53,28.13
154,29.53,28.13
437,29.53,28.13
793,29.53,28.13
237,29.53,28.13
566,29.53,28.13
616,29.53,28.13
385,29.53,28.13
779,29.53,28.13
188,29.53,28.13
841,29.53,28.13
379,29.53,28.13
573,29.53,28.13
427,29.53,28.13
565,29.53,28.13
543,29.53,28.13
366,29.53,28.13
708,29.53,28.13
693,29.53,28.13
462,29.53,28.13
513,29.53,28.13
431,29.53,28.13
665,29.53,28.13
464,29.53,28.13
677,29.55,28.13
767,29.55,28.13
198,29.55,28.13
757,29.55,28.13
272,29.55,28.13
728,29.55,28.13
122,29.55,28.13
840,29.55,28.13
445,29.55,28.13
288,29.55,28.13
883,29.55,28.13
263,29.55,28.13
731,29.55,28.13
439,29.55,28.13
682,29.55,28.13
625,29.55,28.13
366,29.55,28.13
375,29.55,28.13
883,29.55,28.13
405,29.55,28.13
438,29.55,28.13
791,29.55,28.13
606,29.55,28.13
495,29.55,28.33
464,29.55,28.33
649,29.55,28.33
463,29.55,28.33
850,29.55,28.33
682,29.55,28.33
871,29.55,28.33
122,29.55,28.33
587,29.55,28.33
445,29.55,28.33
681,29.55,28.33
701,29.55,28.33
512,29.55,28.33
649,29.55,28.33
360,29.55,28.33
316,29.55,28.33
727,29.55,28.33
580,29.55,28.33
343,29.55,28.33
651,29.55,28.33
520,29.55,28.33
123,29.55,28.33
203,29.55,28.33
882,29.55,28.33
180,29.55,28.33
653,29.55,28.33
206,29.55,28.33
435,29.55,28.33
556,29.55,28.33
415,29.55,28.33
642,29.55,28.33
437,29.55,28.33
383,29.55,28.33
494,29.55,28.33
455,29.55,28.33
478,29.55,28.33
544,29.53,28.33
381,29.53,28.33
552,29.53,28.33
119,29.53,28.33
738,29.53,28.33
316,29.53,28.33
536,29.53,28.33
649,29.53,28.33
441,29.53,28.33
379,29.53,28.33
156,29.53,28.33
700,29.53,28.33
226,29.53,28.33
581,29.53,28.33
121,29.53,28.33
439,29.53,28.33
625,29.53,28.33
325,29.53,28.33
848,29.53,28.33
412,29.53,28.33
124,29.53,28.33
525,29.53,28.33
352,29.53,28.33
583,29.53,28.33
466,29.53,28.23
323,29.53,28.23
744,29.53,28.23
411,29.53,28.23
717,29.53,28.23
412,29.53,28.23
668,29.53,28.23
317,29.53,28.23
462,29.53,28.23
546,29.53,28.23
184,29.53,28.23
705,29.53,28.23
310,29.53,28.23
773,29.53,28.23
399,29.53,28.23
568,29.53,28.23
585,29.53,28.23
534,29.53,28.23
843,29.53,28.23
635,29.53,28.23
420,29.53,28.23
629,29.53,28.23
382,29.53,28.23
670,29.53,28.23
593,29.53,28.23
399,29.53,28.23
624,29.53,28.23
384,29.53,28.23
631,29.53,28.23
320,29.53,28.23
430,29.53,28.23
613,29.53,28.23
882,29.53,28.23
277,29.53,28.23
326,29.53,28.23
882,29.53,28.23
141,29.55,28.23
884,29.55,28.23
303,29.55,28.23
399,29.55,28.23
470,29.55,28.23
528,29.55,28.23
563,29.55,28.23
697,29.55,28.23
119,29.55,28.23
403,29.55,28.23
347,29.55,28.23
394,29.55,28.23
224,29.55,28.23
496,29.55,28.23
386,29.55,28.23
280,29.55,28.23
595,29.55,28.23
188,29.55,28.23
676,29.55,28.23
119,29.55,28.23
791,29.55,28.23
139,29.55,28.23
492,29.55,28.23
259,29.55,28.37
575,29.55,28.37
706,29.55,28.37
369,29.55,28.37
800,29.55,28.37
504,29.55,28.37
393,29.55,28.37
346,29.55,28.37
882,29.55,28.37
124,29.55,28.37
752,29.55,28.37
469,29.55,28.37
595,29.55,28.37
156,29.55,28.37
450,29.55,28.37
319,29.55,28.37
357,29.55,28.37
259,29.55,28.37
368,29.55,28.37
544,29.55,28.37
119,29.55,28.37
791,29.55,28.37
311,29.55,28.37
590,29.55,28.37
431,29.55,28.37
589,29.55,28.37
511,29.55,28.37
862,29.55,28.37
332,29.55,28.37
691,29.55,28.37
588,29.55,28.37
486,29.55,28.37
597,29.55,28.37
383,29.55,28.37
375,29.55,28.37
378,29.55,28.37
879,29.49,28.37
168,29.49,28.37
837,29.49,28.37
400,29.49,28.37
647,29.49,28.37
413,29.49,28.37
659,29.49,28.37
661,29.49,28.37
425,29.49,28.37
533,29.49,28.37
296,29.49,28.37
652,29.49,28.37
585,29.49,28.37
777,29.49,28.37
576,29.49,28.37
790,29.49,28.37
125,29.49,28.37
883,29.49,28.37
121,29.49,28.37
774,29.49,28.37
482,29.49,28.37
761,29.49,28.37
383,29.49,28.37
360,29.49,28.37
882,29.49,28.33
425,29.49,28.33
646,29.49,28.33
121,29.49,28.33
574,29.49,28.33
507,29.49,28.33
301,29.49,28.33
633,29.49,28.33
529,29.49,28.33
323,29.49,28.33
343,29.49,28.33
358,29.49,28.33
615,29.49,28.33
278,29.49,28.33
629,29.49,28.33
847,29.49,28.33
119,29.49,28.33
882,29.49,28.33
128,29.49,28.33
628,29.49,28.33
237,29.49,28.33
627,29.49,28.33
346,29.49,28.33
236,29.49,28.33
