319,31.07,29.71
545,31.07,29.71
125,31.07,29.71
647,31.07,29.71
123,31.07,29.71
457,31.07,29.69
881,31.07,29.69
683,31.07,29.69
884,31.07,29.69
572,31.07,29.69
488,31.07,29.69
610,31.07,29.69
708,31.07,29.69
337,31.07,29.69
459,31.07,29.69
675,31.07,29.69
342,31.07,29.69
735,31.07,29.69
474,31.07,29.69
632,31.07,29.69
707,31.07,29.69
364,31.07,29.69
733,31.07,29.69
795,31.07,29.69
214,31.07,29.69
367,31.07,29.69
356,31.07,29.69
752,31.07,29.69
353,31.07,29.69
648,31.07,29.69
120,31.07,29.69
444,31.07,29.69
642,31.07,29.69
361,31.07,29.69
734,31.07,29.69
327,31.07,29.69
739,31.07,29.69
360,31.07,29.69
536,31.07,29.69
582,31.07,29.69
415,31.07,29.69
558,31.07,29.69
237,31.07,29.69
304,31.07,29.69
292,31.07,29.69
241,31.07,29.69
412,31.07,29.69
419,31.07,29.69
241,31.07,29.69
632,31.07,29.69
282,31.07,29.69
861,31.07,29.69
118,31.07,29.69
706,31.07,29.69
689,31.07,29.69
300,31.07,29.69
795,31.07,29.69
327,31.07,29.69
378,31.07,29.69
125,31.07,29.69
679,31.07,29.69
132,31.07,29.69
663,31.07,29.69
218,31.07,29.69
382,31.07,29.69
385,31.07,29.69
230,31.07,29.69
454,31.07,29.69
530,31.07,29.69
443,31.07,29.69
449,31.07,29.69
571,31.07,29.69
319,31.07,29.69
532,31.07,29.69
165,31.07,29.69
768,31.07,29.69
183,31.07,29.69
577,31.07,29.69
577,31.07,29.69
554,31.07,29.69
309,31.07,29.69
194,31.07,29.69
687,31.07,29.69
215,31.07,29.69
517,31.07,29.69
148,31.07,29.69
878,31.07,29.69
450,31.07,29.69
332,31.07,29.69
662,31.07,29.69
606,31.07,29.69
601,31.07,29.69
200,31.07,29.69
789,31.07,29.69
609,31.07,29.69
350,31.07,29.69
455,31.07,29.69
855,31.07,29.69
118,31.07,29.69
886,31.07,29.69
371,31.07,29.69
881,31.07,29.69
686,31.07,29.69
585,31.07,29.69
762,31.07,29.69
211,31.07,29.69
539,31.07,29.69
443,31.07,29.69
884,31.07,29.69
119,31.07,29.69
881,31.07,29.69
119,31.07,29.69
547,31.07,29.69
327,31.07,29.69
597,31.07,29.69
378,31.07,29.69
580,31.07,29.69
591,31.07,29.69
802,31.07,29.69
743,31.07,29.69
538,31.07,29.69
703,31.07,29.69
300,31.07,29.69
686,31.07,29.69
374,31.07,29.75
884,31.07,29.75
142,31.07,29.75
676,31.07,29.75
641,31.07,29.75
602,31.07,29.75
430,31.07,29.75
506,31.07,29.75
684,31.07,29.75
497,31.07,29.75
547,31.07,29.75
439,31.07,29.75
607,31.07,29.75
483,31.07,29.75
451,31.07,29.75
682,31.07,29.75
468,31.07,29.75
204,31.07,29.75
797,31.07,29.75
580,31.07,29.75
492,31.07,29.75
778,31.07,29.75
839,31.07,29.75
380,31.07,29.75
388,31.07,29.75
879,31.07,29.75
213,31.07,29.75
698,31.07,29.75
324,31.07,29.75
776,31.07,29.75
590,31.07,29.75
214,31.07,29.75
884,31.07,29.75
268,31.07,29.75
571,31.07,29.75
133,31.07,29.75
614,31.07,29.75
589,31.07,29.75
331,31.07,29.75
508,31.07,29.75
842,31.07,29.75
182,31.07,29.75
689,31.07,29.75
496,31.07,29.75
611,31.07,29.75
549,31.07,29.75
585,31.07,29.75
582,31.07,29.75
507,31.07,29.75
854,31.07,29.75
136,31.07,29.75
863,31.07,29.75
136,31.07,29.75
678,31.07,29.75
261,31.07,29.75
256,31.07,29.75
755,31.07,29.75
213,31.07,29.75
695,31.07,29.75
119,31.07,29.75
491,31.07,29.71
322,31.07,29.71
488,31.07,29.71
362,31.07,29.71
873,31.07,29.71
122,31.07,29.71
693,31.07,29.71
557,31.07,29.71
612,31.07,29.71
226,31.07,29.71
332,31.07,29.71
469,31.07,29.71
362,31.07,29.71
588,31.07,29.71
373,31.07,29.71
705,31.07,29.71
187,31.07,29.71
703,31.07,29.71
122,31.07,29.71
588,31.07,29.71
366,31.07,29.71
429,31.07,29.71
692,31.07,29.71
183,31.07,29.71
451,31.07,29.71
511,31.07,29.71
215,31.07,29.71
401,31.07,29.71
609,31.07,29.71
198,31.07,29.71
453,31.07,29.71
460,31.07,29.71
717,31.07,29.71
221,31.07,29.71
557,31.07,29.71
432,31.07,29.71
551,31.07,29.71
333,31.07,29.71
417,31.07,29.71
867,31.07,29.71
124,31.07,29.71
240,31.07,29.71
714,31.07,29.71
437,31.07,29.71
527,31.07,29.71
427,31.07,29.71
716,31.07,29.71
411,31.07,29.71
122,31.07,29.71
566,31.07,29.71
481,31.07,29.71
329,31.07,29.71
583,31.07,29.71
595,31.07,29.71
519,31.07,29.71
262,31.07,29.71
778,31.07,29.71
410,31.07,29.71
729,31.07,29.71
509,31.07,29.71
795,31.07,29.77
501,31.07,29.77
323,31.07,29.77
668,31.07,29.77
403,31.07,29.77
476,31.07,29.77
374,31.07,29.77
823,31.07,29.77
513,31.07,29.77
196,31.07,29.77
798,31.07,29.77
787,31.07,29.77
242,31.07,29.77
814,31.07,29.77
477,31.07,29.77
729,31.07,29.77
551,31.07,29.77
485,31.07,29.77
546,31.07,29.77
393,31.07,29.77
466,31.07,29.77
231,31.07,29.77
706,31.07,29.77
251,31.07,29.77
711,31.07,29.77
652,31.07,29.77
320,31.07,29.77
641,31.07,29.77
505,31.07,29.77
884,31.07,29.77
365,31.07,29.77
500,31.07,29.77
884,31.07,29.77
278,31.07,29.77
547,31.07,29.77
731,31.07,29.77
491,31.07,29.77
352,31.07,29.77
748,31.07,29.77
310,31.07,29.77
468,31.07,29.77
373,31.07,29.77
501,31.07,29.77
581,31.07,29.77
248,31.07,29.77
436,31.07,29.77
862,31.07,29.77
533,31.07,29.77
311,31.07,29.77
625,31.07,29.77
398,31.07,29.77
627,31.07,29.77
275,31.07,29.77
737,31.07,29.77
312,31.07,29.77
407,31.07,29.77
469,31.07,29.77
476,31.07,29.77
288,31.07,29.77
357,31.07,29.77
556,31.07,29.59
140,31.07,29.59
696,31.07,29.59
543,31.07,29.59
506,31.07,29.59
439,31.07,29.59
436,31.07,29.59
462,31.07,29.59
585,31.07,29.59
473,31.07,29.59
436,31.07,29.59
294,31.07,29.59
673,31.07,29.59
351,31.07,29.59
446,31.07,29.59
785,31.07,29.59
123,31.07,29.59
884,31.07,29.59
232,31.07,29.59
439,31.07,29.59
346,31.07,29.59
660,31.07,29.59
632,31.07,29.59
226,31.07,29.59
561,31.07,29.59
547,31.07,29.59
720,31.07,29.59
305,31.07,29.59
234,31.07,29.59
512,31.07,29.59
422,31.07,29.59
478,31.07,29.59
427,31.07,29.59
197,31.07,29.59
864,31.07,29.59
229,31.07,29.59
542,31.05,29.59
293,31.05,29.59
484,31.05,29.59
573,31.05,29.59
364,31.05,29.59
708,31.05,29.59
231,31.05,29.59
703,31.05,29.59
388,31.05,29.59
655,31.05,29.59
292,31.05,29.59
467,31.05,29.59
426,31.05,29.59
473,31.05,29.59
556,31.05,29.59
433,31.05,29.59
353,31.05,29.59
712,31.05,29.59
390,31.05,29.59
496,31.05,29.59
607,31.05,29.59
458,31.05,29.59
702,31.05,29.59
569,31.05,29.85
864,31.05,29.85
436,31.05,29.85
232,31.05,29.85
503,31.05,29.85
250,31.05,29.85
603,31.05,29.85
527,31.05,29.85
682,31.05,29.85
389,31.05,29.85
697,31.05,29.85
237,31.05,29.85
644,31.05,29.85
598,31.05,29.85
470,31.05,29.85
708,31.05,29.85
640,31.05,29.85
262,31.05,29.85
617,31.05,29.85
416,31.05,29.85
549,31.05,29.85
443,31.05,29.85
502,31.05,29.85
589,31.05,29.85
259,31.05,29.85
709,31.05,29.85
359,31.05,29.85
518,31.05,29.85
467,31.05,29.85
468,31.05,29.85
882,31.05,29.85
118,31.05,29.85
876,31.05,29.85
518,31.05,29.85
590,31.05,29.85
530,31.05,29.85
592,31.05,29.85
480,31.05,29.85
319,31.05,29.85
596,31.05,29.85
436,31.05,29.85
569,31.05,29.85
576,31.05,29.85
593,31.05,29.85
756,31.05,29.85
757,31.05,29.85
262,31.05,29.85
670,31.05,29.85
315,31.05,29.85
617,31.05,29.85
721,31.05,29.85
387,31.05,29.85
582,31.05,29.85
587,31.05,29.85
480,31.05,29.85
347,31.05,29.85
