289,31.29,29.79
542,31.29,29.79
243,31.29,29.79
721,31.29,29.79
361,31.29,29.79
214,31.29,29.79
291,31.29,29.79
583,31.29,29.79
860,31.29,29.79
685,31.29,29.79
715,31.29,29.79
454,31.29,29.79
278,31.29,29.79
325,31.29,29.79
884,31.29,29.79
120,31.29,29.79
552,31.29,29.79
292,31.29,29.79
828,31.29,29.79
472,31.29,29.79
645,31.29,29.79
556,31.29,29.79
504,31.29,29.79
831,31.29,29.79
225,31.29,29.79
710,31.29,29.79
327,31.29,29.79
470,31.29,29.79
591,31.29,29.79
568,31.29,29.79
249,31.29,29.79
485,31.29,29.79
419,31.29,29.79
684,31.29,29.79
187,31.29,29.79
599,31.27,29.79
459,31.27,29.79
118,31.27,29.79
674,31.27,29.79
266,31.27,29.79
449,31.27,29.79
240,31.27,29.79
625,31.27,29.79
489,31.27,29.79
281,31.27,29.79
301,31.27,29.79
530,31.27,29.79
551,31.27,29.79
324,31.27,29.79
141,31.27,29.79
632,31.27,29.79
127,31.27,29.79
461,31.27,29.79
692,31.27,29.79
119,31.27,29.79
857,31.27,29.79
201,31.27,29.79
822,31.27,29.79
389,31.27,30.11
435,31.27,30.11
564,31.27,30.11
570,31.27,30.11
566,31.27,30.11
427,31.27,30.11
622,31.27,30.11
275,31.27,30.11
668,31.27,30.11
446,31.27,30.11
370,31.27,30.11
121,31.27,30.11
730,31.27,30.11
121,31.27,30.11
867,31.27,30.11
317,31.27,30.11
847,31.27,30.11
260,31.27,30.11
829,31.27,30.11
195,31.27,30.11
551,31.27,30.11
668,31.27,30.11
123,31.27,30.11
882,31.27,30.11
442,31.27,30.11
641,31.27,30.11
483,31.27,30.11
875,31.27,30.11
554,31.27,30.11
594,31.27,30.11
461,31.27,30.11
381,31.27,30.11
318,31.27,30.11
437,31.27,30.11
247,31.27,30.11
426,31.27,30.11
883,31.23,30.11
638,31.23,30.11
386,31.23,30.11
484,31.23,30.11
678,31.23,30.11
357,31.23,30.11
805,31.23,30.11
329,31.23,30.11
270,31.23,30.11
411,31.23,30.11
120,31.23,30.11
466,31.23,30.11
366,31.23,30.11
610,31.23,30.11
770,31.23,30.11
558,31.23,30.11
546,31.23,30.11
844,31.23,30.11
483,31.23,30.11
234,31.23,30.11
584,31.23,30.11
580,31.23,30.11
126,31.23,30.11
523,31.23,30.11
471,31.23,29.91
398,31.23,29.91
355,31.23,29.91
424,31.23,29.91
612,31.23,29.91
260,31.23,29.91
786,31.23,29.91
242,31.23,29.91
761,31.23,29.91
462,31.23,29.91
686,31.23,29.91
775,31.23,29.91
709,31.23,29.91
425,31.23,29.91
657,31.23,29.91
432,31.23,29.91
373,31.23,29.91
416,31.23,29.91
627,31.23,29.91
257,31.23,29.91
502,31.23,29.91
473,31.23,29.91
236,31.23,29.91
877,31.23,29.91
608,31.23,29.91
678,31.23,29.91
465,31.23,29.91
488,31.23,29.91
746,31.23,29.91
650,31.23,29.91
608,31.23,29.91
472,31.23,29.91
699,31.23,29.91
536,31.23,29.91
464,31.23,29.91
288,31.23,29.91
846,31.23,29.91
313,31.23,29.91
593,31.23,29.91
266,31.23,29.91
676,31.23,29.91
306,31.23,29.91
565,31.23,29.91
438,31.23,29.91
228,31.23,29.91
722,31.23,29.91
330,31.23,29.91
483,31.23,29.91
299,31.23,29.91
793,31.23,29.91
359,31.23,29.91
514,31.23,29.91
438,31.23,29.91
702,31.23,29.91
182,31.23,29.91
707,31.23,29.91
184,31.23,29.91
645,31.23,29.91
453,31.23,29.91
447,31.23,29.85
604,31.23,29.85
545,31.23,29.85
506,31.23,29.85
356,31.23,29.85
621,31.23,29.85
184,31.23,29.85
597,31.23,29.85
269,31.23,29.85
421,31.23,29.85
671,31.23,29.85
232,31.23,29.85
526,31.23,29.85
407,31.23,29.85
349,31.23,29.85
328,31.23,29.85
441,31.23,29.85
424,31.23,29.85
714,31.23,29.85
400,31.23,29.85
618,31.23,29.85
545,31.23,29.85
502,31.23,29.85
255,31.23,29.85
454,31.23,29.85
253,31.23,29.85
445,31.23,29.85
475,31.23,29.85
117,31.23,29.85
624,31.23,29.85
338,31.23,29.85
739,31.23,29.85
505,31.23,29.85
502,31.23,29.85
714,31.23,29.85
579,31.23,29.85
739,31.23,29.85
460,31.23,29.85
764,31.23,29.85
727,31.23,29.85
644,31.23,29.85
746,31.23,29.85
590,31.23,29.85
451,31.23,29.85
664,31.23,29.85
452,31.23,29.85
720,31.23,29.85
409,31.23,29.85
869,31.23,29.85
344,31.23,29.85
708,31.23,29.85
520,31.23,29.85
509,31.23,29.85
858,31.23,29.85
421,31.23,29.85
830,31.23,29.85
539,31.23,29.85
380,31.23,29.85
608,31.23,29.85
646,31.23,29.85
681,31.23,29.85
761,31.23,29.85
505,31.23,29.85
845,31.23,29.85
232,31.23,29.85
645,31.23,29.85
607,31.23,29.85
535,31.23,29.85
657,31.23,29.85
332,31.23,29.85
677,31.23,29.85
118,31.23,29.85
848,31.23,29.85
355,31.23,29.85
707,31.23,29.85
177,31.23,29.85
703,31.23,29.85
511,31.23,29.85
410,31.23,29.85
621,31.23,29.85
651,31.23,29.85
357,31.23,29.85
195,31.23,29.85
547,31.23,29.85
482,31.23,29.85
714,31.23,29.85
122,31.23,29.85
883,31.23,29.85
399,31.23,29.85
470,31.23,29.85
480,31.23,29.85
669,31.23,29.85
117,31.23,29.85
558,31.23,29.85
829,31.23,29.85
120,31.23,29.85
655,31.23,29.85
375,31.23,29.85
607,31.23,29.85
215,31.23,29.85
433,31.23,29.85
293,31.23,29.85
465,31.23,29.85
214,31.23,29.85
541,31.23,29.85
640,31.23,29.85
590,31.23,29.85
510,31.23,29.85
751,31.23,29.85
476,31.23,29.85
118,31.23,29.85
763,31.23,29.85
158,31.23,29.85
642,31.23,29.85
121,31.23,29.85
435,31.23,29.85
501,31.23,29.85
580,31.23,29.85
428,31.23,29.85
684,31.23,29.93
451,31.23,29.93
576,31.23,29.93
503,31.23,29.93
335,31.23,29.93
483,31.23,29.93
435,31.23,29.93
599,31.23,29.93
409,31.23,29.93
658,31.23,29.93
271,31.23,29.93
857,31.23,29.93
262,31.23,29.93
884,31.23,29.93
569,31.23,29.93
460,31.23,29.93
884,31.23,29.93
589,31.23,29.93
584,31.23,29.93
418,31.23,29.93
733,31.23,29.93
384,31.23,29.93
686,31.23,29.93
336,31.23,29.93
640,31.23,29.93
733,31.23,29.93
530,31.23,29.93
470,31.23,29.93
757,31.23,29.93
280,31.23,29.93
618,31.23,29.93
301,31.23,29.93
340,31.23,29.93
660,31.23,29.93
351,31.23,29.93
596,31.23,29.93
418,31.27,29.93
665,31.27,29.93
681,31.27,29.93
608,31.27,29.93
643,31.27,29.93
383,31.27,29.93
479,31.27,29.93
152,31.27,29.93
653,31.27,29.93
484,31.27,29.93
161,31.27,29.93
548,31.27,29.93
401,31.27,29.93
358,31.27,29.93
602,31.27,29.93
412,31.27,29.93
612,31.27,29.93
379,31.27,29.93
738,31.27,29.93
446,31.27,29.93
577,31.27,29.93
506,31.27,29.93
341,31.27,29.93
636,31.27,29.93
306,31.27,29.71
518,31.27,29.71
239,31.27,29.71
455,31.27,29.71
545,31.27,29.71
620,31.27,29.71
707,31.27,29.71
406,31.27,29.71
600,31.27,29.71
620,31.27,29.71
612,31.27,29.71
559,31.27,29.71
539,31.27,29.71
702,31.27,29.71
562,31.27,29.71
332,31.27,29.71
884,31.27,29.71
184,31.27,29.71
445,31.27,29.71
221,31.27,29.71
735,31.27,29.71
389,31.27,29.71
528,31.27,29.71
884,31.27,29.71
374,31.27,29.71
687,31.27,29.71
378,31.27,29.71
717,31.27,29.71
118,31.27,29.71
610,31.27,29.71
407,31.27,29.71
737,31.27,29.71
557,31.27,29.71
873,31.27,29.71
415,31.27,29.71
850,31.27,29.71
540,31.21,29.71
848,31.21,29.71
419,31.21,29.71
121,31.21,29.71
808,31.21,29.71
261,31.21,29.71
805,31.21,29.71
350,31.21,29.71
616,31.21,29.71
259,31.21,29.71
817,31.21,29.71
456,31.21,29.71
574,31.21,29.71
416,31.21,29.71
493,31.21,29.71
682,31.21,29.71
440,31.21,29.71
501,31.21,29.71
864,31.21,29.71
551,31.21,29.71
491,31.21,29.71
797,31.21,29.71
350,31.21,29.71
853,31.21,29.71
355,31.21,29.93
788,31.21,29.93
523,31.21,29.93
