630,30.97,29.63
628,30.97,29.63
427,30.97,29.63
519,30.97,29.63
122,30.97,29.63
605,30.97,29.63
375,30.97,29.63
883,30.97,29.63
625,30.97,29.63
841,30.97,29.63
453,30.97,29.63
706,30.97,29.63
592,30.97,29.63
264,30.97,29.63
608,30.97,29.63
282,30.97,29.69
285,30.97,29.69
762,30.97,29.69
689,30.97,29.69
778,30.97,29.69
756,30.97,29.69
636,30.97,29.69
524,30.97,29.69
642,30.97,29.69
361,30.97,29.69
188,30.97,29.69
583,30.97,29.69
603,30.97,29.69
433,30.97,29.69
566,30.97,29.69
303,30.97,29.69
844,30.97,29.69
196,30.97,29.69
482,30.97,29.69
644,30.97,29.69
280,30.97,29.69
628,30.97,29.69
539,30.97,29.69
365,30.97,29.69
421,30.97,29.69
661,30.97,29.69
314,30.97,29.69
428,30.97,29.69
279,30.97,29.69
686,30.97,29.69
339,30.97,29.69
651,30.97,29.69
571,30.97,29.69
560,30.97,29.69
253,30.97,29.69
344,30.97,29.69
550,30.97,29.69
129,30.97,29.69
775,30.97,29.69
286,30.97,29.69
834,30.97,29.69
371,30.97,29.69
434,30.97,29.69
192,30.97,29.69
505,30.97,29.69
234,30.97,29.69
447,30.97,29.69
804,30.97,29.69
505,30.97,29.69
541,30.97,29.69
623,30.97,29.69
562,30.97,29.69
453,30.97,29.69
731,30.97,29.69
573,30.97,29.69
571,30.97,29.69
163,30.97,29.69
358,30.97,29.69
330,30.97,29.69
662,30.97,29.69
165,30.97,29.59
594,30.97,29.59
542,30.97,29.59
414,30.97,29.59
788,30.97,29.59
269,30.97,29.59
597,30.97,29.59
351,30.97,29.59
659,30.97,29.59
785,30.97,29.59
548,30.97,29.59
518,30.97,29.59
461,30.97,29.59
522,30.97,29.59
305,30.97,29.59
464,30.97,29.59
530,30.97,29.59
404,30.97,29.59
655,30.97,29.59
608,30.97,29.59
235,30.97,29.59
884,30.97,29.59
223,30.97,29.59
758,30.97,29.59
280,30.97,29.59
304,30.97,29.59
603,30.97,29.59
535,30.97,29.59
237,30.97,29.59
406,30.97,29.59
789,30.97,29.59
406,30.97,29.59
467,30.97,29.59
638,30.97,29.59
502,30.97,29.59
628,30.97,29.59
464,30.95,29.59
573,30.95,29.59
461,30.95,29.59
513,30.95,29.59
733,30.95,29.59
628,30.95,29.59
120,30.95,29.59
647,30.95,29.59
511,30.95,29.59
741,30.95,29.59
211,30.95,29.59
830,30.95,29.59
334,30.95,29.59
476,30.95,29.59
542,30.95,29.59
718,30.95,29.59
573,30.95,29.59
440,30.95,29.59
578,30.95,29.59
318,30.95,29.59
636,30.95,29.59
431,30.95,29.59
519,30.95,29.59
455,30.95,29.71
575,30.95,29.71
559,30.95,29.71
652,30.95,29.71
397,30.95,29.71
739,30.95,29.71
224,30.95,29.71
573,30.95,29.71
414,30.95,29.71
316,30.95,29.71
735,30.95,29.71
307,30.95,29.71
863,30.95,29.71
549,30.95,29.71
358,30.95,29.71
446,30.95,29.71
701,30.95,29.71
382,30.95,29.71
571,30.95,29.71
435,30.95,29.71
424,30.95,29.71
580,30.95,29.71
493,30.95,29.71
339,30.95,29.71
503,30.95,29.71
261,30.95,29.71
251,30.95,29.71
329,30.95,29.71
277,30.95,29.71
699,30.95,29.71
129,30.95,29.71
769,30.95,29.71
547,30.95,29.71
124,30.95,29.71
713,30.95,29.71
119,30.95,29.71
836,30.95,29.71
468,30.97,29.71
298,30.97,29.71
198,30.97,29.71
576,30.97,29.71
270,30.97,29.71
514,30.97,29.71
810,30.97,29.71
220,30.97,29.71
562,30.97,29.71
461,30.97,29.71
495,30.97,29.71
635,30.97,29.71
666,30.97,29.71
531,30.97,29.71
673,30.97,29.71
221,30.97,29.71
753,30.97,29.71
345,30.97,29.71
883,30.97,29.71
219,30.97,29.71
474,30.97,29.71
542,30.97,29.71
369,30.97,29.71
734,30.97,29.51
689,30.97,29.51
608,30.97,29.51
424,30.97,29.51
764,30.97,29.51
605,30.97,29.51
554,30.97,29.51
781,30.97,29.51
842,30.97,29.51
641,30.97,29.51
500,30.97,29.51
395,30.97,29.51
868,30.97,29.51
278,30.97,29.51
839,30.97,29.51
251,30.97,29.51
343,30.97,29.51
672,30.97,29.51
305,30.97,29.51
855,30.97,29.51
237,30.97,29.51
653,30.97,29.51
407,30.97,29.51
491,30.97,29.51
689,30.97,29.51
563,30.97,29.51
687,30.97,29.51
442,30.97,29.51
691,30.97,29.51
551,30.97,29.51
482,30.97,29.51
697,30.97,29.51
663,30.97,29.51
477,30.97,29.51
531,30.97,29.51
331,30.97,29.51
883,30.97,29.51
373,30.97,29.51
513,30.97,29.51
679,30.97,29.51
284,30.97,29.51
766,30.97,29.51
309,30.97,29.51
783,30.97,29.51
415,30.97,29.51
330,30.97,29.51
607,30.97,29.51
546,30.97,29.51
561,30.97,29.51
286,30.97,29.51
840,30.97,29.51
120,30.97,29.51
440,30.97,29.51
418,30.97,29.51
334,30.97,29.51
382,30.97,29.51
624,30.97,29.51
365,30.97,29.51
792,30.97,29.51
335,30.97,29.51
544,30.97,29.65
180,30.97,29.65
418,30.97,29.65
596,30.97,29.65
273,30.97,29.65
687,30.97,29.65
377,30.97,29.65
443,30.97,29.65
283,30.97,29.65
420,30.97,29.65
644,30.97,29.65
435,30.97,29.65
234,30.97,29.65
612,30.97,29.65
531,30.97,29.65
303,30.97,29.65
605,30.97,29.65
532,30.97,29.65
376,30.97,29.65
242,30.97,29.65
414,30.97,29.65
387,30.97,29.65
570,30.97,29.65
121,30.97,29.65
883,30.97,29.65
278,30.97,29.65
517,30.97,29.65
469,30.97,29.65
715,30.97,29.65
460,30.97,29.65
524,30.97,29.65
749,30.97,29.65
673,30.97,29.65
645,30.97,29.65
430,30.97,29.65
719,30.97,29.65
577,30.99,29.65
593,30.99,29.65
411,30.99,29.65
694,30.99,29.65
361,30.99,29.65
882,30.99,29.65
202,30.99,29.65
848,30.99,29.65
132,30.99,29.65
764,30.99,29.65
627,30.99,29.65
271,30.99,29.65
884,30.99,29.65
463,30.99,29.65
664,30.99,29.65
432,30.99,29.65
783,30.99,29.65
337,30.99,29.65
562,30.99,29.65
708,30.99,29.65
668,30.99,29.65
601,30.99,29.65
562,30.99,29.65
492,30.99,29.63
669,30.99,29.63
343,30.99,29.63
597,30.99,29.63
658,30.99,29.63
267,30.99,29.63
840,30.99,29.63
433,30.99,29.63
697,30.99,29.63
186,30.99,29.63
682,30.99,29.63
352,30.99,29.63
415,30.99,29.63
281,30.99,29.63
538,30.99,29.63
306,30.99,29.63
519,30.99,29.63
179,30.99,29.63
402,30.99,29.63
240,30.99,29.63
177,30.99,29.63
568,30.99,29.63
467,30.99,29.63
323,30.99,29.63
566,30.99,29.63
873,30.99,29.63
213,30.99,29.63
650,30.99,29.63
476,30.99,29.63
142,30.99,29.63
572,30.99,29.63
228,30.99,29.63
510,30.99,29.63
383,30.99,29.63
690,30.99,29.63
631,30.99,29.63
553,30.99,29.63
638,30.97,29.63
756,30.97,29.63
389,30.97,29.63
593,30.97,29.63
731,30.97,29.63
309,30.97,29.63
298,30.97,29.63
669,30.97,29.63
469,30.97,29.63
422,30.97,29.63
452,30.97,29.63
298,30.97,29.63
814,30.97,29.63
277,30.97,29.63
705,30.97,29.63
512,30.97,29.63
718,30.97,29.63
525,30.97,29.63
504,30.97,29.63
832,30.97,29.63
513,30.97,29.63
530,30.97,29.63
506,30.97,29.63
681,30.97,29.65
585,30.97,29.65
567,30.97,29.65
548,30.97,29.65
675,30.97,29.65
564,30.97,29.65
614,30.97,29.65
297,30.97,29.65
738,30.97,29.65
539,30.97,29.65
764,30.97,29.65
620,30.97,29.65
227,30.97,29.65
884,30.97,29.65
333,30.97,29.65
885,30.97,29.65
299,30.97,29.65
668,30.97,29.65
696,30.97,29.65
652,30.97,29.65
617,30.97,29.65
504,30.97,29.65
466,30.97,29.65
457,30.97,29.65
622,30.97,29.65
615,30.97,29.65
518,30.97,29.65
602,30.97,29.65
621,30.97,29.65
361,30.97,29.65
597,30.97,29.65
486,30.97,29.65
781,30.97,29.65
372,30.97,29.65
613,30.97,29.65
504,30.97,29.65
363,30.93,29.65
587,30.93,29.65
171,30.93,29.65
658,30.93,29.65
125,30.93,29.65
693,30.93,29.65
482,30.93,29.65
600,30.93,29.65
504,30.93,29.65
515,30.93,29.65
