484,28.87,27.73
435,28.87,27.73
380,28.87,27.73
123,28.87,27.73
880,28.87,27.73
789,28.87,27.73
341,28.87,27.73
120,28.87,27.73
585,28.87,27.73
599,28.87,27.73
395,28.87,27.73
742,28.87,27.73
119,28.87,27.73
806,28.87,27.73
119,28.87,27.73
463,28.87,27.73
323,28.87,27.73
449,28.87,27.73
566,28.87,27.73
619,28.87,27.73
347,28.87,27.73
188,28.87,27.59
576,28.87,27.59
393,28.87,27.59
419,28.87,27.59
370,28.87,27.59
555,28.87,27.59
270,28.87,27.59
672,28.87,27.59
325,28.87,27.59
759,28.87,27.59
225,28.87,27.59
762,28.87,27.59
414,28.87,27.59
578,28.87,27.59
482,28.87,27.59
281,28.87,27.59
873,28.87,27.59
120,28.87,27.59
501,28.87,27.59
168,28.87,27.59
544,28.87,27.59
120,28.87,27.59
710,28.87,27.59
325,28.87,27.59
517,28.87,27.59
402,28.87,27.59
772,28.87,27.59
459,28.87,27.59
235,28.87,27.59
652,28.87,27.59
676,28.87,27.59
519,28.87,27.59
289,28.87,27.59
881,28.87,27.59
260,28.87,27.59
679,28.87,27.59
175,28.87,27.59
266,28.89,27.59
442,28.89,27.59
411,28.89,27.59
725,28.89,27.59
429,28.89,27.59
526,28.89,27.59
269,28.89,27.59
647,28.89,27.59
505,28.89,27.59
573,28.89,27.59
281,28.89,27.59
814,28.89,27.59
683,28.89,27.59
318,28.89,27.59
542,28.89,27.59
465,28.89,27.59
313,28.89,27.59
725,28.89,27.59
468,28.89,27.59
261,28.89,27.59
779,28.89,27.59
284,28.89,27.59
625,28.89,27.59
428,28.89,27.73
540,28.89,27.73
382,28.89,27.73
635,28.89,27.73
628,28.89,27.73
477,28.89,27.73
823,28.89,27.73
488,28.89,27.73
558,28.89,27.73
529,28.89,27.73
636,28.89,27.73
503,28.89,27.73
831,28.89,27.73
506,28.89,27.73
714,28.89,27.73
431,28.89,27.73
699,28.89,27.73
425,28.89,27.73
486,28.89,27.73
493,28.89,27.73
297,28.89,27.73
770,28.89,27.73
225,28.89,27.73
653,28.89,27.73
595,28.89,27.73
512,28.89,27.73
343,28.89,27.73
458,28.89,27.73
741,28.89,27.73
324,28.89,27.73
569,28.89,27.73
411,28.89,27.73
375,28.89,27.73
518,28.89,27.73
350,28.89,27.73
410,28.89,27.73
490,28.89,27.73
597,28.91,27.73
646,28.91,27.73
471,28.91,27.73
510,28.91,27.73
236,28.91,27.73
606,28.91,27.73
440,28.91,27.73
120,28.91,27.73
730,28.91,27.73
321,28.91,27.73
703,28.91,27.73
551,28.91,27.73
436,28.91,27.73
385,28.91,27.73
499,28.91,27.73
662,28.91,27.73
234,28.91,27.73
461,28.91,27.73
543,28.91,27.73
676,28.91,27.73
367,28.91,27.73
467,28.91,27.73
866,28.91,27.73
337,28.91,27.69
439,28.91,27.69
661,28.91,27.69
146,28.91,27.69
670,28.91,27.69
384,28.91,27.69
519,28.91,27.69
573,28.91,27.69
528,28.91,27.69
792,28.91,27.69
294,28.91,27.69
755,28.91,27.69
226,28.91,27.69
847,28.91,27.69
448,28.91,27.69
471,28.91,27.69
311,28.91,27.69
702,28.91,27.69
588,28.91,27.69
509,28.91,27.69
568,28.91,27.69
543,28.91,27.69
425,28.91,27.69
468,28.91,27.69
544,28.91,27.69
492,28.91,27.69
747,28.91,27.69
264,28.91,27.69
881,28.91,27.69
193,28.91,27.69
882,28.91,27.69
254,28.91,27.69
586,28.91,27.69
527,28.91,27.69
326,28.91,27.69
811,28.91,27.69
689,28.87,27.69
425,28.87,27.69
434,28.87,27.69
800,28.87,27.69
368,28.87,27.69
626,28.87,27.69
203,28.87,27.69
809,28.87,27.69
446,28.87,27.69
802,28.87,27.69
401,28.87,27.69
879,28.87,27.69
675,28.87,27.69
510,28.87,27.69
747,28.87,27.69
231,28.87,27.69
777,28.87,27.69
253,28.87,27.69
840,28.87,27.69
219,28.87,27.69
610,28.87,27.69
515,28.87,27.69
651,28.87,27.69
175,28.87,27.69
814,28.87,27.55
255,28.87,27.55
537,28.87,27.55
456,28.87,27.55
503,28.87,27.55
547,28.87,27.55
415,28.87,27.55
832,28.87,27.55
118,28.87,27.55
801,28.87,27.55
119,28.87,27.55
848,28.87,27.55
207,28.87,27.55
642,28.87,27.55
284,28.87,27.55
649,28.87,27.55
507,28.87,27.55
604,28.87,27.55
547,28.87,27.55
361,28.87,27.55
361,28.87,27.55
561,28.87,27.55
696,28.87,27.55
480,28.87,27.55
387,28.87,27.55
439,28.87,27.55
751,28.87,27.55
394,28.87,27.55
879,28.87,27.55
610,28.87,27.55
347,28.87,27.55
493,28.87,27.55
472,28.87,27.55
491,28.87,27.55
335,28.87,27.55
881,28.87,27.55
480,28.91,27.55
657,28.91,27.55
312,28.91,27.55
306,28.91,27.55
881,28.91,27.55
121,28.91,27.55
429,28.91,27.55
414,28.91,27.55
443,28.91,27.55
146,28.91,27.55
514,28.91,27.55
488,28.91,27.55
230,28.91,27.55
527,28.91,27.55
477,28.91,27.55
495,28.91,27.55
534,28.91,27.55
646,28.91,27.55
633,28.91,27.55
537,28.91,27.55
194,28.91,27.55
875,28.91,27.55
304,28.91,27.55
787,28.91,27.55
308,28.91,27.75
636,28.91,27.75
359,28.91,27.75
418,28.91,27.75
726,28.91,27.75
561,28.91,27.75
566,28.91,27.75
210,28.91,27.75
744,28.91,27.75
391,28.91,27.75
624,28.91,27.75
198,28.91,27.75
524,28.91,27.75
450,28.91,27.75
616,28.91,27.75
481,28.91,27.75
761,28.91,27.75
282,28.91,27.75
782,28.91,27.75
378,28.91,27.75
420,28.91,27.75
530,28.91,27.75
187,28.91,27.75
841,28.91,27.75
122,28.91,27.75
882,28.91,27.75
419,28.91,27.75
663,28.91,27.75
529,28.91,27.75
621,28.91,27.75
382,28.91,27.75
816,28.91,27.75
603,28.91,27.75
413,28.91,27.75
463,28.91,27.75
446,28.91,27.75
427,28.89,27.75
369,28.89,27.75
270,28.89,27.75
233,28.89,27.75
837,28.89,27.75
123,28.89,27.75
882,28.89,27.75
268,28.89,27.75
777,28.89,27.75
583,28.89,27.75
353,28.89,27.75
501,28.89,27.75
181,28.89,27.75
747,28.89,27.75
250,28.89,27.75
363,28.89,27.75
207,28.89,27.75
712,28.89,27.75
120,28.89,27.75
728,28.89,27.75
272,28.89,27.75
520,28.89,27.75
572,28.89,27.75
843,28.89,27.75
378,28.89,27.69
698,28.89,27.69
660,28.89,27.69
346,28.89,27.69
820,28.89,27.69
120,28.89,27.69
850,28.89,27.69
169,28.89,27.69
476,28.89,27.69
121,28.89,27.69
500,28.89,27.69
232,28.89,27.69
360,28.89,27.69
522,28.89,27.69
696,28.89,27.69
472,28.89,27.69
442,28.89,27.69
542,28.89,27.69
216,28.89,27.69
481,28.89,27.69
564,28.89,27.69
811,28.89,27.69
369,28.89,27.69
726,28.89,27.69
440,28.89,27.69
650,28.89,27.69
166,28.89,27.69
321,28.89,27.69
646,28.89,27.69
194,28.89,27.69
749,28.89,27.69
422,28.89,27.69
702,28.89,27.69
392,28.89,27.69
376,28.89,27.69
837,28.89,27.69
554,28.87,27.69
367,28.87,27.69
627,28.87,27.69
609,28.87,27.69
120,28.87,27.69
636,28.87,27.69
519,28.87,27.69
445,28.87,27.69
464,28.87,27.69
452,28.87,27.69
406,28.87,27.69
585,28.87,27.69
282,28.87,27.69
866,28.87,27.69
470,28.87,27.69
220,28.87,27.69
881,28.87,27.69
327,28.87,27.69
645,28.87,27.69
293,28.87,27.69
809,28.87,27.69
373,28.87,27.69
268,28.87,27.69
648,28.87,27.69
409,28.87,27.85
443,28.87,27.85
407,28.87,27.85
650,28.87,27.85
490,28.87,27.85
442,28.87,27.85
645,28.87,27.85
539,28.87,27.85
267,28.87,27.85
586,28.87,27.85
550,28.87,27.85
660,28.87,27.85
166,28.87,27.85
735,28.87,27.85
727,28.87,27.85
119,28.87,27.85
317,28.87,27.85
689,28.87,27.85
719,28.87,27.85
196,28.87,27.85
741,28.87,27.85
592,28.87,27.85
423,28.87,27.85
767,28.87,27.85
660,28.87,27.85
399,28.87,27.85
382,28.87,27.85
710,28.87,27.85
360,28.87,27.85
493,28.87,27.85
290,28.87,27.85
434,28.87,27.85
623,28.87,27.85
470,28.87,27.85
128,28.87,27.85
882,28.87,27.85
120,28.83,27.85
699,28.83,27.85
