347,28.65,27.49
882,28.65,27.49
121,28.65,27.49
202,28.65,27.49
450,28.65,27.49
815,28.65,27.49
461,28.65,27.49
418,28.65,27.49
201,28.65,27.49
699,28.65,27.49
253,28.65,27.49
560,28.65,27.49
157,28.65,27.49
727,28.65,27.49
207,28.65,27.49
719,28.65,27.49
495,28.65,27.49
186,28.65,27.49
624,28.65,27.49
396,28.65,27.49
633,28.65,27.49
226,28.65,27.49
467,28.65,27.49
364,28.65,27.49
121,28.65,27.49
269,28.65,27.49
339,28.65,27.49
607,28.65,27.49
167,28.65,27.49
693,28.65,27.49
728,28.65,27.49
475,28.65,27.49
355,28.65,27.49
870,28.65,27.49
123,28.65,27.49
603,28.65,27.49
285,28.65,27.49
754,28.65,27.49
119,28.65,27.49
525,28.65,27.49
776,28.65,27.49
151,28.65,27.49
557,28.65,27.49
442,28.65,27.49
689,28.65,27.41
387,28.65,27.41
443,28.65,27.41
693,28.65,27.41
544,28.65,27.41
661,28.65,27.41
423,28.65,27.41
882,28.65,27.41
224,28.65,27.41
455,28.65,27.41
559,28.65,27.41
381,28.65,27.41
610,28.65,27.41
607,28.65,27.41
497,28.65,27.41
535,28.65,27.41
224,28.65,27.41
882,28.65,27.41
470,28.65,27.41
512,28.65,27.41
592,28.65,27.41
515,28.65,27.41
693,28.65,27.41
192,28.65,27.41
881,28.65,27.41
692,28.65,27.41
551,28.65,27.41
473,28.65,27.41
552,28.65,27.41
381,28.65,27.41
438,28.65,27.41
667,28.65,27.41
729,28.65,27.41
554,28.65,27.41
644,28.65,27.41
735,28.65,27.41
466,28.65,27.41
489,28.67,27.41
722,28.67,27.41
710,28.67,27.41
251,28.67,27.41
721,28.67,27.41
317,28.67,27.41
588,28.67,27.41
609,28.67,27.41
609,28.67,27.41
739,28.67,27.41
342,28.67,27.41
800,28.67,27.41
754,28.67,27.41
489,28.67,27.41
324,28.67,27.41
881,28.67,27.41
278,28.67,27.41
375,28.67,27.41
557,28.67,27.41
361,28.67,27.41
619,28.67,27.41
254,28.67,27.41
320,28.67,27.41
690,28.67,27.55
526,28.67,27.55
153,28.67,27.55
727,28.67,27.55
266,28.67,27.55
685,28.67,27.55
416,28.67,27.55
610,28.67,27.55
122,28.67,27.55
559,28.67,27.55
431,28.67,27.55
490,28.67,27.55
288,28.67,27.55
229,28.67,27.55
883,28.67,27.55
352,28.67,27.55
537,28.67,27.55
583,28.67,27.55
690,28.67,27.55
148,28.67,27.55
816,28.67,27.55
181,28.67,27.55
407,28.67,27.55
408,28.67,27.55
480,28.67,27.55
434,28.67,27.55
347,28.67,27.55
629,28.67,27.55
169,28.67,27.55
883,28.67,27.55
123,28.67,27.55
881,28.67,27.55
121,28.67,27.55
624,28.67,27.55
463,28.67,27.55
460,28.67,27.55
140,28.65,27.55
501,28.65,27.55
353,28.65,27.55
239,28.65,27.55
479,28.65,27.55
542,28.65,27.55
433,28.65,27.55
403,28.65,27.55
794,28.65,27.55
120,28.65,27.55
664,28.65,27.55
120,28.65,27.55
749,28.65,27.55
124,28.65,27.55
778,28.65,27.55
579,28.65,27.55
487,28.65,27.55
612,28.65,27.55
421,28.65,27.55
655,28.65,27.55
450,28.65,27.55
843,28.65,27.55
328,28.65,27.55
783,28.65,27.55
318,28.65,27.49
532,28.65,27.49
802,28.65,27.49
464,28.65,27.49
415,28.65,27.49
881,28.65,27.49
415,28.65,27.49
489,28.65,27.49
670,28.65,27.49
605,28.65,27.49
574,28.65,27.49
439,28.65,27.49
881,28.65,27.49
593,28.65,27.49
693,28.65,27.49
420,28.65,27.49
690,28.65,27.49
571,28.65,27.49
681,28.65,27.49
818,28.65,27.49
593,28.65,27.49
650,28.65,27.49
223,28.65,27.49
708,28.65,27.49
361,28.65,27.49
345,28.65,27.49
530,28.65,27.49
479,28.65,27.49
120,28.65,27.49
779,28.65,27.49
271,28.65,27.49
613,28.65,27.49
653,28.65,27.49
557,28.65,27.49
733,28.65,27.49
494,28.65,27.49
442,28.65,27.49
338,28.65,27.49
451,28.65,27.49
139,28.65,27.49
614,28.65,27.49
469,28.65,27.49
447,28.65,27.49
292,28.65,27.49
502,28.65,27.49
352,28.65,27.49
280,28.65,27.49
447,28.65,27.49
574,28.65,27.49
410,28.65,27.49
432,28.65,27.49
831,28.65,27.49
125,28.65,27.49
859,28.65,27.49
404,28.65,27.49
882,28.65,27.49
158,28.65,27.49
294,28.65,27.49
480,28.65,27.49
337,28.65,27.49
518,28.65,27.53
615,28.65,27.53
513,28.65,27.53
355,28.65,27.53
527,28.65,27.53
460,28.65,27.53
370,28.65,27.53
346,28.65,27.53
752,28.65,27.53
358,28.65,27.53
658,28.65,27.53
209,28.65,27.53
802,28.65,27.53
260,28.65,27.53
422,28.65,27.53
256,28.65,27.53
349,28.65,27.53
474,28.65,27.53
128,28.65,27.53
882,28.65,27.53
633,28.65,27.53
589,28.65,27.53
473,28.65,27.53
696,28.65,27.53
541,28.65,27.53
876,28.65,27.53
328,28.65,27.53
351,28.65,27.53
510,28.65,27.53
643,28.65,27.53
569,28.65,27.53
522,28.65,27.53
596,28.65,27.53
238,28.65,27.53
845,28.65,27.53
121,28.65,27.53
849,28.61,27.53
267,28.61,27.53
676,28.61,27.53
274,28.61,27.53
441,28.61,27.53
454,28.61,27.53
379,28.61,27.53
869,28.61,27.53
487,28.61,27.53
564,28.61,27.53
416,28.61,27.53
704,28.61,27.53
481,28.61,27.53
459,28.61,27.53
529,28.61,27.53
586,28.61,27.53
320,28.61,27.53
688,28.61,27.53
277,28.61,27.53
421,28.61,27.53
404,28.61,27.53
385,28.61,27.53
626,28.61,27.53
206,28.61,27.53
825,28.61,27.67
452,28.61,27.67
309,28.61,27.67
269,28.61,27.67
329,28.61,27.67
332,28.61,27.67
456,28.61,27.67
442,28.61,27.67
605,28.61,27.67
121,28.61,27.67
772,28.61,27.67
120,28.61,27.67
453,28.61,27.67
329,28.61,27.67
724,28.61,27.67
502,28.61,27.67
139,28.61,27.67
567,28.61,27.67
339,28.61,27.67
835,28.61,27.67
254,28.61,27.67
622,28.61,27.67
327,28.61,27.67
252,28.61,27.67
498,28.61,27.67
364,28.61,27.67
182,28.61,27.67
296,28.61,27.67
743,28.61,27.67
266,28.61,27.67
521,28.61,27.67
285,28.61,27.67
654,28.61,27.67
458,28.61,27.67
489,28.61,27.67
613,28.61,27.67
559,28.61,27.67
669,28.61,27.67
707,28.61,27.67
560,28.61,27.67
121,28.61,27.67
822,28.61,27.67
157,28.61,27.67
880,28.61,27.67
420,28.61,27.67
556,28.61,27.67
707,28.61,27.67
555,28.61,27.67
731,28.61,27.67
664,28.61,27.67
515,28.61,27.67
496,28.61,27.67
710,28.61,27.67
338,28.61,27.67
378,28.61,27.67
603,28.61,27.67
868,28.61,27.67
371,28.61,27.67
638,28.61,27.67
265,28.61,27.67
713,28.61,27.49
168,28.61,27.49
382,28.61,27.49
484,28.61,27.49
428,28.61,27.49
742,28.61,27.49
335,28.61,27.49
727,28.61,27.49
280,28.61,27.49
356,28.61,27.49
559,28.61,27.49
677,28.61,27.49
341,28.61,27.49
632,28.61,27.49
500,28.61,27.49
440,28.61,27.49
274,28.61,27.49
685,28.61,27.49
279,28.61,27.49
310,28.61,27.49
540,28.61,27.49
342,28.61,27.49
408,28.61,27.49
249,28.61,27.49
751,28.61,27.49
293,28.61,27.49
736,28.61,27.49
170,28.61,27.49
542,28.61,27.49
456,28.61,27.49
175,28.61,27.49
565,28.61,27.49
300,28.61,27.49
315,28.61,27.49
576,28.61,27.49
426,28.61,27.49
363,28.65,27.49
699,28.65,27.49
121,28.65,27.49
780,28.65,27.49
256,28.65,27.49
843,28.65,27.49
286,28.65,27.49
629,28.65,27.49
461,28.65,27.49
695,28.65,27.49
621,28.65,27.49
120,28.65,27.49
794,28.65,27.49
123,28.65,27.49
655,28.65,27.49
120,28.65,27.49
556,28.65,27.49
487,28.65,27.49
506,28.65,27.49
643,28.65,27.49
578,28.65,27.49
202,28.65,27.49
676,28.65,27.49
509,28.65,27.49
123,28.65,27.25
620,28.65,27.25
350,28.65,27.25
701,28.65,27.25
404,28.65,27.25
849,28.65,27.25
389,28.65,27.25
773,28.65,27.25
325,28.65,27.25
551,28.65,27.25
435,28.65,27.25
555,28.65,27.25
522,28.65,27.25
411,28.65,27.25
671,28.65,27.25
