532,30.53,29.17
802,30.53,29.17
374,30.53,29.17
610,30.53,29.17
779,30.53,29.17
473,30.53,29.17
368,30.53,29.17
883,30.53,29.17
518,30.53,29.17
882,30.53,29.17
663,30.53,29.17
459,30.53,29.17
519,30.53,29.17
763,30.53,29.17
332,30.53,29.17
624,30.53,29.17
480,30.53,29.17
352,30.53,29.17
672,30.53,29.17
125,30.53,29.17
848,30.53,29.17
331,30.53,29.17
517,30.51,29.17
436,30.51,29.17
610,30.51,29.17
377,30.51,29.17
628,30.51,29.17
471,30.51,29.17
780,30.51,29.17
487,30.51,29.17
640,30.51,29.17
482,30.51,29.17
474,30.51,29.17
579,30.51,29.17
209,30.51,29.17
630,30.51,29.17
120,30.51,29.17
881,30.51,29.17
311,30.51,29.17
781,30.51,29.17
470,30.51,29.17
648,30.51,29.17
332,30.51,29.17
119,30.51,29.17
476,30.51,29.17
119,30.51,29.15
623,30.51,29.15
204,30.51,29.15
469,30.51,29.15
322,30.51,29.15
630,30.51,29.15
361,30.51,29.15
590,30.51,29.15
484,30.51,29.15
594,30.51,29.15
391,30.51,29.15
605,30.51,29.15
609,30.51,29.15
373,30.51,29.15
663,30.51,29.15
305,30.51,29.15
669,30.51,29.15
287,30.51,29.15
867,30.51,29.15
277,30.51,29.15
721,30.51,29.15
282,30.51,29.15
503,30.51,29.15
440,30.51,29.15
512,30.51,29.15
541,30.51,29.15
863,30.51,29.15
528,30.51,29.15
540,30.51,29.15
776,30.51,29.15
496,30.51,29.15
853,30.51,29.15
415,30.51,29.15
564,30.51,29.15
126,30.51,29.15
869,30.51,29.15
327,30.55,29.15
835,30.55,29.15
420,30.55,29.15
657,30.55,29.15
822,30.55,29.15
381,30.55,29.15
839,30.55,29.15
471,30.55,29.15
729,30.55,29.15
551,30.55,29.15
446,30.55,29.15
640,30.55,29.15
645,30.55,29.15
152,30.55,29.15
685,30.55,29.15
524,30.55,29.15
531,30.55,29.15
122,30.55,29.15
632,30.55,29.15
336,30.55,29.15
589,30.55,29.15
615,30.55,29.15
187,30.55,29.15
724,30.55,29.15
304,30.55,29.25
780,30.55,29.25
673,30.55,29.25
192,30.55,29.25
443,30.55,29.25
630,30.55,29.25
521,30.55,29.25
225,30.55,29.25
542,30.55,29.25
196,30.55,29.25
242,30.55,29.25
658,30.55,29.25
373,30.55,29.25
206,30.55,29.25
681,30.55,29.25
524,30.55,29.25
523,30.55,29.25
389,30.55,29.25
646,30.55,29.25
807,30.55,29.25
649,30.55,29.25
414,30.55,29.25
475,30.55,29.25
641,30.55,29.25
301,30.55,29.25
659,30.55,29.25
183,30.55,29.25
371,30.55,29.25
366,30.55,29.25
521,30.55,29.25
588,30.55,29.25
563,30.55,29.25
496,30.55,29.25
641,30.55,29.25
498,30.55,29.25
540,30.55,29.25
728,30.55,29.25
467,30.55,29.25
520,30.55,29.25
404,30.55,29.25
617,30.55,29.25
388,30.55,29.25
527,30.55,29.25
176,30.55,29.25
817,30.55,29.25
450,30.55,29.25
391,30.55,29.25
852,30.55,29.25
511,30.55,29.25
825,30.55,29.25
514,30.55,29.25
562,30.55,29.25
522,30.55,29.25
662,30.55,29.25
481,30.55,29.25
827,30.55,29.25
119,30.55,29.25
856,30.55,29.25
425,30.55,29.25
614,30.55,29.23
611,30.55,29.23
541,30.55,29.23
535,30.55,29.23
359,30.55,29.23
638,30.55,29.23
352,30.55,29.23
830,30.55,29.23
490,30.55,29.23
474,30.55,29.23
403,30.55,29.23
434,30.55,29.23
806,30.55,29.23
644,30.55,29.23
618,30.55,29.23
638,30.55,29.23
588,30.55,29.23
142,30.55,29.23
680,30.55,29.23
846,30.55,29.23
758,30.55,29.23
121,30.55,29.23
615,30.55,29.23
146,30.55,29.23
674,30.55,29.23
179,30.55,29.23
565,30.55,29.23
524,30.55,29.23
323,30.55,29.23
372,30.55,29.23
250,30.55,29.23
515,30.55,29.23
273,30.55,29.23
742,30.55,29.23
175,30.55,29.23
472,30.55,29.23
524,30.51,29.23
577,30.51,29.23
335,30.51,29.23
753,30.51,29.23
469,30.51,29.23
554,30.51,29.23
121,30.51,29.23
883,30.51,29.23
658,30.51,29.23
416,30.51,29.23
723,30.51,29.23
308,30.51,29.23
883,30.51,29.23
247,30.51,29.23
754,30.51,29.23
163,30.51,29.23
576,30.51,29.23
480,30.51,29.23
568,30.51,29.23
402,30.51,29.23
386,30.51,29.23
532,30.51,29.23
550,30.51,29.23
294,30.51,29.23
775,30.51,28.97
448,30.51,28.97
476,30.51,28.97
821,30.51,28.97
313,30.51,28.97
883,30.51,28.97
312,30.51,28.97
631,30.51,28.97
516,30.51,28.97
488,30.51,28.97
299,30.51,28.97
301,30.51,28.97
629,30.51,28.97
328,30.51,28.97
714,30.51,28.97
652,30.51,28.97
597,30.51,28.97
590,30.51,28.97
669,30.51,28.97
503,30.51,28.97
546,30.51,28.97
520,30.51,28.97
616,30.51,28.97
236,30.51,28.97
567,30.51,28.97
521,30.51,28.97
474,30.51,28.97
701,30.51,28.97
355,30.51,28.97
697,30.51,28.97
227,30.51,28.97
784,30.51,28.97
158,30.51,28.97
732,30.51,28.97
381,30.51,28.97
654,30.51,28.97
883,30.51,28.97
263,30.51,28.97
556,30.51,28.97
548,30.51,28.97
316,30.51,28.97
307,30.51,28.97
374,30.51,28.97
359,30.51,28.97
404,30.51,28.97
132,30.51,28.97
765,30.51,28.97
119,30.51,28.97
610,30.51,28.97
328,30.51,28.97
469,30.51,28.97
465,30.51,28.97
353,30.51,28.97
883,30.51,28.97
147,30.51,28.97
661,30.51,28.97
430,30.51,28.97
722,30.51,28.97
119,30.51,28.97
456,30.51,29.25
184,30.51,29.25
412,30.51,29.25
121,30.51,29.25
633,30.51,29.25
539,30.51,29.25
601,30.51,29.25
634,30.51,29.25
707,30.51,29.25
603,30.51,29.25
120,30.51,29.25
738,30.51,29.25
261,30.51,29.25
621,30.51,29.25
323,30.51,29.25
606,30.51,29.25
447,30.51,29.25
515,30.51,29.25
727,30.51,29.25
392,30.51,29.25
558,30.51,29.25
379,30.51,29.25
860,30.51,29.25
304,30.51,29.25
709,30.51,29.25
858,30.51,29.25
705,30.51,29.25
466,30.51,29.25
642,30.51,29.25
432,30.51,29.25
838,30.51,29.25
163,30.51,29.25
651,30.51,29.25
311,30.51,29.25
526,30.51,29.25
483,30.51,29.25
651,30.51,29.25
742,30.51,29.25
119,30.51,29.25
798,30.51,29.25
357,30.51,29.25
658,30.51,29.25
565,30.51,29.25
629,30.51,29.25
509,30.51,29.25
607,30.51,29.25
607,30.51,29.25
408,30.51,29.25
332,30.51,29.25
767,30.51,29.25
148,30.51,29.25
371,30.51,29.25
319,30.51,29.25
345,30.51,29.25
663,30.51,29.25
118,30.51,29.25
884,30.51,29.25
294,30.51,29.25
419,30.51,29.25
426,30.51,29.25
844,30.51,29.05
481,30.51,29.05
356,30.51,29.05
826,30.51,29.05
357,30.51,29.05
758,30.51,29.05
319,30.51,29.05
360,30.51,29.05
571,30.51,29.05
329,30.51,29.05
593,30.51,29.05
600,30.51,29.05
122,30.51,29.05
882,30.51,29.05
389,30.51,29.05
586,30.51,29.05
681,30.51,29.05
420,30.51,29.05
650,30.51,29.05
392,30.51,29.05
633,30.51,29.05
362,30.51,29.05
620,30.51,29.05
364,30.51,29.05
431,30.51,29.05
413,30.51,29.05
165,30.51,29.05
493,30.51,29.05
433,30.51,29.05
305,30.51,29.05
444,30.51,29.05
567,30.51,29.05
578,30.51,29.05
399,30.51,29.05
683,30.51,29.05
857,30.51,29.05
182,30.49,29.05
761,30.49,29.05
508,30.49,29.05
717,30.49,29.05
303,30.49,29.05
469,30.49,29.05
587,30.49,29.05
455,30.49,29.05
586,30.49,29.05
648,30.49,29.05
725,30.49,29.05
121,30.49,29.05
667,30.49,29.05
742,30.49,29.05
556,30.49,29.05
561,30.49,29.05
301,30.49,29.05
707,30.49,29.05
416,30.49,29.05
370,30.49,29.05
883,30.49,29.05
298,30.49,29.05
363,30.49,29.05
604,30.49,29.19
387,30.49,29.19
573,30.49,29.19
578,30.49,29.19
740,30.49,29.19
627,30.49,29.19
422,30.49,29.19
516,30.49,29.19
568,30.49,29.19
783,30.49,29.19
298,30.49,29.19
883,30.49,29.19
472,30.49,29.19
515,30.49,29.19
468,30.49,29.19
571,30.49,29.19
471,30.49,29.19
