528,30.65,29.29
461,30.65,29.29
192,30.65,29.29
122,30.65,29.29
523,30.65,29.29
374,30.65,29.29
884,30.65,29.29
373,30.65,29.29
885,30.65,29.29
379,30.65,29.29
500,30.65,29.29
612,30.65,29.29
421,30.65,29.25
601,30.65,29.25
546,30.65,29.25
280,30.65,29.25
532,30.65,29.25
371,30.65,29.25
497,30.65,29.25
615,30.65,29.25
252,30.65,29.25
656,30.65,29.25
477,30.65,29.25
849,30.65,29.25
151,30.65,29.25
625,30.65,29.25
373,30.65,29.25
638,30.65,29.25
493,30.65,29.25
505,30.65,29.25
818,30.65,29.25
171,30.65,29.25
663,30.65,29.25
309,30.65,29.25
458,30.65,29.25
371,30.65,29.25
588,30.65,29.25
518,30.65,29.25
882,30.65,29.25
189,30.65,29.25
636,30.65,29.25
529,30.65,29.25
741,30.65,29.25
378,30.65,29.25
472,30.65,29.25
455,30.65,29.25
482,30.65,29.25
792,30.65,29.25
178,30.63,29.25
816,30.63,29.25
293,30.63,29.25
590,30.63,29.25
723,30.63,29.25
242,30.63,29.25
266,30.63,29.25
383,30.63,29.25
412,30.63,29.25
517,30.63,29.25
324,30.63,29.25
643,30.63,29.25
655,30.63,29.25
277,30.63,29.25
843,30.63,29.25
694,30.63,29.25
264,30.63,29.25
118,30.63,29.25
819,30.63,29.25
121,30.63,29.25
540,30.63,29.25
471,30.63,29.25
398,30.63,29.25
623,30.63,29.31
272,30.63,29.31
795,30.63,29.31
327,30.63,29.31
360,30.63,29.31
458,30.63,29.31
608,30.63,29.31
398,30.63,29.31
424,30.63,29.31
397,30.63,29.31
474,30.63,29.31
347,30.63,29.31
732,30.63,29.31
280,30.63,29.31
563,30.63,29.31
410,30.63,29.31
517,30.63,29.31
702,30.63,29.31
124,30.63,29.31
842,30.63,29.31
442,30.63,29.31
545,30.63,29.31
464,30.63,29.31
493,30.63,29.31
622,30.63,29.31
404,30.63,29.31
703,30.63,29.31
463,30.63,29.31
243,30.63,29.31
447,30.63,29.31
490,30.63,29.31
480,30.63,29.31
392,30.63,29.31
119,30.63,29.31
869,30.63,29.31
256,30.63,29.31
868,30.63,29.31
526,30.65,29.31
835,30.65,29.31
615,30.65,29.31
496,30.65,29.31
737,30.65,29.31
321,30.65,29.31
800,30.65,29.31
283,30.65,29.31
713,30.65,29.31
203,30.65,29.31
753,30.65,29.31
726,30.65,29.31
344,30.65,29.31
638,30.65,29.31
809,30.65,29.31
140,30.65,29.31
706,30.65,29.31
496,30.65,29.31
571,30.65,29.31
803,30.65,29.31
309,30.65,29.31
677,30.65,29.31
611,30.65,29.31
515,30.65,29.29
267,30.65,29.29
882,30.65,29.29
237,30.65,29.29
606,30.65,29.29
475,30.65,29.29
172,30.65,29.29
603,30.65,29.29
483,30.65,29.29
389,30.65,29.29
123,30.65,29.29
527,30.65,29.29
491,30.65,29.29
504,30.65,29.29
451,30.65,29.29
599,30.65,29.29
495,30.65,29.29
387,30.65,29.29
254,30.65,29.29
582,30.65,29.29
614,30.65,29.29
281,30.65,29.29
300,30.65,29.29
247,30.65,29.29
576,30.65,29.29
122,30.65,29.29
857,30.65,29.29
185,30.65,29.29
781,30.65,29.29
421,30.65,29.29
490,30.65,29.29
489,30.65,29.29
550,30.65,29.29
371,30.65,29.29
343,30.65,29.29
379,30.65,29.29
542,30.65,29.29
569,30.65,29.29
410,30.65,29.29
859,30.65,29.29
119,30.65,29.29
625,30.65,29.29
314,30.65,29.29
827,30.65,29.29
265,30.65,29.29
662,30.65,29.29
652,30.65,29.29
344,30.65,29.29
596,30.65,29.29
204,30.65,29.29
810,30.65,29.29
324,30.65,29.29
740,30.65,29.29
120,30.65,29.29
404,30.65,29.29
445,30.65,29.29
545,30.65,29.29
564,30.65,29.29
700,30.65,29.29
132,30.65,29.29
629,30.65,29.29
334,30.65,29.29
668,30.65,29.29
652,30.65,29.29
324,30.65,29.29
883,30.65,29.29
227,30.65,29.29
726,30.65,29.29
487,30.65,29.29
671,30.65,29.29
122,30.65,29.29
460,30.65,29.29
544,30.65,29.29
363,30.65,29.29
674,30.65,29.29
479,30.65,29.29
481,30.65,29.29
585,30.65,29.29
270,30.65,29.29
639,30.65,29.29
678,30.65,29.29
404,30.65,29.29
856,30.65,29.29
274,30.65,29.29
866,30.65,29.29
270,30.65,29.29
411,30.65,29.29
468,30.65,29.29
436,30.65,29.29
134,30.65,29.29
386,30.65,29.29
733,30.65,29.29
125,30.65,29.29
389,30.65,29.29
119,30.65,29.29
575,30.65,29.29
358,30.67,29.29
480,30.67,29.29
502,30.67,29.29
530,30.67,29.29
315,30.67,29.29
471,30.67,29.29
559,30.67,29.29
581,30.67,29.29
358,30.67,29.29
143,30.67,29.29
627,30.67,29.29
119,30.67,29.29
713,30.67,29.29
118,30.67,29.29
823,30.67,29.29
451,30.67,29.29
792,30.67,29.29
499,30.67,29.29
590,30.67,29.29
728,30.67,29.29
520,30.67,29.29
884,30.67,29.29
119,30.67,29.29
529,30.67,29.29
447,30.67,29.29
474,30.67,29.29
461,30.67,29.29
494,30.67,29.29
340,30.67,29.29
787,30.67,29.29
200,30.67,29.29
749,30.67,29.29
426,30.67,29.29
619,30.67,29.29
862,30.67,29.29
472,30.67,29.29
702,30.67,29.29
514,30.67,29.29
883,30.67,29.29
286,30.67,29.29
644,30.67,29.29
428,30.67,29.29
475,30.67,29.29
433,30.67,29.29
480,30.67,29.29
540,30.67,29.29
457,30.67,29.29
467,30.67,29.29
815,30.67,29.29
516,30.67,29.29
483,30.67,29.29
410,30.67,29.29
312,30.67,29.29
883,30.67,29.29
130,30.67,29.29
874,30.67,29.29
556,30.67,29.29
419,30.67,29.29
493,30.67,29.29
517,30.67,29.29
357,30.67,29.29
476,30.67,29.29
418,30.67,29.29
551,30.67,29.29
489,30.67,29.29
416,30.67,29.29
472,30.67,29.29
530,30.67,29.29
772,30.67,29.29
288,30.67,29.29
833,30.67,29.29
201,30.67,29.29
518,30.67,29.29
224,30.67,29.29
547,30.67,29.29
311,30.67,29.29
386,30.67,29.29
366,30.67,29.29
305,30.67,29.29
752,30.67,29.29
143,30.67,29.29
604,30.67,29.29
164,30.67,29.29
653,30.67,29.35
651,30.67,29.35
469,30.67,29.35
612,30.67,29.35
690,30.67,29.35
446,30.67,29.35
449,30.67,29.35
316,30.67,29.35
424,30.67,29.35
497,30.67,29.35
376,30.67,29.35
393,30.67,29.35
153,30.67,29.35
471,30.67,29.35
186,30.67,29.35
644,30.67,29.35
590,30.67,29.35
360,30.67,29.35
601,30.67,29.35
332,30.67,29.35
793,30.67,29.35
377,30.67,29.35
539,30.67,29.35
305,30.67,29.35
620,30.67,29.35
788,30.67,29.35
523,30.67,29.35
581,30.67,29.35
473,30.67,29.35
453,30.67,29.35
717,30.67,29.35
375,30.67,29.35
884,30.67,29.35
477,30.67,29.35
705,30.67,29.35
490,30.67,29.35
431,30.63,29.35
737,30.63,29.35
363,30.63,29.35
868,30.63,29.35
278,30.63,29.35
791,30.63,29.35
497,30.63,29.35
506,30.63,29.35
644,30.63,29.35
436,30.63,29.35
485,30.63,29.35
719,30.63,29.35
586,30.63,29.35
384,30.63,29.35
429,30.63,29.35
697,30.63,29.35
549,30.63,29.35
367,30.63,29.35
644,30.63,29.35
274,30.63,29.35
853,30.63,29.35
193,30.63,29.35
767,30.63,29.35
626,30.63,29.35
570,30.63,29.19
552,30.63,29.19
270,30.63,29.19
609,30.63,29.19
528,30.63,29.19
465,30.63,29.19
282,30.63,29.19
380,30.63,29.19
549,30.63,29.19
600,30.63,29.19
401,30.63,29.19
564,30.63,29.19
329,30.63,29.19
687,30.63,29.19
386,30.63,29.19
716,30.63,29.19
443,30.63,29.19
429,30.63,29.19
520,30.63,29.19
379,30.63,29.19
468,30.63,29.19
119,30.63,29.19
513,30.63,29.19
483,30.63,29.19
327,30.63,29.19
500,30.63,29.19
643,30.63,29.19
566,30.63,29.19
728,30.63,29.19
288,30.63,29.19
530,30.63,29.19
399,30.63,29.19
417,30.63,29.19
516,30.63,29.19
543,30.63,29.19
501,30.63,29.19
204,30.67,29.19
774,30.67,29.19
300,30.67,29.19
732,30.67,29.19
434,30.67,29.19
732,30.67,29.19
519,30.67,29.19
438,30.67,29.19
767,30.67,29.19
564,30.67,29.19
375,30.67,29.19
658,30.67,29.19
