379,27.41,26.83
780,27.41,26.83
186,27.41,26.83
691,27.41,26.83
160,27.41,26.83
788,27.41,26.83
319,27.41,26.83
878,27.41,26.83
433,27.41,26.83
472,27.41,26.83
803,27.41,26.83
264,27.41,26.83
553,27.41,26.83
481,27.41,26.83
289,27.41,26.83
677,27.41,26.83
328,27.41,26.83
632,27.41,26.83
590,27.41,26.83
119,27.41,26.83
759,27.41,26.83
439,27.41,26.83
709,27.41,26.83
315,27.41,26.85
484,27.41,26.85
738,27.41,26.85
329,27.41,26.85
521,27.41,26.85
557,27.41,26.85
692,27.41,26.85
121,27.41,26.85
831,27.41,26.85
124,27.41,26.85
451,27.41,26.85
650,27.41,26.85
563,27.41,26.85
482,27.41,26.85
372,27.41,26.85
164,27.41,26.85
804,27.41,26.85
279,27.41,26.85
670,27.41,26.85
701,27.41,26.85
578,27.41,26.85
570,27.41,26.85
238,27.41,26.85
849,27.41,26.85
362,27.41,26.85
729,27.41,26.85
121,27.41,26.85
873,27.41,26.85
429,27.41,26.85
368,27.41,26.85
740,27.41,26.85
652,27.41,26.85
446,27.41,26.85
475,27.41,26.85
520,27.41,26.85
467,27.41,26.85
663,27.43,26.85
543,27.43,26.85
616,27.43,26.85
120,27.43,26.85
599,27.43,26.85
225,27.43,26.85
834,27.43,26.85
548,27.43,26.85
524,27.43,26.85
739,27.43,26.85
400,27.43,26.85
535,27.43,26.85
584,27.43,26.85
766,27.43,26.85
127,27.43,26.85
881,27.43,26.85
478,27.43,26.85
703,27.43,26.85
754,27.43,26.85
707,27.43,26.85
303,27.43,26.85
565,27.43,26.85
235,27.43,26.85
705,27.43,26.85
408,27.43,26.73
873,27.43,26.73
803,27.43,26.73
213,27.43,26.73
801,27.43,26.73
230,27.43,26.73
673,27.43,26.73
498,27.43,26.73
416,27.43,26.73
874,27.43,26.73
496,27.43,26.73
283,27.43,26.73
374,27.43,26.73
881,27.43,26.73
385,27.43,26.73
240,27.43,26.73
725,27.43,26.73
220,27.43,26.73
698,27.43,26.73
315,27.43,26.73
155,27.43,26.73
880,27.43,26.73
264,27.43,26.73
820,27.43,26.73
339,27.43,26.73
376,27.43,26.73
366,27.43,26.73
405,27.43,26.73
416,27.43,26.73
121,27.43,26.73
882,27.43,26.73
447,27.43,26.73
645,27.43,26.73
318,27.43,26.73
432,27.43,26.73
432,27.43,26.73
430,27.41,26.73
471,27.41,26.73
471,27.41,26.73
848,27.41,26.73
381,27.41,26.73
369,27.41,26.73
441,27.41,26.73
402,27.41,26.73
273,27.41,26.73
607,27.41,26.73
120,27.41,26.73
541,27.41,26.73
323,27.41,26.73
484,27.41,26.73
311,27.41,26.73
250,27.41,26.73
881,27.41,26.73
308,27.41,26.73
684,27.41,26.73
298,27.41,26.73
880,27.41,26.73
123,27.41,26.73
823,27.41,26.73
571,27.41,26.73
373,27.41,26.93
468,27.41,26.93
615,27.41,26.93
493,27.41,26.93
515,27.41,26.93
457,27.41,26.93
667,27.41,26.93
614,27.41,26.93
383,27.41,26.93
717,27.41,26.93
247,27.41,26.93
775,27.41,26.93
326,27.41,26.93
690,27.41,26.93
582,27.41,26.93
789,27.41,26.93
495,27.41,26.93
461,27.41,26.93
461,27.41,26.93
449,27.41,26.93
744,27.41,26.93
502,27.41,26.93
607,27.41,26.93
567,27.41,26.93
467,27.41,26.93
440,27.41,26.93
564,27.41,26.93
120,27.41,26.93
881,27.41,26.93
168,27.41,26.93
851,27.41,26.93
385,27.41,26.93
236,27.41,26.93
603,27.41,26.93
566,27.41,26.93
452,27.41,26.93
419,27.41,26.93
566,27.41,26.93
738,27.41,26.93
576,27.41,26.93
521,27.41,26.93
559,27.41,26.93
273,27.41,26.93
681,27.41,26.93
302,27.41,26.93
523,27.41,26.93
248,27.41,26.93
578,27.41,26.93
526,27.41,26.93
728,27.41,26.93
396,27.41,26.93
180,27.41,26.93
881,27.41,26.93
121,27.41,26.93
752,27.41,26.93
194,27.41,26.93
496,27.41,26.93
365,27.41,26.93
207,27.41,26.93
543,27.41,26.93
482,27.41,27.03
353,27.41,27.03
388,27.41,27.03
713,27.41,27.03
624,27.41,27.03
388,27.41,27.03
472,27.41,27.03
547,27.41,27.03
388,27.41,27.03
442,27.41,27.03
372,27.41,27.03
406,27.41,27.03
121,27.41,27.03
555,27.41,27.03
477,27.41,27.03
154,27.41,27.03
750,27.41,27.03
237,27.41,27.03
806,27.41,27.03
349,27.41,27.03
405,27.41,27.03
680,27.41,27.03
421,27.41,27.03
267,27.41,27.03
710,27.41,27.03
551,27.41,27.03
209,27.41,27.03
695,27.41,27.03
662,27.41,27.03
315,27.41,27.03
535,27.41,27.03
619,27.41,27.03
390,27.41,27.03
518,27.41,27.03
298,27.41,27.03
879,27.41,27.03
445,27.41,27.03
694,27.41,27.03
571,27.41,27.03
533,27.41,27.03
599,27.41,27.03
371,27.41,27.03
776,27.41,27.03
478,27.41,27.03
368,27.41,27.03
622,27.41,27.03
619,27.41,27.03
437,27.41,27.03
541,27.41,27.03
640,27.41,27.03
616,27.41,27.03
272,27.41,27.03
662,27.41,27.03
593,27.41,27.03
483,27.41,27.03
551,27.41,27.03
680,27.41,27.03
687,27.41,27.03
159,27.41,27.03
874,27.41,27.03
375,27.41,26.87
615,27.41,26.87
377,27.41,26.87
443,27.41,26.87
601,27.41,26.87
275,27.41,26.87
736,27.41,26.87
766,27.41,26.87
186,27.41,26.87
508,27.41,26.87
645,27.41,26.87
326,27.41,26.87
491,27.41,26.87
686,27.41,26.87
482,27.41,26.87
632,27.41,26.87
616,27.41,26.87
376,27.41,26.87
863,27.41,26.87
589,27.41,26.87
332,27.41,26.87
619,27.41,26.87
220,27.41,26.87
578,27.41,26.87
543,27.41,26.87
499,27.41,26.87
131,27.41,26.87
559,27.41,26.87
442,27.41,26.87
304,27.41,26.87
409,27.41,26.87
540,27.41,26.87
415,27.41,26.87
265,27.41,26.87
420,27.41,26.87
603,27.41,26.87
260,27.41,26.87
358,27.41,26.87
779,27.41,26.87
148,27.41,26.87
571,27.41,26.87
223,27.41,26.87
889,27.41,26.87
126,27.41,26.87
263,27.41,26.87
881,27.41,26.87
132,27.41,26.87
727,27.41,26.87
410,27.41,26.87
743,27.41,26.87
286,27.41,26.87
465,27.41,26.87
604,27.41,26.87
520,27.41,26.87
153,27.41,26.87
719,27.41,26.87
651,27.41,26.87
426,27.41,26.87
151,27.41,26.87
880,27.41,26.87
479,27.41,26.97
415,27.41,26.97
613,27.41,26.97
394,27.41,26.97
583,27.41,26.97
587,27.41,26.97
882,27.41,26.97
141,27.41,26.97
647,27.41,26.97
668,27.41,26.97
480,27.41,26.97
500,27.41,26.97
127,27.41,26.97
453,27.41,26.97
838,27.41,26.97
533,27.41,26.97
608,27.41,26.97
865,27.41,26.97
440,27.41,26.97
646,27.41,26.97
708,27.41,26.97
541,27.41,26.97
236,27.41,26.97
848,27.41,26.97
301,27.41,26.97
561,27.41,26.97
355,27.41,26.97
328,27.41,26.97
866,27.41,26.97
195,27.41,26.97
798,27.41,26.97
377,27.41,26.97
540,27.41,26.97
517,27.41,26.97
822,27.41,26.97
239,27.41,26.97
532,27.43,26.97
574,27.43,26.97
496,27.43,26.97
302,27.43,26.97
206,27.43,26.97
797,27.43,26.97
323,27.43,26.97
359,27.43,26.97
675,27.43,26.97
801,27.43,26.97
121,27.43,26.97
880,27.43,26.97
456,27.43,26.97
568,27.43,26.97
209,27.43,26.97
517,27.43,26.97
461,27.43,26.97
208,27.43,26.97
708,27.43,26.97
533,27.43,26.97
417,27.43,26.97
334,27.43,26.97
654,27.43,26.97
691,27.43,26.97
310,27.43,26.93
287,27.43,26.93
687,27.43,26.93
322,27.43,26.93
343,27.43,26.93
331,27.43,26.93
632,27.43,26.93
409,27.43,26.93
446,27.43,26.93
768,27.43,26.93
289,27.43,26.93
676,27.43,26.93
272,27.43,26.93
719,27.43,26.93
233,27.43,26.93
351,27.43,26.93
629,27.43,26.93
310,27.43,26.93
231,27.43,26.93
484,27.43,26.93
660,27.43,26.93
124,27.43,26.93
581,27.43,26.93
657,27.43,26.93
682,27.43,26.93
317,27.43,26.93
656,27.43,26.93
463,27.43,26.93
630,27.43,26.93
289,27.43,26.93
880,27.43,26.93
350,27.43,26.93
584,27.43,26.93
676,27.43,26.93
394,27.43,26.93
