317,31.23,30.09
522,31.23,30.09
120,31.23,30.09
276,31.23,30.09
768,31.23,30.09
121,31.23,30.09
844,31.23,30.09
263,31.23,30.09
616,31.23,30.09
121,31.23,30.09
268,31.23,30.09
728,31.23,29.91
484,31.23,29.91
120,31.23,29.91
421,31.23,29.91
607,31.23,29.91
585,31.23,29.91
486,31.23,29.91
622,31.23,29.91
691,31.23,29.91
245,31.23,29.91
415,31.23,29.91
469,31.23,29.91
707,31.23,29.91
122,31.23,29.91
520,31.23,29.91
792,31.23,29.91
425,31.23,29.91
611,31.23,29.91
675,31.23,29.91
504,31.23,29.91
473,31.23,29.91
497,31.23,29.91
553,31.23,29.91
416,31.23,29.91
675,31.23,29.91
778,31.23,29.91
670,31.23,29.91
703,31.23,29.91
375,31.23,29.91
883,31.23,29.91
310,31.23,29.91
735,31.23,29.91
347,31.23,29.91
618,31.23,29.91
612,31.23,29.91
685,31.23,29.91
743,31.29,29.91
435,31.29,29.91
736,31.29,29.91
591,31.29,29.91
623,31.29,29.91
124,31.29,29.91
747,31.29,29.91
799,31.29,29.91
214,31.29,29.91
343,31.29,29.91
854,31.29,29.91
263,31.29,29.91
562,31.29,29.91
495,31.29,29.91
481,31.29,29.91
697,31.29,29.91
166,31.29,29.91
788,31.29,29.91
385,31.29,29.91
482,31.29,29.91
368,31.29,29.91
655,31.29,29.91
860,31.29,29.91
205,31.29,29.91
845,31.29,30.15
676,31.29,30.15
645,31.29,30.15
422,31.29,30.15
761,31.29,30.15
453,31.29,30.15
475,31.29,30.15
677,31.29,30.15
483,31.29,30.15
422,31.29,30.15
587,31.29,30.15
320,31.29,30.15
284,31.29,30.15
277,31.29,30.15
585,31.29,30.15
552,31.29,30.15
481,31.29,30.15
648,31.29,30.15
750,31.29,30.15
454,31.29,30.15
412,31.29,30.15
269,31.29,30.15
695,31.29,30.15
195,31.29,30.15
324,31.29,30.15
541,31.29,30.15
303,31.29,30.15
802,31.29,30.15
495,31.29,30.15
443,31.29,30.15
475,31.29,30.15
365,31.29,30.15
614,31.29,30.15
480,31.29,30.15
515,31.29,30.15
356,31.29,30.15
690,31.23,30.15
461,31.23,30.15
344,31.23,30.15
125,31.23,30.15
264,31.23,30.15
882,31.23,30.15
364,31.23,30.15
658,31.23,30.15
535,31.23,30.15
419,31.23,30.15
389,31.23,30.15
494,31.23,30.15
409,31.23,30.15
460,31.23,30.15
615,31.23,30.15
429,31.23,30.15
552,31.23,30.15
687,31.23,30.15
586,31.23,30.15
646,31.23,30.15
511,31.23,30.15
219,31.23,30.15
753,31.23,30.15
413,31.23,29.85
884,31.23,29.85
454,31.23,29.85
794,31.23,29.85
622,31.23,29.85
509,31.23,29.85
610,31.23,29.85
711,31.23,29.85
325,31.23,29.85
484,31.23,29.85
700,31.23,29.85
422,31.23,29.85
300,31.23,29.85
819,31.23,29.85
561,31.23,29.85
443,31.23,29.85
767,31.23,29.85
118,31.23,29.85
884,31.23,29.85
180,31.23,29.85
641,31.23,29.85
574,31.23,29.85
543,31.23,29.85
345,31.23,29.85
405,31.23,29.85
808,31.23,29.85
120,31.23,29.85
391,31.23,29.85
510,31.23,29.85
386,31.23,29.85
378,31.23,29.85
663,31.23,29.85
184,31.23,29.85
801,31.23,29.85
334,31.23,29.85
637,31.23,29.85
322,31.23,29.85
705,31.23,29.85
397,31.23,29.85
723,31.23,29.85
263,31.23,29.85
433,31.23,29.85
884,31.23,29.85
174,31.23,29.85
749,31.23,29.85
419,31.23,29.85
468,31.23,29.85
385,31.23,29.85
434,31.23,29.85
520,31.23,29.85
543,31.23,29.85
303,31.23,29.85
880,31.23,29.85
421,31.23,29.85
416,31.23,29.85
762,31.23,29.85
584,31.23,29.85
349,31.23,29.85
482,31.23,29.85
760,31.23,29.85
168,31.23,29.85
620,31.23,29.85
439,31.23,29.85
533,31.23,29.85
440,31.23,29.85
475,31.23,29.85
677,31.23,29.85
458,31.23,29.85
460,31.23,29.85
494,31.23,29.85
667,31.23,29.85
549,31.23,29.85
696,31.23,29.85
574,31.23,29.85
775,31.23,29.85
194,31.23,29.85
533,31.23,29.85
411,31.23,29.85
665,31.23,29.85
286,31.23,29.85
707,31.23,29.85
413,31.23,29.85
670,31.23,29.85
463,31.23,29.85
398,31.23,29.85
746,31.23,29.85
271,31.23,29.85
642,31.23,29.85
511,31.23,29.85
742,31.23,29.85
884,31.23,29.85
820,31.23,29.85
491,31.23,29.85
581,31.23,29.85
430,31.23,29.85
414,31.23,29.85
303,31.23,29.85
854,31.23,29.85
450,31.23,29.85
329,31.23,29.85
839,31.23,29.85
223,31.23,29.85
628,31.23,29.85
194,31.23,29.85
490,31.23,29.85
416,31.23,29.85
244,31.23,29.85
813,31.23,29.85
487,31.23,29.85
596,31.23,29.85
130,31.23,29.85
347,31.23,29.85
437,31.23,29.85
396,31.23,29.85
385,31.23,29.85
365,31.23,29.85
248,31.23,29.85
596,31.23,29.85
135,31.23,29.85
643,31.23,29.85
445,31.23,29.89
417,31.23,29.89
872,31.23,29.89
466,31.23,29.89
705,31.23,29.89
122,31.23,29.89
729,31.23,29.89
349,31.23,29.89
673,31.23,29.89
485,31.23,29.89
515,31.23,29.89
404,31.23,29.89
447,31.23,29.89
594,31.23,29.89
468,31.23,29.89
449,31.23,29.89
662,31.23,29.89
642,31.23,29.89
560,31.23,29.89
719,31.23,29.89
370,31.23,29.89
881,31.23,29.89
467,31.23,29.89
884,31.23,29.89
421,31.23,29.89
726,31.23,29.89
336,31.23,29.89
661,31.23,29.89
442,31.23,29.89
604,31.23,29.89
794,31.23,29.89
419,31.23,29.89
734,31.23,29.89
120,31.23,29.89
695,31.23,29.89
530,31.23,29.89
869,31.27,29.89
342,31.27,29.89
649,31.27,29.89
412,31.27,29.89
715,31.27,29.89
265,31.27,29.89
863,31.27,29.89
422,31.27,29.89
277,31.27,29.89
494,31.27,29.89
513,31.27,29.89
662,31.27,29.89
163,31.27,29.89
773,31.27,29.89
222,31.27,29.89
584,31.27,29.89
303,31.27,29.89
649,31.27,29.89
684,31.27,29.89
623,31.27,29.89
561,31.27,29.89
465,31.27,29.89
600,31.27,29.89
593,31.27,30.09
593,31.27,30.09
379,31.27,30.09
573,31.27,30.09
118,31.27,30.09
827,31.27,30.09
279,31.27,30.09
575,31.27,30.09
333,31.27,30.09
368,31.27,30.09
503,31.27,30.09
705,31.27,30.09
456,31.27,30.09
513,31.27,30.09
645,31.27,30.09
408,31.27,30.09
794,31.27,30.09
270,31.27,30.09
431,31.27,30.09
495,31.27,30.09
523,31.27,30.09
121,31.27,30.09
338,31.27,30.09
247,31.27,30.09
429,31.27,30.09
266,31.27,30.09
487,31.27,30.09
660,31.27,30.09
188,31.27,30.09
514,31.27,30.09
572,31.27,30.09
751,31.27,30.09
380,31.27,30.09
719,31.27,30.09
541,31.27,30.09
761,31.27,30.09
403,31.23,30.09
545,31.23,30.09
685,31.23,30.09
445,31.23,30.09
507,31.23,30.09
506,31.23,30.09
321,31.23,30.09
565,31.23,30.09
597,31.23,30.09
581,31.23,30.09
704,31.23,30.09
401,31.23,30.09
591,31.23,30.09
486,31.23,30.09
800,31.23,30.09
539,31.23,30.09
422,31.23,30.09
586,31.23,30.09
436,31.23,30.09
815,31.23,30.09
234,31.23,30.09
670,31.23,30.09
370,31.23,30.09
630,31.23,30.09
333,31.23,29.93
436,31.23,29.93
647,31.23,29.93
512,31.23,29.93
699,31.23,29.93
518,31.23,29.93
366,31.23,29.93
695,31.23,29.93
378,31.23,29.93
447,31.23,29.93
791,31.23,29.93
219,31.23,29.93
884,31.23,29.93
286,31.23,29.93
885,31.23,29.93
600,31.23,29.93
359,31.23,29.93
718,31.23,29.93
458,31.23,29.93
830,31.23,29.93
338,31.23,29.93
648,31.23,29.93
258,31.23,29.93
697,31.23,29.93
480,31.23,29.93
459,31.23,29.93
578,31.23,29.93
550,31.23,29.93
523,31.23,29.93
553,31.23,29.93
148,31.23,29.93
581,31.23,29.93
422,31.23,29.93
266,31.23,29.93
804,31.23,29.93
284,31.23,29.93
837,31.21,29.93
313,31.21,29.93
724,31.21,29.93
182,31.21,29.93
770,31.21,29.93
134,31.21,29.93
302,31.21,29.93
556,31.21,29.93
185,31.21,29.93
380,31.21,29.93
507,31.21,29.93
233,31.21,29.93
466,31.21,29.93
