638,27.93,27.15
496,27.93,27.15
260,27.93,27.15
124,27.93,27.15
880,27.93,27.15
736,27.93,27.15
234,27.93,27.15
523,27.93,27.15
865,27.93,27.15
122,27.93,27.15
691,27.93,27.15
762,27.93,27.15
265,27.93,27.15
739,27.93,27.15
450,27.93,27.15
881,27.93,27.15
532,27.93,27.15
525,27.93,27.15
423,27.93,27.15
710,27.93,27.15
382,27.93,27.15
521,27.93,27.15
437,27.93,27.15
265,27.93,27.15
217,27.93,27.15
661,27.93,27.15
439,27.93,27.15
266,27.93,27.15
657,27.93,27.15
338,27.93,27.15
451,27.93,27.15
122,27.93,27.15
723,27.93,27.15
237,27.93,27.15
763,27.93,27.15
198,27.93,27.15
463,27.93,27.15
815,27.93,27.15
144,27.93,27.15
882,27.93,27.15
549,27.93,27.15
266,27.93,27.15
221,27.93,27.15
512,27.93,27.15
265,27.93,27.15
569,27.93,27.15
251,27.93,27.15
549,27.93,27.15
304,27.93,27.15
425,27.93,27.15
243,27.93,27.15
712,27.93,27.15
368,27.93,27.15
508,27.93,27.15
759,27.93,27.15
121,27.93,27.15
880,27.93,27.11
431,27.93,27.11
865,27.93,27.11
275,27.93,27.11
381,27.93,27.11
530,27.93,27.11
474,27.93,27.11
333,27.93,27.11
591,27.93,27.11
619,27.93,27.11
506,27.93,27.11
622,27.93,27.11
622,27.93,27.11
714,27.93,27.11
451,27.93,27.11
637,27.93,27.11
596,27.93,27.11
577,27.93,27.11
368,27.93,27.11
878,27.93,27.11
304,27.93,27.11
437,27.93,27.11
636,27.93,27.11
505,27.93,27.11
745,27.93,27.11
455,27.93,27.11
765,27.93,27.11
420,27.93,27.11
716,27.93,27.11
786,27.93,27.11
526,27.93,27.11
494,27.93,27.11
881,27.93,27.11
323,27.93,27.11
640,27.93,27.11
338,27.93,27.11
705,28.01,27.11
560,28.01,27.11
368,28.01,27.11
584,28.01,27.11
675,28.01,27.11
742,28.01,27.11
127,28.01,27.11
881,28.01,27.11
122,28.01,27.11
466,28.01,27.11
282,28.01,27.11
396,28.01,27.11
669,28.01,27.11
305,28.01,27.11
851,28.01,27.11
448,28.01,27.11
420,28.01,27.11
343,28.01,27.11
593,28.01,27.11
408,28.01,27.11
687,28.01,27.11
120,28.01,27.11
702,28.01,27.11
189,28.01,27.11
523,28.01,27.21
239,28.01,27.21
622,28.01,27.21
167,28.01,27.21
408,28.01,27.21
708,28.01,27.21
260,28.01,27.21
881,28.01,27.21
317,28.01,27.21
822,28.01,27.21
281,28.01,27.21
178,28.01,27.21
518,28.01,27.21
459,28.01,27.21
133,28.01,27.21
499,28.01,27.21
363,28.01,27.21
565,28.01,27.21
359,28.01,27.21
552,28.01,27.21
588,28.01,27.21
540,28.01,27.21
454,28.01,27.21
367,28.01,27.21
461,28.01,27.21
358,28.01,27.21
728,28.01,27.21
474,28.01,27.21
273,28.01,27.21
698,28.01,27.21
489,28.01,27.21
715,28.01,27.21
269,28.01,27.21
417,28.01,27.21
270,28.01,27.21
417,28.01,27.21
367,27.93,27.21
386,27.93,27.21
599,27.93,27.21
804,27.93,27.21
271,27.93,27.21
486,27.93,27.21
321,27.93,27.21
527,27.93,27.21
809,27.93,27.21
309,27.93,27.21
179,27.93,27.21
350,27.93,27.21
737,27.93,27.21
227,27.93,27.21
830,27.93,27.21
396,27.93,27.21
448,27.93,27.21
653,27.93,27.21
518,27.93,27.21
780,27.93,27.21
359,27.93,27.21
499,27.93,27.21
373,27.93,27.21
502,27.93,27.21
591,27.93,27.23
656,27.93,27.23
475,27.93,27.23
800,27.93,27.23
215,27.93,27.23
608,27.93,27.23
294,27.93,27.23
556,27.93,27.23
487,27.93,27.23
731,27.93,27.23
570,27.93,27.23
404,27.93,27.23
881,27.93,27.23
120,27.93,27.23
881,27.93,27.23
409,27.93,27.23
434,27.93,27.23
642,27.93,27.23
407,27.93,27.23
779,27.93,27.23
670,27.93,27.23
697,27.93,27.23
154,27.93,27.23
385,27.93,27.23
375,27.93,27.23
575,27.93,27.23
250,27.93,27.23
717,27.93,27.23
342,27.93,27.23
699,27.93,27.23
361,27.93,27.23
861,27.93,27.23
416,27.93,27.23
624,27.93,27.23
598,27.93,27.23
146,27.93,27.23
856,27.95,27.23
122,27.95,27.23
881,27.95,27.23
237,27.95,27.23
578,27.95,27.23
545,27.95,27.23
384,27.95,27.23
531,27.95,27.23
672,27.95,27.23
146,27.95,27.23
822,27.95,27.23
679,27.95,27.23
425,27.95,27.23
521,27.95,27.23
375,27.95,27.23
757,27.95,27.23
269,27.95,27.23
641,27.95,27.23
120,27.95,27.23
697,27.95,27.23
120,27.95,27.23
864,27.95,27.23
302,27.95,27.23
381,27.95,27.23
792,27.95,27.23
477,27.95,27.23
746,27.95,27.23
442,27.95,27.23
670,27.95,27.23
302,27.95,27.23
427,27.95,27.23
548,27.95,27.23
881,27.95,27.23
121,27.95,27.23
880,27.95,27.23
305,27.95,27.23
650,27.95,27.23
390,27.95,27.23
740,27.95,27.23
531,27.95,27.23
661,27.95,27.23
643,27.95,27.23
426,27.95,27.23
881,27.95,27.23
121,27.95,27.23
799,27.95,27.23
399,27.95,27.23
370,27.95,27.23
486,27.95,27.23
819,27.95,27.23
508,27.95,27.23
553,27.95,27.23
487,27.95,27.23
859,27.95,27.23
477,27.95,27.23
705,27.95,27.23
726,27.95,27.23
126,27.95,27.23
870,27.95,27.23
361,27.95,27.23
856,27.93,27.23
120,27.93,27.23
814,27.93,27.23
529,27.93,27.23
621,27.93,27.23
510,27.93,27.23
391,27.93,27.23
882,27.93,27.23
201,27.93,27.23
595,27.93,27.23
310,27.93,27.23
540,27.93,27.23
696,27.93,27.23
588,27.93,27.23
422,27.93,27.23
277,27.93,27.23
171,27.93,27.23
797,27.93,27.23
284,27.93,27.23
422,27.93,27.23
783,27.93,27.23
687,27.93,27.23
563,27.93,27.23
353,27.93,27.23
827,27.93,27.05
348,27.93,27.05
778,27.93,27.05
307,27.93,27.05
628,27.93,27.05
126,27.93,27.05
351,27.93,27.05
801,27.93,27.05
333,27.93,27.05
353,27.93,27.05
363,27.93,27.05
821,27.93,27.05
407,27.93,27.05
486,27.93,27.05
342,27.93,27.05
829,27.93,27.05
123,27.93,27.05
535,27.93,27.05
329,27.93,27.05
323,27.93,27.05
297,27.93,27.05
609,27.93,27.05
458,27.93,27.05
154,27.93,27.05
867,27.93,27.05
351,27.93,27.05
705,27.93,27.05
359,27.93,27.05
801,27.93,27.05
459,27.93,27.05
369,27.93,27.05
341,27.93,27.05
501,27.93,27.05
412,27.93,27.05
439,27.93,27.05
701,27.93,27.05
303,27.93,27.05
600,27.93,27.05
310,27.93,27.05
703,27.93,27.05
139,27.93,27.05
879,27.93,27.05
286,27.93,27.05
750,27.93,27.05
157,27.93,27.05
750,27.93,27.05
585,27.93,27.05
366,27.93,27.05
768,27.93,27.05
135,27.93,27.05
881,27.93,27.05
227,27.93,27.05
522,27.93,27.05
563,27.93,27.05
557,27.93,27.05
553,27.93,27.05
814,27.93,27.05
377,27.93,27.05
509,27.93,27.05
554,27.93,27.05
622,27.93,27.03
492,27.93,27.03
400,27.93,27.03
881,27.93,27.03
411,27.93,27.03
488,27.93,27.03
426,27.93,27.03
838,27.93,27.03
400,27.93,27.03
673,27.93,27.03
401,27.93,27.03
452,27.93,27.03
738,27.93,27.03
245,27.93,27.03
882,27.93,27.03
221,27.93,27.03
787,27.93,27.03
382,27.93,27.03
645,27.93,27.03
505,27.93,27.03
706,27.93,27.03
788,27.93,27.03
593,27.93,27.03
587,27.93,27.03
621,27.93,27.03
765,27.93,27.03
566,27.93,27.03
789,27.93,27.03
540,27.93,27.03
570,27.93,27.03
188,27.93,27.03
773,27.93,27.03
156,27.93,27.03
737,27.93,27.03
267,27.93,27.03
571,27.93,27.03
707,27.93,27.03
526,27.93,27.03
824,27.93,27.03
441,27.93,27.03
581,27.93,27.03
211,27.93,27.03
563,27.93,27.03
582,27.93,27.03
301,27.93,27.03
463,27.93,27.03
749,27.93,27.03
276,27.93,27.03
807,27.93,27.03
345,27.93,27.03
351,27.93,27.03
299,27.93,27.03
455,27.93,27.03
664,27.93,27.03
146,27.93,27.03
871,27.93,27.03
427,27.93,27.03
781,27.93,27.03
212,27.93,27.03
737,27.93,27.03
489,27.93,27.03
120,27.93,27.03
