647,29.31,27.87
308,29.31,27.87
269,29.31,27.87
124,29.31,27.87
764,29.31,27.87
796,29.31,27.87
398,29.31,27.87
644,29.31,27.87
501,29.31,27.87
599,29.31,27.87
283,29.31,27.87
713,29.31,27.87
339,29.31,27.87
880,29.31,28.01
478,29.31,28.01
627,29.31,28.01
883,29.31,28.01
529,29.31,28.01
543,29.31,28.01
315,29.31,28.01
748,29.31,28.01
311,29.31,28.01
822,29.31,28.01
256,29.31,28.01
394,29.31,28.01
628,29.31,28.01
380,29.31,28.01
697,29.31,28.01
575,29.31,28.01
590,29.31,28.01
581,29.31,28.01
687,29.31,28.01
668,29.31,28.01
534,29.31,28.01
406,29.31,28.01
835,29.31,28.01
449,29.31,28.01
552,29.31,28.01
398,29.31,28.01
487,29.31,28.01
408,29.31,28.01
671,29.31,28.01
413,29.31,28.01
177,29.31,28.01
849,29.31,28.01
307,29.31,28.01
781,29.31,28.01
304,29.31,28.01
703,29.31,28.01
661,29.31,28.01
398,29.31,28.01
618,29.31,28.01
377,29.31,28.01
481,29.31,28.01
577,29.31,28.01
351,29.31,28.01
544,29.31,28.01
538,29.31,28.01
119,29.31,28.01
853,29.31,28.01
135,29.31,28.01
513,29.31,28.01
120,29.31,28.01
706,29.31,28.01
150,29.31,28.01
494,29.31,28.01
420,29.31,28.01
225,29.31,28.01
877,29.31,28.01
235,29.31,28.01
767,29.31,28.01
192,29.31,28.01
611,29.31,28.13
272,29.31,28.13
533,29.31,28.13
631,29.31,28.13
839,29.31,28.13
119,29.31,28.13
770,29.31,28.13
584,29.31,28.13
681,29.31,28.13
732,29.31,28.13
349,29.31,28.13
803,29.31,28.13
423,29.31,28.13
711,29.31,28.13
119,29.31,28.13
883,29.31,28.13
122,29.31,28.13
814,29.31,28.13
124,29.31,28.13
571,29.31,28.13
562,29.31,28.13
582,29.31,28.13
600,29.31,28.13
650,29.31,28.13
195,29.31,28.13
881,29.31,28.13
602,29.31,28.13
614,29.31,28.13
869,29.31,28.13
120,29.31,28.13
544,29.31,28.13
205,29.31,28.13
883,29.31,28.13
121,29.31,28.13
732,29.31,28.13
272,29.31,28.13
696,29.27,28.13
443,29.27,28.13
292,29.27,28.13
693,29.27,28.13
125,29.27,28.13
682,29.27,28.13
500,29.27,28.13
545,29.27,28.13
540,29.27,28.13
662,29.27,28.13
328,29.27,28.13
723,29.27,28.13
119,29.27,28.13
882,29.27,28.13
153,29.27,28.13
423,29.27,28.13
279,29.27,28.13
401,29.27,28.13
416,29.27,28.13
216,29.27,28.13
816,29.27,28.13
119,29.27,28.13
720,29.27,28.13
303,29.27,28.13
581,29.27,27.95
358,29.27,27.95
549,29.27,27.95
544,29.27,27.95
404,29.27,27.95
262,29.27,27.95
492,29.27,27.95
126,29.27,27.95
466,29.27,27.95
424,29.27,27.95
310,29.27,27.95
771,29.27,27.95
138,29.27,27.95
881,29.27,27.95
570,29.27,27.95
747,29.27,27.95
673,29.27,27.95
641,29.27,27.95
312,29.27,27.95
379,29.27,27.95
660,29.27,27.95
470,29.27,27.95
735,29.27,27.95
321,29.27,27.95
688,29.27,27.95
576,29.27,27.95
421,29.27,27.95
594,29.27,27.95
488,29.27,27.95
356,29.27,27.95
625,29.27,27.95
242,29.27,27.95
882,29.27,27.95
296,29.27,27.95
536,29.27,27.95
766,29.27,27.95
166,29.31,27.95
614,29.31,27.95
322,29.31,27.95
616,29.31,27.95
448,29.31,27.95
744,29.31,27.95
266,29.31,27.95
625,29.31,27.95
357,29.31,27.95
313,29.31,27.95
580,29.31,27.95
359,29.31,27.95
548,29.31,27.95
766,29.31,27.95
518,29.31,27.95
479,29.31,27.95
784,29.31,27.95
169,29.31,27.95
683,29.31,27.95
189,29.31,27.95
822,29.31,27.95
382,29.31,27.95
428,29.31,27.95
627,29.31,27.95
344,29.31,27.99
880,29.31,27.99
187,29.31,27.99
575,29.31,27.99
286,29.31,27.99
763,29.31,27.99
355,29.31,27.99
558,29.31,27.99
502,29.31,27.99
845,29.31,27.99
701,29.31,27.99
267,29.31,27.99
565,29.31,27.99
380,29.31,27.99
565,29.31,27.99
434,29.31,27.99
660,29.31,27.99
120,29.31,27.99
755,29.31,27.99
165,29.31,27.99
721,29.31,27.99
182,29.31,27.99
391,29.31,27.99
597,29.31,27.99
343,29.31,27.99
449,29.31,27.99
392,29.31,27.99
710,29.31,27.99
120,29.31,27.99
709,29.31,27.99
273,29.31,27.99
425,29.31,27.99
411,29.31,27.99
619,29.31,27.99
342,29.31,27.99
523,29.31,27.99
120,29.25,27.99
880,29.25,27.99
119,29.25,27.99
579,29.25,27.99
674,29.25,27.99
456,29.25,27.99
588,29.25,27.99
121,29.25,27.99
883,29.25,27.99
122,29.25,27.99
368,29.25,27.99
607,29.25,27.99
658,29.25,27.99
215,29.25,27.99
459,29.25,27.99
435,29.25,27.99
281,29.25,27.99
222,29.25,27.99
588,29.25,27.99
380,29.25,27.99
512,29.25,27.99
414,29.25,27.99
644,29.25,27.99
714,29.25,28.11
120,29.25,28.11
882,29.25,28.11
587,29.25,28.11
762,29.25,28.11
524,29.25,28.11
650,29.25,28.11
284,29.25,28.11
440,29.25,28.11
765,29.25,28.11
567,29.25,28.11
636,29.25,28.11
204,29.25,28.11
691,29.25,28.11
642,29.25,28.11
327,29.25,28.11
690,29.25,28.11
758,29.25,28.11
387,29.25,28.11
582,29.25,28.11
544,29.25,28.11
720,29.25,28.11
219,29.25,28.11
629,29.25,28.11
628,29.25,28.11
182,29.25,28.11
590,29.25,28.11
423,29.25,28.11
697,29.25,28.11
495,29.25,28.11
405,29.25,28.11
479,29.25,28.11
409,29.25,28.11
569,29.25,28.11
365,29.25,28.11
602,29.25,28.11
285,29.31,28.11
478,29.31,28.11
578,29.31,28.11
372,29.31,28.11
565,29.31,28.11
457,29.31,28.11
282,29.31,28.11
427,29.31,28.11
317,29.31,28.11
795,29.31,28.11
209,29.31,28.11
407,29.31,28.11
405,29.31,28.11
302,29.31,28.11
611,29.31,28.11
476,29.31,28.11
432,29.31,28.11
708,29.31,28.11
434,29.31,28.11
561,29.31,28.11
537,29.31,28.11
386,29.31,28.11
378,29.31,28.11
687,29.31,28.11
447,29.31,28.05
218,29.31,28.05
616,29.31,28.05
346,29.31,28.05
456,29.31,28.05
482,29.31,28.05
286,29.31,28.05
611,29.31,28.05
393,29.31,28.05
804,29.31,28.05
220,29.31,28.05
643,29.31,28.05
580,29.31,28.05
159,29.31,28.05
382,29.31,28.05
377,29.31,28.05
477,29.31,28.05
260,29.31,28.05
585,29.31,28.05
205,29.31,28.05
337,29.31,28.05
390,29.31,28.05
679,29.31,28.05
444,29.31,28.05
503,29.31,28.05
356,29.31,28.05
881,29.31,28.05
541,29.31,28.05
724,29.31,28.05
814,29.31,28.05
427,29.31,28.05
681,29.31,28.05
206,29.31,28.05
884,29.31,28.05
119,29.31,28.05
561,29.31,28.05
341,29.25,28.05
549,29.25,28.05
515,29.25,28.05
610,29.25,28.05
535,29.25,28.05
497,29.25,28.05
246,29.25,28.05
388,29.25,28.05
653,29.25,28.05
196,29.25,28.05
692,29.25,28.05
650,29.25,28.05
721,29.25,28.05
479,29.25,28.05
691,29.25,28.05
398,29.25,28.05
848,29.25,28.05
223,29.25,28.05
647,29.25,28.05
741,29.25,28.05
196,29.25,28.05
887,29.25,28.05
246,29.25,28.05
643,29.25,27.81
418,29.25,27.81
781,29.25,27.81
285,29.25,27.81
682,29.25,27.81
475,29.25,27.81
573,29.25,27.81
845,29.25,27.81
329,29.25,27.81
296,29.25,27.81
440,29.25,27.81
291,29.25,27.81
458,29.25,27.81
605,29.25,27.81
178,29.25,27.81
882,29.25,27.81
350,29.25,27.81
878,29.25,27.81
249,29.25,27.81
674,29.25,27.81
617,29.25,27.81
379,29.25,27.81
542,29.25,27.81
411,29.25,27.81
467,29.25,27.81
505,29.25,27.81
738,29.25,27.81
243,29.25,27.81
462,29.25,27.81
267,29.25,27.81
450,29.25,27.81
251,29.25,27.81
250,29.25,27.81
135,29.25,27.81
662,29.25,27.81
148,29.25,27.81
484,29.27,27.81
523,29.27,27.81
326,29.27,27.81
630,29.27,27.81
221,29.27,27.81
625,29.27,27.81
237,29.27,27.81
194,29.27,27.81
582,29.27,27.81
559,29.27,27.81
121,29.27,27.81
601,29.27,27.81
