405,30.85,29.51
698,30.85,29.51
622,30.85,29.51
123,30.85,29.51
612,30.85,29.51
614,30.85,29.51
626,30.85,29.51
123,30.85,29.51
859,30.85,29.51
273,30.85,29.51
616,30.85,29.51
551,30.85,29.51
646,30.85,29.51
265,30.85,29.51
448,30.85,29.51
281,30.85,29.51
680,30.85,29.51
387,30.85,29.51
307,30.85,29.51
641,30.85,29.51
290,30.85,29.51
472,30.85,29.51
128,30.85,29.51
526,30.85,29.51
124,30.85,29.51
603,30.85,29.51
327,30.85,29.51
497,30.85,29.51
347,30.85,29.51
513,30.85,29.51
548,30.85,29.51
464,30.85,29.51
182,30.85,29.51
708,30.85,29.51
595,30.85,29.51
216,30.85,29.51
608,30.85,29.51
129,30.85,29.51
672,30.85,29.51
279,30.85,29.51
829,30.85,29.51
118,30.85,29.51
672,30.85,29.49
349,30.85,29.49
597,30.85,29.49
611,30.85,29.49
608,30.85,29.49
864,30.85,29.49
444,30.85,29.49
564,30.85,29.49
213,30.85,29.49
637,30.85,29.49
650,30.85,29.49
543,30.85,29.49
796,30.85,29.49
537,30.85,29.49
346,30.85,29.49
618,30.85,29.49
510,30.85,29.49
665,30.85,29.49
711,30.85,29.49
712,30.85,29.49
527,30.85,29.49
311,30.85,29.49
883,30.85,29.49
611,30.85,29.49
743,30.85,29.49
390,30.85,29.49
654,30.85,29.49
795,30.85,29.49
243,30.85,29.49
832,30.85,29.49
404,30.85,29.49
639,30.85,29.49
447,30.85,29.49
666,30.85,29.49
494,30.85,29.49
529,30.85,29.49
620,30.83,29.49
517,30.83,29.49
124,30.83,29.49
698,30.83,29.49
682,30.83,29.49
590,30.83,29.49
596,30.83,29.49
574,30.83,29.49
361,30.83,29.49
234,30.83,29.49
689,30.83,29.49
364,30.83,29.49
485,30.83,29.49
231,30.83,29.49
733,30.83,29.49
481,30.83,29.49
479,30.83,29.49
719,30.83,29.49
482,30.83,29.49
320,30.83,29.49
376,30.83,29.49
562,30.83,29.49
332,30.83,29.49
555,30.83,29.49
376,30.83,29.57
608,30.83,29.57
118,30.83,29.57
848,30.83,29.57
119,30.83,29.57
605,30.83,29.57
118,30.83,29.57
574,30.83,29.57
334,30.83,29.57
327,30.83,29.57
688,30.83,29.57
546,30.83,29.57
808,30.83,29.57
219,30.83,29.57
766,30.83,29.57
347,30.83,29.57
649,30.83,29.57
471,30.83,29.57
796,30.83,29.57
118,30.83,29.57
450,30.83,29.57
395,30.83,29.57
874,30.83,29.57
120,30.83,29.57
353,30.83,29.57
640,30.83,29.57
325,30.83,29.57
359,30.83,29.57
210,30.83,29.57
753,30.83,29.57
338,30.83,29.57
780,30.83,29.57
442,30.83,29.57
863,30.83,29.57
351,30.83,29.57
316,30.83,29.57
427,30.83,29.57
573,30.83,29.57
212,30.83,29.57
705,30.83,29.57
550,30.83,29.57
557,30.83,29.57
628,30.83,29.57
498,30.83,29.57
379,30.83,29.57
212,30.83,29.57
884,30.83,29.57
379,30.83,29.57
397,30.83,29.57
653,30.83,29.57
519,30.83,29.57
343,30.83,29.57
603,30.83,29.57
832,30.83,29.57
461,30.83,29.57
206,30.83,29.57
550,30.83,29.57
637,30.83,29.57
441,30.83,29.57
563,30.83,29.39
689,30.83,29.39
679,30.83,29.39
429,30.83,29.39
863,30.83,29.39
279,30.83,29.39
495,30.83,29.39
653,30.83,29.39
531,30.83,29.39
572,30.83,29.39
126,30.83,29.39
660,30.83,29.39
321,30.83,29.39
875,30.83,29.39
232,30.83,29.39
861,30.83,29.39
371,30.83,29.39
307,30.83,29.39
515,30.83,29.39
544,30.83,29.39
192,30.83,29.39
626,30.83,29.39
632,30.83,29.39
556,30.83,29.39
333,30.83,29.39
579,30.83,29.39
750,30.83,29.39
152,30.83,29.39
430,30.83,29.39
462,30.83,29.39
647,30.83,29.39
171,30.83,29.39
425,30.83,29.39
487,30.83,29.39
123,30.83,29.39
506,30.83,29.39
249,30.85,29.39
532,30.85,29.39
119,30.85,29.39
861,30.85,29.39
580,30.85,29.39
468,30.85,29.39
344,30.85,29.39
513,30.85,29.39
331,30.85,29.39
155,30.85,29.39
504,30.85,29.39
538,30.85,29.39
147,30.85,29.39
716,30.85,29.39
594,30.85,29.39
261,30.85,29.39
774,30.85,29.39
146,30.85,29.39
787,30.85,29.39
276,30.85,29.39
816,30.85,29.39
322,30.85,29.39
773,30.85,29.39
273,30.85,29.39
508,30.85,29.39
433,30.85,29.39
228,30.85,29.39
566,30.85,29.39
422,30.85,29.39
496,30.85,29.39
125,30.85,29.39
563,30.85,29.39
494,30.85,29.39
555,30.85,29.39
304,30.85,29.39
884,30.85,29.39
201,30.85,29.39
721,30.85,29.39
713,30.85,29.39
500,30.85,29.39
685,30.85,29.39
323,30.85,29.39
778,30.85,29.39
497,30.85,29.39
734,30.85,29.39
263,30.85,29.39
418,30.85,29.39
531,30.85,29.39
488,30.85,29.39
671,30.85,29.39
503,30.85,29.39
200,30.85,29.39
881,30.85,29.39
320,30.85,29.39
341,30.85,29.39
774,30.85,29.39
503,30.85,29.39
435,30.85,29.39
369,30.85,29.39
802,30.79,29.39
119,30.79,29.39
701,30.79,29.39
760,30.79,29.39
164,30.79,29.39
636,30.79,29.39
385,30.79,29.39
354,30.79,29.39
353,30.79,29.39
649,30.79,29.39
384,30.79,29.39
611,30.79,29.39
418,30.79,29.39
606,30.79,29.39
552,30.79,29.39
391,30.79,29.39
121,30.79,29.39
550,30.79,29.39
321,30.79,29.39
427,30.79,29.39
231,30.79,29.39
553,30.79,29.39
339,30.79,29.39
247,30.79,29.39
626,30.79,29.43
119,30.79,29.43
371,30.79,29.43
357,30.79,29.43
398,30.79,29.43
533,30.79,29.43
134,30.79,29.43
740,30.79,29.43
663,30.79,29.43
292,30.79,29.43
451,30.79,29.43
631,30.79,29.43
439,30.79,29.43
339,30.79,29.43
662,30.79,29.43
506,30.79,29.43
298,30.79,29.43
615,30.79,29.43
420,30.79,29.43
857,30.79,29.43
400,30.79,29.43
549,30.79,29.43
517,30.79,29.43
302,30.79,29.43
625,30.79,29.43
561,30.79,29.43
480,30.79,29.43
669,30.79,29.43
823,30.79,29.43
411,30.79,29.43
120,30.79,29.43
602,30.79,29.43
467,30.79,29.43
407,30.79,29.43
503,30.79,29.43
389,30.79,29.43
713,30.85,29.43
335,30.85,29.43
651,30.85,29.43
734,30.85,29.43
119,30.85,29.43
687,30.85,29.43
473,30.85,29.43
643,30.85,29.43
124,30.85,29.43
564,30.85,29.43
334,30.85,29.43
482,30.85,29.43
547,30.85,29.43
464,30.85,29.43
537,30.85,29.43
260,30.85,29.43
491,30.85,29.43
694,30.85,29.43
371,30.85,29.43
215,30.85,29.43
879,30.85,29.43
283,30.85,29.43
251,30.85,29.43
392,30.85,29.43
883,30.85,29.43
188,30.85,29.43
553,30.85,29.43
436,30.85,29.43
368,30.85,29.43
627,30.85,29.43
471,30.85,29.43
815,30.85,29.43
406,30.85,29.43
292,30.85,29.43
414,30.85,29.43
663,30.85,29.43
349,30.85,29.43
664,30.85,29.43
621,30.85,29.43
335,30.85,29.43
318,30.85,29.43
720,30.85,29.43
274,30.85,29.43
493,30.85,29.43
397,30.85,29.43
512,30.85,29.43
280,30.85,29.43
278,30.85,29.43
771,30.85,29.43
173,30.85,29.43
882,30.85,29.43
363,30.85,29.43
409,30.85,29.43
383,30.85,29.43
644,30.85,29.43
701,30.85,29.43
663,30.85,29.43
415,30.85,29.43
860,30.85,29.43
735,30.85,29.43
606,30.85,29.43
548,30.85,29.43
426,30.85,29.43
682,30.85,29.43
203,30.85,29.43
880,30.85,29.43
374,30.85,29.43
806,30.85,29.43
418,30.85,29.43
784,30.85,29.43
518,30.85,29.43
446,30.85,29.43
673,30.85,29.43
437,30.85,29.43
750,30.85,29.43
424,30.85,29.43
689,30.85,29.43
510,30.85,29.43
657,30.85,29.43
456,30.85,29.43
742,30.85,29.43
254,30.85,29.43
702,30.85,29.43
312,30.85,29.75
690,30.85,29.75
424,30.85,29.75
635,30.85,29.75
540,30.85,29.75
464,30.85,29.75
753,30.85,29.75
259,30.85,29.75
555,30.85,29.75
273,30.85,29.75
598,30.85,29.75
228,30.85,29.75
640,30.85,29.75
596,30.85,29.75
521,30.85,29.75
324,30.85,29.75
755,30.85,29.75
461,30.85,29.75
723,30.85,29.75
388,30.85,29.75
