179,29.21,27.79
369,29.21,27.79
122,29.21,27.79
405,29.21,27.79
643,29.21,27.79
557,29.21,27.79
380,29.21,27.79
539,29.21,27.79
481,29.21,27.79
683,29.21,27.79
549,29.21,27.79
190,29.21,27.79
882,29.21,27.79
283,29.21,27.79
882,29.21,27.79
406,29.21,27.79
768,29.21,27.79
777,29.21,27.79
812,29.21,27.99
883,29.21,27.99
700,29.21,27.99
438,29.21,27.99
395,29.21,27.99
624,29.21,27.99
697,29.21,27.99
469,29.21,27.99
881,29.21,27.99
644,29.21,27.99
291,29.21,27.99
836,29.21,27.99
170,29.21,27.99
774,29.21,27.99
358,29.21,27.99
693,29.21,27.99
642,29.21,27.99
236,29.21,27.99
673,29.21,27.99
639,29.21,27.99
882,29.21,27.99
312,29.21,27.99
574,29.21,27.99
570,29.21,27.99
409,29.21,27.99
507,29.21,27.99
726,29.21,27.99
180,29.21,27.99
767,29.21,27.99
548,29.21,27.99
864,29.21,27.99
225,29.21,27.99
511,29.21,27.99
345,29.21,27.99
483,29.21,27.99
362,29.21,27.99
235,29.23,27.99
852,29.23,27.99
120,29.23,27.99
874,29.23,27.99
274,29.23,27.99
260,29.23,27.99
696,29.23,27.99
569,29.23,27.99
279,29.23,27.99
515,29.23,27.99
514,29.23,27.99
547,29.23,27.99
548,29.23,27.99
371,29.23,27.99
908,29.23,27.99
287,29.23,27.99
569,29.23,27.99
119,29.23,27.99
701,29.23,27.99
121,29.23,27.99
860,29.23,27.99
207,29.23,27.99
305,29.23,27.99
563,29.23,27.99
402,29.23,27.95
606,29.23,27.95
120,29.23,27.95
773,29.23,27.95
305,29.23,27.95
846,29.23,27.95
411,29.23,27.95
633,29.23,27.95
431,29.23,27.95
709,29.23,27.95
119,29.23,27.95
696,29.23,27.95
160,29.23,27.95
628,29.23,27.95
721,29.23,27.95
549,29.23,27.95
640,29.23,27.95
644,29.23,27.95
883,29.23,27.95
242,29.23,27.95
719,29.23,27.95
531,29.23,27.95
839,29.23,27.95
630,29.23,27.95
595,29.23,27.95
691,29.23,27.95
505,29.23,27.95
558,29.23,27.95
549,29.23,27.95
555,29.23,27.95
623,29.23,27.95
535,29.23,27.95
792,29.23,27.95
699,29.23,27.95
119,29.23,27.95
883,29.23,27.95
319,29.21,27.95
865,29.21,27.95
726,29.21,27.95
607,29.21,27.95
394,29.21,27.95
647,29.21,27.95
853,29.21,27.95
222,29.21,27.95
610,29.21,27.95
500,29.21,27.95
571,29.21,27.95
488,29.21,27.95
420,29.21,27.95
367,29.21,27.95
307,29.21,27.95
408,29.21,27.95
422,29.21,27.95
398,29.21,27.95
772,29.21,27.95
529,29.21,27.95
509,29.21,27.95
798,29.21,27.95
356,29.21,27.95
882,29.21,27.95
119,29.21,28.05
666,29.21,28.05
183,29.21,28.05
738,29.21,28.05
418,29.21,28.05
397,29.21,28.05
686,29.21,28.05
148,29.21,28.05
610,29.21,28.05
216,29.21,28.05
747,29.21,28.05
330,29.21,28.05
445,29.21,28.05
567,29.21,28.05
506,29.21,28.05
392,29.21,28.05
308,29.21,28.05
494,29.21,28.05
573,29.21,28.05
169,29.21,28.05
507,29.21,28.05
822,29.21,28.05
341,29.21,28.05
605,29.21,28.05
508,29.21,28.05
595,29.21,28.05
120,29.21,28.05
768,29.21,28.05
292,29.21,28.05
634,29.21,28.05
337,29.21,28.05
350,29.21,28.05
769,29.21,28.05
120,29.21,28.05
485,29.21,28.05
486,29.21,28.05
403,29.21,28.05
365,29.21,28.05
597,29.21,28.05
228,29.21,28.05
754,29.21,28.05
120,29.21,28.05
880,29.21,28.05
350,29.21,28.05
700,29.21,28.05
734,29.21,28.05
717,29.21,28.05
134,29.21,28.05
421,29.21,28.05
874,29.21,28.05
119,29.21,28.05
559,29.21,28.05
413,29.21,28.05
532,29.21,28.05
263,29.21,28.05
580,29.21,28.05
479,29.21,28.05
727,29.21,28.05
306,29.21,28.05
691,29.21,27.85
625,29.21,27.85
663,29.21,27.85
655,29.21,27.85
376,29.21,27.85
882,29.21,27.85
195,29.21,27.85
882,29.21,27.85
269,29.21,27.85
823,29.21,27.85
203,29.21,27.85
875,29.21,27.85
257,29.21,27.85
339,29.21,27.85
802,29.21,27.85
155,29.21,27.85
544,29.21,27.85
252,29.21,27.85
714,29.21,27.85
492,29.21,27.85
371,29.21,27.85
606,29.21,27.85
715,29.21,27.85
365,29.21,27.85
459,29.21,27.85
353,29.21,27.85
779,29.21,27.85
338,29.21,27.85
323,29.21,27.85
247,29.21,27.85
124,29.21,27.85
518,29.21,27.85
420,29.21,27.85
619,29.21,27.85
232,29.21,27.85
681,29.21,27.85
437,29.17,27.85
403,29.17,27.85
651,29.17,27.85
304,29.17,27.85
612,29.17,27.85
370,29.17,27.85
427,29.17,27.85
624,29.17,27.85
158,29.17,27.85
591,29.17,27.85
540,29.17,27.85
218,29.17,27.85
764,29.17,27.85
174,29.17,27.85
602,29.17,27.85
314,29.17,27.85
629,29.17,27.85
700,29.17,27.85
432,29.17,27.85
690,29.17,27.85
392,29.17,27.85
685,29.17,27.85
239,29.17,27.85
702,29.17,27.85
239,29.17,27.93
610,29.17,27.93
313,29.17,27.93
799,29.17,27.93
213,29.17,27.93
529,29.17,27.93
333,29.17,27.93
705,29.17,27.93
673,29.17,27.93
520,29.17,27.93
730,29.17,27.93
162,29.17,27.93
730,29.17,27.93
230,29.17,27.93
883,29.17,27.93
196,29.17,27.93
789,29.17,27.93
119,29.17,27.93
840,29.17,27.93
284,29.17,27.93
524,29.17,27.93
701,29.17,27.93
291,29.17,27.93
809,29.17,27.93
458,29.17,27.93
735,29.17,27.93
373,29.17,27.93
866,29.17,27.93
528,29.17,27.93
567,29.17,27.93
177,29.17,27.93
882,29.17,27.93
172,29.17,27.93
615,29.17,27.93
626,29.17,27.93
123,29.17,27.93
796,29.25,27.93
267,29.25,27.93
882,29.25,27.93
166,29.25,27.93
649,29.25,27.93
382,29.25,27.93
759,29.25,27.93
171,29.25,27.93
492,29.25,27.93
597,29.25,27.93
427,29.25,27.93
260,29.25,27.93
643,29.25,27.93
494,29.25,27.93
119,29.25,27.93
504,29.25,27.93
542,29.25,27.93
660,29.25,27.93
121,29.25,27.93
804,29.25,27.93
120,29.25,27.93
508,29.25,27.93
498,29.25,27.93
701,29.25,28.11
550,29.25,28.11
458,29.25,28.11
405,29.25,28.11
388,29.25,28.11
310,29.25,28.11
275,29.25,28.11
677,29.25,28.11
457,29.25,28.11
613,29.25,28.11
643,29.25,28.11
610,29.25,28.11
121,29.25,28.11
882,29.25,28.11
119,29.25,28.11
753,29.25,28.11
401,29.25,28.11
442,29.25,28.11
596,29.25,28.11
544,29.25,28.11
710,29.25,28.11
264,29.25,28.11
574,29.25,28.11
454,29.25,28.11
701,29.25,28.11
121,29.25,28.11
398,29.25,28.11
328,29.25,28.11
576,29.25,28.11
351,29.25,28.11
715,29.25,28.11
460,29.25,28.11
705,29.25,28.11
140,29.25,28.11
828,29.25,28.11
243,29.25,28.11
316,29.21,28.11
809,29.21,28.11
492,29.21,28.11
883,29.21,28.11
640,29.21,28.11
439,29.21,28.11
759,29.21,28.11
343,29.21,28.11
430,29.21,28.11
580,29.21,28.11
611,29.21,28.11
393,29.21,28.11
566,29.21,28.11
769,29.21,28.11
342,29.21,28.11
552,29.21,28.11
647,29.21,28.11
289,29.21,28.11
388,29.21,28.11
435,29.21,28.11
738,29.21,28.11
152,29.21,28.11
793,29.21,28.11
474,29.21,28.11
847,29.21,28.11
579,29.21,28.11
363,29.21,28.11
719,29.21,28.11
539,29.21,28.11
618,29.21,28.11
755,29.21,28.11
232,29.21,28.11
473,29.21,28.11
711,29.21,28.11
359,29.21,28.11
593,29.21,28.11
449,29.21,28.11
490,29.21,28.11
280,29.21,28.11
334,29.21,28.11
506,29.21,28.11
515,29.21,28.11
595,29.21,28.11
447,29.21,28.11
808,29.21,28.11
124,29.21,28.11
528,29.21,28.11
549,29.21,28.11
379,29.21,28.11
502,29.21,28.11
662,29.21,28.11
776,29.21,28.11
530,29.21,28.11
451,29.21,28.11
518,29.21,28.11
546,29.21,28.11
278,29.21,28.11
510,29.21,28.11
253,29.21,28.11
484,29.21,28.11
162,29.21,28.11
882,29.21,28.11
204,29.21,28.11
518,29.21,28.11
561,29.21,28.11
704,29.21,28.11
303,29.21,28.11
