286,30.65,29.31
374,30.65,29.31
746,30.65,29.31
121,30.65,29.31
617,30.65,29.31
872,30.65,29.31
535,30.65,29.31
268,30.65,29.31
720,30.65,29.31
117,30.65,29.31
123,30.65,29.31
616,30.65,29.31
579,30.65,29.31
465,30.65,29.31
624,30.65,29.31
371,30.65,29.31
521,30.65,29.31
427,30.65,29.31
557,30.65,29.31
488,30.63,29.31
338,30.63,29.31
848,30.63,29.31
143,30.63,29.31
356,30.63,29.31
733,30.63,29.31
684,30.63,29.31
463,30.63,29.31
538,30.63,29.31
244,30.63,29.31
882,30.63,29.31
560,30.63,29.31
565,30.63,29.31
882,30.63,29.31
462,30.63,29.31
702,30.63,29.31
457,30.63,29.31
800,30.63,29.31
119,30.63,29.31
882,30.63,29.31
437,30.63,29.31
553,30.63,29.31
388,30.63,29.31
506,30.63,29.31
561,30.63,29.31
393,30.63,29.31
645,30.63,29.31
351,30.63,29.31
609,30.63,29.31
463,30.63,29.31
600,30.63,29.31
466,30.63,29.31
584,30.63,29.31
450,30.63,29.31
840,30.63,29.31
398,30.63,29.31
807,30.63,29.31
697,30.63,29.31
593,30.63,29.31
535,30.63,29.31
490,30.63,29.31
845,30.63,29.31
119,30.63,29.31
745,30.63,29.31
350,30.63,29.31
583,30.63,29.31
451,30.63,29.31
447,30.63,29.31
639,30.63,29.31
535,30.63,29.31
493,30.63,29.31
451,30.63,29.31
318,30.63,29.31
576,30.63,29.31
515,30.63,29.31
404,30.63,29.31
505,30.63,29.31
274,30.63,29.31
878,30.63,29.31
118,30.63,29.31
481,30.63,29.31
398,30.63,29.31
349,30.63,29.31
427,30.63,29.31
503,30.63,29.31
625,30.63,29.31
353,30.63,29.31
760,30.63,29.31
272,30.63,29.31
644,30.63,29.31
444,30.63,29.31
330,30.63,29.31
681,30.63,29.31
590,30.63,29.31
337,30.63,29.31
607,30.63,29.31
507,30.63,29.31
530,30.63,29.31
282,30.63,29.31
119,30.63,29.31
578,30.63,29.31
241,30.63,29.31
862,30.63,29.31
261,30.63,29.25
796,30.63,29.25
253,30.63,29.25
837,30.63,29.25
156,30.63,29.25
340,30.63,29.25
575,30.63,29.25
134,30.63,29.25
352,30.63,29.25
273,30.63,29.25
461,30.63,29.25
477,30.63,29.25
747,30.63,29.25
451,30.63,29.25
865,30.63,29.25
354,30.63,29.25
809,30.63,29.25
282,30.63,29.25
760,30.63,29.25
463,30.63,29.25
409,30.63,29.25
543,30.63,29.25
378,30.63,29.25
578,30.63,29.25
142,30.63,29.25
800,30.63,29.25
400,30.63,29.25
884,30.63,29.25
318,30.63,29.25
592,30.63,29.25
499,30.63,29.25
715,30.63,29.25
505,30.63,29.25
567,30.63,29.25
388,30.63,29.25
609,30.63,29.25
638,30.63,29.25
575,30.63,29.25
841,30.63,29.25
120,30.63,29.25
447,30.63,29.25
145,30.63,29.25
702,30.63,29.25
264,30.63,29.25
567,30.63,29.25
135,30.63,29.25
524,30.63,29.25
289,30.63,29.25
385,30.63,29.25
451,30.63,29.25
259,30.63,29.25
581,30.63,29.25
227,30.63,29.25
421,30.63,29.25
533,30.63,29.25
711,30.63,29.25
242,30.63,29.25
680,30.63,29.25
119,30.63,29.25
717,30.63,29.25
222,30.63,29.29
762,30.63,29.29
380,30.63,29.29
566,30.63,29.29
555,30.63,29.29
362,30.63,29.29
591,30.63,29.29
129,30.63,29.29
882,30.63,29.29
119,30.63,29.29
695,30.63,29.29
368,30.63,29.29
727,30.63,29.29
422,30.63,29.29
561,30.63,29.29
559,30.63,29.29
363,30.63,29.29
333,30.63,29.29
836,30.63,29.29
623,30.63,29.29
521,30.63,29.29
402,30.63,29.29
223,30.63,29.29
749,30.63,29.29
158,30.63,29.29
883,30.63,29.29
577,30.63,29.29
753,30.63,29.29
421,30.63,29.29
717,30.63,29.29
593,30.63,29.29
466,30.63,29.29
618,30.63,29.29
412,30.63,29.29
692,30.63,29.29
338,30.63,29.29
612,30.63,29.29
642,30.63,29.29
404,30.63,29.29
562,30.63,29.29
693,30.63,29.29
225,30.63,29.29
768,30.63,29.29
476,30.63,29.29
769,30.63,29.29
396,30.63,29.29
522,30.63,29.29
883,30.63,29.29
315,30.63,29.29
726,30.63,29.29
556,30.63,29.29
641,30.63,29.29
123,30.63,29.29
680,30.63,29.29
530,30.63,29.29
616,30.63,29.29
686,30.63,29.29
434,30.63,29.29
126,30.63,29.29
701,30.63,29.23
408,30.63,29.23
522,30.63,29.23
637,30.63,29.23
432,30.63,29.23
605,30.63,29.23
342,30.63,29.23
711,30.63,29.23
272,30.63,29.23
820,30.63,29.23
491,30.63,29.23
468,30.63,29.23
461,30.63,29.23
291,30.63,29.23
636,30.63,29.23
840,30.63,29.23
613,30.63,29.23
126,30.63,29.23
681,30.63,29.23
501,30.63,29.23
453,30.63,29.23
501,30.63,29.23
676,30.63,29.23
415,30.63,29.23
641,30.63,29.23
247,30.63,29.23
655,30.63,29.23
446,30.63,29.23
349,30.63,29.23
189,30.63,29.23
378,30.63,29.23
647,30.63,29.23
317,30.63,29.23
585,30.63,29.23
477,30.63,29.23
400,30.63,29.23
824,30.63,29.23
313,30.67,29.23
599,30.67,29.23
323,30.67,29.23
422,30.67,29.23
375,30.67,29.23
361,30.67,29.23
752,30.67,29.23
486,30.67,29.23
460,30.67,29.23
613,30.67,29.23
432,30.67,29.23
615,30.67,29.23
118,30.67,29.23
883,30.67,29.23
446,30.67,29.23
377,30.67,29.23
602,30.67,29.23
502,30.67,29.23
883,30.67,29.23
430,30.67,29.23
624,30.67,29.23
649,30.67,29.23
335,30.67,29.23
212,30.67,29.25
544,30.67,29.25
415,30.67,29.25
441,30.67,29.25
488,30.67,29.25
665,30.67,29.25
288,30.67,29.25
718,30.67,29.25
494,30.67,29.25
684,30.67,29.25
491,30.67,29.25
298,30.67,29.25
764,30.67,29.25
352,30.67,29.25
441,30.67,29.25
477,30.67,29.25
437,30.67,29.25
310,30.67,29.25
742,30.67,29.25
405,30.67,29.25
524,30.67,29.25
550,30.67,29.25
400,30.67,29.25
830,30.67,29.25
598,30.67,29.25
433,30.67,29.25
645,30.67,29.25
369,30.67,29.25
137,30.67,29.25
573,30.67,29.25
206,30.67,29.25
706,30.67,29.25
269,30.67,29.25
519,30.67,29.25
198,30.67,29.25
568,30.67,29.25
704,30.61,29.25
354,30.61,29.25
628,30.61,29.25
502,30.61,29.25
441,30.61,29.25
245,30.61,29.25
858,30.61,29.25
536,30.61,29.25
261,30.61,29.25
544,30.61,29.25
507,30.61,29.25
428,30.61,29.25
500,30.61,29.25
377,30.61,29.25
684,30.61,29.25
381,30.61,29.25
282,30.61,29.25
538,30.61,29.25
270,30.61,29.25
670,30.61,29.25
504,30.61,29.25
777,30.61,29.25
124,30.61,29.25
566,30.61,29.25
802,30.61,29.25
337,30.61,29.25
610,30.61,29.25
797,30.61,29.25
467,30.61,29.25
496,30.61,29.25
522,30.61,29.25
570,30.61,29.25
385,30.61,29.25
224,30.61,29.25
666,30.61,29.25
547,30.61,29.25
587,30.61,29.25
466,30.61,29.25
881,30.61,29.25
399,30.61,29.25
586,30.61,29.25
622,30.61,29.25
375,30.61,29.25
619,30.61,29.25
269,30.61,29.25
810,30.61,29.25
119,30.61,29.25
539,30.61,29.25
636,30.61,29.25
540,30.61,29.25
306,30.61,29.25
879,30.61,29.25
536,30.61,29.25
490,30.61,29.25
381,30.61,29.25
762,30.61,29.25
531,30.61,29.25
586,30.61,29.25
466,30.61,29.25
534,30.61,29.25
745,30.65,29.25
120,30.65,29.25
864,30.65,29.25
195,30.65,29.25
589,30.65,29.25
401,30.65,29.25
488,30.65,29.25
534,30.65,29.25
420,30.65,29.25
500,30.65,29.25
479,30.65,29.25
279,30.65,29.25
644,30.65,29.25
629,30.65,29.25
427,30.65,29.25
766,30.65,29.25
477,30.65,29.25
792,30.65,29.25
120,30.65,29.25
842,30.65,29.25
119,30.65,29.25
539,30.65,29.25
324,30.65,29.25
580,30.65,29.29
570,30.65,29.29
119,30.65,29.29
673,30.65,29.29
156,30.65,29.29
491,30.65,29.29
256,30.65,29.29
595,30.65,29.29
623,30.65,29.29
318,30.65,29.29
654,30.65,29.29
645,30.65,29.29
279,30.65,29.29
756,30.65,29.29
290,30.65,29.29
401,30.65,29.29
502,30.65,29.29
292,30.65,29.29
545,30.65,29.29
