583,29.91,28.53
631,29.91,28.53
399,29.91,28.53
355,29.91,28.53
287,29.91,28.53
482,29.91,28.53
500,29.91,28.53
632,29.91,28.53
543,29.91,28.53
598,29.91,28.53
513,29.91,28.53
127,29.91,28.53
622,29.91,28.53
435,29.91,28.53
267,29.91,28.53
679,29.91,28.65
143,29.91,28.65
312,29.91,28.65
594,29.91,28.65
126,29.91,28.65
671,29.91,28.65
359,29.91,28.65
810,29.91,28.65
121,29.91,28.65
580,29.91,28.65
235,29.91,28.65
710,29.91,28.65
374,29.91,28.65
818,29.91,28.65
475,29.91,28.65
278,29.91,28.65
815,29.91,28.65
582,29.91,28.65
119,29.91,28.65
541,29.91,28.65
531,29.91,28.65
229,29.91,28.65
649,29.91,28.65
121,29.91,28.65
793,29.91,28.65
239,29.91,28.65
657,29.91,28.65
419,29.91,28.65
507,29.91,28.65
649,29.91,28.65
366,29.91,28.65
831,29.91,28.65
121,29.91,28.65
467,29.91,28.65
661,29.91,28.65
410,29.91,28.65
306,29.91,28.65
704,29.91,28.65
508,29.91,28.65
619,29.91,28.65
126,29.91,28.65
876,29.91,28.65
460,29.91,28.65
713,29.91,28.65
487,29.91,28.65
567,29.91,28.65
693,29.91,28.65
218,29.91,28.65
838,29.91,28.65
304,29.91,28.65
623,29.91,28.65
209,29.91,28.65
598,29.91,28.65
562,29.91,28.65
533,29.91,28.65
349,29.91,28.65
860,29.91,28.65
179,29.91,28.65
882,29.91,28.65
699,29.91,28.53
376,29.91,28.53
759,29.91,28.53
545,29.91,28.53
516,29.91,28.53
255,29.91,28.53
830,29.91,28.53
374,29.91,28.53
883,29.91,28.53
120,29.91,28.53
831,29.91,28.53
494,29.91,28.53
429,29.91,28.53
862,29.91,28.53
413,29.91,28.53
593,29.91,28.53
216,29.91,28.53
542,29.91,28.53
530,29.91,28.53
559,29.91,28.53
340,29.91,28.53
872,29.91,28.53
185,29.91,28.53
523,29.91,28.53
121,29.91,28.53
615,29.91,28.53
200,29.91,28.53
622,29.91,28.53
473,29.91,28.53
126,29.91,28.53
500,29.91,28.53
119,29.91,28.53
759,29.91,28.53
208,29.91,28.53
469,29.91,28.53
606,29.91,28.53
273,29.89,28.53
560,29.89,28.53
341,29.89,28.53
601,29.89,28.53
171,29.89,28.53
423,29.89,28.53
730,29.89,28.53
332,29.89,28.53
262,29.89,28.53
634,29.89,28.53
271,29.89,28.53
490,29.89,28.53
123,29.89,28.53
764,29.89,28.53
370,29.89,28.53
735,29.89,28.53
696,29.89,28.53
498,29.89,28.53
594,29.89,28.53
388,29.89,28.53
646,29.89,28.53
249,29.89,28.53
461,29.89,28.53
580,29.89,28.53
298,29.89,28.51
420,29.89,28.51
831,29.89,28.51
231,29.89,28.51
575,29.89,28.51
439,29.89,28.51
573,29.89,28.51
538,29.89,28.51
438,29.89,28.51
841,29.89,28.51
708,29.89,28.51
799,29.89,28.51
285,29.89,28.51
677,29.89,28.51
421,29.89,28.51
829,29.89,28.51
123,29.89,28.51
473,29.89,28.51
450,29.89,28.51
505,29.89,28.51
648,29.89,28.51
711,29.89,28.51
600,29.89,28.51
499,29.89,28.51
726,29.89,28.51
257,29.89,28.51
879,29.89,28.51
372,29.89,28.51
604,29.89,28.51
298,29.89,28.51
608,29.89,28.51
604,29.89,28.51
679,29.89,28.51
401,29.89,28.51
533,29.89,28.51
340,29.89,28.51
121,29.89,28.51
883,29.89,28.51
346,29.89,28.51
723,29.89,28.51
221,29.89,28.51
750,29.89,28.51
575,29.89,28.51
406,29.89,28.51
537,29.89,28.51
535,29.89,28.51
339,29.89,28.51
420,29.89,28.51
662,29.89,28.51
489,29.89,28.51
674,29.89,28.51
216,29.89,28.51
495,29.89,28.51
119,29.89,28.51
646,29.89,28.51
119,29.89,28.51
742,29.89,28.51
120,29.89,28.51
824,29.89,28.51
571,29.89,28.63
298,29.89,28.63
780,29.89,28.63
416,29.89,28.63
425,29.89,28.63
308,29.89,28.63
577,29.89,28.63
298,29.89,28.63
241,29.89,28.63
496,29.89,28.63
626,29.89,28.63
122,29.89,28.63
856,29.89,28.63
277,29.89,28.63
883,29.89,28.63
383,29.89,28.63
675,29.89,28.63
790,29.89,28.63
379,29.89,28.63
744,29.89,28.63
172,29.89,28.63
883,29.89,28.63
119,29.89,28.63
883,29.89,28.63
250,29.89,28.63
582,29.89,28.63
405,29.89,28.63
696,29.89,28.63
330,29.89,28.63
637,29.89,28.63
629,29.89,28.63
882,29.89,28.63
456,29.89,28.63
523,29.89,28.63
651,29.89,28.63
423,29.89,28.63
849,29.95,28.63
397,29.95,28.63
884,29.95,28.63
368,29.95,28.63
718,29.95,28.63
396,29.95,28.63
568,29.95,28.63
290,29.95,28.63
460,29.95,28.63
654,29.95,28.63
313,29.95,28.63
433,29.95,28.63
880,29.95,28.63
598,29.95,28.63
424,29.95,28.63
496,29.95,28.63
674,29.95,28.63
308,29.95,28.63
372,29.95,28.63
872,29.95,28.63
395,29.95,28.63
407,29.95,28.63
367,29.95,28.63
633,29.95,28.63
752,29.95,28.69
437,29.95,28.69
614,29.95,28.69
140,29.95,28.69
642,29.95,28.69
270,29.95,28.69
587,29.95,28.69
587,29.95,28.69
433,29.95,28.69
745,29.95,28.69
564,29.95,28.69
372,29.95,28.69
828,29.95,28.69
546,29.95,28.69
226,29.95,28.69
125,29.95,28.69
267,29.95,28.69
389,29.95,28.69
126,29.95,28.69
798,29.95,28.69
119,29.95,28.69
617,29.95,28.69
453,29.95,28.69
479,29.95,28.69
648,29.95,28.69
264,29.95,28.69
801,29.95,28.69
373,29.95,28.69
809,29.95,28.69
127,29.95,28.69
528,29.95,28.69
585,29.95,28.69
193,29.95,28.69
402,29.95,28.69
522,29.95,28.69
147,29.95,28.69
225,29.89,28.69
426,29.89,28.69
549,29.89,28.69
584,29.89,28.69
304,29.89,28.69
761,29.89,28.69
259,29.89,28.69
826,29.89,28.69
270,29.89,28.69
617,29.89,28.69
518,29.89,28.69
550,29.89,28.69
519,29.89,28.69
309,29.89,28.69
265,29.89,28.69
328,29.89,28.69
652,29.89,28.69
121,29.89,28.69
730,29.89,28.69
560,29.89,28.69
522,29.89,28.69
537,29.89,28.69
809,29.89,28.69
574,29.89,28.47
572,29.89,28.47
510,29.89,28.47
630,29.89,28.47
532,29.89,28.47
382,29.89,28.47
615,29.89,28.47
170,29.89,28.47
850,29.89,28.47
466,29.89,28.47
700,29.89,28.47
419,29.89,28.47
850,29.89,28.47
569,29.89,28.47
781,29.89,28.47
459,29.89,28.47
590,29.89,28.47
883,29.89,28.47
127,29.89,28.47
586,29.89,28.47
709,29.89,28.47
695,29.89,28.47
396,29.89,28.47
549,29.89,28.47
309,29.89,28.47
619,29.89,28.47
125,29.89,28.47
853,29.89,28.47
711,29.89,28.47
379,29.89,28.47
763,29.89,28.47
291,29.89,28.47
858,29.89,28.47
119,29.89,28.47
844,29.89,28.47
453,29.89,28.47
692,29.89,28.47
505,29.91,28.47
595,29.91,28.47
776,29.91,28.47
361,29.91,28.47
851,29.91,28.47
136,29.91,28.47
362,29.91,28.47
424,29.91,28.47
800,29.91,28.47
500,29.91,28.47
480,29.91,28.47
431,29.91,28.47
709,29.91,28.47
119,29.91,28.47
817,29.91,28.47
363,29.91,28.47
476,29.91,28.47
404,29.91,28.47
504,29.91,28.47
464,29.91,28.47
119,29.91,28.47
800,29.91,28.47
356,29.91,28.47
546,29.91,28.53
176,29.91,28.53
583,29.91,28.53
350,29.91,28.53
504,29.91,28.53
640,29.91,28.53
480,29.91,28.53
325,29.91,28.53
686,29.91,28.53
745,29.91,28.53
517,29.91,28.53
684,29.91,28.53
320,29.91,28.53
724,29.91,28.53
119,29.91,28.53
802,29.91,28.53
127,29.91,28.53
665,29.91,28.53
125,29.91,28.53
639,29.91,28.53
311,29.91,28.53
284,29.91,28.53
490,29.91,28.53
453,29.91,28.53
712,29.91,28.53
182,29.91,28.53
790,29.91,28.53
659,29.91,28.53
637,29.91,28.53
382,29.91,28.53
718,29.91,28.53
312,29.91,28.53
775,29.91,28.53
280,29.91,28.53
575,29.91,28.53
614,29.91,28.53
357,29.89,28.53
648,29.89,28.53
523,29.89,28.53
586,29.89,28.53
409,29.89,28.53
883,29.89,28.53
128,29.89,28.53
733,29.89,28.53
733,29.89,28.53
212,29.89,28.53
