179,29.17,27.79
718,29.17,27.79
118,29.17,27.79
123,29.17,27.79
137,29.17,27.79
881,29.17,27.79
686,29.17,27.79
726,29.17,27.79
411,29.17,27.79
528,29.17,27.79
531,29.17,27.93
616,29.17,27.93
308,29.17,27.93
524,29.17,27.93
561,29.17,27.93
222,29.17,27.93
541,29.17,27.93
121,29.17,27.93
872,29.17,27.93
122,29.17,27.93
672,29.17,27.93
511,29.17,27.93
602,29.17,27.93
478,29.17,27.93
512,29.17,27.93
843,29.17,27.93
120,29.17,27.93
832,29.17,27.93
465,29.17,27.93
297,29.17,27.93
318,29.17,27.93
540,29.17,27.93
574,29.17,27.93
575,29.17,27.93
516,29.17,27.93
780,29.17,27.93
324,29.17,27.93
875,29.17,27.93
613,29.17,27.93
556,29.17,27.93
701,29.17,27.93
312,29.17,27.93
882,29.17,27.93
213,29.17,27.93
780,29.17,27.93
314,29.17,27.93
642,29.17,27.93
126,29.17,27.93
593,29.17,27.93
385,29.17,27.93
323,29.17,27.93
662,29.17,27.93
341,29.17,27.93
548,29.17,27.93
632,29.17,27.93
364,29.17,27.93
473,29.17,27.93
614,29.17,27.93
208,29.17,27.93
794,29.17,27.93
504,29.17,27.93
704,29.17,27.93
477,29.17,27.93
656,29.17,27.93
824,29.17,27.93
220,29.17,27.93
488,29.17,27.93
474,29.17,27.93
428,29.17,27.93
123,29.17,27.93
641,29.17,27.61
121,29.17,27.61
584,29.17,27.61
276,29.17,27.61
460,29.17,27.61
472,29.17,27.61
467,29.17,27.61
466,29.17,27.61
585,29.17,27.61
267,29.17,27.61
309,29.17,27.61
500,29.17,27.61
149,29.17,27.61
572,29.17,27.61
296,29.17,27.61
685,29.17,27.61
266,29.17,27.61
459,29.17,27.61
123,29.17,27.61
547,29.17,27.61
632,29.17,27.61
376,29.17,27.61
557,29.17,27.61
607,29.17,27.61
595,29.17,27.61
312,29.17,27.61
391,29.17,27.61
445,29.17,27.61
591,29.17,27.61
303,29.17,27.61
874,29.17,27.61
337,29.17,27.61
799,29.17,27.61
358,29.17,27.61
856,29.17,27.61
550,29.17,27.61
527,29.17,27.61
882,29.17,27.61
360,29.17,27.61
883,29.17,27.61
555,29.17,27.61
705,29.17,27.61
443,29.17,27.61
752,29.17,27.61
277,29.17,27.61
557,29.17,27.61
383,29.17,27.61
495,29.17,27.61
633,29.17,27.61
559,29.17,27.61
531,29.17,27.61
758,29.17,27.61
355,29.17,27.61
473,29.17,27.61
571,29.17,27.61
256,29.17,27.61
883,29.17,27.61
121,29.17,27.61
755,29.17,27.61
641,29.17,28.01
402,29.17,28.01
747,29.17,28.01
482,29.17,28.01
585,29.17,28.01
400,29.17,28.01
612,29.17,28.01
121,29.17,28.01
562,29.17,28.01
258,29.17,28.01
506,29.17,28.01
223,29.17,28.01
560,29.17,28.01
535,29.17,28.01
829,29.17,28.01
221,29.17,28.01
881,29.17,28.01
463,29.17,28.01
587,29.17,28.01
386,29.17,28.01
390,29.17,28.01
877,29.17,28.01
120,29.17,28.01
783,29.17,28.01
430,29.17,28.01
369,29.17,28.01
124,29.17,28.01
575,29.17,28.01
539,29.17,28.01
567,29.17,28.01
576,29.17,28.01
365,29.17,28.01
464,29.17,28.01
409,29.17,28.01
368,29.17,28.01
366,29.17,28.01
500,29.19,28.01
264,29.19,28.01
623,29.19,28.01
122,29.19,28.01
798,29.19,28.01
280,29.19,28.01
745,29.19,28.01
135,29.19,28.01
319,29.19,28.01
576,29.19,28.01
325,29.19,28.01
883,29.19,28.01
560,29.19,28.01
454,29.19,28.01
422,29.19,28.01
647,29.19,28.01
483,29.19,28.01
385,29.19,28.01
177,29.19,28.01
250,29.19,28.01
284,29.19,28.01
431,29.19,28.01
312,29.19,28.01
679,29.19,28.01
313,29.19,27.95
704,29.19,27.95
483,29.19,27.95
167,29.19,27.95
744,29.19,27.95
405,29.19,27.95
883,29.19,27.95
544,29.19,27.95
453,29.19,27.95
529,29.19,27.95
739,29.19,27.95
523,29.19,27.95
821,29.19,27.95
508,29.19,27.95
468,29.19,27.95
346,29.19,27.95
676,29.19,27.95
465,29.19,27.95
627,29.19,27.95
815,29.19,27.95
368,29.19,27.95
881,29.19,27.95
358,29.19,27.95
557,29.19,27.95
412,29.19,27.95
517,29.19,27.95
441,29.19,27.95
340,29.19,27.95
803,29.19,27.95
149,29.19,27.95
853,29.19,27.95
519,29.19,27.95
619,29.19,27.95
478,29.19,27.95
320,29.19,27.95
708,29.19,27.95
665,29.17,27.95
572,29.17,27.95
308,29.17,27.95
795,29.17,27.95
627,29.17,27.95
586,29.17,27.95
770,29.17,27.95
528,29.17,27.95
247,29.17,27.95
878,29.17,27.95
526,29.17,27.95
864,29.17,27.95
605,29.17,27.95
728,29.17,27.95
507,29.17,27.95
157,29.17,27.95
882,29.17,27.95
120,29.17,27.95
815,29.17,27.95
504,29.17,27.95
503,29.17,27.95
404,29.17,27.95
584,29.17,27.95
792,29.17,27.95
427,29.17,28.05
741,29.17,28.05
334,29.17,28.05
696,29.17,28.05
453,29.17,28.05
356,29.17,28.05
475,29.17,28.05
637,29.17,28.05
119,29.17,28.05
637,29.17,28.05
270,29.17,28.05
617,29.17,28.05
437,29.17,28.05
701,29.17,28.05
196,29.17,28.05
369,29.17,28.05
692,29.17,28.05
353,29.17,28.05
737,29.17,28.05
429,29.17,28.05
650,29.17,28.05
311,29.17,28.05
501,29.17,28.05
423,29.17,28.05
237,29.17,28.05
410,29.17,28.05
443,29.17,28.05
304,29.17,28.05
550,29.17,28.05
444,29.17,28.05
628,29.17,28.05
554,29.17,28.05
237,29.17,28.05
613,29.17,28.05
263,29.17,28.05
328,29.17,28.05
151,29.19,28.05
802,29.19,28.05
361,29.19,28.05
497,29.19,28.05
669,29.19,28.05
523,29.19,28.05
380,29.19,28.05
453,29.19,28.05
598,29.19,28.05
184,29.19,28.05
655,29.19,28.05
387,29.19,28.05
844,29.19,28.05
354,29.19,28.05
490,29.19,28.05
431,29.19,28.05
870,29.19,28.05
140,29.19,28.05
757,29.19,28.05
608,29.19,28.05
321,29.19,28.05
484,29.19,28.05
532,29.19,28.05
883,29.19,27.81
130,29.19,27.81
881,29.19,27.81
576,29.19,27.81
690,29.19,27.81
552,29.19,27.81
504,29.19,27.81
556,29.19,27.81
272,29.19,27.81
549,29.19,27.81
380,29.19,27.81
493,29.19,27.81
504,29.19,27.81
520,29.19,27.81
289,29.19,27.81
335,29.19,27.81
281,29.19,27.81
881,29.19,27.81
233,29.19,27.81
731,29.19,27.81
602,29.19,27.81
560,29.19,27.81
597,29.19,27.81
179,29.19,27.81
883,29.19,27.81
215,29.19,27.81
457,29.19,27.81
451,29.19,27.81
738,29.19,27.81
420,29.19,27.81
551,29.19,27.81
819,29.19,27.81
630,29.19,27.81
422,29.19,27.81
529,29.19,27.81
529,29.19,27.81
506,29.17,27.81
478,29.17,27.81
715,29.17,27.81
625,29.17,27.81
230,29.17,27.81
743,29.17,27.81
477,29.17,27.81
454,29.17,27.81
446,29.17,27.81
498,29.17,27.81
626,29.17,27.81
122,29.17,27.81
709,29.17,27.81
367,29.17,27.81
304,29.17,27.81
616,29.17,27.81
569,29.17,27.81
356,29.17,27.81
686,29.17,27.81
511,29.17,27.81
535,29.17,27.81
387,29.17,27.81
190,29.17,27.81
331,29.17,27.81
677,29.17,27.73
167,29.17,27.73
546,29.17,27.73
417,29.17,27.73
125,29.17,27.73
567,29.17,27.73
251,29.17,27.73
553,29.17,27.73
335,29.17,27.73
577,29.17,27.73
408,29.17,27.73
128,29.17,27.73
738,29.17,27.73
178,29.17,27.73
882,29.17,27.73
255,29.17,27.73
764,29.17,27.73
370,29.17,27.73
383,29.17,27.73
255,29.17,27.73
460,29.17,27.73
151,29.17,27.73
413,29.17,27.73
165,29.17,27.73
817,29.17,27.73
226,29.17,27.73
720,29.17,27.73
699,29.17,27.73
119,29.17,27.73
732,29.17,27.73
178,29.17,27.73
878,29.17,27.73
119,29.17,27.73
833,29.17,27.73
369,29.17,27.73
583,29.17,27.73
600,29.15,27.73
679,29.15,27.73
478,29.15,27.73
542,29.15,27.73
736,29.15,27.73
296,29.15,27.73
709,29.15,27.73
520,29.15,27.73
687,29.15,27.73
407,29.15,27.73
495,29.15,27.73
571,29.15,27.73
874,29.15,27.73
157,29.15,27.73
757,29.15,27.73
