360,28.37,27.31
600,28.37,27.31
336,28.37,27.31
124,28.37,27.31
824,28.37,27.31
841,28.37,27.31
751,28.37,27.31
321,28.37,27.31
746,28.37,27.31
176,28.37,27.31
881,28.37,27.31
386,28.37,27.31
646,28.37,27.31
481,28.37,27.31
437,28.37,27.31
332,28.37,27.31
376,28.37,27.31
437,28.37,27.31
134,28.37,27.31
363,28.37,27.31
384,28.37,27.31
682,28.37,27.31
484,28.37,27.31
629,28.37,27.31
295,28.37,27.31
690,28.37,27.31
120,28.37,27.31
842,28.37,27.31
463,28.37,27.31
397,28.37,27.31
275,28.37,27.31
555,28.37,27.31
609,28.37,27.31
297,28.37,27.31
739,28.37,27.31
181,28.39,27.31
554,28.39,27.31
227,28.39,27.31
615,28.39,27.31
396,28.39,27.31
561,28.39,27.31
596,28.39,27.31
595,28.39,27.31
344,28.39,27.31
819,28.39,27.31
495,28.39,27.31
446,28.39,27.31
537,28.39,27.31
121,28.39,27.31
618,28.39,27.31
123,28.39,27.31
860,28.39,27.31
239,28.39,27.31
481,28.39,27.31
291,28.39,27.31
663,28.39,27.31
599,28.39,27.31
311,28.39,27.31
769,28.39,27.53
435,28.39,27.53
691,28.39,27.53
120,28.39,27.53
742,28.39,27.53
753,28.39,27.53
373,28.39,27.53
321,28.39,27.53
682,28.39,27.53
231,28.39,27.53
664,28.39,27.53
397,28.39,27.53
881,28.39,27.53
271,28.39,27.53
630,28.39,27.53
823,28.39,27.53
177,28.39,27.53
655,28.39,27.53
311,28.39,27.53
837,28.39,27.53
410,28.39,27.53
776,28.39,27.53
532,28.39,27.53
696,28.39,27.53
499,28.39,27.53
278,28.39,27.53
631,28.39,27.53
239,28.39,27.53
506,28.39,27.53
577,28.39,27.53
554,28.39,27.53
124,28.39,27.53
806,28.39,27.53
343,28.39,27.53
812,28.39,27.53
120,28.39,27.53
858,28.39,27.53
719,28.41,27.53
790,28.41,27.53
535,28.41,27.53
797,28.41,27.53
684,28.41,27.53
532,28.41,27.53
474,28.41,27.53
206,28.41,27.53
711,28.41,27.53
468,28.41,27.53
645,28.41,27.53
316,28.41,27.53
653,28.41,27.53
490,28.41,27.53
702,28.41,27.53
366,28.41,27.53
450,28.41,27.53
448,28.41,27.53
257,28.41,27.53
655,28.41,27.53
121,28.41,27.53
681,28.41,27.53
239,28.41,27.53
883,28.41,27.31
200,28.41,27.31
436,28.41,27.31
430,28.41,27.31
482,28.41,27.31
288,28.41,27.31
632,28.41,27.31
443,28.41,27.31
447,28.41,27.31
307,28.41,27.31
866,28.41,27.31
692,28.41,27.31
440,28.41,27.31
587,28.41,27.31
263,28.41,27.31
788,28.41,27.31
124,28.41,27.31
768,28.41,27.31
247,28.41,27.31
691,28.41,27.31
442,28.41,27.31
681,28.41,27.31
729,28.41,27.31
473,28.41,27.31
832,28.41,27.31
559,28.41,27.31
526,28.41,27.31
546,28.41,27.31
871,28.41,27.31
222,28.41,27.31
545,28.41,27.31
456,28.41,27.31
655,28.41,27.31
222,28.41,27.31
718,28.41,27.31
121,28.41,27.31
737,28.41,27.31
218,28.37,27.31
388,28.37,27.31
845,28.37,27.31
366,28.37,27.31
881,28.37,27.31
376,28.37,27.31
483,28.37,27.31
208,28.37,27.31
658,28.37,27.31
428,28.37,27.31
358,28.37,27.31
281,28.37,27.31
767,28.37,27.31
424,28.37,27.31
756,28.37,27.31
403,28.37,27.31
322,28.37,27.31
334,28.37,27.31
714,28.37,27.31
649,28.37,27.31
225,28.37,27.31
848,28.37,27.31
366,28.37,27.31
690,28.37,27.59
238,28.37,27.59
442,28.37,27.59
703,28.37,27.59
120,28.37,27.59
532,28.37,27.59
502,28.37,27.59
186,28.37,27.59
348,28.37,27.59
769,28.37,27.59
315,28.37,27.59
530,28.37,27.59
135,28.37,27.59
558,28.37,27.59
595,28.37,27.59
185,28.37,27.59
597,28.37,27.59
728,28.37,27.59
435,28.37,27.59
357,28.37,27.59
658,28.37,27.59
125,28.37,27.59
637,28.37,27.59
383,28.37,27.59
720,28.37,27.59
229,28.37,27.59
185,28.37,27.59
546,28.37,27.59
485,28.37,27.59
640,28.37,27.59
342,28.37,27.59
640,28.37,27.59
371,28.37,27.59
434,28.37,27.59
470,28.37,27.59
524,28.37,27.59
157,28.37,27.59
517,28.39,27.59
716,28.39,27.59
547,28.39,27.59
216,28.39,27.59
487,28.39,27.59
470,28.39,27.59
528,28.39,27.59
379,28.39,27.59
265,28.39,27.59
745,28.39,27.59
232,28.39,27.59
746,28.39,27.59
240,28.39,27.59
252,28.39,27.59
616,28.39,27.59
433,28.39,27.59
718,28.39,27.59
211,28.39,27.59
653,28.39,27.59
759,28.39,27.59
610,28.39,27.59
414,28.39,27.59
451,28.39,27.59
820,28.39,27.35
357,28.39,27.35
550,28.39,27.35
498,28.39,27.35
123,28.39,27.35
642,28.39,27.35
600,28.39,27.35
569,28.39,27.35
573,28.39,27.35
395,28.39,27.35
881,28.39,27.35
410,28.39,27.35
442,28.39,27.35
417,28.39,27.35
708,28.39,27.35
394,28.39,27.35
606,28.39,27.35
664,28.39,27.35
234,28.39,27.35
521,28.39,27.35
789,28.39,27.35
242,28.39,27.35
532,28.39,27.35
572,28.39,27.35
574,28.39,27.35
578,28.39,27.35
324,28.39,27.35
657,28.39,27.35
395,28.39,27.35
747,28.39,27.35
265,28.39,27.35
880,28.39,27.35
288,28.39,27.35
662,28.39,27.35
627,28.39,27.35
450,28.39,27.35
784,28.39,27.35
415,28.41,27.35
412,28.41,27.35
335,28.41,27.35
788,28.41,27.35
480,28.41,27.35
633,28.41,27.35
327,28.41,27.35
602,28.41,27.35
160,28.41,27.35
775,28.41,27.35
125,28.41,27.35
582,28.41,27.35
343,28.41,27.35
365,28.41,27.35
377,28.41,27.35
196,28.41,27.35
663,28.41,27.35
411,28.41,27.35
783,28.41,27.35
386,28.41,27.35
463,28.41,27.35
445,28.41,27.35
359,28.41,27.35
356,28.41,27.17
611,28.41,27.17
493,28.41,27.17
525,28.41,27.17
486,28.41,27.17
268,28.41,27.17
462,28.41,27.17
526,28.41,27.17
307,28.41,27.17
342,28.41,27.17
715,28.41,27.17
120,28.41,27.17
868,28.41,27.17
237,28.41,27.17
534,28.41,27.17
701,28.41,27.17
558,28.41,27.17
772,28.41,27.17
287,28.41,27.17
621,28.41,27.17
379,28.41,27.17
308,28.41,27.17
416,28.41,27.17
489,28.41,27.17
285,28.41,27.17
811,28.41,27.17
514,28.41,27.17
868,28.41,27.17
226,28.41,27.17
801,28.41,27.17
570,28.41,27.17
466,28.41,27.17
603,28.41,27.17
411,28.41,27.17
870,28.41,27.17
287,28.41,27.17
850,28.39,27.17
465,28.39,27.17
340,28.39,27.17
411,28.39,27.17
545,28.39,27.17
515,28.39,27.17
224,28.39,27.17
874,28.39,27.17
534,28.39,27.17
623,28.39,27.17
735,28.39,27.17
659,28.39,27.17
282,28.39,27.17
770,28.39,27.17
192,28.39,27.17
620,28.39,27.17
127,28.39,27.17
607,28.39,27.17
420,28.39,27.17
710,28.39,27.17
125,28.39,27.17
598,28.39,27.17
645,28.39,27.17
386,28.39,27.17
816,28.39,27.25
378,28.39,27.25
658,28.39,27.25
365,28.39,27.25
703,28.39,27.25
804,28.39,27.25
521,28.39,27.25
483,28.39,27.25
740,28.39,27.25
462,28.39,27.25
305,28.39,27.25
555,28.39,27.25
505,28.39,27.25
319,28.39,27.25
485,28.39,27.25
536,28.39,27.25
261,28.39,27.25
632,28.39,27.25
195,28.39,27.25
762,28.39,27.25
269,28.39,27.25
384,28.39,27.25
559,28.39,27.25
358,28.39,27.25
373,28.39,27.25
432,28.39,27.25
618,28.39,27.25
374,28.39,27.25
461,28.39,27.25
243,28.39,27.25
627,28.39,27.25
141,28.39,27.25
657,28.39,27.25
209,28.39,27.25
840,28.39,27.25
121,28.39,27.25
798,28.37,27.25
195,28.37,27.25
574,28.37,27.25
640,28.37,27.25
440,28.37,27.25
762,28.37,27.25
142,28.37,27.25
808,28.37,27.25
297,28.37,27.25
409,28.37,27.25
242,28.37,27.25
570,28.37,27.25
314,28.37,27.25
514,28.37,27.25
498,28.37,27.25
478,28.37,27.25
448,28.37,27.25
788,28.37,27.25
699,28.37,27.25
378,28.37,27.25
807,28.37,27.25
594,28.37,27.25
803,28.37,27.25
334,28.37,27.25
