330,30.91,29.59
583,30.91,29.59
305,30.91,29.59
257,30.91,29.59
726,30.91,29.59
466,30.91,29.59
625,30.91,29.59
828,30.91,29.59
883,30.93,29.59
587,30.93,29.59
886,30.93,29.59
249,30.93,29.59
520,30.93,29.59
500,30.93,29.59
666,30.93,29.59
619,30.93,29.59
411,30.93,29.59
602,30.93,29.59
474,30.93,29.59
492,30.93,29.59
422,30.93,29.59
428,30.93,29.59
576,30.93,29.59
717,30.93,29.59
307,30.93,29.59
640,30.93,29.59
488,30.93,29.59
882,30.93,29.59
233,30.93,29.59
826,30.93,29.59
702,30.93,29.59
405,30.93,29.59
230,30.93,29.59
650,30.93,29.59
845,30.93,29.59
414,30.93,29.59
373,30.93,29.59
531,30.93,29.59
381,30.93,29.59
277,30.93,29.59
587,30.93,29.59
568,30.93,29.59
368,30.93,29.59
586,30.93,29.59
576,30.93,29.59
119,30.93,29.59
660,30.93,29.59
283,30.93,29.59
381,30.93,29.59
414,30.93,29.59
170,30.93,29.59
885,30.93,29.59
121,30.93,29.59
622,30.93,29.59
322,30.93,29.59
382,30.93,29.59
473,30.93,29.59
561,30.93,29.59
724,30.93,29.59
782,30.93,29.59
685,30.93,29.59
456,30.93,29.59
586,30.93,29.59
409,30.93,29.59
648,30.93,29.59
506,30.93,29.59
207,30.93,29.59
336,30.91,29.59
554,30.91,29.59
222,30.91,29.59
744,30.91,29.59
363,30.91,29.59
588,30.91,29.59
414,30.91,29.59
357,30.91,29.59
756,30.91,29.59
287,30.91,29.59
618,30.91,29.59
849,30.91,29.59
674,30.91,29.59
363,30.91,29.59
498,30.91,29.59
562,30.91,29.59
455,30.91,29.59
589,30.91,29.59
425,30.91,29.59
528,30.91,29.59
702,30.91,29.59
551,30.91,29.59
604,30.91,29.59
493,30.91,29.59
478,30.91,29.65
784,30.91,29.65
203,30.91,29.65
689,30.91,29.65
408,30.91,29.65
775,30.91,29.65
334,30.91,29.65
509,30.91,29.65
690,30.91,29.65
656,30.91,29.65
689,30.91,29.65
617,30.91,29.65
431,30.91,29.65
471,30.91,29.65
343,30.91,29.65
574,30.91,29.65
635,30.91,29.65
565,30.91,29.65
881,30.91,29.65
258,30.91,29.65
630,30.91,29.65
577,30.91,29.65
528,30.91,29.65
556,30.91,29.65
678,30.91,29.65
549,30.91,29.65
270,30.91,29.65
606,30.91,29.65
301,30.91,29.65
355,30.91,29.65
431,30.91,29.65
358,30.91,29.65
540,30.91,29.65
590,30.91,29.65
393,30.91,29.65
818,30.91,29.65
640,30.95,29.65
124,30.95,29.65
543,30.95,29.65
269,30.95,29.65
473,30.95,29.65
310,30.95,29.65
552,30.95,29.65
118,30.95,29.65
706,30.95,29.65
282,30.95,29.65
612,30.95,29.65
458,30.95,29.65
381,30.95,29.65
567,30.95,29.65
352,30.95,29.65
586,30.95,29.65
466,30.95,29.65
843,30.95,29.65
201,30.95,29.65
550,30.95,29.65
839,30.95,29.65
709,30.95,29.65
128,30.95,29.65
582,30.95,29.65
495,30.95,29.43
505,30.95,29.43
118,30.95,29.43
808,30.95,29.43
408,30.95,29.43
673,30.95,29.43
600,30.95,29.43
564,30.95,29.43
629,30.95,29.43
356,30.95,29.43
884,30.95,29.43
460,30.95,29.43
583,30.95,29.43
590,30.95,29.43
723,30.95,29.43
656,30.95,29.43
881,30.95,29.43
227,30.95,29.43
854,30.95,29.43
237,30.95,29.43
882,30.95,29.43
304,30.95,29.43
452,30.95,29.43
759,30.95,29.43
606,30.95,29.43
685,30.95,29.43
231,30.95,29.43
696,30.95,29.43
310,30.95,29.43
678,30.95,29.43
221,30.95,29.43
715,30.95,29.43
703,30.95,29.43
277,30.95,29.43
650,30.95,29.43
363,30.95,29.43
256,30.91,29.43
475,30.91,29.43
438,30.91,29.43
377,30.91,29.43
462,30.91,29.43
301,30.91,29.43
883,30.91,29.43
337,30.91,29.43
575,30.91,29.43
377,30.91,29.43
642,30.91,29.43
286,30.91,29.43
507,30.91,29.43
589,30.91,29.43
119,30.91,29.43
607,30.91,29.43
371,30.91,29.43
390,30.91,29.43
121,30.91,29.43
549,30.91,29.43
777,30.91,29.43
372,30.91,29.43
649,30.91,29.43
682,30.91,29.71
394,30.91,29.71
464,30.91,29.71
681,30.91,29.71
618,30.91,29.71
699,30.91,29.71
357,30.91,29.71
461,30.91,29.71
634,30.91,29.71
373,30.91,29.71
123,30.91,29.71
668,30.91,29.71
279,30.91,29.71
801,30.91,29.71
507,30.91,29.71
351,30.91,29.71
657,30.91,29.71
460,30.91,29.71
606,30.91,29.71
242,30.91,29.71
879,30.91,29.71
677,30.91,29.71
643,30.91,29.71
537,30.91,29.71
805,30.91,29.71
454,30.91,29.71
708,30.91,29.71
387,30.91,29.71
554,30.91,29.71
672,30.91,29.71
648,30.91,29.71
739,30.91,29.71
524,30.91,29.71
880,30.91,29.71
383,30.91,29.71
884,30.91,29.71
154,30.93,29.71
739,30.93,29.71
502,30.93,29.71
553,30.93,29.71
448,30.93,29.71
556,30.93,29.71
726,30.93,29.71
766,30.93,29.71
438,30.93,29.71
529,30.93,29.71
565,30.93,29.71
265,30.93,29.71
883,30.93,29.71
291,30.93,29.71
883,30.93,29.71
366,30.93,29.71
880,30.93,29.71
161,30.93,29.71
744,30.93,29.71
169,30.93,29.71
641,30.93,29.71
398,30.93,29.71
318,30.93,29.71
884,30.93,29.71
265,30.93,29.79
524,30.93,29.79
641,30.93,29.79
540,30.93,29.79
342,30.93,29.79
697,30.93,29.79
206,30.93,29.79
570,30.93,29.79
263,30.93,29.79
789,30.93,29.79
508,30.93,29.79
405,30.93,29.79
690,30.93,29.79
415,30.93,29.79
205,30.93,29.79
118,30.93,29.79
759,30.93,29.79
118,30.93,29.79
584,30.93,29.79
123,30.93,29.79
606,30.93,29.79
557,30.93,29.79
265,30.93,29.79
297,30.93,29.79
467,30.93,29.79
376,30.93,29.79
613,30.93,29.79
645,30.93,29.79
472,30.93,29.79
595,30.93,29.79
575,30.93,29.79
607,30.93,29.79
190,30.93,29.79
884,30.93,29.79
125,30.93,29.79
535,30.93,29.79
589,30.91,29.79
726,30.91,29.79
284,30.91,29.79
590,30.91,29.79
686,30.91,29.79
432,30.91,29.79
851,30.91,29.79
297,30.91,29.79
873,30.91,29.79
718,30.91,29.79
368,30.91,29.79
585,30.91,29.79
651,30.91,29.79
211,30.91,29.79
840,30.91,29.79
313,30.91,29.79
700,30.91,29.79
556,30.91,29.79
426,30.91,29.79
628,30.91,29.79
171,30.91,29.79
837,30.91,29.79
630,30.91,29.79
689,30.91,29.71
198,30.91,29.71
857,30.91,29.71
456,30.91,29.71
535,30.91,29.71
637,30.91,29.71
425,30.91,29.71
530,30.91,29.71
327,30.91,29.71
342,30.91,29.71
772,30.91,29.71
450,30.91,29.71
593,30.91,29.71
625,30.91,29.71
332,30.91,29.71
657,30.91,29.71
643,30.91,29.71
746,30.91,29.71
839,30.91,29.71
197,30.91,29.71
568,30.91,29.71
426,30.91,29.71
660,30.91,29.71
118,30.91,29.71
663,30.91,29.71
119,30.91,29.71
553,30.91,29.71
425,30.91,29.71
468,30.91,29.71
346,30.91,29.71
762,30.91,29.71
589,30.91,29.71
119,30.91,29.71
505,30.91,29.71
652,30.91,29.71
737,30.91,29.71
539,30.93,29.71
692,30.93,29.71
482,30.93,29.71
620,30.93,29.71
160,30.93,29.71
810,30.93,29.71
306,30.93,29.71
211,30.93,29.71
482,30.93,29.71
382,30.93,29.71
697,30.93,29.71
306,30.93,29.71
785,30.93,29.71
133,30.93,29.71
637,30.93,29.71
453,30.93,29.71
677,30.93,29.71
304,30.93,29.71
865,30.93,29.71
310,30.93,29.71
324,30.93,29.71
383,30.93,29.71
883,30.93,29.71
119,30.93,29.71
516,30.93,29.57
581,30.93,29.57
213,30.93,29.57
827,30.93,29.57
363,30.93,29.57
883,30.93,29.57
460,30.93,29.57
812,30.93,29.57
316,30.93,29.57
818,30.93,29.57
326,30.93,29.57
666,30.93,29.57
630,30.93,29.57
427,30.93,29.57
480,30.93,29.57
653,30.93,29.57
377,30.93,29.57
639,30.93,29.57
586,30.93,29.57
410,30.93,29.57
670,30.93,29.57
187,30.93,29.57
883,30.93,29.57
406,30.93,29.57
609,30.93,29.57
417,30.93,29.57
735,30.93,29.57
630,30.93,29.57
479,30.93,29.57
