189,31.21,29.89
486,31.21,29.89
121,31.21,29.89
562,31.21,29.89
556,31.21,29.89
709,31.21,29.89
351,31.21,29.89
630,31.21,29.89
722,31.21,29.89
334,31.21,29.89
480,31.21,29.89
652,31.21,29.89
597,31.21,29.89
475,31.21,29.89
601,31.21,29.89
420,31.21,29.89
769,31.21,29.89
674,31.21,29.89
524,31.21,29.89
648,31.21,29.89
313,31.21,29.89
754,31.21,29.89
669,31.21,29.89
609,31.21,29.89
497,31.21,29.89
409,31.21,29.89
315,31.21,29.89
740,31.21,29.89
527,31.21,29.89
588,31.21,29.89
734,31.21,29.89
397,31.21,29.89
646,31.21,29.89
467,31.21,29.89
511,31.23,29.89
595,31.23,29.89
472,31.23,29.89
589,31.23,29.89
487,31.23,29.89
243,31.23,29.89
733,31.23,29.89
404,31.23,29.89
813,31.23,29.89
331,31.23,29.89
764,31.23,29.89
270,31.23,29.89
339,31.23,29.89
883,31.23,29.89
353,31.23,29.89
218,31.23,29.89
413,31.23,29.89
700,31.23,29.89
307,31.23,29.89
557,31.23,29.89
119,31.23,29.89
659,31.23,29.89
438,31.23,29.89
403,31.23,30.05
120,31.23,30.05
597,31.23,30.05
284,31.23,30.05
884,31.23,30.05
597,31.23,30.05
272,31.23,30.05
846,31.23,30.05
273,31.23,30.05
782,31.23,30.05
220,31.23,30.05
521,31.23,30.05
252,31.23,30.05
617,31.23,30.05
160,31.23,30.05
579,31.23,30.05
281,31.23,30.05
493,31.23,30.05
420,31.23,30.05
472,31.23,30.05
422,31.23,30.05
267,31.23,30.05
600,31.23,30.05
380,31.23,30.05
487,31.23,30.05
461,31.23,30.05
658,31.23,30.05
339,31.23,30.05
665,31.23,30.05
432,31.23,30.05
531,31.23,30.05
237,31.23,30.05
590,31.23,30.05
884,31.23,30.05
335,31.23,30.05
831,31.23,30.05
429,31.21,30.05
548,31.21,30.05
405,31.21,30.05
736,31.21,30.05
438,31.21,30.05
627,31.21,30.05
351,31.21,30.05
768,31.21,30.05
120,31.21,30.05
369,31.21,30.05
412,31.21,30.05
794,31.21,30.05
534,31.21,30.05
237,31.21,30.05
884,31.21,30.05
253,31.21,30.05
873,31.21,30.05
506,31.21,30.05
765,31.21,30.05
589,31.21,30.05
539,31.21,30.05
765,31.21,30.05
386,31.21,30.05
585,31.21,30.05
561,31.21,29.85
463,31.21,29.85
625,31.21,29.85
726,31.21,29.85
500,31.21,29.85
587,31.21,29.85
288,31.21,29.85
869,31.21,29.85
214,31.21,29.85
694,31.21,29.85
304,31.21,29.85
781,31.21,29.85
465,31.21,29.85
362,31.21,29.85
873,31.21,29.85
419,31.21,29.85
829,31.21,29.85
220,31.21,29.85
256,31.21,29.85
573,31.21,29.85
575,31.21,29.85
536,31.21,29.85
536,31.21,29.85
248,31.21,29.85
621,31.21,29.85
247,31.21,29.85
489,31.21,29.85
300,31.21,29.85
464,31.21,29.85
501,31.21,29.85
331,31.21,29.85
884,31.21,29.85
234,31.21,29.85
883,31.21,29.85
401,31.21,29.85
805,31.21,29.85
427,31.23,29.85
444,31.23,29.85
548,31.23,29.85
474,31.23,29.85
282,31.23,29.85
692,31.23,29.85
417,31.23,29.85
479,31.23,29.85
642,31.23,29.85
409,31.23,29.85
735,31.23,29.85
118,31.23,29.85
652,31.23,29.85
382,31.23,29.85
648,31.23,29.85
119,31.23,29.85
855,31.23,29.85
294,31.23,29.85
161,31.23,29.85
585,31.23,29.85
318,31.23,29.85
691,31.23,29.85
375,31.23,29.85
239,31.23,29.79
535,31.23,29.79
721,31.23,29.79
373,31.23,29.79
770,31.23,29.79
321,31.23,29.79
430,31.23,29.79
390,31.23,29.79
638,31.23,29.79
210,31.23,29.79
784,31.23,29.79
783,31.23,29.79
481,31.23,29.79
536,31.23,29.79
452,31.23,29.79
564,31.23,29.79
175,31.23,29.79
567,31.23,29.79
272,31.23,29.79
642,31.23,29.79
598,31.23,29.79
534,31.23,29.79
884,31.23,29.79
365,31.23,29.79
603,31.23,29.79
788,31.23,29.79
266,31.23,29.79
531,31.23,29.79
548,31.23,29.79
123,31.23,29.79
673,31.23,29.79
286,31.23,29.79
848,31.23,29.79
373,31.23,29.79
448,31.23,29.79
444,31.23,29.79
610,31.21,29.79
235,31.21,29.79
457,31.21,29.79
794,31.21,29.79
291,31.21,29.79
666,31.21,29.79
192,31.21,29.79
663,31.21,29.79
414,31.21,29.79
406,31.21,29.79
238,31.21,29.79
492,31.21,29.79
165,31.21,29.79
736,31.21,29.79
388,31.21,29.79
744,31.21,29.79
390,31.21,29.79
512,31.21,29.79
433,31.21,29.79
465,31.21,29.79
650,31.21,29.79
167,31.21,29.79
600,31.21,29.79
137,31.21,29.79
650,31.21,29.83
288,31.21,29.83
631,31.21,29.83
217,31.21,29.83
444,31.21,29.83
656,31.21,29.83
315,31.21,29.83
366,31.21,29.83
832,31.21,29.83
755,31.21,29.83
531,31.21,29.83
505,31.21,29.83
540,31.21,29.83
771,31.21,29.83
419,31.21,29.83
832,31.21,29.83
492,31.21,29.83
648,31.21,29.83
623,31.21,29.83
545,31.21,29.83
841,31.21,29.83
240,31.21,29.83
751,31.21,29.83
335,31.21,29.83
492,31.21,29.83
336,31.21,29.83
799,31.21,29.83
517,31.21,29.83
764,31.21,29.83
451,31.21,29.83
517,31.21,29.83
392,31.21,29.83
482,31.21,29.83
493,31.21,29.83
580,31.21,29.83
483,31.21,29.83
297,31.21,29.83
749,31.21,29.83
163,31.21,29.83
720,31.21,29.83
512,31.21,29.83
814,31.21,29.83
496,31.21,29.83
748,31.21,29.83
628,31.21,29.83
576,31.21,29.83
533,31.21,29.83
513,31.21,29.83
686,31.21,29.83
134,31.21,29.83
280,31.21,29.83
782,31.21,29.83
555,31.21,29.83
209,31.21,29.83
517,31.21,29.83
355,31.21,29.83
672,31.21,29.83
397,31.21,29.83
685,31.21,29.83
776,31.21,29.83
181,31.21,29.85
547,31.21,29.85
315,31.21,29.85
865,31.21,29.85
594,31.21,29.85
836,31.21,29.85
214,31.21,29.85
414,31.21,29.85
523,31.21,29.85
449,31.21,29.85
327,31.21,29.85
548,31.21,29.85
498,31.21,29.85
488,31.21,29.85
225,31.21,29.85
604,31.21,29.85
645,31.21,29.85
308,31.21,29.85
495,31.21,29.85
269,31.21,29.85
860,31.21,29.85
137,31.21,29.85
885,31.21,29.85
427,31.21,29.85
334,31.21,29.85
372,31.21,29.85
488,31.21,29.85
417,31.21,29.85
398,31.21,29.85
752,31.21,29.85
322,31.21,29.85
481,31.21,29.85
524,31.21,29.85
559,31.21,29.85
366,31.21,29.85
616,31.21,29.85
327,31.19,29.85
594,31.19,29.85
233,31.19,29.85
584,31.19,29.85
675,31.19,29.85
569,31.19,29.85
389,31.19,29.85
267,31.19,29.85
703,31.19,29.85
340,31.19,29.85
696,31.19,29.85
564,31.19,29.85
636,31.19,29.85
438,31.19,29.85
292,31.19,29.85
319,31.19,29.85
433,31.19,29.85
571,31.19,29.85
450,31.19,29.85
507,31.19,29.85
529,31.19,29.85
537,31.19,29.85
582,31.19,29.85
424,31.19,29.89
126,31.19,29.89
514,31.19,29.89
210,31.19,29.89
648,31.19,29.89
211,31.19,29.89
786,31.19,29.89
466,31.19,29.89
628,31.19,29.89
587,31.19,29.89
368,31.19,29.89
552,31.19,29.89
786,31.19,29.89
690,31.19,29.89
442,31.19,29.89
523,31.19,29.89
632,31.19,29.89
682,31.19,29.89
481,31.19,29.89
342,31.19,29.89
221,31.19,29.89
511,31.19,29.89
516,31.19,29.89
483,31.19,29.89
513,31.19,29.89
399,31.19,29.89
565,31.19,29.89
187,31.19,29.89
592,31.19,29.89
305,31.19,29.89
635,31.19,29.89
455,31.19,29.89
336,31.19,29.89
401,31.19,29.89
178,31.19,29.89
688,31.19,29.89
371,31.21,29.89
610,31.21,29.89
365,31.21,29.89
382,31.21,29.89
298,31.21,29.89
373,31.21,29.89
449,31.21,29.89
605,31.21,29.89
181,31.21,29.89
790,31.21,29.89
421,31.21,29.89
878,31.21,29.89
436,31.21,29.89
289,31.21,29.89
884,31.21,29.89
121,31.21,29.89
884,31.21,29.89
359,31.21,29.89
663,31.21,29.89
207,31.21,29.89
347,31.21,29.89
512,31.21,29.89
456,31.21,29.89
541,31.21,29.89
558,31.21,30.05
715,31.21,30.05
466,31.21,30.05
503,31.21,30.05
