614,29.15,27.95
372,29.17,27.95
125,29.17,27.95
360,29.17,27.95
881,29.17,27.95
883,29.17,27.95
288,29.17,27.95
489,29.17,27.95
616,29.17,27.95
681,29.17,27.95
254,29.17,27.95
538,29.17,27.95
544,29.17,27.95
274,29.17,27.95
409,29.17,27.95
637,29.17,27.95
524,29.17,27.95
525,29.17,27.95
578,29.17,27.95
650,29.17,27.95
475,29.17,27.95
338,29.17,27.95
747,29.17,27.95
251,29.17,27.95
752,29.17,27.95
283,29.17,27.87
882,29.17,27.87
239,29.17,27.87
270,29.17,27.87
477,29.17,27.87
321,29.17,27.87
538,29.17,27.87
385,29.17,27.87
807,29.17,27.87
126,29.17,27.87
683,29.17,27.87
305,29.17,27.87
370,29.17,27.87
516,29.17,27.87
686,29.17,27.87
161,29.17,27.87
848,29.17,27.87
174,29.17,27.87
784,29.17,27.87
619,29.17,27.87
119,29.17,27.87
820,29.17,27.87
289,29.17,27.87
660,29.17,27.87
120,29.17,27.87
729,29.17,27.87
120,29.17,27.87
594,29.17,27.87
161,29.17,27.87
534,29.17,27.87
300,29.17,27.87
380,29.17,27.87
591,29.17,27.87
680,29.17,27.87
175,29.17,27.87
631,29.17,27.87
701,29.15,27.87
368,29.15,27.87
525,29.15,27.87
552,29.15,27.87
616,29.15,27.87
119,29.15,27.87
620,29.15,27.87
439,29.15,27.87
394,29.15,27.87
333,29.15,27.87
515,29.15,27.87
858,29.15,27.87
409,29.15,27.87
644,29.15,27.87
448,29.15,27.87
723,29.15,27.87
353,29.15,27.87
833,29.15,27.87
492,29.15,27.87
460,29.15,27.87
661,29.15,27.87
748,29.15,27.87
280,29.15,27.87
803,29.15,27.81
498,29.15,27.81
883,29.15,27.81
547,29.15,27.81
680,29.15,27.81
540,29.15,27.81
347,29.15,27.81
821,29.15,27.81
348,29.15,27.81
527,29.15,27.81
423,29.15,27.81
685,29.15,27.81
516,29.15,27.81
438,29.15,27.81
584,29.15,27.81
752,29.15,27.81
658,29.15,27.81
362,29.15,27.81
695,29.15,27.81
556,29.15,27.81
414,29.15,27.81
495,29.15,27.81
424,29.15,27.81
278,29.15,27.81
862,29.15,27.81
464,29.15,27.81
882,29.15,27.81
567,29.15,27.81
122,29.15,27.81
649,29.15,27.81
525,29.15,27.81
579,29.15,27.81
252,29.15,27.81
779,29.15,27.81
120,29.15,27.81
639,29.15,27.81
517,29.13,27.81
301,29.13,27.81
656,29.13,27.81
503,29.13,27.81
486,29.13,27.81
264,29.13,27.81
473,29.13,27.81
462,29.13,27.81
707,29.13,27.81
436,29.13,27.81
462,29.13,27.81
438,29.13,27.81
475,29.13,27.81
299,29.13,27.81
529,29.13,27.81
401,29.13,27.81
290,29.13,27.81
371,29.13,27.81
269,29.13,27.81
650,29.13,27.81
420,29.13,27.81
616,29.13,27.81
502,29.13,27.81
532,29.13,27.81
427,29.13,27.91
804,29.13,27.91
498,29.13,27.91
480,29.13,27.91
454,29.13,27.91
621,29.13,27.91
274,29.13,27.91
674,29.13,27.91
294,29.13,27.91
418,29.13,27.91
506,29.13,27.91
121,29.13,27.91
882,29.13,27.91
290,29.13,27.91
882,29.13,27.91
525,29.13,27.91
663,29.13,27.91
462,29.13,27.91
589,29.13,27.91
389,29.13,27.91
529,29.13,27.91
591,29.13,27.91
293,29.13,27.91
677,29.13,27.91
671,29.13,27.91
725,29.13,27.91
647,29.13,27.91
700,29.13,27.91
420,29.13,27.91
878,29.13,27.91
124,29.13,27.91
882,29.13,27.91
262,29.13,27.91
863,29.13,27.91
712,29.13,27.91
426,29.13,27.91
794,29.17,27.91
247,29.17,27.91
884,29.17,27.91
591,29.17,27.91
631,29.17,27.91
379,29.17,27.91
803,29.17,27.91
458,29.17,27.91
530,29.17,27.91
382,29.17,27.91
717,29.17,27.91
121,29.17,27.91
720,29.17,27.91
461,29.17,27.91
593,29.17,27.91
484,29.17,27.91
446,29.17,27.91
541,29.17,27.91
120,29.17,27.91
836,29.17,27.91
180,29.17,27.91
489,29.17,27.91
308,29.17,27.91
395,29.17,27.93
378,29.17,27.93
757,29.17,27.93
349,29.17,27.93
824,29.17,27.93
545,29.17,27.93
347,29.17,27.93
505,29.17,27.93
847,29.17,27.93
464,29.17,27.93
291,29.17,27.93
756,29.17,27.93
220,29.17,27.93
466,29.17,27.93
151,29.17,27.93
866,29.17,27.93
120,29.17,27.93
450,29.17,27.93
421,29.17,27.93
386,29.17,27.93
525,29.17,27.93
412,29.17,27.93
672,29.17,27.93
448,29.17,27.93
424,29.17,27.93
466,29.17,27.93
652,29.17,27.93
270,29.17,27.93
747,29.17,27.93
563,29.17,27.93
270,29.17,27.93
124,29.17,27.93
861,29.17,27.93
197,29.17,27.93
586,29.17,27.93
589,29.17,27.93
546,29.17,27.93
552,29.17,27.93
278,29.17,27.93
634,29.17,27.93
534,29.17,27.93
562,29.17,27.93
350,29.17,27.93
703,29.17,27.93
456,29.17,27.93
475,29.17,27.93
730,29.17,27.93
559,29.17,27.93
491,29.17,27.93
271,29.17,27.93
473,29.17,27.93
504,29.17,27.93
252,29.17,27.93
601,29.17,27.93
633,29.17,27.93
168,29.17,27.93
712,29.17,27.93
585,29.17,27.93
567,29.17,27.93
479,29.17,27.93
528,29.17,27.91
753,29.17,27.91
333,29.17,27.91
578,29.17,27.91
776,29.17,27.91
633,29.17,27.91
548,29.17,27.91
276,29.17,27.91
601,29.17,27.91
481,29.17,27.91
409,29.17,27.91
603,29.17,27.91
556,29.17,27.91
608,29.17,27.91
404,29.17,27.91
493,29.17,27.91
591,29.17,27.91
661,29.17,27.91
590,29.17,27.91
352,29.17,27.91
716,29.17,27.91
308,29.17,27.91
703,29.17,27.91
285,29.17,27.91
320,29.17,27.91
501,29.17,27.91
176,29.17,27.91
721,29.17,27.91
524,29.17,27.91
436,29.17,27.91
461,29.17,27.91
624,29.17,27.91
612,29.17,27.91
647,29.17,27.91
387,29.17,27.91
461,29.17,27.91
424,29.17,27.91
551,29.17,27.91
204,29.17,27.91
882,29.17,27.91
285,29.17,27.91
292,29.17,27.91
713,29.17,27.91
120,29.17,27.91
671,29.17,27.91
139,29.17,27.91
839,29.17,27.91
333,29.17,27.91
797,29.17,27.91
682,29.17,27.91
410,29.17,27.91
690,29.17,27.91
821,29.17,27.91
580,29.17,27.91
440,29.17,27.91
523,29.17,27.91
704,29.17,27.91
303,29.17,27.91
255,29.17,27.91
719,29.17,27.91
581,29.17,28.05
881,29.17,28.05
222,29.17,28.05
882,29.17,28.05
143,29.17,28.05
660,29.17,28.05
750,29.17,28.05
270,29.17,28.05
731,29.17,28.05
443,29.17,28.05
883,29.17,28.05
392,29.17,28.05
707,29.17,28.05
417,29.17,28.05
670,29.17,28.05
493,29.17,28.05
675,29.17,28.05
509,29.17,28.05
491,29.17,28.05
482,29.17,28.05
882,29.17,28.05
752,29.17,28.05
599,29.17,28.05
517,29.17,28.05
628,29.17,28.05
509,29.17,28.05
121,29.17,28.05
882,29.17,28.05
466,29.17,28.05
516,29.17,28.05
444,29.17,28.05
491,29.17,28.05
641,29.17,28.05
409,29.17,28.05
633,29.17,28.05
379,29.17,28.05
376,29.17,28.05
639,29.17,28.05
606,29.17,28.05
380,29.17,28.05
732,29.17,28.05
713,29.17,28.05
569,29.17,28.05
358,29.17,28.05
737,29.17,28.05
545,29.17,28.05
220,29.17,28.05
332,29.17,28.05
613,29.17,28.05
594,29.17,28.05
309,29.17,28.05
882,29.17,28.05
199,29.17,28.05
571,29.17,28.05
189,29.17,28.05
542,29.17,28.05
464,29.17,28.05
392,29.17,28.05
543,29.17,28.05
708,29.17,27.91
459,29.17,27.91
399,29.17,27.91
706,29.17,27.91
526,29.17,27.91
338,29.17,27.91
348,29.17,27.91
572,29.17,27.91
125,29.17,27.91
336,29.17,27.91
227,29.17,27.91
723,29.17,27.91
412,29.17,27.91
471,29.17,27.91
882,29.17,27.91
239,29.17,27.91
778,29.17,27.91
335,29.17,27.91
866,29.17,27.91
119,29.17,27.91
544,29.17,27.91
644,29.17,27.91
381,29.17,27.91
124,29.17,27.91
819,29.17,27.91
414,29.17,27.91
637,29.17,27.91
498,29.17,27.91
383,29.17,27.91
276,29.17,27.91
465,29.17,27.91
746,29.17,27.91
119,29.17,27.91
849,29.17,27.91
291,29.17,27.91
880,29.17,27.91
269,29.17,27.91
