330,30.49,29.05
779,30.49,29.05
132,30.49,29.05
676,30.49,29.05
445,30.49,29.05
699,30.49,29.05
883,30.49,29.05
635,30.49,29.05
853,30.49,29.05
261,30.49,29.05
587,30.49,29.05
490,30.49,29.05
285,30.49,29.05
595,30.49,29.05
753,30.49,29.05
411,30.49,29.05
863,30.49,29.05
418,30.49,29.05
728,30.49,29.05
375,30.49,29.05
463,30.49,29.05
599,30.49,29.05
358,30.49,29.05
341,30.49,29.05
520,30.49,29.05
815,30.49,29.05
267,30.49,29.05
557,30.49,29.05
512,30.49,29.05
701,30.49,29.05
548,30.49,29.05
661,30.49,29.05
818,30.49,29.05
438,30.49,29.05
799,30.49,29.05
462,30.49,29.05
689,30.49,29.05
496,30.49,29.05
759,30.49,29.05
493,30.49,29.05
494,30.49,29.05
374,30.49,29.05
793,30.49,29.05
205,30.49,29.05
443,30.49,29.05
381,30.49,29.05
634,30.49,29.05
583,30.49,29.05
309,30.49,29.05
752,30.49,29.05
415,30.49,29.05
776,30.49,29.05
365,30.49,29.05
785,30.49,29.05
425,30.49,29.05
268,30.49,29.05
685,30.49,28.91
596,30.49,28.91
724,30.49,28.91
532,30.49,28.91
480,30.49,28.91
550,30.49,28.91
581,30.49,28.91
455,30.49,28.91
648,30.49,28.91
515,30.49,28.91
243,30.49,28.91
448,30.49,28.91
539,30.49,28.91
617,30.49,28.91
608,30.49,28.91
473,30.49,28.91
545,30.49,28.91
552,30.49,28.91
216,30.49,28.91
872,30.49,28.91
357,30.49,28.91
735,30.49,28.91
417,30.49,28.91
486,30.49,28.91
480,30.49,28.91
187,30.49,28.91
763,30.49,28.91
366,30.49,28.91
675,30.49,28.91
331,30.49,28.91
627,30.49,28.91
277,30.49,28.91
468,30.49,28.91
556,30.49,28.91
480,30.49,28.91
572,30.49,28.91
149,30.47,28.91
223,30.47,28.91
458,30.47,28.91
290,30.47,28.91
118,30.47,28.91
616,30.47,28.91
269,30.47,28.91
806,30.47,28.91
363,30.47,28.91
718,30.47,28.91
585,30.47,28.91
525,30.47,28.91
517,30.47,28.91
540,30.47,28.91
427,30.47,28.91
523,30.47,28.91
534,30.47,28.91
119,30.47,28.91
477,30.47,28.91
229,30.47,28.91
421,30.47,28.91
385,30.47,28.91
496,30.47,28.91
190,30.47,28.99
811,30.47,28.99
304,30.47,28.99
882,30.47,28.99
303,30.47,28.99
625,30.47,28.99
643,30.47,28.99
255,30.47,28.99
648,30.47,28.99
415,30.47,28.99
717,30.47,28.99
172,30.47,28.99
654,30.47,28.99
397,30.47,28.99
674,30.47,28.99
360,30.47,28.99
883,30.47,28.99
545,30.47,28.99
739,30.47,28.99
507,30.47,28.99
629,30.47,28.99
583,30.47,28.99
776,30.47,28.99
552,30.47,28.99
186,30.47,28.99
883,30.47,28.99
119,30.47,28.99
835,30.47,28.99
140,30.47,28.99
698,30.47,28.99
440,30.47,28.99
532,30.47,28.99
672,30.47,28.99
424,30.47,28.99
141,30.47,28.99
398,30.47,28.99
448,30.47,28.99
459,30.45,28.99
140,30.45,28.99
750,30.45,28.99
698,30.45,28.99
296,30.45,28.99
620,30.45,28.99
373,30.45,28.99
635,30.45,28.99
118,30.45,28.99
703,30.45,28.99
333,30.45,28.99
134,30.45,28.99
681,30.45,28.99
346,30.45,28.99
596,30.45,28.99
119,30.45,28.99
573,30.45,28.99
354,30.45,28.99
535,30.45,28.99
484,30.45,28.99
489,30.45,28.99
138,30.45,28.99
495,30.45,28.99
585,30.45,28.89
567,30.45,28.89
119,30.45,28.89
738,30.45,28.89
425,30.45,28.89
472,30.45,28.89
488,30.45,28.89
156,30.45,28.89
582,30.45,28.89
319,30.45,28.89
674,30.45,28.89
223,30.45,28.89
576,30.45,28.89
570,30.45,28.89
432,30.45,28.89
883,30.45,28.89
360,30.45,28.89
486,30.45,28.89
788,30.45,28.89
327,30.45,28.89
449,30.45,28.89
824,30.45,28.89
423,30.45,28.89
447,30.45,28.89
654,30.45,28.89
518,30.45,28.89
311,30.45,28.89
773,30.45,28.89
283,30.45,28.89
867,30.45,28.89
612,30.45,28.89
261,30.45,28.89
883,30.45,28.89
218,30.45,28.89
647,30.45,28.89
343,30.45,28.89
656,30.47,28.89
195,30.47,28.89
566,30.47,28.89
714,30.47,28.89
532,30.47,28.89
560,30.47,28.89
576,30.47,28.89
493,30.47,28.89
524,30.47,28.89
804,30.47,28.89
462,30.47,28.89
602,30.47,28.89
461,30.47,28.89
703,30.47,28.89
460,30.47,28.89
883,30.47,28.89
454,30.47,28.89
702,30.47,28.89
396,30.47,28.89
226,30.47,28.89
623,30.47,28.89
396,30.47,28.89
785,30.47,28.89
590,30.47,28.89
451,30.47,29.19
394,30.47,29.19
727,30.47,29.19
472,30.47,29.19
567,30.47,29.19
120,30.47,29.19
706,30.47,29.19
628,30.47,29.19
506,30.47,29.19
276,30.47,29.19
265,30.47,29.19
690,30.47,29.19
399,30.47,29.19
631,30.47,29.19
275,30.47,29.19
613,30.47,29.19
408,30.47,29.19
514,30.47,29.19
438,30.47,29.19
380,30.47,29.19
493,30.47,29.19
369,30.47,29.19
560,30.47,29.19
222,30.47,29.19
371,30.47,29.19
732,30.47,29.19
482,30.47,29.19
591,30.47,29.19
788,30.47,29.19
465,30.47,29.19
522,30.47,29.19
341,30.47,29.19
490,30.47,29.19
464,30.47,29.19
573,30.47,29.19
442,30.49,29.19
549,30.49,29.19
683,30.49,29.19
198,30.49,29.19
802,30.49,29.19
119,30.49,29.19
885,30.49,29.19
326,30.49,29.19
355,30.49,29.19
639,30.49,29.19
575,30.49,29.19
283,30.49,29.19
548,30.49,29.19
323,30.49,29.19
528,30.49,29.19
538,30.49,29.19
579,30.49,29.19
858,30.49,29.19
575,30.49,29.19
517,30.49,29.19
540,30.49,29.19
881,30.49,29.19
126,30.49,29.19
883,30.49,29.19
127,30.49,28.91
475,30.49,28.91
478,30.49,28.91
373,30.49,28.91
580,30.49,28.91
396,30.49,28.91
595,30.49,28.91
335,30.49,28.91
523,30.49,28.91
711,30.49,28.91
703,30.49,28.91
323,30.49,28.91
606,30.49,28.91
410,30.49,28.91
838,30.49,28.91
123,30.49,28.91
802,30.49,28.91
404,30.49,28.91
503,30.49,28.91
412,30.49,28.91
453,30.49,28.91
603,30.49,28.91
352,30.49,28.91
594,30.49,28.91
170,30.49,28.91
320,30.49,28.91
120,30.49,28.91
768,30.49,28.91
444,30.49,28.91
128,30.49,28.91
415,30.49,28.91
839,30.49,28.91
400,30.49,28.91
721,30.49,28.91
759,30.49,28.91
223,30.49,28.91
782,30.45,28.91
243,30.45,28.91
836,30.45,28.91
148,30.45,28.91
566,30.45,28.91
358,30.45,28.91
766,30.45,28.91
118,30.45,28.91
509,30.45,28.91
315,30.45,28.91
502,30.45,28.91
642,30.45,28.91
538,30.45,28.91
883,30.45,28.91
418,30.45,28.91
651,30.45,28.91
363,30.45,28.91
572,30.45,28.91
119,30.45,28.91
883,30.45,28.91
550,30.45,28.91
500,30.45,28.91
656,30.45,28.91
433,30.45,28.91
522,30.45,29.09
536,30.45,29.09
707,30.45,29.09
357,30.45,29.09
846,30.45,29.09
591,30.45,29.09
855,30.45,29.09
407,30.45,29.09
570,30.45,29.09
750,30.45,29.09
521,30.45,29.09
477,30.45,29.09
432,30.45,29.09
584,30.45,29.09
686,30.45,29.09
477,30.45,29.09
831,30.45,29.09
813,30.45,29.09
253,30.45,29.09
881,30.45,29.09
213,30.45,29.09
883,30.45,29.09
294,30.45,29.09
753,30.45,29.09
406,30.45,29.09
470,30.45,29.09
560,30.45,29.09
471,30.45,29.09
594,30.45,29.09
282,30.45,29.09
562,30.45,29.09
257,30.45,29.09
387,30.45,29.09
554,30.45,29.09
673,30.45,29.09
227,30.45,29.09
776,30.47,29.09
191,30.47,29.09
870,30.47,29.09
467,30.47,29.09
477,30.47,29.09
558,30.47,29.09
359,30.47,29.09
645,30.47,29.09
122,30.47,29.09
868,30.47,29.09
125,30.47,29.09
883,30.47,29.09
147,30.47,29.09
597,30.47,29.09
389,30.47,29.09
391,30.47,29.09
657,30.47,29.09
231,30.47,29.09
722,30.47,29.09
414,30.47,29.09
339,30.47,29.09
599,30.47,29.09
440,30.47,29.09
315,30.47,29.09
682,30.47,29.09
339,30.47,29.09
555,30.47,29.09
288,30.47,29.09
719,30.47,29.09
818,30.47,29.09
