673,28.95,27.63
740,28.95,27.63
126,28.95,27.63
121,28.95,27.63
125,28.95,27.63
882,28.95,27.63
221,28.95,27.63
868,28.95,27.63
120,28.95,27.63
840,28.95,27.63
367,28.95,27.63
551,28.95,27.63
562,28.95,27.63
510,28.95,27.63
575,28.95,27.63
650,28.95,27.63
589,28.99,27.63
563,28.99,27.63
561,28.99,27.63
604,28.99,27.63
876,28.99,27.63
414,28.99,27.63
882,28.99,27.63
256,28.99,27.63
882,28.99,27.63
499,28.99,27.63
488,28.99,27.63
474,28.99,27.63
461,28.99,27.63
689,28.99,27.63
219,28.99,27.63
818,28.99,27.63
276,28.99,27.63
843,28.99,27.63
439,28.99,27.63
417,28.99,27.63
515,28.99,27.63
475,28.99,27.63
391,28.99,27.63
425,28.99,27.63
518,28.99,27.79
605,28.99,27.79
121,28.99,27.79
471,28.99,27.79
474,28.99,27.79
150,28.99,27.79
779,28.99,27.79
394,28.99,27.79
806,28.99,27.79
460,28.99,27.79
697,28.99,27.79
244,28.99,27.79
542,28.99,27.79
446,28.99,27.79
287,28.99,27.79
728,28.99,27.79
318,28.99,27.79
849,28.99,27.79
476,28.99,27.79
570,28.99,27.79
690,28.99,27.79
622,28.99,27.79
297,28.99,27.79
535,28.99,27.79
363,28.99,27.79
614,28.99,27.79
348,28.99,27.79
504,28.99,27.79
597,28.99,27.79
599,28.99,27.79
627,28.99,27.79
338,28.99,27.79
795,28.99,27.79
537,28.99,27.79
615,28.99,27.79
443,28.99,27.79
540,28.95,27.79
427,28.95,27.79
477,28.95,27.79
711,28.95,27.79
307,28.95,27.79
365,28.95,27.79
683,28.95,27.79
193,28.95,27.79
376,28.95,27.79
480,28.95,27.79
617,28.95,27.79
834,28.95,27.79
175,28.95,27.79
852,28.95,27.79
322,28.95,27.79
725,28.95,27.79
544,28.95,27.79
381,28.95,27.79
639,28.95,27.79
148,28.95,27.79
764,28.95,27.79
228,28.95,27.79
830,28.95,27.79
120,28.95,27.79
882,28.95,27.81
472,28.95,27.81
357,28.95,27.81
670,28.95,27.81
475,28.95,27.81
575,28.95,27.81
320,28.95,27.81
537,28.95,27.81
456,28.95,27.81
487,28.95,27.81
485,28.95,27.81
823,28.95,27.81
120,28.95,27.81
766,28.95,27.81
405,28.95,27.81
739,28.95,27.81
602,28.95,27.81
494,28.95,27.81
523,28.95,27.81
335,28.95,27.81
833,28.95,27.81
260,28.95,27.81
882,28.95,27.81
122,28.95,27.81
828,28.95,27.81
376,28.95,27.81
604,28.95,27.81
566,28.95,27.81
650,28.95,27.81
674,28.95,27.81
352,28.95,27.81
510,28.95,27.81
630,28.95,27.81
518,28.95,27.81
500,28.95,27.81
882,28.95,27.81
335,28.93,27.81
562,28.93,27.81
196,28.93,27.81
883,28.93,27.81
507,28.93,27.81
587,28.93,27.81
122,28.93,27.81
562,28.93,27.81
614,28.93,27.81
327,28.93,27.81
732,28.93,27.81
206,28.93,27.81
645,28.93,27.81
517,28.93,27.81
640,28.93,27.81
415,28.93,27.81
661,28.93,27.81
465,28.93,27.81
662,28.93,27.81
211,28.93,27.81
553,28.93,27.81
351,28.93,27.81
577,28.93,27.81
584,28.93,27.81
270,28.93,27.63
563,28.93,27.63
120,28.93,27.63
430,28.93,27.63
120,28.93,27.63
595,28.93,27.63
222,28.93,27.63
607,28.93,27.63
354,28.93,27.63
475,28.93,27.63
593,28.93,27.63
522,28.93,27.63
465,28.93,27.63
669,28.93,27.63
386,28.93,27.63
609,28.93,27.63
401,28.93,27.63
130,28.93,27.63
737,28.93,27.63
170,28.93,27.63
882,28.93,27.63
120,28.93,27.63
641,28.93,27.63
343,28.93,27.63
527,28.93,27.63
830,28.93,27.63
120,28.93,27.63
881,28.93,27.63
407,28.93,27.63
730,28.93,27.63
333,28.93,27.63
713,28.93,27.63
511,28.93,27.63
563,28.93,27.63
782,28.93,27.63
723,28.93,27.63
220,28.93,27.63
798,28.93,27.63
666,28.93,27.63
859,28.93,27.63
601,28.93,27.63
401,28.93,27.63
798,28.93,27.63
352,28.93,27.63
773,28.93,27.63
335,28.93,27.63
838,28.93,27.63
684,28.93,27.63
867,28.93,27.63
418,28.93,27.63
396,28.93,27.63
801,28.93,27.63
339,28.93,27.63
608,28.93,27.63
404,28.93,27.63
708,28.93,27.63
589,28.93,27.63
417,28.93,27.63
517,28.93,27.63
782,28.93,27.63
344,28.93,27.75
759,28.93,27.75
284,28.93,27.75
690,28.93,27.75
391,28.93,27.75
415,28.93,27.75
651,28.93,27.75
188,28.93,27.75
516,28.93,27.75
347,28.93,27.75
617,28.93,27.75
120,28.93,27.75
861,28.93,27.75
127,28.93,27.75
418,28.93,27.75
465,28.93,27.75
651,28.93,27.75
265,28.93,27.75
375,28.93,27.75
367,28.93,27.75
747,28.93,27.75
373,28.93,27.75
482,28.93,27.75
830,28.93,27.75
230,28.93,27.75
836,28.93,27.75
139,28.93,27.75
768,28.93,27.75
370,28.93,27.75
124,28.93,27.75
594,28.93,27.75
526,28.93,27.75
310,28.93,27.75
280,28.93,27.75
672,28.93,27.75
314,28.93,27.75
735,28.95,27.75
186,28.95,27.75
364,28.95,27.75
429,28.95,27.75
125,28.95,27.75
250,28.95,27.75
591,28.95,27.75
121,28.95,27.75
807,28.95,27.75
761,28.95,27.75
481,28.95,27.75
668,28.95,27.75
375,28.95,27.75
594,28.95,27.75
420,28.95,27.75
815,28.95,27.75
309,28.95,27.75
700,28.95,27.75
268,28.95,27.75
853,28.95,27.75
422,28.95,27.75
156,28.95,27.75
658,28.95,27.75
685,28.95,27.75
249,28.95,27.75
507,28.95,27.75
494,28.95,27.75
618,28.95,27.75
633,28.95,27.75
499,28.95,27.75
564,28.95,27.75
121,28.95,27.75
883,28.95,27.75
347,28.95,27.75
651,28.95,27.75
554,28.95,27.75
641,28.95,27.75
737,28.95,27.75
323,28.95,27.75
286,28.95,27.75
532,28.95,27.75
532,28.95,27.75
124,28.95,27.75
639,28.95,27.75
377,28.95,27.75
653,28.95,27.75
635,28.95,27.75
639,28.95,27.75
822,28.95,27.75
855,28.95,27.75
348,28.95,27.75
790,28.95,27.75
531,28.95,27.75
338,28.95,27.75
770,28.95,27.75
431,28.95,27.75
842,28.95,27.75
226,28.95,27.75
783,28.95,27.75
606,28.95,27.75
396,28.97,27.75
708,28.97,27.75
450,28.97,27.75
537,28.97,27.75
399,28.97,27.75
451,28.97,27.75
165,28.97,27.75
439,28.97,27.75
633,28.97,27.75
496,28.97,27.75
518,28.97,27.75
347,28.97,27.75
274,28.97,27.75
648,28.97,27.75
214,28.97,27.75
744,28.97,27.75
272,28.97,27.75
321,28.97,27.75
532,28.97,27.75
319,28.97,27.75
403,28.97,27.75
341,28.97,27.75
681,28.97,27.75
303,28.97,27.75
728,28.97,27.69
489,28.97,27.69
448,28.97,27.69
435,28.97,27.69
379,28.97,27.69
631,28.97,27.69
298,28.97,27.69
403,28.97,27.69
623,28.97,27.69
477,28.97,27.69
560,28.97,27.69
574,28.97,27.69
267,28.97,27.69
682,28.97,27.69
342,28.97,27.69
808,28.97,27.69
370,28.97,27.69
576,28.97,27.69
623,28.97,27.69
342,28.97,27.69
591,28.97,27.69
459,28.97,27.69
789,28.97,27.69
556,28.97,27.69
806,28.97,27.69
169,28.97,27.69
593,28.97,27.69
340,28.97,27.69
586,28.97,27.69
647,28.97,27.69
631,28.97,27.69
468,28.97,27.69
855,28.97,27.69
335,28.97,27.69
637,28.97,27.69
621,28.97,27.69
348,28.97,27.69
739,28.97,27.69
233,28.97,27.69
882,28.97,27.69
381,28.97,27.69
602,28.97,27.69
554,28.97,27.69
546,28.97,27.69
594,28.97,27.69
678,28.97,27.69
728,28.97,27.69
268,28.97,27.69
569,28.97,27.69
323,28.97,27.69
698,28.97,27.69
229,28.97,27.69
543,28.97,27.69
535,28.97,27.69
661,28.97,27.69
206,28.97,27.69
624,28.97,27.69
408,28.97,27.69
633,28.97,27.69
290,28.97,27.69
508,28.97,27.91
747,28.97,27.91
196,28.97,27.91
882,28.97,27.91
281,28.97,27.91
881,28.97,27.91
561,28.97,27.91
850,28.97,27.91
529,28.97,27.91
425,28.97,27.91
563,28.97,27.91
479,28.97,27.91
700,28.97,27.91
119,28.97,27.91
466,28.97,27.91
557,28.97,27.91
365,28.97,27.91
469,28.97,27.91
446,28.97,27.91
