629,30.19,28.95
534,30.19,28.95
539,30.19,28.95
122,30.19,28.95
875,30.19,28.95
885,30.19,28.95
834,30.19,28.95
173,30.19,28.95
709,30.19,28.95
298,30.19,28.95
711,30.19,28.95
574,30.19,28.95
570,30.19,28.95
857,30.19,28.95
256,30.19,28.95
692,30.19,28.95
612,30.19,28.95
594,30.19,28.95
578,30.17,28.95
709,30.17,28.95
581,30.17,28.95
263,30.17,28.95
779,30.17,28.95
516,30.17,28.95
488,30.17,28.95
567,30.17,28.95
465,30.17,28.95
398,30.17,28.95
342,30.17,28.95
538,30.17,28.95
652,30.17,28.95
209,30.17,28.95
810,30.17,28.95
517,30.17,28.95
747,30.17,28.95
562,30.17,28.95
261,30.17,28.95
882,30.17,28.95
119,30.17,28.95
866,30.17,28.95
750,30.17,28.95
296,30.17,28.95
509,30.17,28.83
724,30.17,28.83
695,30.17,28.83
272,30.17,28.83
264,30.17,28.83
648,30.17,28.83
478,30.17,28.83
434,30.17,28.83
234,30.17,28.83
662,30.17,28.83
254,30.17,28.83
576,30.17,28.83
614,30.17,28.83
153,30.17,28.83
779,30.17,28.83
483,30.17,28.83
658,30.17,28.83
311,30.17,28.83
455,30.17,28.83
480,30.17,28.83
510,30.17,28.83
449,30.17,28.83
529,30.17,28.83
683,30.17,28.83
131,30.17,28.83
572,30.17,28.83
427,30.17,28.83
365,30.17,28.83
588,30.17,28.83
577,30.17,28.83
307,30.17,28.83
743,30.17,28.83
120,30.17,28.83
733,30.17,28.83
443,30.17,28.83
425,30.17,28.83
449,30.13,28.83
523,30.13,28.83
720,30.13,28.83
213,30.13,28.83
720,30.13,28.83
345,30.13,28.83
696,30.13,28.83
516,30.13,28.83
609,30.13,28.83
287,30.13,28.83
824,30.13,28.83
727,30.13,28.83
441,30.13,28.83
382,30.13,28.83
711,30.13,28.83
529,30.13,28.83
527,30.13,28.83
570,30.13,28.83
351,30.13,28.83
771,30.13,28.83
188,30.13,28.83
778,30.13,28.83
281,30.13,28.83
816,30.13,28.91
396,30.13,28.91
566,30.13,28.91
342,30.13,28.91
666,30.13,28.91
709,30.13,28.91
588,30.13,28.91
497,30.13,28.91
456,30.13,28.91
588,30.13,28.91
290,30.13,28.91
454,30.13,28.91
372,30.13,28.91
538,30.13,28.91
186,30.13,28.91
770,30.13,28.91
124,30.13,28.91
883,30.13,28.91
169,30.13,28.91
529,30.13,28.91
456,30.13,28.91
219,30.13,28.91
882,30.13,28.91
460,30.13,28.91
598,30.13,28.91
462,30.13,28.91
608,30.13,28.91
320,30.13,28.91
768,30.13,28.91
186,30.13,28.91
685,30.13,28.91
201,30.13,28.91
605,30.13,28.91
277,30.13,28.91
759,30.13,28.91
424,30.13,28.91
617,30.17,28.91
681,30.17,28.91
261,30.17,28.91
812,30.17,28.91
266,30.17,28.91
454,30.17,28.91
174,30.17,28.91
481,30.17,28.91
418,30.17,28.91
408,30.17,28.91
730,30.17,28.91
692,30.17,28.91
120,30.17,28.91
653,30.17,28.91
122,30.17,28.91
761,30.17,28.91
484,30.17,28.91
502,30.17,28.91
619,30.17,28.91
276,30.17,28.91
550,30.17,28.91
402,30.17,28.91
651,30.17,28.91
187,30.17,28.91
593,30.17,28.91
369,30.17,28.91
176,30.17,28.91
627,30.17,28.91
565,30.17,28.91
417,30.17,28.91
533,30.17,28.91
514,30.17,28.91
698,30.17,28.91
521,30.17,28.91
472,30.17,28.91
522,30.17,28.91
398,30.17,28.91
739,30.17,28.91
511,30.17,28.91
870,30.17,28.91
451,30.17,28.91
866,30.17,28.91
572,30.17,28.91
512,30.17,28.91
551,30.17,28.91
312,30.17,28.91
754,30.17,28.91
246,30.17,28.91
728,30.17,28.91
343,30.17,28.91
455,30.17,28.91
519,30.17,28.91
279,30.17,28.91
883,30.17,28.91
120,30.17,28.91
343,30.17,28.91
854,30.17,28.91
494,30.17,28.91
509,30.17,28.91
698,30.17,28.91
137,30.17,28.91
607,30.17,28.91
119,30.17,28.91
610,30.17,28.91
355,30.17,28.91
412,30.17,28.91
127,30.17,28.91
631,30.17,28.91
703,30.17,28.91
166,30.17,28.91
883,30.17,28.91
203,30.17,28.91
523,30.17,28.91
399,30.17,28.91
571,30.17,28.91
276,30.17,28.91
534,30.17,28.91
453,30.17,28.91
336,30.17,28.91
618,30.17,28.91
228,30.17,28.91
727,30.17,28.91
498,30.17,28.91
546,30.17,28.71
574,30.17,28.71
619,30.17,28.71
275,30.17,28.71
746,30.17,28.71
272,30.17,28.71
649,30.17,28.71
395,30.17,28.71
732,30.17,28.71
556,30.17,28.71
246,30.17,28.71
602,30.17,28.71
293,30.17,28.71
425,30.17,28.71
444,30.17,28.71
528,30.17,28.71
462,30.17,28.71
342,30.17,28.71
409,30.17,28.71
652,30.17,28.71
392,30.17,28.71
858,30.17,28.71
255,30.17,28.71
663,30.17,28.71
495,30.17,28.71
547,30.17,28.71
393,30.17,28.71
438,30.17,28.71
693,30.17,28.71
119,30.17,28.71
695,30.17,28.71
120,30.17,28.71
665,30.17,28.71
560,30.17,28.71
564,30.17,28.71
585,30.17,28.71
703,30.11,28.71
188,30.11,28.71
754,30.11,28.71
463,30.11,28.71
678,30.11,28.71
798,30.11,28.71
506,30.11,28.71
882,30.11,28.71
404,30.11,28.71
883,30.11,28.71
274,30.11,28.71
677,30.11,28.71
278,30.11,28.71
883,30.11,28.71
383,30.11,28.71
661,30.11,28.71
744,30.11,28.71
544,30.11,28.71
623,30.11,28.71
298,30.11,28.71
561,30.11,28.71
498,30.11,28.71
353,30.11,28.71
437,30.11,28.71
751,30.11,28.77
222,30.11,28.77
821,30.11,28.77
416,30.11,28.77
751,30.11,28.77
209,30.11,28.77
529,30.11,28.77
465,30.11,28.77
531,30.11,28.77
506,30.11,28.77
234,30.11,28.77
864,30.11,28.77
119,30.11,28.77
765,30.11,28.77
396,30.11,28.77
167,30.11,28.77
365,30.11,28.77
147,30.11,28.77
511,30.11,28.77
331,30.11,28.77
520,30.11,28.77
483,30.11,28.77
161,30.11,28.77
518,30.11,28.77
220,30.11,28.77
392,30.11,28.77
538,30.11,28.77
317,30.11,28.77
778,30.11,28.77
277,30.11,28.77
382,30.11,28.77
540,30.11,28.77
549,30.11,28.77
350,30.11,28.77
330,30.11,28.77
723,30.11,28.77
202,30.13,28.77
582,30.13,28.77
368,30.13,28.77
640,30.13,28.77
437,30.13,28.77
289,30.13,28.77
781,30.13,28.77
343,30.13,28.77
506,30.13,28.77
753,30.13,28.77
483,30.13,28.77
494,30.13,28.77
543,30.13,28.77
168,30.13,28.77
794,30.13,28.77
315,30.13,28.77
881,30.13,28.77
209,30.13,28.77
701,30.13,28.77
120,30.13,28.77
650,30.13,28.77
421,30.13,28.77
405,30.13,28.77
883,30.13,28.77
275,30.13,28.83
698,30.13,28.83
123,30.13,28.83
698,30.13,28.83
458,30.13,28.83
802,30.13,28.83
153,30.13,28.83
753,30.13,28.83
178,30.13,28.83
882,30.13,28.83
307,30.13,28.83
843,30.13,28.83
586,30.13,28.83
487,30.13,28.83
694,30.13,28.83
219,30.13,28.83
630,30.13,28.83
151,30.13,28.83
883,30.13,28.83
391,30.13,28.83
776,30.13,28.83
578,30.13,28.83
553,30.13,28.83
690,30.13,28.83
723,30.13,28.83
277,30.13,28.83
318,30.13,28.83
461,30.13,28.83
665,30.13,28.83
546,30.13,28.83
294,30.13,28.83
512,30.13,28.83
119,30.13,28.83
798,30.13,28.83
120,30.13,28.83
749,30.11,28.83
391,30.11,28.83
832,30.11,28.83
322,30.11,28.83
485,30.11,28.83
760,30.11,28.83
193,30.11,28.83
712,30.11,28.83
124,30.11,28.83
702,30.11,28.83
300,30.11,28.83
431,30.11,28.83
353,30.11,28.83
487,30.11,28.83
234,30.11,28.83
804,30.11,28.83
179,30.11,28.83
841,30.11,28.83
326,30.11,28.83
686,30.11,28.83
639,30.11,28.83
552,30.11,28.83
812,30.11,28.83
325,30.11,28.83
923,30.11,28.75
565,30.11,28.75
608,30.11,28.75
171,30.11,28.75
576,30.11,28.75
474,30.11,28.75
494,30.11,28.75
647,30.11,28.75
652,30.11,28.75
722,30.11,28.75
633,30.11,28.75
549,30.11,28.75
626,30.11,28.75
585,30.11,28.75
409,30.11,28.75
870,30.11,28.75
118,30.11,28.75
748,30.11,28.75
253,30.11,28.75
