660,27.27,26.93
637,27.27,26.93
123,27.27,26.93
282,27.27,26.93
880,27.27,26.93
620,27.27,26.93
121,27.27,26.93
740,27.27,26.93
666,27.27,26.93
575,27.27,26.93
227,27.27,26.93
829,27.27,26.93
250,27.27,26.93
794,27.27,26.93
288,27.27,26.93
783,27.27,26.93
268,27.27,26.93
261,27.27,26.93
632,27.27,26.93
487,27.27,26.93
235,27.27,26.93
311,27.27,26.93
805,27.27,26.93
302,27.27,26.93
571,27.27,26.93
252,27.27,26.93
459,27.27,26.93
252,27.27,26.93
622,27.27,26.93
398,27.27,26.93
609,27.27,26.93
483,27.27,26.93
814,27.27,26.93
575,27.27,26.93
241,27.27,26.93
609,27.27,26.93
418,27.27,26.93
540,27.27,26.93
302,27.27,26.93
778,27.27,26.93
123,27.27,26.93
564,27.27,26.93
701,27.27,26.93
675,27.27,26.93
422,27.27,26.93
803,27.27,26.93
613,27.27,26.93
524,27.27,26.93
344,27.27,26.93
279,27.27,26.93
880,27.27,26.93
538,27.27,26.71
734,27.27,26.71
411,27.27,26.71
642,27.27,26.71
124,27.27,26.71
789,27.27,26.71
367,27.27,26.71
563,27.27,26.71
762,27.27,26.71
577,27.27,26.71
429,27.27,26.71
497,27.27,26.71
878,27.27,26.71
391,27.27,26.71
632,27.27,26.71
434,27.27,26.71
658,27.27,26.71
288,27.27,26.71
685,27.27,26.71
260,27.27,26.71
768,27.27,26.71
306,27.27,26.71
407,27.27,26.71
425,27.27,26.71
679,27.27,26.71
285,27.27,26.71
649,27.27,26.71
882,27.27,26.71
121,27.27,26.71
880,27.27,26.71
415,27.27,26.71
465,27.27,26.71
659,27.27,26.71
693,27.27,26.71
548,27.27,26.71
622,27.27,26.71
436,27.27,26.71
518,27.27,26.71
418,27.27,26.71
683,27.27,26.71
676,27.27,26.71
426,27.27,26.71
276,27.27,26.71
280,27.27,26.71
876,27.27,26.71
220,27.27,26.71
643,27.27,26.71
360,27.27,26.71
625,27.27,26.71
217,27.27,26.71
315,27.27,26.71
832,27.27,26.71
295,27.27,26.71
741,27.27,26.71
310,27.27,26.71
294,27.27,26.71
367,27.27,26.71
621,27.27,26.71
469,27.27,26.71
725,27.27,26.71
123,27.27,26.79
675,27.27,26.79
382,27.27,26.79
322,27.27,26.79
522,27.27,26.79
374,27.27,26.79
653,27.27,26.79
354,27.27,26.79
798,27.27,26.79
120,27.27,26.79
831,27.27,26.79
487,27.27,26.79
504,27.27,26.79
273,27.27,26.79
302,27.27,26.79
850,27.27,26.79
629,27.27,26.79
496,27.27,26.79
559,27.27,26.79
673,27.27,26.79
429,27.27,26.79
518,27.27,26.79
781,27.27,26.79
511,27.27,26.79
163,27.27,26.79
880,27.27,26.79
665,27.27,26.79
533,27.27,26.79
423,27.27,26.79
733,27.27,26.79
418,27.27,26.79
503,27.27,26.79
766,27.27,26.79
513,27.27,26.79
807,27.27,26.79
122,27.27,26.79
760,27.27,26.79
448,27.27,26.79
546,27.27,26.79
738,27.27,26.79
758,27.27,26.79
127,27.27,26.79
550,27.27,26.79
589,27.27,26.79
545,27.27,26.79
331,27.27,26.79
636,27.27,26.79
704,27.27,26.79
435,27.27,26.79
558,27.27,26.79
316,27.27,26.79
843,27.27,26.79
122,27.27,26.79
731,27.27,26.79
381,27.27,26.79
350,27.27,26.79
472,27.27,26.79
486,27.27,26.79
785,27.27,26.79
201,27.27,26.79
694,27.27,26.93
616,27.27,26.93
507,27.27,26.93
570,27.27,26.93
621,27.27,26.93
382,27.27,26.93
499,27.27,26.93
123,27.27,26.93
786,27.27,26.93
389,27.27,26.93
328,27.27,26.93
608,27.27,26.93
310,27.27,26.93
417,27.27,26.93
164,27.27,26.93
876,27.27,26.93
152,27.27,26.93
677,27.27,26.93
428,27.27,26.93
555,27.27,26.93
252,27.27,26.93
123,27.27,26.93
518,27.27,26.93
231,27.27,26.93
299,27.27,26.93
701,27.27,26.93
454,27.27,26.93
296,27.27,26.93
534,27.27,26.93
216,27.27,26.93
782,27.27,26.93
175,27.27,26.93
641,27.27,26.93
121,27.27,26.93
589,27.27,26.93
121,27.27,26.93
723,27.27,26.93
496,27.29,26.93
145,27.29,26.93
820,27.29,26.93
155,27.29,26.93
408,27.29,26.93
123,27.29,26.93
686,27.29,26.93
616,27.29,26.93
283,27.29,26.93
675,27.29,26.93
728,27.29,26.93
518,27.29,26.93
593,27.29,26.93
279,27.29,26.93
717,27.29,26.93
276,27.29,26.93
329,27.29,26.93
700,27.29,26.93
388,27.29,26.93
670,27.29,26.93
315,27.29,26.93
874,27.29,26.93
121,27.29,26.93
880,27.29,26.79
581,27.29,26.79
308,27.29,26.79
842,27.29,26.79
397,27.29,26.79
661,27.29,26.79
123,27.29,26.79
671,27.29,26.79
370,27.29,26.79
532,27.29,26.79
591,27.29,26.79
719,27.29,26.79
444,27.29,26.79
620,27.29,26.79
777,27.29,26.79
605,27.29,26.79
507,27.29,26.79
462,27.29,26.79
648,27.29,26.79
292,27.29,26.79
744,27.29,26.79
246,27.29,26.79
653,27.29,26.79
545,27.29,26.79
529,27.29,26.79
443,27.29,26.79
390,27.29,26.79
880,27.29,26.79
414,27.29,26.79
881,27.29,26.79
284,27.29,26.79
375,27.29,26.79
744,27.29,26.79
665,27.29,26.79
471,27.29,26.79
878,27.29,26.79
325,27.29,26.79
655,27.29,26.79
632,27.29,26.79
412,27.29,26.79
427,27.29,26.79
676,27.29,26.79
451,27.29,26.79
190,27.29,26.79
679,27.29,26.79
402,27.29,26.79
838,27.29,26.79
258,27.29,26.79
818,27.29,26.79
407,27.29,26.79
128,27.29,26.79
742,27.29,26.79
214,27.29,26.79
879,27.29,26.79
532,27.29,26.79
741,27.29,26.79
519,27.29,26.79
728,27.29,26.79
570,27.29,26.79
592,27.29,26.79
419,27.29,26.87
469,27.29,26.87
489,27.29,26.87
464,27.29,26.87
324,27.29,26.87
348,27.29,26.87
626,27.29,26.87
193,27.29,26.87
615,27.29,26.87
338,27.29,26.87
515,27.29,26.87
530,27.29,26.87
739,27.29,26.87
217,27.29,26.87
443,27.29,26.87
806,27.29,26.87
121,27.29,26.87
700,27.29,26.87
657,27.29,26.87
493,27.29,26.87
500,27.29,26.87
482,27.29,26.87
443,27.29,26.87
756,27.29,26.87
381,27.29,26.87
536,27.29,26.87
706,27.29,26.87
254,27.29,26.87
275,27.29,26.87
714,27.29,26.87
565,27.29,26.87
128,27.29,26.87
714,27.29,26.87
135,27.29,26.87
445,27.29,26.87
283,27.29,26.87
807,27.29,26.87
245,27.31,26.87
571,27.31,26.87
575,27.31,26.87
472,27.31,26.87
705,27.31,26.87
564,27.31,26.87
544,27.31,26.87
573,27.31,26.87
621,27.31,26.87
324,27.31,26.87
598,27.31,26.87
453,27.31,26.87
726,27.31,26.87
436,27.31,26.87
876,27.31,26.87
120,27.31,26.87
664,27.31,26.87
657,27.31,26.87
580,27.31,26.87
625,27.31,26.87
618,27.31,26.87
786,27.31,26.87
303,27.31,26.87
881,27.31,26.87
185,27.31,26.87
463,27.31,26.87
448,27.31,26.87
631,27.31,26.87
359,27.31,26.87
840,27.31,26.87
290,27.31,26.87
808,27.31,26.87
467,27.31,26.87
522,27.31,26.87
501,27.31,26.87
688,27.31,26.87
470,27.31,26.87
492,27.31,26.87
881,27.31,26.87
121,27.31,26.87
879,27.31,26.87
458,27.31,26.87
575,27.31,26.87
312,27.31,26.87
374,27.31,26.87
717,27.31,26.87
252,27.31,26.87
661,27.31,26.87
621,27.31,26.87
509,27.31,26.87
528,27.31,26.87
414,27.31,26.87
408,27.31,26.87
709,27.31,26.87
510,27.31,26.87
442,27.31,26.87
218,27.31,26.87
838,27.31,26.87
425,27.31,26.87
804,27.31,26.87
537,27.27,26.87
505,27.27,26.87
547,27.27,26.87
377,27.27,26.87
764,27.27,26.87
322,27.27,26.87
507,27.27,26.87
347,27.27,26.87
380,27.27,26.87
400,27.27,26.87
306,27.27,26.87
453,27.27,26.87
812,27.27,26.87
437,27.27,26.87
389,27.27,26.87
613,27.27,26.87
543,27.27,26.87
745,27.27,26.87
409,27.27,26.87
371,27.27,26.87
392,27.27,26.87
717,27.27,26.87
184,27.27,26.87
723,27.27,26.87
162,27.27,26.83
296,27.27,26.83
856,27.27,26.83
289,27.27,26.83
489,27.27,26.83
571,27.27,26.83
785,27.27,26.83
