335,28.69,27.35
852,28.69,27.35
415,28.69,27.35
381,28.69,27.35
203,28.69,27.35
881,28.69,27.35
388,28.69,27.35
668,28.69,27.35
509,28.69,27.35
382,28.69,27.35
307,28.69,27.35
490,28.69,27.35
687,28.69,27.35
665,28.69,27.35
572,28.69,27.35
771,28.69,27.35
543,28.69,27.35
272,28.69,27.35
542,28.69,27.35
213,28.69,27.35
788,28.69,27.35
124,28.69,27.35
855,28.69,27.35
285,28.69,27.35
248,28.69,27.35
742,28.69,27.35
329,28.69,27.35
557,28.69,27.35
452,28.69,27.35
739,28.69,27.35
519,28.69,27.35
435,28.69,27.35
450,28.69,27.35
812,28.69,27.35
477,28.69,27.35
656,28.69,27.35
526,28.69,27.35
820,28.69,27.35
366,28.69,27.35
720,28.69,27.35
346,28.69,27.35
362,28.69,27.35
526,28.69,27.35
492,28.69,27.35
882,28.69,27.35
122,28.69,27.35
506,28.69,27.35
587,28.69,27.35
652,28.69,27.53
219,28.69,27.53
631,28.69,27.53
689,28.69,27.53
528,28.69,27.53
311,28.69,27.53
420,28.69,27.53
624,28.69,27.53
426,28.69,27.53
408,28.69,27.53
635,28.69,27.53
200,28.69,27.53
164,28.69,27.53
863,28.69,27.53
323,28.69,27.53
527,28.69,27.53
272,28.69,27.53
633,28.69,27.53
206,28.69,27.53
352,28.69,27.53
882,28.69,27.53
137,28.69,27.53
507,28.69,27.53
578,28.69,27.53
584,28.69,27.53
306,28.69,27.53
566,28.69,27.53
390,28.69,27.53
444,28.69,27.53
300,28.69,27.53
180,28.69,27.53
463,28.69,27.53
465,28.69,27.53
355,28.69,27.53
663,28.69,27.53
535,28.69,27.53
265,28.67,27.53
881,28.67,27.53
122,28.67,27.53
881,28.67,27.53
241,28.67,27.53
443,28.67,27.53
473,28.67,27.53
393,28.67,27.53
343,28.67,27.53
489,28.67,27.53
272,28.67,27.53
384,28.67,27.53
580,28.67,27.53
485,28.67,27.53
188,28.67,27.53
561,28.67,27.53
728,28.67,27.53
211,28.67,27.53
582,28.67,27.53
345,28.67,27.53
727,28.67,27.53
126,28.67,27.53
668,28.67,27.53
445,28.67,27.59
237,28.67,27.59
707,28.67,27.59
535,28.67,27.59
668,28.67,27.59
498,28.67,27.59
523,28.67,27.59
490,28.67,27.59
313,28.67,27.59
560,28.67,27.59
717,28.67,27.59
374,28.67,27.59
650,28.67,27.59
790,28.67,27.59
510,28.67,27.59
351,28.67,27.59
881,28.67,27.59
375,28.67,27.59
297,28.67,27.59
692,28.67,27.59
484,28.67,27.59
696,28.67,27.59
137,28.67,27.59
879,28.67,27.59
347,28.67,27.59
585,28.67,27.59
594,28.67,27.59
313,28.67,27.59
882,28.67,27.59
454,28.67,27.59
692,28.67,27.59
445,28.67,27.59
415,28.67,27.59
391,28.67,27.59
721,28.67,27.59
365,28.67,27.59
496,28.67,27.59
265,28.67,27.59
515,28.67,27.59
299,28.67,27.59
328,28.67,27.59
521,28.67,27.59
520,28.67,27.59
438,28.67,27.59
184,28.67,27.59
882,28.67,27.59
120,28.67,27.59
769,28.67,27.59
311,28.67,27.59
203,28.67,27.59
469,28.67,27.59
480,28.67,27.59
883,28.67,27.59
383,28.67,27.59
153,28.67,27.59
592,28.67,27.59
659,28.67,27.59
202,28.67,27.59
616,28.67,27.59
462,28.67,27.59
215,28.67,27.53
327,28.67,27.53
881,28.67,27.53
119,28.67,27.53
779,28.67,27.53
507,28.67,27.53
566,28.67,27.53
198,28.67,27.53
123,28.67,27.53
813,28.67,27.53
291,28.67,27.53
547,28.67,27.53
569,28.67,27.53
586,28.67,27.53
249,28.67,27.53
583,28.67,27.53
510,28.67,27.53
631,28.67,27.53
121,28.67,27.53
745,28.67,27.53
556,28.67,27.53
569,28.67,27.53
360,28.67,27.53
703,28.67,27.53
583,28.67,27.53
215,28.67,27.53
579,28.67,27.53
192,28.67,27.53
825,28.67,27.53
224,28.67,27.53
838,28.67,27.53
349,28.67,27.53
669,28.67,27.53
508,28.67,27.53
649,28.67,27.53
627,28.67,27.53
452,28.67,27.53
633,28.67,27.53
560,28.67,27.53
578,28.67,27.53
663,28.67,27.53
882,28.67,27.53
454,28.67,27.53
765,28.67,27.53
241,28.67,27.53
774,28.67,27.53
197,28.67,27.53
855,28.67,27.53
382,28.67,27.53
577,28.67,27.53
588,28.67,27.53
451,28.67,27.53
840,28.67,27.53
120,28.67,27.53
876,28.67,27.53
264,28.67,27.53
440,28.67,27.53
342,28.67,27.53
879,28.67,27.53
121,28.67,27.53
791,28.67,27.53
232,28.67,27.53
877,28.67,27.53
277,28.67,27.53
384,28.67,27.53
350,28.67,27.53
436,28.67,27.53
477,28.67,27.53
449,28.67,27.53
770,28.67,27.53
120,28.67,27.53
882,28.67,27.53
236,28.67,27.53
452,28.67,27.53
438,28.67,27.53
356,28.67,27.53
479,28.67,27.53
616,28.67,27.53
124,28.67,27.53
688,28.67,27.53
357,28.67,27.53
349,28.67,27.53
350,28.67,27.53
269,28.67,27.53
453,28.67,27.53
224,28.67,27.53
881,28.67,27.53
122,28.67,27.53
325,28.67,27.53
697,28.67,27.53
730,28.67,27.53
569,28.67,27.53
409,28.67,27.53
807,28.67,27.53
376,28.67,27.53
543,28.67,27.53
301,28.69,27.53
498,28.69,27.53
522,28.69,27.53
501,28.69,27.53
686,28.69,27.53
558,28.69,27.53
242,28.69,27.53
828,28.69,27.53
519,28.69,27.53
486,28.69,27.53
380,28.69,27.53
564,28.69,27.53
712,28.69,27.53
538,28.69,27.53
631,28.69,27.53
315,28.69,27.53
524,28.69,27.53
266,28.69,27.53
500,28.69,27.53
265,28.69,27.53
493,28.69,27.53
733,28.69,27.53
462,28.69,27.53
770,28.69,27.53
451,28.69,27.53
593,28.69,27.53
580,28.69,27.53
505,28.69,27.53
549,28.69,27.53
682,28.69,27.53
371,28.69,27.53
683,28.69,27.53
324,28.69,27.53
684,28.69,27.53
490,28.69,27.53
718,28.69,27.53
238,28.69,27.53
813,28.69,27.53
605,28.69,27.53
229,28.69,27.53
881,28.69,27.53
130,28.69,27.53
882,28.69,27.53
562,28.69,27.53
615,28.69,27.53
676,28.69,27.53
561,28.69,27.53
520,28.69,27.53
476,28.69,27.53
613,28.69,27.53
274,28.69,27.53
520,28.69,27.53
531,28.69,27.53
718,28.69,27.53
217,28.69,27.53
529,28.69,27.53
230,28.69,27.53
602,28.69,27.53
134,28.69,27.53
793,28.69,27.53
380,28.65,27.53
270,28.65,27.53
442,28.65,27.53
544,28.65,27.53
526,28.65,27.53
126,28.65,27.53
601,28.65,27.53
274,28.65,27.53
254,28.65,27.53
223,28.65,27.53
480,28.65,27.53
430,28.65,27.53
563,28.65,27.53
303,28.65,27.53
821,28.65,27.53
302,28.65,27.53
642,28.65,27.53
880,28.65,27.53
285,28.65,27.53
881,28.65,27.53
440,28.65,27.53
882,28.65,27.53
199,28.65,27.53
570,28.65,27.47
452,28.65,27.47
729,28.65,27.47
204,28.65,27.47
470,28.65,27.47
344,28.65,27.47
468,28.65,27.47
438,28.65,27.47
801,28.65,27.47
461,28.65,27.47
421,28.65,27.47
738,28.65,27.47
315,28.65,27.47
881,28.65,27.47
119,28.65,27.47
864,28.65,27.47
345,28.65,27.47
541,28.65,27.47
482,28.65,27.47
592,28.65,27.47
382,28.65,27.47
354,28.65,27.47
882,28.65,27.47
461,28.65,27.47
583,28.65,27.47
432,28.65,27.47
881,28.65,27.47
518,28.65,27.47
749,28.65,27.47
788,28.65,27.47
726,28.65,27.47
290,28.65,27.47
559,28.65,27.47
553,28.65,27.47
841,28.65,27.47
338,28.65,27.47
730,28.67,27.47
881,28.67,27.47
190,28.67,27.47
780,28.67,27.47
421,28.67,27.47
882,28.67,27.47
348,28.67,27.47
769,28.67,27.47
402,28.67,27.47
260,28.67,27.47
804,28.67,27.47
676,28.67,27.47
744,28.67,27.47
396,28.67,27.47
501,28.67,27.47
468,28.67,27.47
304,28.67,27.47
448,28.67,27.47
358,28.67,27.47
310,28.67,27.47
424,28.67,27.47
127,28.67,27.47
727,28.67,27.47
172,28.67,27.47
678,28.67,27.29
509,28.67,27.29
122,28.67,27.29
779,28.67,27.29
365,28.67,27.29
527,28.67,27.29
122,28.67,27.29
699,28.67,27.29
176,28.67,27.29
525,28.67,27.29
414,28.67,27.29
483,28.67,27.29
