565,28.37,27.59
711,28.37,28.37
121,28.37,27.59
384,28.37,27.59
567,28.37,27.59
515,28.37,27.59
124,28.37,27.59
709,28.37,27.59
450,28.37,27.59
554,28.37,27.59
458,28.37,27.59
646,28.37,27.59
528,28.37,27.59
266,28.37,27.59
542,28.37,27.59
575,28.37,27.59
592,28.37,27.59
599,28.37,27.59
715,28.31,27.59
344,28.31,27.59
754,28.31,27.59
276,28.31,27.59
624,28.31,27.59
298,28.31,27.59
451,28.31,27.59
516,28.31,27.59
480,28.31,27.59
268,28.31,27.59
426,28.31,27.59
621,28.31,27.59
373,28.31,27.59
503,28.31,27.59
477,28.31,27.59
575,28.31,27.59
264,28.31,27.59
559,28.31,27.59
377,28.31,27.59
457,28.31,27.59
445,28.31,27.59
725,28.31,27.59
372,28.31,27.59
305,28.31,27.15
631,28.31,27.15
221,28.31,27.15
753,28.31,27.15
234,28.31,27.15
538,28.31,27.15
121,28.31,27.15
428,28.31,27.15
546,28.31,27.15
433,28.31,27.15
433,28.31,27.15
518,28.31,27.15
566,28.31,27.15
505,28.31,27.15
431,28.31,27.15
328,28.31,27.15
364,28.31,27.15
501,28.31,27.15
461,28.31,27.15
225,28.31,27.15
707,28.31,27.15
122,28.31,27.15
875,28.31,27.15
410,28.31,27.15
548,28.31,27.15
546,28.31,27.15
649,28.31,27.15
629,28.31,27.15
561,28.31,27.15
600,28.31,27.15
385,28.31,27.15
511,28.31,27.15
666,28.31,27.15
408,28.31,27.15
655,28.31,27.15
494,28.31,27.15
465,28.31,27.15
878,28.33,27.15
186,28.33,27.15
839,28.33,27.15
546,28.33,27.15
882,28.33,27.15
382,28.33,27.15
684,28.33,27.15
881,28.33,27.15
405,28.33,27.15
881,28.33,27.15
135,28.33,27.15
854,28.33,27.15
402,28.33,27.15
598,28.33,27.15
468,28.33,27.15
361,28.33,27.15
176,28.33,27.15
669,28.33,27.15
405,28.33,27.15
718,28.33,27.15
534,28.33,27.15
629,28.33,27.15
341,28.33,27.15
445,28.33,27.29
693,28.33,27.29
205,28.33,27.29
800,28.33,27.29
587,28.33,27.29
742,28.33,27.29
132,28.33,27.29
729,28.33,27.29
597,28.33,27.29
308,28.33,27.29
748,28.33,27.29
515,28.33,27.29
271,28.33,27.29
279,28.33,27.29
391,28.33,27.29
561,28.33,27.29
881,28.33,27.29
486,28.33,27.29
538,28.33,27.29
612,28.33,27.29
213,28.33,27.29
488,28.33,27.29
615,28.33,27.29
344,28.33,27.29
386,28.33,27.29
749,28.33,27.29
121,28.33,27.29
641,28.33,27.29
228,28.33,27.29
716,28.33,27.29
461,28.33,27.29
124,28.33,27.29
514,28.33,27.29
358,28.33,27.29
684,28.33,27.29
440,28.33,27.29
659,28.33,27.29
340,28.35,27.29
586,28.35,27.29
655,28.35,27.29
881,28.35,27.29
145,28.35,27.29
498,28.35,27.29
552,28.35,27.29
662,28.35,27.29
160,28.35,27.29
736,28.35,27.29
685,28.35,27.29
326,28.35,27.29
762,28.35,27.29
264,28.35,27.29
584,28.35,27.29
404,28.35,27.29
854,28.35,27.29
123,28.35,27.29
515,28.35,27.29
614,28.35,27.29
635,28.35,27.29
488,28.35,27.29
626,28.35,27.29
454,28.35,27.21
823,28.35,27.21
374,28.35,27.21
510,28.35,27.21
879,28.35,27.21
198,28.35,27.21
879,28.35,27.21
378,28.35,27.21
779,28.35,27.21
266,28.35,27.21
880,28.35,27.21
195,28.35,27.21
657,28.35,27.21
398,28.35,27.21
562,28.35,27.21
705,28.35,27.21
436,28.35,27.21
566,28.35,27.21
429,28.35,27.21
139,28.35,27.21
520,28.35,27.21
565,28.35,27.21
581,28.35,27.21
880,28.35,27.21
370,28.35,27.21
678,28.35,27.21
239,28.35,27.21
629,28.35,27.21
262,28.35,27.21
675,28.35,27.21
480,28.35,27.21
213,28.35,27.21
803,28.35,27.21
121,28.35,27.21
661,28.35,27.21
567,28.35,27.21
468,28.35,27.21
119,28.35,27.21
556,28.35,27.21
350,28.35,27.21
491,28.35,27.21
365,28.35,27.21
513,28.35,27.21
409,28.35,27.21
620,28.35,27.21
401,28.35,27.21
556,28.35,27.21
879,28.35,27.21
268,28.35,27.21
758,28.35,27.21
129,28.35,27.21
540,28.35,27.21
409,28.35,27.21
848,28.35,27.21
128,28.35,27.21
705,28.35,27.21
541,28.35,27.21
393,28.35,27.21
881,28.35,27.21
570,28.35,27.21
639,28.35,27.21
356,28.35,27.21
737,28.35,27.21
353,28.35,27.21
531,28.35,27.21
119,28.35,27.21
665,28.35,27.21
222,28.35,27.21
643,28.35,27.21
121,28.35,27.21
690,28.35,27.21
409,28.35,27.21
607,28.35,27.21
661,28.35,27.21
129,28.35,27.21
749,28.35,27.21
360,28.35,27.21
871,28.35,27.21
183,28.35,27.21
566,28.35,27.21
496,28.35,27.21
549,28.35,27.21
716,28.35,27.21
732,28.35,27.21
459,28.35,27.21
780,28.35,27.21
389,28.35,27.21
625,28.35,27.21
578,28.35,27.21
435,28.35,27.21
842,28.35,27.21
544,28.35,27.21
682,28.35,27.21
168,28.35,27.21
880,28.35,27.21
296,28.35,27.21
452,28.35,27.21
665,28.35,27.21
433,28.35,27.21
645,28.35,27.21
574,28.35,27.21
809,28.35,27.21
349,28.35,27.21
443,28.35,27.21
642,28.35,27.21
232,28.35,27.21
408,28.35,27.21
625,28.35,27.21
312,28.35,27.21
859,28.35,27.21
378,28.35,27.21
766,28.35,27.21
636,28.35,27.21
163,28.35,27.21
586,28.35,27.21
635,28.35,27.21
472,28.35,27.21
194,28.35,27.21
850,28.35,27.21
288,28.35,27.21
761,28.35,27.43
243,28.35,27.43
650,28.35,27.43
547,28.35,27.43
302,28.35,27.43
413,28.35,27.43
334,28.35,27.43
582,28.35,27.43
313,28.35,27.43
676,28.35,27.43
461,28.35,27.43
588,28.35,27.43
120,28.35,27.43
831,28.35,27.43
130,28.35,27.43
623,28.35,27.43
410,28.35,27.43
389,28.35,27.43
172,28.35,27.43
428,28.35,27.43
803,28.35,27.43
183,28.35,27.43
869,28.35,27.43
133,28.35,27.43
793,28.35,27.43
317,28.35,27.43
566,28.35,27.43
547,28.35,27.43
524,28.35,27.43
535,28.35,27.43
590,28.35,27.43
484,28.35,27.43
312,28.35,27.43
793,28.35,27.43
351,28.35,27.43
666,28.35,27.43
295,28.33,27.43
821,28.33,27.43
122,28.33,27.43
769,28.33,27.43
298,28.33,27.43
730,28.33,27.43
339,28.33,27.43
576,28.33,27.43
685,28.33,27.43
332,28.33,27.43
705,28.33,27.43
124,28.33,27.43
614,28.33,27.43
446,28.33,27.43
602,28.33,27.43
633,28.33,27.43
593,28.33,27.43
332,28.33,27.43
590,28.33,27.43
334,28.33,27.43
623,28.33,27.43
506,28.33,27.43
824,28.33,27.43
737,28.33,27.43
318,28.33,27.41
879,28.33,27.41
224,28.33,27.41
610,28.33,27.41
188,28.33,27.41
606,28.33,27.41
189,28.33,27.41
455,28.33,27.41
436,28.33,27.41
649,28.33,27.41
511,28.33,27.41
400,28.33,27.41
450,28.33,27.41
389,28.33,27.41
614,28.33,27.41
703,28.33,27.41
637,28.33,27.41
290,28.33,27.41
838,28.33,27.41
502,28.33,27.41
646,28.33,27.41
454,28.33,27.41
743,28.33,27.41
405,28.33,27.41
521,28.33,27.41
289,28.33,27.41
373,28.33,27.41
534,28.33,27.41
272,28.33,27.41
626,28.33,27.41
272,28.33,27.41
451,28.33,27.41
407,28.33,27.41
529,28.33,27.41
707,28.33,27.41
573,28.33,27.41
584,28.37,27.41
490,28.37,27.41
236,28.37,27.41
716,28.37,27.41
533,28.37,27.41
371,28.37,27.41
590,28.37,27.41
381,28.37,27.41
779,28.37,27.41
184,28.37,27.41
549,28.37,27.41
374,28.37,27.41
800,28.37,27.41
281,28.37,27.41
498,28.37,27.41
569,28.37,27.41
174,28.37,27.41
634,28.37,27.41
270,28.37,27.41
383,28.37,27.41
150,28.37,27.41
776,28.37,27.41
526,28.37,27.41
405,28.37,27.41
205,28.37,27.35
709,28.37,27.35
359,28.37,27.35
627,28.37,27.35
488,28.37,27.35
510,28.37,27.35
594,28.37,27.35
230,28.37,27.35
846,28.37,27.35
120,28.37,27.35
692,28.37,27.35
394,28.37,27.35
564,28.37,27.35
121,28.37,27.35
486,28.37,27.35
566,28.37,27.35
681,28.37,27.35
