699,30.45,28.99
359,30.45,28.99
814,30.45,28.99
121,30.45,28.99
454,30.45,28.99
866,30.45,28.99
824,30.45,28.99
630,30.45,28.99
583,30.45,28.99
562,30.45,28.99
482,30.45,28.99
661,30.45,28.99
338,30.45,28.99
889,30.45,28.99
501,30.45,28.99
721,30.45,28.99
607,30.45,28.99
726,30.45,28.99
360,30.45,28.99
494,30.45,29.19
522,30.45,29.19
353,30.45,29.19
597,30.45,29.19
213,30.45,29.19
883,30.45,29.19
373,30.45,29.19
883,30.45,29.19
302,30.45,29.19
432,30.45,29.19
568,30.45,29.19
583,30.45,29.19
587,30.45,29.19
754,30.45,29.19
440,30.45,29.19
443,30.45,29.19
546,30.45,29.19
586,30.45,29.19
572,30.45,29.19
452,30.45,29.19
498,30.45,29.19
259,30.45,29.19
883,30.45,29.19
267,30.45,29.19
770,30.45,29.19
349,30.45,29.19
529,30.45,29.19
391,30.45,29.19
463,30.45,29.19
696,30.45,29.19
356,30.45,29.19
625,30.45,29.19
238,30.45,29.19
437,30.45,29.19
357,30.45,29.19
710,30.45,29.19
389,30.45,29.19
848,30.45,29.19
236,30.45,29.19
708,30.45,29.19
141,30.45,29.19
518,30.45,29.19
121,30.45,29.19
727,30.45,29.19
655,30.45,29.19
122,30.45,29.19
883,30.45,29.19
123,30.45,29.19
564,30.45,29.19
387,30.45,29.19
667,30.45,29.19
256,30.45,29.19
538,30.45,29.19
544,30.45,29.19
541,30.45,29.19
323,30.45,29.19
341,30.45,29.19
363,30.45,29.19
738,30.45,29.19
278,30.45,29.17
406,30.45,29.17
832,30.45,29.17
519,30.45,29.17
511,30.45,29.17
262,30.45,29.17
684,30.45,29.17
464,30.45,29.17
652,30.45,29.17
457,30.45,29.17
326,30.45,29.17
847,30.45,29.17
129,30.45,29.17
883,30.45,29.17
324,30.45,29.17
653,30.45,29.17
285,30.45,29.17
713,30.45,29.17
675,30.45,29.17
760,30.45,29.17
159,30.45,29.17
720,30.45,29.17
396,30.45,29.17
550,30.45,29.17
513,30.45,29.17
652,30.45,29.17
687,30.45,29.17
667,30.45,29.17
461,30.45,29.17
368,30.45,29.17
569,30.45,29.17
119,30.45,29.17
877,30.45,29.17
311,30.45,29.17
541,30.45,29.17
884,30.45,29.17
611,30.47,29.17
435,30.47,29.17
593,30.47,29.17
224,30.47,29.17
816,30.47,29.17
442,30.47,29.17
318,30.47,29.17
565,30.47,29.17
157,30.47,29.17
655,30.47,29.17
201,30.47,29.17
883,30.47,29.17
347,30.47,29.17
696,30.47,29.17
314,30.47,29.17
508,30.47,29.17
559,30.47,29.17
599,30.47,29.17
882,30.47,29.17
213,30.47,29.17
883,30.47,29.17
272,30.47,29.17
291,30.47,29.17
503,30.47,29.17
355,30.47,29.15
445,30.47,29.15
645,30.47,29.15
276,30.47,29.15
578,30.47,29.15
328,30.47,29.15
531,30.47,29.15
553,30.47,29.15
338,30.47,29.15
666,30.47,29.15
188,30.47,29.15
867,30.47,29.15
118,30.47,29.15
810,30.47,29.15
391,30.47,29.15
527,30.47,29.15
691,30.47,29.15
501,30.47,29.15
680,30.47,29.15
210,30.47,29.15
615,30.47,29.15
119,30.47,29.15
525,30.47,29.15
640,30.47,29.15
599,30.47,29.15
580,30.47,29.15
823,30.47,29.15
204,30.47,29.15
883,30.47,29.15
282,30.47,29.15
859,30.47,29.15
707,30.47,29.15
439,30.47,29.15
638,30.47,29.15
401,30.47,29.15
601,30.47,29.15
423,30.45,29.15
884,30.45,29.15
308,30.45,29.15
845,30.45,29.15
232,30.45,29.15
874,30.45,29.15
635,30.45,29.15
539,30.45,29.15
400,30.45,29.15
505,30.45,29.15
260,30.45,29.15
729,30.45,29.15
882,30.45,29.15
388,30.45,29.15
847,30.45,29.15
121,30.45,29.15
883,30.45,29.15
121,30.45,29.15
884,30.45,29.15
351,30.45,29.15
867,30.45,29.15
118,30.45,29.15
786,30.45,29.15
439,30.45,29.19
419,30.45,29.19
583,30.45,29.19
319,30.45,29.19
475,30.45,29.19
416,30.45,29.19
281,30.45,29.19
326,30.45,29.19
456,30.45,29.19
141,30.45,29.19
842,30.45,29.19
119,30.45,29.19
767,30.45,29.19
477,30.45,29.19
726,30.45,29.19
128,30.45,29.19
425,30.45,29.19
478,30.45,29.19
380,30.45,29.19
660,30.45,29.19
122,30.45,29.19
882,30.45,29.19
211,30.45,29.19
462,30.45,29.19
590,30.45,29.19
421,30.45,29.19
284,30.45,29.19
441,30.45,29.19
283,30.45,29.19
396,30.45,29.19
141,30.45,29.19
687,30.45,29.19
228,30.45,29.19
421,30.45,29.19
487,30.45,29.19
130,30.45,29.19
644,30.45,29.19
277,30.45,29.19
666,30.45,29.19
883,30.45,29.19
510,30.45,29.19
275,30.45,29.19
667,30.45,29.19
295,30.45,29.19
527,30.45,29.19
707,30.45,29.19
264,30.45,29.19
413,30.45,29.19
518,30.45,29.19
330,30.45,29.19
701,30.45,29.19
500,30.45,29.19
282,30.45,29.19
606,30.45,29.19
285,30.45,29.19
749,30.45,29.19
650,30.45,29.19
391,30.45,29.19
660,30.45,29.19
473,30.45,29.19
706,30.45,29.11
519,30.45,29.11
668,30.45,29.11
452,30.45,29.11
656,30.45,29.11
525,30.45,29.11
453,30.45,29.11
647,30.45,29.11
346,30.45,29.11
695,30.45,29.11
286,30.45,29.11
444,30.45,29.11
792,30.45,29.11
523,30.45,29.11
558,30.45,29.11
626,30.45,29.11
119,30.45,29.11
871,30.45,29.11
314,30.45,29.11
802,30.45,29.11
554,30.45,29.11
705,30.45,29.11
733,30.45,29.11
130,30.45,29.11
786,30.45,29.11
138,30.45,29.11
846,30.45,29.11
324,30.45,29.11
736,30.45,29.11
350,30.45,29.11
680,30.45,29.11
733,30.45,29.11
511,30.45,29.11
614,30.45,29.11
264,30.45,29.11
285,30.45,29.11
587,30.45,29.11
182,30.45,29.11
625,30.45,29.11
707,30.45,29.11
299,30.45,29.11
845,30.45,29.11
126,30.45,29.11
567,30.45,29.11
553,30.45,29.11
424,30.45,29.11
367,30.45,29.11
514,30.45,29.11
569,30.45,29.11
119,30.45,29.11
719,30.45,29.11
470,30.45,29.11
500,30.45,29.11
417,30.45,29.11
340,30.45,29.11
465,30.45,29.11
441,30.45,29.11
372,30.45,29.11
702,30.45,29.11
393,30.45,29.09
840,30.45,29.09
119,30.45,29.09
883,30.45,29.09
490,30.45,29.09
256,30.45,29.09
741,30.45,29.09
422,30.45,29.09
556,30.45,29.09
671,30.45,29.09
746,30.45,29.09
119,30.45,29.09
605,30.45,29.09
532,30.45,29.09
426,30.45,29.09
746,30.45,29.09
740,30.45,29.09
483,30.45,29.09
682,30.45,29.09
367,30.45,29.09
884,30.45,29.09
553,30.45,29.09
528,30.45,29.09
857,30.45,29.09
136,30.45,29.09
546,30.45,29.09
120,30.45,29.09
761,30.45,29.09
667,30.45,29.09
407,30.45,29.09
723,30.45,29.09
532,30.45,29.09
398,30.45,29.09
834,30.45,29.09
623,30.45,29.09
330,30.45,29.09
665,30.45,29.09
495,30.45,29.09
594,30.45,29.09
274,30.45,29.09
466,30.45,29.09
733,30.45,29.09
404,30.45,29.09
190,30.45,29.09
776,30.45,29.09
442,30.45,29.09
524,30.45,29.09
311,30.45,29.09
391,30.45,29.09
759,30.45,29.09
371,30.45,29.09
517,30.45,29.09
708,30.45,29.09
336,30.45,29.09
637,30.45,29.09
631,30.45,29.09
526,30.45,29.09
253,30.45,29.09
618,30.45,29.09
363,30.45,29.09
589,30.45,29.09
717,30.45,29.09
284,30.45,29.09
595,30.45,29.09
237,30.45,29.09
507,30.45,29.09
515,30.45,29.09
124,30.45,29.09
810,30.45,29.09
356,30.45,29.09
420,30.45,29.09
358,30.45,29.09
460,30.45,29.09
782,30.45,29.09
442,30.45,29.09
627,30.45,29.09
846,30.45,29.09
601,30.45,29.09
159,30.45,29.09
629,30.45,29.09
556,30.45,29.09
189,30.45,29.09
645,30.45,29.09
483,30.45,29.09
280,30.45,29.09
658,30.45,29.09
555,30.45,29.09
550,30.45,29.09
574,30.45,29.09
301,30.45,29.09
449,30.45,29.09
475,30.45,29.09
768,30.45,29.09
146,30.45,29.09
592,30.45,29.09
390,30.45,29.09
269,30.47,29.09
783,30.47,29.09
124,30.47,29.09
557,30.47,29.09
550,30.47,29.09
566,30.47,29.09
342,30.47,29.09
