663,27.21,26.83
240,27.21,26.83
186,27.21,26.83
125,27.21,26.83
609,27.21,26.83
877,27.21,26.83
539,27.21,26.83
228,27.21,26.83
392,27.21,26.83
195,27.21,26.83
603,27.21,26.83
123,27.21,26.83
644,27.21,26.83
622,27.21,26.83
263,27.21,26.83
469,27.21,26.83
450,27.21,26.83
483,27.21,26.83
436,27.21,26.83
560,27.21,26.83
370,27.21,26.83
543,27.21,26.83
435,27.21,26.83
547,27.21,26.83
524,27.21,26.83
294,27.21,26.83
312,27.21,26.83
796,27.21,26.83
120,27.21,26.83
710,27.21,26.83
330,27.21,26.83
571,27.21,26.83
274,27.21,26.83
202,27.21,26.83
688,27.21,26.83
309,27.21,26.83
822,27.21,26.83
269,27.21,26.85
620,27.21,26.85
396,27.21,26.85
197,27.21,26.85
718,27.21,26.85
565,27.21,26.85
255,27.21,26.85
459,27.21,26.85
386,27.21,26.85
649,27.21,26.85
286,27.21,26.85
507,27.21,26.85
602,27.21,26.85
401,27.21,26.85
685,27.21,26.85
125,27.21,26.85
881,27.21,26.85
172,27.21,26.85
811,27.21,26.85
304,27.21,26.85
542,27.21,26.85
619,27.21,26.85
626,27.21,26.85
625,27.21,26.85
451,27.21,26.85
880,27.21,26.85
374,27.21,26.85
531,27.21,26.85
378,27.21,26.85
398,27.21,26.85
184,27.21,26.85
718,27.21,26.85
369,27.21,26.85
762,27.21,26.85
475,27.21,26.85
717,27.21,26.85
667,27.23,26.85
124,27.23,26.85
801,27.23,26.85
459,27.23,26.85
880,27.23,26.85
173,27.23,26.85
392,27.23,26.85
646,27.23,26.85
530,27.23,26.85
308,27.23,26.85
694,27.23,26.85
507,27.23,26.85
619,27.23,26.85
480,27.23,26.85
566,27.23,26.85
412,27.23,26.85
427,27.23,26.85
710,27.23,26.85
225,27.23,26.85
695,27.23,26.85
309,27.23,26.85
853,27.23,26.85
260,27.23,26.85
734,27.23,26.85
154,27.23,26.77
735,27.23,26.77
577,27.23,26.77
253,27.23,26.77
619,27.23,26.77
711,27.23,26.77
293,27.23,26.77
460,27.23,26.77
605,27.23,26.77
504,27.23,26.77
401,27.23,26.77
572,27.23,26.77
561,27.23,26.77
455,27.23,26.77
510,27.23,26.77
126,27.23,26.77
857,27.23,26.77
121,27.23,26.77
624,27.23,26.77
531,27.23,26.77
212,27.23,26.77
644,27.23,26.77
418,27.23,26.77
881,27.23,26.77
174,27.23,26.77
585,27.23,26.77
580,27.23,26.77
485,27.23,26.77
539,27.23,26.77
540,27.23,26.77
378,27.23,26.77
304,27.23,26.77
585,27.23,26.77
556,27.23,26.77
302,27.23,26.77
305,27.23,26.77
503,27.23,26.77
619,27.23,26.77
563,27.23,26.77
434,27.23,26.77
879,27.23,26.77
353,27.23,26.77
831,27.23,26.77
457,27.23,26.77
409,27.23,26.77
619,27.23,26.77
273,27.23,26.77
766,27.23,26.77
493,27.23,26.77
292,27.23,26.77
436,27.23,26.77
615,27.23,26.77
349,27.23,26.77
794,27.23,26.77
484,27.23,26.77
254,27.23,26.77
673,27.23,26.77
401,27.23,26.77
606,27.23,26.77
608,27.23,26.77
833,27.23,26.87
278,27.23,26.87
880,27.23,26.87
399,27.23,26.87
582,27.23,26.87
540,27.23,26.87
627,27.23,26.87
404,27.23,26.87
445,27.23,26.87
577,27.23,26.87
359,27.23,26.87
574,27.23,26.87
505,27.23,26.87
487,27.23,26.87
446,27.23,26.87
607,27.23,26.87
726,27.23,26.87
539,27.23,26.87
608,27.23,26.87
627,27.23,26.87
548,27.23,26.87
751,27.23,26.87
382,27.23,26.87
768,27.23,26.87
571,27.23,26.87
191,27.23,26.87
771,27.23,26.87
253,27.23,26.87
755,27.23,26.87
499,27.23,26.87
710,27.23,26.87
321,27.23,26.87
721,27.23,26.87
512,27.23,26.87
181,27.23,26.87
777,27.23,26.87
546,27.23,26.87
199,27.23,26.87
553,27.23,26.87
532,27.23,26.87
124,27.23,26.87
446,27.23,26.87
495,27.23,26.87
386,27.23,26.87
373,27.23,26.87
658,27.23,26.87
153,27.23,26.87
829,27.23,26.87
294,27.23,26.87
517,27.23,26.87
867,27.23,26.87
142,27.23,26.87
880,27.23,26.87
304,27.23,26.87
485,27.23,26.87
220,27.23,26.87
498,27.23,26.87
479,27.23,26.87
457,27.23,26.87
243,27.23,26.87
786,27.23,26.79
473,27.23,26.79
123,27.23,26.79
478,27.23,26.79
398,27.23,26.79
704,27.23,26.79
417,27.23,26.79
636,27.23,26.79
208,27.23,26.79
878,27.23,26.79
341,27.23,26.79
881,27.23,26.79
307,27.23,26.79
275,27.23,26.79
866,27.23,26.79
400,27.23,26.79
323,27.23,26.79
461,27.23,26.79
697,27.23,26.79
319,27.23,26.79
724,27.23,26.79
624,27.23,26.79
667,27.23,26.79
485,27.23,26.79
618,27.23,26.79
798,27.23,26.79
690,27.23,26.79
261,27.23,26.79
743,27.23,26.79
449,27.23,26.79
323,27.23,26.79
522,27.23,26.79
579,27.23,26.79
725,27.23,26.79
144,27.23,26.79
836,27.23,26.79
121,27.23,26.79
543,27.23,26.79
541,27.23,26.79
624,27.23,26.79
627,27.23,26.79
574,27.23,26.79
442,27.23,26.79
684,27.23,26.79
377,27.23,26.79
364,27.23,26.79
475,27.23,26.79
387,27.23,26.79
416,27.23,26.79
665,27.23,26.79
694,27.23,26.79
127,27.23,26.79
793,27.23,26.79
203,27.23,26.79
773,27.23,26.79
121,27.23,26.79
417,27.23,26.79
603,27.23,26.79
294,27.23,26.79
694,27.23,26.79
409,27.23,26.83
616,27.23,26.83
212,27.23,26.83
680,27.23,26.83
460,27.23,26.83
639,27.23,26.83
119,27.23,26.83
768,27.23,26.83
361,27.23,26.83
302,27.23,26.83
517,27.23,26.83
448,27.23,26.83
390,27.23,26.83
302,27.23,26.83
761,27.23,26.83
141,27.23,26.83
661,27.23,26.83
388,27.23,26.83
513,27.23,26.83
211,27.23,26.83
125,27.23,26.83
644,27.23,26.83
415,27.23,26.83
451,27.23,26.83
410,27.23,26.83
597,27.23,26.83
614,27.23,26.83
350,27.23,26.83
623,27.23,26.83
771,27.23,26.83
446,27.23,26.83
482,27.23,26.83
537,27.23,26.83
560,27.23,26.83
243,27.23,26.83
842,27.23,26.83
687,27.25,26.83
436,27.25,26.83
640,27.25,26.83
356,27.25,26.83
735,27.25,26.83
417,27.25,26.83
543,27.25,26.83
296,27.25,26.83
362,27.25,26.83
531,27.25,26.83
502,27.25,26.83
591,27.25,26.83
832,27.25,26.83
576,27.25,26.83
610,27.25,26.83
393,27.25,26.83
855,27.25,26.83
805,27.25,26.83
385,27.25,26.83
397,27.25,26.83
408,27.25,26.83
648,27.25,26.83
141,27.25,26.83
879,27.25,26.83
175,27.25,26.77
558,27.25,26.77
690,27.25,26.77
319,27.25,26.77
808,27.25,26.77
211,27.25,26.77
880,27.25,26.77
326,27.25,26.77
546,27.25,26.77
367,27.25,26.77
861,27.25,26.77
574,27.25,26.77
727,27.25,26.77
296,27.25,26.77
570,27.25,26.77
393,27.25,26.77
511,27.25,26.77
542,27.25,26.77
753,27.25,26.77
664,27.25,26.77
385,27.25,26.77
665,27.25,26.77
121,27.25,26.77
807,27.25,26.77
325,27.25,26.77
516,27.25,26.77
578,27.25,26.77
491,27.25,26.77
790,27.25,26.77
660,27.25,26.77
531,27.25,26.77
189,27.25,26.77
527,27.25,26.77
377,27.25,26.77
673,27.25,26.77
125,27.25,26.77
705,27.21,26.77
309,27.21,26.77
862,27.21,26.77
174,27.21,26.77
608,27.21,26.77
639,27.21,26.77
328,27.21,26.77
448,27.21,26.77
169,27.21,26.77
801,27.21,26.77
121,27.21,26.77
871,27.21,26.77
577,27.21,26.77
125,27.21,26.77
264,27.21,26.77
466,27.21,26.77
479,27.21,26.77
357,27.21,26.77
124,27.21,26.77
761,27.21,26.77
611,27.21,26.77
224,27.21,26.77
614,27.21,26.77
315,27.21,26.77
880,27.21,26.71
331,27.21,26.71
876,27.21,26.71
121,27.21,26.71
847,27.21,26.71
170,27.21,26.71
797,27.21,26.71
236,27.21,26.71
342,27.21,26.71
881,27.21,26.71
265,27.21,26.71
622,27.21,26.71
317,27.21,26.71
683,27.21,26.71
483,27.21,26.71
461,27.21,26.71
587,27.21,26.71
853,27.21,26.71
323,27.21,26.71
831,27.21,26.71
276,27.21,26.71
539,27.21,26.71
