257,30.49,29.03
587,30.49,29.03
494,30.49,29.03
282,30.49,29.03
217,30.49,29.03
304,30.49,29.03
612,30.49,29.03
523,30.49,29.03
522,30.49,29.03
721,30.49,29.03
878,30.49,29.03
345,30.49,29.03
404,30.49,29.03
555,30.49,29.03
511,30.49,29.03
535,30.49,29.03
501,30.49,29.03
508,30.49,29.03
120,30.49,29.03
791,30.49,29.03
198,30.49,29.03
796,30.49,29.03
140,30.49,29.03
698,30.49,29.03
477,30.49,29.03
203,30.49,29.03
706,30.49,29.03
452,30.49,29.03
298,30.49,29.03
740,30.49,29.03
573,30.49,29.03
698,30.49,29.03
208,30.49,29.03
373,30.49,29.03
744,30.49,29.03
759,30.49,29.03
523,30.49,29.39
273,30.49,29.39
794,30.49,29.39
121,30.49,29.39
746,30.49,29.39
533,30.49,29.39
287,30.49,29.39
860,30.49,29.39
441,30.49,29.39
679,30.49,29.39
154,30.49,29.39
820,30.49,29.39
514,30.49,29.39
604,30.49,29.39
751,30.49,29.39
483,30.49,29.39
884,30.49,29.39
393,30.49,29.39
697,30.49,29.39
202,30.49,29.39
648,30.49,29.39
395,30.49,29.39
691,30.49,29.39
313,30.49,29.39
479,30.49,29.39
614,30.49,29.39
802,30.49,29.39
289,30.49,29.39
591,30.49,29.39
622,30.49,29.39
386,30.49,29.39
578,30.49,29.39
189,30.49,29.39
883,30.49,29.39
195,30.49,29.39
854,30.49,29.39
370,30.47,29.39
567,30.47,29.39
199,30.47,29.39
768,30.47,29.39
517,30.47,29.39
764,30.47,29.39
481,30.47,29.39
338,30.47,29.39
282,30.47,29.39
411,30.47,29.39
609,30.47,29.39
591,30.47,29.39
260,30.47,29.39
507,30.47,29.39
882,30.47,29.39
189,30.47,29.39
741,30.47,29.39
584,30.47,29.39
468,30.47,29.39
303,30.47,29.39
500,30.47,29.39
598,30.47,29.39
390,30.47,29.39
447,30.47,29.11
568,30.47,29.11
689,30.47,29.11
468,30.47,29.11
639,30.47,29.11
477,30.47,29.11
413,30.47,29.11
337,30.47,29.11
664,30.47,29.11
184,30.47,29.11
529,30.47,29.11
313,30.47,29.11
505,30.47,29.11
372,30.47,29.11
122,30.47,29.11
854,30.47,29.11
394,30.47,29.11
419,30.47,29.11
425,30.47,29.11
569,30.47,29.11
288,30.47,29.11
429,30.47,29.11
689,30.47,29.11
120,30.47,29.11
769,30.47,29.11
674,30.47,29.11
609,30.47,29.11
395,30.47,29.11
240,30.47,29.11
536,30.47,29.11
476,30.47,29.11
303,30.47,29.11
587,30.47,29.11
411,30.47,29.11
690,30.47,29.11
535,30.47,29.11
811,30.47,29.11
397,30.47,29.11
186,30.47,29.11
877,30.47,29.11
122,30.47,29.11
791,30.47,29.11
448,30.47,29.11
829,30.47,29.11
525,30.47,29.11
527,30.47,29.11
641,30.47,29.11
386,30.47,29.11
404,30.47,29.11
368,30.47,29.11
883,30.47,29.11
547,30.47,29.11
631,30.47,29.11
860,30.47,29.11
567,30.47,29.11
428,30.47,29.11
563,30.47,29.11
119,30.47,29.11
883,30.47,29.11
118,30.47,29.11
638,30.47,29.09
410,30.47,29.09
465,30.47,29.09
504,30.47,29.09
881,30.47,29.09
577,30.47,29.09
477,30.47,29.09
544,30.47,29.09
364,30.47,29.09
605,30.47,29.09
527,30.47,29.09
716,30.47,29.09
613,30.47,29.09
505,30.47,29.09
540,30.47,29.09
881,30.47,29.09
178,30.47,29.09
269,30.47,29.09
312,30.47,29.09
699,30.47,29.09
482,30.47,29.09
303,30.47,29.09
824,30.47,29.09
133,30.47,29.09
862,30.47,29.09
201,30.47,29.09
640,30.47,29.09
491,30.47,29.09
515,30.47,29.09
719,30.47,29.09
544,30.47,29.09
552,30.47,29.09
392,30.47,29.09
634,30.47,29.09
536,30.47,29.09
552,30.47,29.09
321,30.47,29.09
776,30.47,29.09
171,30.47,29.09
489,30.47,29.09
340,30.47,29.09
410,30.47,29.09
580,30.47,29.09
578,30.47,29.09
401,30.47,29.09
314,30.47,29.09
883,30.47,29.09
311,30.47,29.09
682,30.47,29.09
418,30.47,29.09
499,30.47,29.09
430,30.47,29.09
358,30.47,29.09
704,30.47,29.09
359,30.47,29.09
568,30.47,29.09
453,30.47,29.09
565,30.47,29.09
119,30.47,29.09
152,30.47,29.15
274,30.47,29.15
496,30.47,29.15
435,30.47,29.15
401,30.47,29.15
124,30.47,29.15
680,30.47,29.15
377,30.47,29.15
443,30.47,29.15
478,30.47,29.15
193,30.47,29.15
608,30.47,29.15
272,30.47,29.15
540,30.47,29.15
369,30.47,29.15
571,30.47,29.15
286,30.47,29.15
488,30.47,29.15
719,30.47,29.15
434,30.47,29.15
631,30.47,29.15
437,30.47,29.15
751,30.47,29.15
450,30.47,29.15
498,30.47,29.15
614,30.47,29.15
529,30.47,29.15
310,30.47,29.15
513,30.47,29.15
220,30.47,29.15
849,30.47,29.15
235,30.47,29.15
742,30.47,29.15
323,30.47,29.15
525,30.47,29.15
695,30.47,29.15
314,30.47,29.15
857,30.47,29.15
329,30.47,29.15
557,30.47,29.15
693,30.47,29.15
121,30.47,29.15
662,30.47,29.15
734,30.47,29.15
528,30.47,29.15
415,30.47,29.15
330,30.47,29.15
541,30.47,29.15
297,30.47,29.15
674,30.47,29.15
440,30.47,29.15
465,30.47,29.15
541,30.47,29.15
336,30.47,29.15
884,30.47,29.15
121,30.47,29.15
849,30.47,29.15
605,30.47,29.15
487,30.47,29.15
300,30.47,29.15
502,30.47,29.19
718,30.47,29.19
385,30.47,29.19
330,30.47,29.19
633,30.47,29.19
566,30.47,29.19
332,30.47,29.19
555,30.47,29.19
274,30.47,29.19
509,30.47,29.19
392,30.47,29.19
881,30.47,29.19
387,30.47,29.19
685,30.47,29.19
474,30.47,29.19
416,30.47,29.19
414,30.47,29.19
287,30.47,29.19
601,30.47,29.19
119,30.47,29.19
567,30.47,29.19
119,30.47,29.19
451,30.47,29.19
208,30.47,29.19
477,30.47,29.19
350,30.47,29.19
764,30.47,29.19
159,30.47,29.19
685,30.47,29.19
608,30.47,29.19
445,30.47,29.19
271,30.47,29.19
629,30.47,29.19
598,30.47,29.19
127,30.47,29.19
768,30.47,29.19
184,30.49,29.19
832,30.49,29.19
122,30.49,29.19
883,30.49,29.19
348,30.49,29.19
498,30.49,29.19
657,30.49,29.19
707,30.49,29.19
411,30.49,29.19
725,30.49,29.19
545,30.49,29.19
615,30.49,29.19
482,30.49,29.19
722,30.49,29.19
708,30.49,29.19
420,30.49,29.19
678,30.49,29.19
327,30.49,29.19
847,30.49,29.19
207,30.49,29.19
882,30.49,29.19
480,30.49,29.19
665,30.49,29.19
827,30.49,29.17
602,30.49,29.17
810,30.49,29.17
395,30.49,29.17
782,30.49,29.17
442,30.49,29.17
625,30.49,29.17
428,30.49,29.17
762,30.49,29.17
148,30.49,29.17
665,30.49,29.17
532,30.49,29.17
563,30.49,29.17
135,30.49,29.17
625,30.49,29.17
196,30.49,29.17
541,30.49,29.17
757,30.49,29.17
128,30.49,29.17
883,30.49,29.17
237,30.49,29.17
729,30.49,29.17
457,30.49,29.17
445,30.49,29.17
503,30.49,29.17
318,30.49,29.17
509,30.49,29.17
487,30.49,29.17
458,30.49,29.17
415,30.49,29.17
524,30.49,29.17
438,30.49,29.17
527,30.49,29.17
219,30.49,29.17
625,30.49,29.17
387,30.49,29.17
678,30.49,29.17
409,30.49,29.17
517,30.49,29.17
490,30.49,29.17
647,30.49,29.17
411,30.49,29.17
406,30.49,29.17
504,30.49,29.17
294,30.49,29.17
635,30.49,29.17
302,30.49,29.17
393,30.49,29.17
296,30.49,29.17
549,30.49,29.17
253,30.49,29.17
553,30.49,29.17
212,30.49,29.17
817,30.49,29.17
362,30.49,29.17
532,30.49,29.17
752,30.49,29.17
406,30.49,29.17
459,30.49,29.17
493,30.49,29.17
525,30.49,28.97
118,30.49,28.97
587,30.49,28.97
222,30.49,28.97
846,30.49,28.97
193,30.49,28.97
596,30.49,28.97
712,30.49,28.97
421,30.49,28.97
580,30.49,28.97
372,30.49,28.97
636,30.49,28.97
356,30.49,28.97
458,30.49,28.97
527,30.49,28.97
578,30.49,28.97
161,30.49,28.97
688,30.49,28.97
322,30.49,28.97
698,30.49,28.97
223,30.49,28.97
739,30.49,28.97
334,30.49,28.97
579,30.49,28.97
606,30.49,28.97
148,30.49,28.97
