368,27.75,27.09
645,27.75,27.09
337,27.75,27.09
314,27.75,27.09
130,27.75,27.09
718,27.75,27.09
482,27.75,26.99
731,27.75,26.99
284,27.75,26.99
568,27.75,26.99
749,27.75,26.99
297,27.75,26.99
612,27.75,26.99
241,27.75,26.99
582,27.75,26.99
437,27.75,26.99
456,27.75,26.99
593,27.75,26.99
167,27.75,26.99
363,27.75,26.99
511,27.75,26.99
236,27.75,26.99
637,27.75,26.99
144,27.75,26.99
745,27.75,26.99
502,27.75,26.99
219,27.75,26.99
772,27.75,26.99
536,27.75,26.99
411,27.75,26.99
121,27.75,26.99
873,27.75,26.99
304,27.75,26.99
415,27.75,26.99
307,27.75,26.99
517,27.75,26.99
432,27.75,26.99
122,27.75,26.99
686,27.75,26.99
280,27.75,26.99
699,27.75,26.99
521,27.75,26.99
754,27.75,26.99
261,27.79,26.99
759,27.79,26.99
180,27.79,26.99
807,27.79,26.99
159,27.79,26.99
331,27.79,26.99
274,27.79,26.99
473,27.79,26.99
272,27.79,26.99
172,27.79,26.99
836,27.79,26.99
123,27.79,26.99
880,27.79,26.99
292,27.79,26.99
518,27.79,26.99
366,27.79,26.99
740,27.79,26.99
559,27.79,26.99
459,27.79,26.99
666,27.79,26.99
380,27.79,26.99
133,27.79,26.99
418,27.79,26.99
705,27.79,27.05
372,27.79,27.05
655,27.79,27.05
428,27.79,27.05
490,27.79,27.05
445,27.79,27.05
777,27.79,27.05
619,27.79,27.05
869,27.79,27.05
563,27.79,27.05
441,27.79,27.05
792,27.79,27.05
122,27.79,27.05
858,27.79,27.05
142,27.79,27.05
879,27.79,27.05
208,27.79,27.05
322,27.79,27.05
753,27.79,27.05
315,27.79,27.05
498,27.79,27.05
595,27.79,27.05
368,27.79,27.05
719,27.79,27.05
593,27.79,27.05
545,27.79,27.05
774,27.79,27.05
596,27.79,27.05
395,27.79,27.05
861,27.79,27.05
635,27.79,27.05
150,27.79,27.05
628,27.79,27.05
407,27.79,27.05
363,27.79,27.05
455,27.79,27.05
512,27.79,27.05
865,27.83,27.05
321,27.83,27.05
792,27.83,27.05
511,27.83,27.05
448,27.83,27.05
438,27.83,27.05
612,27.83,27.05
836,27.83,27.05
420,27.83,27.05
613,27.83,27.05
493,27.83,27.05
880,27.83,27.05
347,27.83,27.05
478,27.83,27.05
593,27.83,27.05
653,27.83,27.05
552,27.83,27.05
748,27.83,27.05
336,27.83,27.05
339,27.83,27.05
593,27.83,27.05
589,27.83,27.05
696,27.83,27.05
386,27.83,27.05
789,27.83,27.21
295,27.83,27.21
802,27.83,27.21
294,27.83,27.21
580,27.83,27.21
880,27.83,27.21
501,27.83,27.21
569,27.83,27.21
850,27.83,27.21
260,27.83,27.21
440,27.83,27.21
593,27.83,27.21
182,27.83,27.21
649,27.83,27.21
465,27.83,27.21
635,27.83,27.21
552,27.83,27.21
703,27.83,27.21
224,27.83,27.21
681,27.83,27.21
154,27.83,27.21
275,27.83,27.21
528,27.83,27.21
122,27.83,27.21
559,27.83,27.21
254,27.83,27.21
766,27.83,27.21
422,27.83,27.21
436,27.83,27.21
554,27.83,27.21
496,27.83,27.21
529,27.83,27.21
475,27.83,27.21
680,27.83,27.21
274,27.83,27.21
882,27.83,27.21
540,27.79,27.21
386,27.79,27.21
434,27.79,27.21
576,27.79,27.21
289,27.79,27.21
585,27.79,27.21
120,27.79,27.21
552,27.79,27.21
460,27.79,27.21
502,27.79,27.21
414,27.79,27.21
276,27.79,27.21
709,27.79,27.21
168,27.79,27.21
882,27.79,27.21
234,27.79,27.21
637,27.79,27.21
572,27.79,27.21
655,27.79,27.21
541,27.79,27.21
336,27.79,27.21
696,27.79,27.21
390,27.79,27.21
582,27.79,27.21
378,27.79,26.99
318,27.79,26.99
551,27.79,26.99
390,27.79,26.99
260,27.79,26.99
599,27.79,26.99
367,27.79,26.99
857,27.79,26.99
322,27.79,26.99
753,27.79,26.99
561,27.79,26.99
458,27.79,26.99
558,27.79,26.99
232,27.79,26.99
536,27.79,26.99
522,27.79,26.99
810,27.79,26.99
426,27.79,26.99
560,27.79,26.99
432,27.79,26.99
790,27.79,26.99
341,27.79,26.99
768,27.79,26.99
539,27.79,26.99
805,27.79,26.99
519,27.79,26.99
123,27.79,26.99
748,27.79,26.99
538,27.79,26.99
569,27.79,26.99
123,27.79,26.99
688,27.79,26.99
121,27.79,26.99
643,27.79,26.99
313,27.79,26.99
508,27.79,26.99
575,27.81,26.99
592,27.81,26.99
639,27.81,26.99
521,27.81,26.99
659,27.81,26.99
363,27.81,26.99
879,27.81,26.99
580,27.81,26.99
534,27.81,26.99
576,27.81,26.99
752,27.81,26.99
449,27.81,26.99
258,27.81,26.99
308,27.81,26.99
698,27.81,26.99
232,27.81,26.99
432,27.81,26.99
505,27.81,26.99
272,27.81,26.99
877,27.81,26.99
293,27.81,26.99
646,27.81,26.99
490,27.81,26.99
548,27.81,26.99
771,27.81,27.09
444,27.81,27.09
520,27.81,27.09
633,27.81,27.09
751,27.81,27.09
124,27.81,27.09
548,27.81,27.09
656,27.81,27.09
464,27.81,27.09
498,27.81,27.09
239,27.81,27.09
577,27.81,27.09
355,27.81,27.09
379,27.81,27.09
804,27.81,27.09
330,27.81,27.09
806,27.81,27.09
790,27.81,27.09
280,27.81,27.09
644,27.81,27.09
131,27.81,27.09
726,27.81,27.09
382,27.81,27.09
539,27.81,27.09
362,27.81,27.09
750,27.81,27.09
560,27.81,27.09
120,27.81,27.09
777,27.81,27.09
168,27.81,27.09
612,27.81,27.09
493,27.81,27.09
558,27.81,27.09
345,27.81,27.09
659,27.81,27.09
592,27.81,27.09
443,27.81,27.09
335,27.81,27.09
417,27.81,27.09
268,27.81,27.09
415,27.81,27.09
479,27.81,27.09
233,27.81,27.09
881,27.81,27.09
120,27.81,27.09
625,27.81,27.09
285,27.81,27.09
646,27.81,27.09
198,27.81,27.09
505,27.81,27.09
606,27.81,27.09
121,27.81,27.09
881,27.81,27.09
243,27.81,27.09
809,27.81,27.09
126,27.81,27.09
596,27.81,27.09
439,27.81,27.09
628,27.81,27.09
604,27.81,27.09
455,27.81,26.97
583,27.81,26.97
513,27.81,26.97
444,27.81,26.97
563,27.81,26.97
669,27.81,26.97
213,27.81,26.97
880,27.81,26.97
164,27.81,26.97
613,27.81,26.97
203,27.81,26.97
713,27.81,26.97
131,27.81,26.97
465,27.81,26.97
578,27.81,26.97
358,27.81,26.97
733,27.81,26.97
519,27.81,26.97
555,27.81,26.97
125,27.81,26.97
644,27.81,26.97
528,27.81,26.97
683,27.81,26.97
376,27.81,26.97
827,27.81,26.97
194,27.81,26.97
644,27.81,26.97
518,27.81,26.97
591,27.81,26.97
543,27.81,26.97
248,27.81,26.97
435,27.81,26.97
240,27.81,26.97
649,27.81,26.97
358,27.81,26.97
881,27.81,26.97
169,27.81,26.97
672,27.81,26.97
451,27.81,26.97
788,27.81,26.97
480,27.81,26.97
544,27.81,26.97
698,27.81,26.97
289,27.81,26.97
686,27.81,26.97
714,27.81,26.97
736,27.81,26.97
307,27.81,26.97
880,27.81,26.97
120,27.81,26.97
881,27.81,26.97
207,27.81,26.97
689,27.81,26.97
881,27.81,26.97
425,27.81,26.97
453,27.81,26.97
462,27.81,26.97
881,27.81,26.97
122,27.81,26.97
881,27.81,26.97
230,27.81,26.83
559,27.81,26.83
569,27.81,26.83
726,27.81,26.83
461,27.81,26.83
564,27.81,26.83
287,27.81,26.83
573,27.81,26.83
144,27.81,26.83
725,27.81,26.83
405,27.81,26.83
227,27.81,26.83
598,27.81,26.83
121,27.81,26.83
881,27.81,26.83
131,27.81,26.83
821,27.81,26.83
290,27.81,26.83
555,27.81,26.83
121,27.81,26.83
437,27.81,26.83
612,27.81,26.83
163,27.81,26.83
610,27.81,26.83
587,27.81,26.83
482,27.81,26.83
463,27.81,26.83
482,27.81,26.83
470,27.81,26.83
578,27.81,26.83
246,27.81,26.83
632,27.81,26.83
476,27.81,26.83
366,27.81,26.83
144,27.81,26.83
381,27.81,26.83
348,27.73,26.83
399,27.73,26.83
772,27.73,26.83
120,27.73,26.83
379,27.73,26.83
276,27.73,26.83
627,27.73,26.83
294,27.73,26.83
581,27.73,26.83
441,27.73,26.83
568,27.73,26.83
583,27.73,26.83
391,27.73,26.83
781,27.73,26.83
462,27.73,26.83
586,27.73,26.83
