722,28.99,27.79
255,28.99,27.79
430,28.99,27.79
124,28.99,27.79
881,28.99,27.79
557,28.99,27.79
660,28.99,27.79
482,28.99,27.79
550,28.99,27.79
838,28.99,27.79
220,28.99,27.79
518,28.99,27.79
523,28.99,27.79
883,28.99,27.73
134,28.99,27.73
605,28.99,27.73
429,28.99,27.73
606,28.99,27.73
412,28.99,27.73
393,28.99,27.73
404,28.99,27.73
741,28.99,27.73
568,28.99,27.73
508,28.99,27.73
769,28.99,27.73
120,28.99,27.73
882,28.99,27.73
365,28.99,27.73
489,28.99,27.73
120,28.99,27.73
879,28.99,27.73
356,28.99,27.73
470,28.99,27.73
473,28.99,27.73
296,28.99,27.73
530,28.99,27.73
315,28.99,27.73
540,28.99,27.73
264,28.99,27.73
228,28.99,27.73
487,28.99,27.73
576,28.99,27.73
441,28.99,27.73
628,28.99,27.73
367,28.99,27.73
709,28.99,27.73
120,28.99,27.73
339,28.99,27.73
382,28.99,27.73
125,29.01,27.73
635,29.01,27.73
121,29.01,27.73
723,29.01,27.73
121,29.01,27.73
672,29.01,27.73
194,29.01,27.73
459,29.01,27.73
749,29.01,27.73
400,29.01,27.73
657,29.01,27.73
230,29.01,27.73
695,29.01,27.73
689,29.01,27.73
177,29.01,27.73
393,29.01,27.73
521,29.01,27.73
256,29.01,27.73
229,29.01,27.73
329,29.01,27.73
774,29.01,27.73
231,29.01,27.73
741,29.01,27.73
746,29.01,27.75
408,29.01,27.75
598,29.01,27.75
413,29.01,27.75
835,29.01,27.75
124,29.01,27.75
754,29.01,27.75
393,29.01,27.75
773,29.01,27.75
490,29.01,27.75
640,29.01,27.75
677,29.01,27.75
186,29.01,27.75
458,29.01,27.75
524,29.01,27.75
546,29.01,27.75
716,29.01,27.75
617,29.01,27.75
513,29.01,27.75
799,29.01,27.75
380,29.01,27.75
882,29.01,27.75
321,29.01,27.75
658,29.01,27.75
559,29.01,27.75
644,29.01,27.75
377,29.01,27.75
484,29.01,27.75
555,29.01,27.75
219,29.01,27.75
882,29.01,27.75
157,29.01,27.75
500,29.01,27.75
292,29.01,27.75
614,29.01,27.75
583,29.01,27.75
678,29.03,27.75
122,29.03,27.75
881,29.03,27.75
379,29.03,27.75
611,29.03,27.75
806,29.03,27.75
377,29.03,27.75
601,29.03,27.75
203,29.03,27.75
883,29.03,27.75
140,29.03,27.75
765,29.03,27.75
298,29.03,27.75
724,29.03,27.75
355,29.03,27.75
386,29.03,27.75
714,29.03,27.75
369,29.03,27.75
662,29.03,27.75
299,29.03,27.75
882,29.03,27.75
348,29.03,27.75
490,29.03,27.75
605,29.03,27.75
711,29.03,27.73
180,29.03,27.73
520,29.03,27.73
294,29.03,27.73
510,29.03,27.73
120,29.03,27.73
424,29.03,27.73
751,29.03,27.73
492,29.03,27.73
582,29.03,27.73
218,29.03,27.73
761,29.03,27.73
120,29.03,27.73
852,29.03,27.73
352,29.03,27.73
414,29.03,27.73
590,29.03,27.73
579,29.03,27.73
537,29.03,27.73
120,29.03,27.73
379,29.03,27.73
442,29.03,27.73
389,29.03,27.73
560,29.03,27.73
381,29.03,27.73
202,29.03,27.73
665,29.03,27.73
322,29.03,27.73
882,29.03,27.73
358,29.03,27.73
486,29.03,27.73
844,29.03,27.73
509,29.03,27.73
127,29.03,27.73
387,29.03,27.73
621,29.03,27.73
120,28.99,27.73
692,28.99,27.73
402,28.99,27.73
657,28.99,27.73
440,28.99,27.73
512,28.99,27.73
604,28.99,27.73
444,28.99,27.73
310,28.99,27.73
839,28.99,27.73
526,28.99,27.73
325,28.99,27.73
665,28.99,27.73
344,28.99,27.73
817,28.99,27.73
292,28.99,27.73
736,28.99,27.73
132,28.99,27.73
633,28.99,27.73
431,28.99,27.73
833,28.99,27.73
506,28.99,27.73
451,28.99,27.73
769,28.99,27.73
187,28.99,27.73
732,28.99,27.73
442,28.99,27.73
614,28.99,27.73
583,28.99,27.73
539,28.99,27.73
547,28.99,27.73
637,28.99,27.73
428,28.99,27.73
615,28.99,27.73
453,28.99,27.73
565,28.99,27.73
637,28.99,27.73
402,28.99,27.73
752,28.99,27.73
360,28.99,27.73
882,28.99,27.73
252,28.99,27.73
797,28.99,27.73
279,28.99,27.73
590,28.99,27.73
165,28.99,27.73
396,28.99,27.73
804,28.99,27.73
427,28.99,27.73
752,28.99,27.73
233,28.99,27.73
450,28.99,27.73
512,28.99,27.73
521,28.99,27.73
417,28.99,27.73
697,28.99,27.73
119,28.99,27.73
779,28.99,27.73
168,28.99,27.73
666,28.99,27.73
478,28.97,27.73
325,28.97,27.73
691,28.97,27.73
120,28.97,27.73
464,28.97,27.73
184,28.97,27.73
837,28.97,27.73
119,28.97,27.73
732,28.97,27.73
264,28.97,27.73
310,28.97,27.73
604,28.97,27.73
526,28.97,27.73
394,28.97,27.73
466,28.97,27.73
358,28.97,27.73
637,28.97,27.73
497,28.97,27.73
626,28.97,27.73
864,28.97,27.73
214,28.97,27.73
840,28.97,27.73
126,28.97,27.73
734,28.97,27.69
122,28.97,27.69
707,28.97,27.69
119,28.97,27.69
742,28.97,27.69
760,28.97,27.69
499,28.97,27.69
769,28.97,27.69
247,28.97,27.69
752,28.97,27.69
452,28.97,27.69
514,28.97,27.69
537,28.97,27.69
834,28.97,27.69
332,28.97,27.69
418,28.97,27.69
262,28.97,27.69
881,28.97,27.69
242,28.97,27.69
658,28.97,27.69
766,28.97,27.69
354,28.97,27.69
687,28.97,27.69
453,28.97,27.69
882,28.97,27.69
123,28.97,27.69
824,28.97,27.69
383,28.97,27.69
881,28.97,27.69
247,28.97,27.69
536,28.97,27.69
537,28.97,27.69
546,28.97,27.69
678,28.97,27.69
658,28.97,27.69
438,28.97,27.69
683,28.99,27.69
426,28.99,27.69
665,28.99,27.69
682,28.99,27.69
251,28.99,27.69
882,28.99,27.69
342,28.99,27.69
798,28.99,27.69
785,28.99,27.69
595,28.99,27.69
689,28.99,27.69
519,28.99,27.69
831,28.99,27.69
124,28.99,27.69
546,28.99,27.69
290,28.99,27.69
766,28.99,27.69
330,28.99,27.69
515,28.99,27.69
743,28.99,27.69
620,28.99,27.69
318,28.99,27.69
645,28.99,27.69
394,28.99,27.69
415,28.99,27.87
394,28.99,27.87
578,28.99,27.87
690,28.99,27.87
123,28.99,27.87
882,28.99,27.87
402,28.99,27.87
669,28.99,27.87
560,28.99,27.87
682,28.99,27.87
460,28.99,27.87
297,28.99,27.87
673,28.99,27.87
434,28.99,27.87
550,28.99,27.87
394,28.99,27.87
850,28.99,27.87
475,28.99,27.87
480,28.99,27.87
543,28.99,27.87
801,28.99,27.87
533,28.99,27.87
430,28.99,27.87
335,28.99,27.87
620,28.99,27.87
175,28.99,27.87
777,28.99,27.87
661,28.99,27.87
121,28.99,27.87
452,28.99,27.87
250,28.99,27.87
584,28.99,27.87
159,28.99,27.87
760,28.99,27.87
368,28.99,27.87
556,28.99,27.87
623,28.99,27.87
305,28.99,27.87
850,28.99,27.87
296,28.99,27.87
547,28.99,27.87
126,28.99,27.87
390,28.99,27.87
317,28.99,27.87
460,28.99,27.87
202,28.99,27.87
489,28.99,27.87
420,28.99,27.87
495,28.99,27.87
387,28.99,27.87
689,28.99,27.87
882,28.99,27.87
348,28.99,27.87
883,28.99,27.87
226,28.99,27.87
882,28.99,27.87
277,28.99,27.87
783,28.99,27.87
370,28.99,27.87
720,28.99,27.87
495,28.99,27.61
483,28.99,27.61
602,28.99,27.61
346,28.99,27.61
476,28.99,27.61
684,28.99,27.61
571,28.99,27.61
381,28.99,27.61
880,28.99,27.61
492,28.99,27.61
720,28.99,27.61
120,28.99,27.61
882,28.99,27.61
348,28.99,27.61
690,28.99,27.61
695,28.99,27.61
632,28.99,27.61
122,28.99,27.61
386,28.99,27.61
746,28.99,27.61
554,28.99,27.61
622,28.99,27.61
375,28.99,27.61
727,28.99,27.61
295,28.99,27.61
711,28.99,27.61
481,28.99,27.61
660,28.99,27.61
186,28.99,27.61
876,28.99,27.61
124,28.99,27.61
577,28.99,27.61
499,28.99,27.61
370,28.99,27.61
750,28.99,27.61
157,28.99,27.61
882,28.99,27.61
425,28.99,27.61
606,28.99,27.61
157,28.99,27.61
883,28.99,27.61
257,28.99,27.61
578,28.99,27.61
678,28.99,27.61
287,28.99,27.61
422,28.99,27.61
301,28.99,27.61
