746,31.09,29.89
439,31.09,29.89
615,31.09,29.89
181,31.09,29.89
261,31.09,29.89
698,31.09,29.89
882,31.09,29.89
884,31.09,29.89
622,31.09,29.89
325,31.09,29.89
700,31.09,29.89
449,31.09,29.89
840,31.09,29.89
507,31.09,29.89
840,31.09,29.89
199,31.09,29.89
847,31.09,29.89
482,31.09,29.89
294,31.09,29.89
681,31.09,29.89
441,31.09,29.89
694,31.09,29.89
327,31.09,29.89
464,31.09,29.89
556,31.09,29.89
530,31.09,29.71
410,31.09,29.71
579,31.09,29.71
461,31.09,29.71
734,31.09,29.71
263,31.09,29.71
818,31.09,29.71
279,31.09,29.71
318,31.09,29.71
645,31.09,29.71
398,31.09,29.71
848,31.09,29.71
122,31.09,29.71
831,31.09,29.71
214,31.09,29.71
717,31.09,29.71
446,31.09,29.71
592,31.09,29.71
544,31.09,29.71
186,31.09,29.71
885,31.09,29.71
346,31.09,29.71
679,31.09,29.71
694,31.09,29.71
571,31.09,29.71
379,31.09,29.71
695,31.09,29.71
344,31.09,29.71
582,31.09,29.71
194,31.09,29.71
579,31.09,29.71
293,31.09,29.71
476,31.09,29.71
608,31.09,29.71
299,31.09,29.71
566,31.09,29.71
162,31.09,29.71
882,31.09,29.71
545,31.09,29.71
479,31.09,29.71
123,31.09,29.71
240,31.09,29.71
550,31.09,29.71
276,31.09,29.71
640,31.09,29.71
425,31.09,29.71
492,31.09,29.71
573,31.09,29.71
528,31.09,29.71
280,31.09,29.71
410,31.09,29.71
124,31.09,29.71
612,31.09,29.71
123,31.09,29.71
438,31.09,29.71
378,31.09,29.71
274,31.09,29.71
611,31.09,29.71
481,31.09,29.71
574,31.09,29.83
211,31.09,29.83
568,31.09,29.83
235,31.09,29.83
719,31.09,29.83
151,31.09,29.83
432,31.09,29.83
876,31.09,29.83
632,31.09,29.83
640,31.09,29.83
349,31.09,29.83
435,31.09,29.83
582,31.09,29.83
395,31.09,29.83
478,31.09,29.83
614,31.09,29.83
133,31.09,29.83
727,31.09,29.83
330,31.09,29.83
540,31.09,29.83
218,31.09,29.83
350,31.09,29.83
363,31.09,29.83
612,31.09,29.83
485,31.09,29.83
393,31.09,29.83
883,31.09,29.83
118,31.09,29.83
743,31.09,29.83
635,31.09,29.83
338,31.09,29.83
732,31.09,29.83
307,31.09,29.83
645,31.09,29.83
295,31.09,29.83
347,31.09,29.83
243,31.09,29.83
437,31.09,29.83
547,31.09,29.83
713,31.09,29.83
489,31.09,29.83
655,31.09,29.83
279,31.09,29.83
694,31.09,29.83
286,31.09,29.83
353,31.09,29.83
394,31.09,29.83
668,31.09,29.83
443,31.09,29.83
370,31.09,29.83
764,31.09,29.83
188,31.09,29.83
700,31.09,29.83
164,31.09,29.83
596,31.09,29.83
373,31.09,29.83
383,31.09,29.83
767,31.09,29.83
400,31.09,29.83
853,31.09,29.83
553,31.09,29.89
670,31.09,29.89
367,31.09,29.89
426,31.09,29.89
352,31.09,29.89
884,31.09,29.89
334,31.09,29.89
367,31.09,29.89
320,31.09,29.89
665,31.09,29.89
359,31.09,29.89
590,31.09,29.89
641,31.09,29.89
190,31.09,29.89
884,31.09,29.89
186,31.09,29.89
663,31.09,29.89
454,31.09,29.89
497,31.09,29.89
670,31.09,29.89
442,31.09,29.89
610,31.09,29.89
358,31.09,29.89
885,31.09,29.89
343,31.09,29.89
508,31.09,29.89
688,31.09,29.89
441,31.09,29.89
527,31.09,29.89
521,31.09,29.89
566,31.09,29.89
397,31.09,29.89
674,31.09,29.89
454,31.09,29.89
427,31.09,29.89
424,31.09,29.89
822,31.09,29.89
363,31.11,29.89
381,31.11,29.89
313,31.11,29.89
876,31.11,29.89
126,31.11,29.89
789,31.11,29.89
505,31.11,29.89
311,31.11,29.89
760,31.11,29.89
134,31.11,29.89
779,31.11,29.89
454,31.11,29.89
516,31.11,29.89
520,31.11,29.89
583,31.11,29.89
177,31.11,29.89
593,31.11,29.89
416,31.11,29.89
516,31.11,29.89
516,31.11,29.89
794,31.11,29.89
123,31.11,29.89
757,31.11,29.89
348,31.11,29.83
478,31.11,29.83
527,31.11,29.83
119,31.11,29.83
797,31.11,29.83
295,31.11,29.83
421,31.11,29.83
602,31.11,29.83
687,31.11,29.83
381,31.11,29.83
615,31.11,29.83
443,31.11,29.83
741,31.11,29.83
637,31.11,29.83
491,31.11,29.83
359,31.11,29.83
524,31.11,29.83
469,31.11,29.83
668,31.11,29.83
441,31.11,29.83
338,31.11,29.83
884,31.11,29.83
257,31.11,29.83
759,31.11,29.83
515,31.11,29.83
739,31.11,29.83
562,31.11,29.83
382,31.11,29.83
593,31.11,29.83
361,31.11,29.83
277,31.11,29.83
552,31.11,29.83
485,31.11,29.83
507,31.11,29.83
507,31.11,29.83
576,31.11,29.83
662,31.11,29.83
467,31.11,29.83
670,31.11,29.83
422,31.11,29.83
787,31.11,29.83
333,31.11,29.83
649,31.11,29.83
625,31.11,29.83
225,31.11,29.83
743,31.11,29.83
466,31.11,29.83
638,31.11,29.83
585,31.11,29.83
262,31.11,29.83
390,31.11,29.83
315,31.11,29.83
738,31.11,29.83
571,31.11,29.83
423,31.11,29.83
790,31.11,29.83
569,31.11,29.83
784,31.11,29.83
440,31.11,29.83
600,31.11,29.83
710,31.11,29.85
264,31.11,29.85
564,31.11,29.85
505,31.11,29.85
467,31.11,29.85
121,31.11,29.85
884,31.11,29.85
282,31.11,29.85
366,31.11,29.85
346,31.11,29.85
178,31.11,29.85
735,31.11,29.85
428,31.11,29.85
586,31.11,29.85
496,31.11,29.85
428,31.11,29.85
632,31.11,29.85
735,31.11,29.85
205,31.11,29.85
385,31.11,29.85
280,31.11,29.85
425,31.11,29.85
119,31.11,29.85
717,31.11,29.85
557,31.11,29.85
469,31.11,29.85
527,31.11,29.85
124,31.11,29.85
825,31.11,29.85
295,31.11,29.85
687,31.11,29.85
212,31.11,29.85
437,31.11,29.85
638,31.11,29.85
391,31.11,29.85
840,31.11,29.85
331,31.09,29.85
406,31.09,29.85
615,31.09,29.85
518,31.09,29.85
574,31.09,29.85
558,31.09,29.85
330,31.09,29.85
535,31.09,29.85
350,31.09,29.85
505,31.09,29.85
232,31.09,29.85
709,31.09,29.85
405,31.09,29.85
706,31.09,29.85
403,31.09,29.85
283,31.09,29.85
819,31.09,29.85
277,31.09,29.85
650,31.09,29.85
202,31.09,29.85
367,31.09,29.85
418,31.09,29.85
356,31.09,29.85
564,31.09,29.85
340,31.09,29.85
219,31.09,29.85
615,31.09,29.85
486,31.09,29.85
376,31.09,29.85
665,31.09,29.85
535,31.09,29.85
577,31.09,29.85
696,31.09,29.85
399,31.09,29.85
371,31.09,29.85
773,31.09,29.85
280,31.09,29.85
289,31.09,29.85
295,31.09,29.85
254,31.09,29.85
578,31.09,29.85
321,31.09,29.85
632,31.09,29.85
558,31.09,29.85
569,31.09,29.85
591,31.09,29.85
120,31.09,29.85
883,31.09,29.85
626,31.09,29.85
504,31.09,29.85
689,31.09,29.85
540,31.09,29.85
376,31.09,29.85
418,31.09,29.85
694,31.09,29.85
537,31.09,29.85
557,31.09,29.85
478,31.09,29.85
595,31.09,29.85
815,31.09,29.85
489,31.09,29.85
710,31.09,29.85
603,31.09,29.85
398,31.09,29.85
781,31.09,29.85
582,31.09,29.85
673,31.09,29.85
290,31.09,29.85
636,31.09,29.85
703,31.09,29.85
414,31.09,29.85
553,31.09,29.85
585,31.09,29.85
594,31.09,29.85
253,31.09,29.85
644,31.09,29.85
271,31.09,29.85
769,31.09,29.85
665,31.09,29.85
606,31.09,29.85
727,31.09,29.85
563,31.09,29.85
522,31.09,29.85
686,31.09,29.49
532,31.09,29.49
524,31.09,29.49
651,31.09,29.49
595,31.09,29.49
393,31.09,29.49
212,31.09,29.49
884,31.09,29.49
191,31.09,29.49
609,31.09,29.49
554,31.09,29.49
265,31.09,29.49
712,31.09,29.49
464,31.09,29.49
693,31.09,29.49
377,31.09,29.49
830,31.09,29.49
301,31.09,29.49
862,31.09,29.49
344,31.09,29.49
339,31.09,29.49
652,31.09,29.49
468,31.09,29.49
379,31.09,29.49
482,31.09,29.49
448,31.09,29.49
776,31.09,29.49
585,31.09,29.49
746,31.09,29.49
874,31.09,29.49
118,31.09,29.49
880,31.09,29.49
422,31.09,29.49
713,31.09,29.49
524,31.09,29.49
659,31.09,29.49
550,31.09,29.49
