637,30.97,29.65
418,30.97,29.65
624,30.97,29.65
118,30.97,29.69
226,30.97,29.69
410,30.97,29.69
659,30.97,29.69
498,30.97,29.69
591,30.97,29.69
433,30.97,29.69
671,30.97,29.69
436,30.97,29.69
602,30.97,29.69
445,30.97,29.69
623,30.97,29.69
336,30.97,29.69
706,30.97,29.69
360,30.97,29.69
429,30.97,29.69
730,30.97,29.69
437,30.97,29.69
518,30.97,29.69
481,30.97,29.69
327,30.97,29.69
477,30.97,29.69
531,30.97,29.69
470,30.97,29.69
645,30.97,29.69
348,30.97,29.69
855,30.97,29.69
394,30.97,29.69
661,30.97,29.69
420,30.97,29.69
658,30.97,29.69
350,30.97,29.69
536,30.97,29.69
884,30.97,29.69
393,30.97,29.69
649,30.97,29.69
507,30.99,29.69
559,30.99,29.69
580,30.99,29.69
600,30.99,29.69
616,30.99,29.69
689,30.99,29.69
259,30.99,29.69
729,30.99,29.69
254,30.99,29.69
767,30.99,29.69
389,30.99,29.69
762,30.99,29.69
286,30.99,29.69
346,30.99,29.69
647,30.99,29.69
138,30.99,29.69
630,30.99,29.69
468,30.99,29.69
507,30.99,29.69
395,30.99,29.69
634,30.99,29.69
220,30.99,29.69
470,30.99,29.69
279,30.99,29.63
619,30.99,29.63
598,30.99,29.63
705,30.99,29.63
178,30.99,29.63
884,30.99,29.63
453,30.99,29.63
376,30.99,29.63
728,30.99,29.63
308,30.99,29.63
823,30.99,29.63
167,30.99,29.63
649,30.99,29.63
123,30.99,29.63
456,30.99,29.63
831,30.99,29.63
574,30.99,29.63
557,30.99,29.63
443,30.99,29.63
667,30.99,29.63
118,30.99,29.63
375,30.99,29.63
655,30.99,29.63
802,30.99,29.63
351,30.99,29.63
449,30.99,29.63
540,30.99,29.63
607,30.99,29.63
206,30.99,29.63
653,30.99,29.63
462,30.99,29.63
362,30.99,29.63
119,30.99,29.63
568,30.99,29.63
865,30.99,29.63
123,30.99,29.63
861,30.99,29.63
565,30.99,29.63
525,30.99,29.63
560,30.99,29.63
517,30.99,29.63
848,30.99,29.63
120,30.99,29.63
717,30.99,29.63
321,30.99,29.63
552,30.99,29.63
452,30.99,29.63
629,30.99,29.63
462,30.99,29.63
278,30.99,29.63
458,30.99,29.63
689,30.99,29.63
382,30.99,29.63
820,30.99,29.63
587,30.99,29.63
884,30.99,29.63
500,30.99,29.63
516,30.99,29.63
884,30.99,29.63
243,30.99,29.63
632,30.99,29.69
792,30.99,29.69
424,30.99,29.69
574,30.99,29.69
691,30.99,29.69
590,30.99,29.69
489,30.99,29.69
623,30.99,29.69
722,30.99,29.69
559,30.99,29.69
647,30.99,29.69
617,30.99,29.69
800,30.99,29.69
584,30.99,29.69
407,30.99,29.69
880,30.99,29.69
328,30.99,29.69
673,30.99,29.69
117,30.99,29.69
731,30.99,29.69
604,30.99,29.69
302,30.99,29.69
584,30.99,29.69
445,30.99,29.69
728,30.99,29.69
724,30.99,29.69
691,30.99,29.69
119,30.99,29.69
555,30.99,29.69
593,30.99,29.69
594,30.99,29.69
430,30.99,29.69
513,30.99,29.69
508,30.99,29.69
576,30.99,29.69
286,30.99,29.69
545,30.99,29.69
482,30.99,29.69
205,30.99,29.69
697,30.99,29.69
119,30.99,29.69
708,30.99,29.69
137,30.99,29.69
725,30.99,29.69
481,30.99,29.69
248,30.99,29.69
798,30.99,29.69
414,30.99,29.69
694,30.99,29.69
137,30.99,29.69
583,30.99,29.69
349,30.99,29.69
722,30.99,29.69
417,30.99,29.69
527,30.99,29.69
506,30.99,29.69
490,30.99,29.69
652,30.99,29.69
476,30.99,29.69
221,30.99,29.69
807,30.99,29.63
423,30.99,29.63
348,30.99,29.63
524,30.99,29.63
182,30.99,29.63
884,30.99,29.63
180,30.99,29.63
626,30.99,29.63
586,30.99,29.63
407,30.99,29.63
131,30.99,29.63
609,30.99,29.63
538,30.99,29.63
118,30.99,29.63
484,30.99,29.63
434,30.99,29.63
414,30.99,29.63
659,30.99,29.63
559,30.99,29.63
521,30.99,29.63
685,30.99,29.63
251,30.99,29.63
878,30.99,29.63
391,30.99,29.63
674,30.99,29.63
330,30.99,29.63
708,30.99,29.63
328,30.99,29.63
541,30.99,29.63
784,30.99,29.63
120,30.99,29.63
552,30.99,29.63
618,30.99,29.63
793,30.99,29.63
167,30.99,29.63
672,30.99,29.63
530,30.99,29.63
498,30.99,29.63
547,30.99,29.63
412,30.99,29.63
384,30.99,29.63
606,30.99,29.63
434,30.99,29.63
530,30.99,29.63
433,30.99,29.63
282,30.99,29.63
742,30.99,29.63
280,30.99,29.63
823,30.99,29.63
419,30.99,29.63
780,30.99,29.63
314,30.99,29.63
382,30.99,29.63
759,30.99,29.63
540,30.99,29.63
568,30.99,29.63
313,30.99,29.63
660,30.99,29.63
244,30.99,29.63
384,30.99,29.63
457,30.99,29.63
689,30.99,29.63
220,30.99,29.63
832,30.99,29.63
291,30.99,29.63
809,30.99,29.63
225,30.99,29.63
707,30.99,29.63
381,30.99,29.63
255,30.99,29.63
685,30.99,29.63
429,30.99,29.63
513,30.99,29.63
380,30.99,29.63
669,30.99,29.63
511,30.99,29.63
345,30.99,29.63
528,30.99,29.63
427,30.99,29.63
434,30.99,29.63
310,30.99,29.63
598,30.99,29.63
522,30.99,29.63
212,30.99,29.63
544,30.99,29.63
394,30.99,29.63
389,30.99,29.63
609,30.99,29.63
272,30.99,29.63
751,30.99,29.63
205,30.99,29.63
706,30.99,29.63
539,30.99,29.63
320,30.99,29.63
446,30.99,29.63
439,30.97,29.63
616,30.97,29.63
119,30.97,29.63
575,30.97,29.63
442,30.97,29.63
376,30.97,29.63
408,30.97,29.63
460,30.97,29.63
429,30.97,29.63
654,30.97,29.63
652,30.97,29.63
526,30.97,29.63
238,30.97,29.63
448,30.97,29.63
733,30.97,29.63
496,30.97,29.63
295,30.97,29.63
322,30.97,29.63
850,30.97,29.63
118,30.97,29.63
881,30.97,29.63
492,30.97,29.63
411,30.97,29.63
660,30.97,29.63
585,30.97,29.59
656,30.97,29.59
415,30.97,29.59
818,30.97,29.59
376,30.97,29.59
884,30.97,29.59
311,30.97,29.59
672,30.97,29.59
657,30.97,29.59
314,30.97,29.59
610,30.97,29.59
777,30.97,29.59
471,30.97,29.59
743,30.97,29.59
563,30.97,29.59
629,30.97,29.59
519,30.97,29.59
186,30.97,29.59
884,30.97,29.59
349,30.97,29.59
638,30.97,29.59
405,30.97,29.59
598,30.97,29.59
348,30.97,29.59
569,30.97,29.59
668,30.97,29.59
348,30.97,29.59
736,30.97,29.59
442,30.97,29.59
659,30.97,29.59
378,30.97,29.59
543,30.97,29.59
516,30.97,29.59
771,30.97,29.59
429,30.97,29.59
611,30.97,29.59
506,30.99,29.59
642,30.99,29.59
344,30.99,29.59
782,30.99,29.59
511,30.99,29.59
294,30.99,29.59
525,30.99,29.59
158,30.99,29.59
711,30.99,29.59
352,30.99,29.59
544,30.99,29.59
508,30.99,29.59
505,30.99,29.59
641,30.99,29.59
183,30.99,29.59
538,30.99,29.59
611,30.99,29.59
884,30.99,29.59
439,30.99,29.59
510,30.99,29.59
631,30.99,29.59
475,30.99,29.59
549,30.99,29.59
123,30.99,29.59
198,30.99,29.69
615,30.99,29.69
745,30.99,29.69
520,30.99,29.69
739,30.99,29.69
323,30.99,29.69
576,30.99,29.69
365,30.99,29.69
673,30.99,29.69
205,30.99,29.69
704,30.99,29.69
522,30.99,29.69
561,30.99,29.69
419,30.99,29.69
475,30.99,29.69
411,30.99,29.69
121,30.99,29.69
704,30.99,29.69
165,30.99,29.69
278,30.99,29.69
338,30.99,29.69
854,30.99,29.69
248,30.99,29.69
385,30.99,29.69
121,30.99,29.69
735,30.99,29.69
295,30.99,29.69
699,30.99,29.69
619,30.99,29.69
717,30.99,29.69
562,30.99,29.69
294,30.99,29.69
884,30.99,29.69
118,30.99,29.69
688,30.99,29.69
257,30.99,29.69
798,30.99,29.69
119,30.99,29.69
558,30.99,29.69
662,30.99,29.69
353,30.99,29.69
496,30.99,29.69
644,30.99,29.69
424,30.99,29.69
560,30.99,29.69
667,30.99,29.69
641,30.99,29.69
502,30.99,29.69
120,30.99,29.69
883,30.99,29.69
400,30.99,29.69
788,30.99,29.69
560,30.99,29.69
406,30.99,29.69
645,30.99,29.69
390,30.99,29.69
723,30.99,29.69
424,30.99,29.69
