570,30.93,29.59
404,30.93,29.59
121,30.93,29.59
346,30.93,29.59
552,30.93,29.59
883,30.93,29.59
402,30.93,29.59
633,30.93,29.59
436,30.93,29.59
778,30.93,29.59
404,30.93,29.59
316,30.93,29.59
382,30.93,29.59
805,30.93,29.59
180,30.95,29.59
562,30.95,29.59
347,30.95,29.59
296,30.95,29.59
489,30.95,29.59
358,30.95,29.59
485,30.95,29.59
425,30.95,29.59
540,30.95,29.59
351,30.95,29.59
624,30.95,29.59
160,30.95,29.59
714,30.95,29.59
153,30.95,29.59
764,30.95,29.59
502,30.95,29.59
388,30.95,29.59
565,30.95,29.59
512,30.95,29.59
502,30.95,29.59
118,30.95,29.59
705,30.95,29.59
373,30.95,29.59
514,30.95,29.59
262,30.95,29.59
524,30.95,29.59
360,30.95,29.59
615,30.95,29.59
448,30.95,29.59
620,30.95,29.59
412,30.95,29.59
378,30.95,29.59
630,30.95,29.59
680,30.95,29.59
563,30.95,29.59
300,30.95,29.59
838,30.95,29.59
123,30.95,29.59
421,30.95,29.59
446,30.95,29.59
547,30.95,29.59
493,30.95,29.59
779,30.95,29.59
381,30.95,29.59
493,30.95,29.59
442,30.95,29.59
455,30.95,29.59
768,30.95,29.59
205,30.95,29.59
657,30.95,29.59
629,30.95,29.59
388,30.95,29.59
458,30.95,29.59
484,30.95,29.59
134,30.95,29.59
601,30.95,29.59
377,30.95,29.59
786,30.95,29.59
547,30.95,29.59
385,30.95,29.59
866,30.97,29.59
224,30.97,29.59
594,30.97,29.59
312,30.97,29.59
715,30.97,29.59
123,30.97,29.59
754,30.97,29.59
531,30.97,29.59
393,30.97,29.59
537,30.97,29.59
385,30.97,29.59
593,30.97,29.59
472,30.97,29.59
182,30.97,29.59
883,30.97,29.59
482,30.97,29.59
615,30.97,29.59
720,30.97,29.59
378,30.97,29.59
699,30.97,29.59
351,30.97,29.59
883,30.97,29.59
706,30.97,29.59
316,30.97,29.59
487,30.97,29.69
521,30.97,29.69
653,30.97,29.69
128,30.97,29.69
795,30.97,29.69
420,30.97,29.69
532,30.97,29.69
362,30.97,29.69
615,30.97,29.69
612,30.97,29.69
293,30.97,29.69
471,30.97,29.69
454,30.97,29.69
419,30.97,29.69
349,30.97,29.69
766,30.97,29.69
581,30.97,29.69
432,30.97,29.69
137,30.97,29.69
745,30.97,29.69
118,30.97,29.69
663,30.97,29.69
355,30.97,29.69
171,30.97,29.69
345,30.97,29.69
252,30.97,29.69
702,30.97,29.69
122,30.97,29.69
627,30.97,29.69
118,30.97,29.69
792,30.97,29.69
119,30.97,29.69
478,30.97,29.69
587,30.97,29.69
390,30.97,29.69
179,30.97,29.69
731,30.93,29.69
394,30.93,29.69
589,30.93,29.69
618,30.93,29.69
319,30.93,29.69
577,30.93,29.69
217,30.93,29.69
691,30.93,29.69
388,30.93,29.69
884,30.93,29.69
289,30.93,29.69
874,30.93,29.69
261,30.93,29.69
853,30.93,29.69
649,30.93,29.69
514,30.93,29.69
437,30.93,29.69
257,30.93,29.69
844,30.93,29.69
264,30.93,29.69
640,30.93,29.69
586,30.93,29.69
571,30.93,29.69
366,30.93,29.59
732,30.93,29.59
266,30.93,29.59
784,30.93,29.59
441,30.93,29.59
889,30.93,29.59
589,30.93,29.59
344,30.93,29.59
664,30.93,29.59
429,30.93,29.59
873,30.93,29.59
306,30.93,29.59
636,30.93,29.59
152,30.93,29.59
554,30.93,29.59
644,30.93,29.59
584,30.93,29.59
473,30.93,29.59
683,30.93,29.59
405,30.93,29.59
447,30.93,29.59
263,30.93,29.59
879,30.93,29.59
364,30.93,29.59
392,30.93,29.59
706,30.93,29.59
271,30.93,29.59
852,30.93,29.59
472,30.93,29.59
713,30.93,29.59
343,30.93,29.59
522,30.93,29.59
406,30.93,29.59
283,30.93,29.59
496,30.93,29.59
524,30.93,29.59
679,30.95,29.59
309,30.95,29.59
364,30.95,29.59
608,30.95,29.59
620,30.95,29.59
600,30.95,29.59
590,30.95,29.59
252,30.95,29.59
485,30.95,29.59
357,30.95,29.59
883,30.95,29.59
357,30.95,29.59
487,30.95,29.59
419,30.95,29.59
120,30.95,29.59
474,30.95,29.59
547,30.95,29.59
760,30.95,29.59
504,30.95,29.59
379,30.95,29.59
291,30.95,29.59
433,30.95,29.59
398,30.95,29.59
313,30.95,29.59
801,30.95,29.57
371,30.95,29.57
301,30.95,29.57
695,30.95,29.57
417,30.95,29.57
312,30.95,29.57
224,30.95,29.57
597,30.95,29.57
525,30.95,29.57
153,30.95,29.57
882,30.95,29.57
535,30.95,29.57
769,30.95,29.57
324,30.95,29.57
498,30.95,29.57
830,30.95,29.57
470,30.95,29.57
885,30.95,29.57
697,30.95,29.57
704,30.95,29.57
139,30.95,29.57
681,30.95,29.57
533,30.95,29.57
598,30.95,29.57
526,30.95,29.57
631,30.95,29.57
410,30.95,29.57
628,30.95,29.57
394,30.95,29.57
766,30.95,29.57
642,30.95,29.57
472,30.95,29.57
730,30.95,29.57
122,30.95,29.57
884,30.95,29.57
455,30.95,29.57
774,30.93,29.57
539,30.93,29.57
527,30.93,29.57
594,30.93,29.57
416,30.93,29.57
733,30.93,29.57
214,30.93,29.57
755,30.93,29.57
355,30.93,29.57
781,30.93,29.57
463,30.93,29.57
564,30.93,29.57
303,30.93,29.57
601,30.93,29.57
344,30.93,29.57
641,30.93,29.57
418,30.93,29.57
767,30.93,29.57
574,30.93,29.57
679,30.93,29.57
585,30.93,29.57
231,30.93,29.57
885,30.93,29.57
276,30.93,29.57
787,30.93,29.51
280,30.93,29.51
883,30.93,29.51
400,30.93,29.51
670,30.93,29.51
642,30.93,29.51
217,30.93,29.51
504,30.93,29.51
522,30.93,29.51
357,30.93,29.51
643,30.93,29.51
470,30.93,29.51
135,30.93,29.51
669,30.93,29.51
295,30.93,29.51
499,30.93,29.51
170,30.93,29.51
729,30.93,29.51
119,30.93,29.51
644,30.93,29.51
583,30.93,29.51
279,30.93,29.51
868,30.93,29.51
309,30.93,29.51
446,30.93,29.51
551,30.93,29.51
159,30.93,29.51
289,30.93,29.51
421,30.93,29.51
446,30.93,29.51
376,30.93,29.51
435,30.93,29.51
473,30.93,29.51
316,30.93,29.51
685,30.93,29.51
301,30.93,29.51
496,30.95,29.51
345,30.95,29.51
120,30.95,29.51
631,30.95,29.51
362,30.95,29.51
643,30.95,29.51
371,30.95,29.51
569,30.95,29.51
338,30.95,29.51
388,30.95,29.51
520,30.95,29.51
319,30.95,29.51
590,30.95,29.51
131,30.95,29.51
633,30.95,29.51
327,30.95,29.51
625,30.95,29.51
562,30.95,29.51
679,30.95,29.51
793,30.95,29.51
720,30.95,29.51
459,30.95,29.51
668,30.95,29.51
424,30.95,29.83
527,30.95,29.83
499,30.95,29.83
524,30.95,29.83
543,30.95,29.83
191,30.95,29.83
662,30.95,29.83
168,30.95,29.83
499,30.95,29.83
124,30.95,29.83
532,30.95,29.83
882,30.95,29.83
607,30.95,29.83
607,30.95,29.83
736,30.95,29.83
650,30.95,29.83
614,30.95,29.83
683,30.95,29.83
465,30.95,29.83
506,30.95,29.83
624,30.95,29.83
489,30.95,29.83
522,30.95,29.83
522,30.95,29.83
274,30.95,29.83
800,30.95,29.83
485,30.95,29.83
238,30.95,29.83
663,30.95,29.83
379,30.95,29.83
720,30.95,29.83
322,30.95,29.83
536,30.95,29.83
780,30.95,29.83
715,30.95,29.83
649,30.95,29.83
560,30.95,29.83
429,30.95,29.83
458,30.95,29.83
442,30.95,29.83
282,30.95,29.83
392,30.95,29.83
668,30.95,29.83
460,30.95,29.83
636,30.95,29.83
409,30.95,29.83
131,30.95,29.83
865,30.95,29.83
219,30.95,29.83
871,30.95,29.83
452,30.95,29.83
330,30.95,29.83
661,30.95,29.83
510,30.95,29.83
375,30.95,29.83
587,30.95,29.83
603,30.95,29.83
185,30.95,29.83
789,30.95,29.83
274,30.95,29.83
457,30.95,29.51
716,30.95,29.51
313,30.95,29.51
344,30.95,29.51
685,30.95,29.51
118,30.95,29.51
877,30.95,29.51
333,30.95,29.51
603,30.95,29.51
434,30.95,29.51
421,30.95,29.51
727,30.95,29.51
371,30.95,29.51
881,30.95,29.51
310,30.95,29.51
474,30.95,29.51
162,30.95,29.51
727,30.95,29.51
353,30.95,29.51
681,30.95,29.51
544,30.95,29.51
707,30.95,29.51
443,30.95,29.51
