367,30.67,29.15
352,30.67,29.15
122,30.67,29.15
131,30.67,29.23
885,30.67,29.23
122,30.67,29.23
801,30.67,29.23
700,30.67,29.23
853,30.67,29.23
221,30.67,29.23
538,30.67,29.23
768,30.67,29.23
480,30.67,29.23
616,30.67,29.23
854,30.67,29.23
797,30.67,29.23
286,30.67,29.23
518,30.67,29.23
567,30.67,29.23
675,30.67,29.23
505,30.67,29.23
591,30.67,29.23
246,30.67,29.23
814,30.67,29.23
294,30.67,29.23
883,30.67,29.23
658,30.67,29.23
612,30.67,29.23
478,30.67,29.23
499,30.67,29.23
588,30.67,29.23
612,30.67,29.23
798,30.67,29.23
415,30.67,29.23
334,30.67,29.23
799,30.67,29.23
770,30.67,29.23
332,30.67,29.23
637,30.67,29.23
524,30.67,29.23
779,30.67,29.23
237,30.67,29.23
769,30.67,29.23
433,30.67,29.23
590,30.67,29.23
440,30.67,29.23
359,30.67,29.23
884,30.67,29.23
341,30.67,29.23
881,30.67,29.23
159,30.67,29.23
278,30.67,29.23
584,30.67,29.23
484,30.67,29.23
285,30.67,29.23
570,30.67,29.23
347,30.67,29.23
631,30.67,29.23
131,30.67,29.23
691,30.67,29.23
134,30.67,29.23
588,30.67,29.23
585,30.67,29.23
475,30.67,29.29
883,30.67,29.29
347,30.67,29.29
794,30.67,29.29
393,30.67,29.29
556,30.67,29.29
291,30.67,29.29
324,30.67,29.29
450,30.67,29.29
139,30.67,29.29
565,30.67,29.29
554,30.67,29.29
288,30.67,29.29
493,30.67,29.29
639,30.67,29.29
533,30.67,29.29
525,30.67,29.29
346,30.67,29.29
574,30.67,29.29
664,30.67,29.29
633,30.67,29.29
254,30.67,29.29
693,30.67,29.29
462,30.67,29.29
380,30.67,29.29
689,30.67,29.29
297,30.67,29.29
882,30.67,29.29
269,30.67,29.29
660,30.67,29.29
426,30.67,29.29
694,30.67,29.29
581,30.67,29.29
241,30.67,29.29
479,30.67,29.29
587,30.67,29.29
629,30.71,29.29
486,30.71,29.29
282,30.71,29.29
606,30.71,29.29
738,30.71,29.29
480,30.71,29.29
679,30.71,29.29
269,30.71,29.29
808,30.71,29.29
218,30.71,29.29
883,30.71,29.29
121,30.71,29.29
609,30.71,29.29
808,30.71,29.29
470,30.71,29.29
764,30.71,29.29
351,30.71,29.29
570,30.71,29.29
382,30.71,29.29
627,30.71,29.29
255,30.71,29.29
484,30.71,29.29
325,30.71,29.29
771,30.71,29.19
266,30.71,29.19
804,30.71,29.19
574,30.71,29.19
517,30.71,29.19
427,30.71,29.19
512,30.71,29.19
797,30.71,29.19
329,30.71,29.19
853,30.71,29.19
434,30.71,29.19
729,30.71,29.19
180,30.71,29.19
631,30.71,29.19
722,30.71,29.19
273,30.71,29.19
599,30.71,29.19
433,30.71,29.19
485,30.71,29.19
393,30.71,29.19
528,30.71,29.19
697,30.71,29.19
492,30.71,29.19
310,30.71,29.19
855,30.71,29.19
237,30.71,29.19
582,30.71,29.19
291,30.71,29.19
628,30.71,29.19
389,30.71,29.19
710,30.71,29.19
374,30.71,29.19
120,30.71,29.19
521,30.71,29.19
119,30.71,29.19
568,30.71,29.19
197,30.69,29.19
363,30.69,29.19
698,30.69,29.19
444,30.69,29.19
370,30.69,29.19
717,30.69,29.19
169,30.69,29.19
603,30.69,29.19
412,30.69,29.19
519,30.69,29.19
428,30.69,29.19
347,30.69,29.19
565,30.69,29.19
562,30.69,29.19
739,30.69,29.19
119,30.69,29.19
770,30.69,29.19
398,30.69,29.19
601,30.69,29.19
460,30.69,29.19
571,30.69,29.19
814,30.69,29.19
183,30.69,29.19
647,30.69,29.19
452,30.69,29.29
259,30.69,29.29
385,30.69,29.29
607,30.69,29.29
537,30.69,29.29
418,30.69,29.29
256,30.69,29.29
590,30.69,29.29
391,30.69,29.29
783,30.69,29.29
442,30.69,29.29
853,30.69,29.29
570,30.69,29.29
453,30.69,29.29
805,30.69,29.29
370,30.69,29.29
694,30.69,29.29
644,30.69,29.29
791,30.69,29.29
232,30.69,29.29
546,30.69,29.29
685,30.69,29.29
439,30.69,29.29
630,30.69,29.29
276,30.69,29.29
506,30.69,29.29
593,30.69,29.29
492,30.69,29.29
613,30.69,29.29
876,30.69,29.29
174,30.69,29.29
623,30.69,29.29
456,30.69,29.29
713,30.69,29.29
425,30.69,29.29
862,30.69,29.29
594,30.69,29.29
559,30.69,29.29
517,30.69,29.29
378,30.69,29.29
768,30.69,29.29
557,30.69,29.29
663,30.69,29.29
222,30.69,29.29
521,30.69,29.29
650,30.69,29.29
530,30.69,29.29
521,30.69,29.29
536,30.69,29.29
439,30.69,29.29
459,30.69,29.29
359,30.69,29.29
627,30.69,29.29
579,30.69,29.29
463,30.69,29.29
681,30.69,29.29
466,30.69,29.29
618,30.69,29.29
119,30.69,29.29
611,30.69,29.29
119,30.69,29.31
279,30.69,29.31
472,30.69,29.31
119,30.69,29.31
752,30.69,29.31
400,30.69,29.31
833,30.69,29.31
123,30.69,29.31
672,30.69,29.31
334,30.69,29.31
238,30.69,29.31
454,30.69,29.31
428,30.69,29.31
119,30.69,29.31
425,30.69,29.31
335,30.69,29.31
411,30.69,29.31
285,30.69,29.31
378,30.69,29.31
650,30.69,29.31
484,30.69,29.31
593,30.69,29.31
220,30.69,29.31
782,30.69,29.31
361,30.69,29.31
544,30.69,29.31
268,30.69,29.31
492,30.69,29.31
872,30.69,29.31
120,30.69,29.31
835,30.69,29.31
192,30.69,29.31
215,30.69,29.31
623,30.69,29.31
462,30.69,29.31
564,30.69,29.31
767,30.67,29.31
234,30.67,29.31
862,30.67,29.31
265,30.67,29.31
622,30.67,29.31
588,30.67,29.31
658,30.67,29.31
347,30.67,29.31
524,30.67,29.31
578,30.67,29.31
293,30.67,29.31
820,30.67,29.31
542,30.67,29.31
617,30.67,29.31
123,30.67,29.31
578,30.67,29.31
447,30.67,29.31
461,30.67,29.31
472,30.67,29.31
579,30.67,29.31
584,30.67,29.31
616,30.67,29.31
628,30.67,29.31
517,30.67,29.15
758,30.67,29.15
128,30.67,29.15
772,30.67,29.15
317,30.67,29.15
797,30.67,29.15
263,30.67,29.15
845,30.67,29.15
275,30.67,29.15
739,30.67,29.15
414,30.67,29.15
465,30.67,29.15
666,30.67,29.15
379,30.67,29.15
883,30.67,29.15
346,30.67,29.15
584,30.67,29.15
425,30.67,29.15
574,30.67,29.15
214,30.67,29.15
883,30.67,29.15
118,30.67,29.15
618,30.67,29.15
123,30.67,29.15
611,30.67,29.15
606,30.67,29.15
465,30.67,29.15
539,30.67,29.15
175,30.67,29.15
495,30.67,29.15
119,30.67,29.15
805,30.67,29.15
209,30.67,29.15
654,30.67,29.15
684,30.67,29.15
592,30.67,29.15
264,30.71,29.15
635,30.71,29.15
674,30.71,29.15
584,30.71,29.15
199,30.71,29.15
587,30.71,29.15
459,30.71,29.15
394,30.71,29.15
645,30.71,29.15
446,30.71,29.15
883,30.71,29.15
191,30.71,29.15
716,30.71,29.15
616,30.71,29.15
550,30.71,29.15
629,30.71,29.15
516,30.71,29.15
652,30.71,29.15
137,30.71,29.15
795,30.71,29.15
466,30.71,29.15
596,30.71,29.15
869,30.71,29.15
637,30.71,29.15
695,30.71,29.55
699,30.71,29.55
295,30.71,29.55
727,30.71,29.55
337,30.71,29.55
882,30.71,29.55
677,30.71,29.55
437,30.71,29.55
789,30.71,29.55
348,30.71,29.55
883,30.71,29.55
295,30.71,29.55
729,30.71,29.55
417,30.71,29.55
883,30.71,29.55
404,30.71,29.55
551,30.71,29.55
751,30.71,29.55
467,30.71,29.55
580,30.71,29.55
511,30.71,29.55
463,30.71,29.55
624,30.71,29.55
549,30.71,29.55
588,30.71,29.55
625,30.71,29.55
357,30.71,29.55
653,30.71,29.55
192,30.71,29.55
709,30.71,29.55
129,30.71,29.55
586,30.71,29.55
667,30.71,29.55
536,30.71,29.55
254,30.71,29.55
382,30.71,29.55
678,30.69,29.55
381,30.69,29.55
748,30.69,29.55
119,30.69,29.55
861,30.69,29.55
335,30.69,29.55
502,30.69,29.55
484,30.69,29.55
516,30.69,29.55
153,30.69,29.55
725,30.69,29.55
360,30.69,29.55
508,30.69,29.55
571,30.69,29.55
119,30.69,29.55
700,30.69,29.55
119,30.69,29.55
785,30.69,29.55
316,30.69,29.55
491,30.69,29.55
391,30.69,29.55
