524,29.49,28.23
734,29.49,28.23
123,29.49,28.23
147,29.49,28.23
123,29.49,28.23
651,29.49,28.23
705,29.49,28.23
742,29.49,28.23
703,29.49,28.23
354,29.49,28.23
338,29.49,28.23
821,29.49,28.23
254,29.49,28.23
347,29.49,28.23
448,29.49,28.23
333,29.49,28.23
347,29.49,28.23
190,29.49,28.23
455,29.49,28.23
119,29.49,28.23
739,29.49,28.23
119,29.49,28.23
691,29.49,28.23
360,29.49,28.23
510,29.49,28.23
878,29.49,28.23
417,29.49,28.23
558,29.49,28.23
782,29.49,28.23
645,29.49,28.23
426,29.49,28.23
753,29.49,28.23
339,29.49,28.23
714,29.49,28.23
380,29.49,28.23
495,29.49,28.23
207,29.49,28.23
877,29.49,28.23
119,29.49,28.23
877,29.49,28.23
435,29.49,28.23
291,29.49,28.23
617,29.49,28.23
418,29.49,28.23
444,29.49,28.23
307,29.49,28.23
862,29.49,28.23
520,29.49,28.23
780,29.49,28.23
581,29.49,28.23
658,29.49,28.23
203,29.49,28.23
788,29.49,28.23
239,29.49,28.23
377,29.49,28.23
386,29.49,28.23
573,29.49,28.23
390,29.49,28.23
491,29.49,28.23
687,29.49,28.23
238,29.49,28.23
803,29.49,28.23
273,29.49,28.23
781,29.49,28.23
432,29.49,28.23
640,29.49,28.23
720,29.49,28.23
738,29.49,28.23
607,29.49,28.23
533,29.49,28.23
512,29.49,28.23
407,29.49,28.23
790,29.49,28.23
728,29.49,28.23
579,29.49,28.23
553,29.49,28.23
665,29.49,28.23
627,29.49,28.23
862,29.49,28.23
204,29.49,28.23
705,29.49,28.23
436,29.49,28.23
541,29.49,28.23
597,29.49,28.23
428,29.49,28.23
756,29.49,28.23
156,29.49,28.23
619,29.49,28.23
282,29.49,28.23
453,29.49,28.23
541,29.49,28.23
526,29.49,28.23
470,29.49,28.23
623,29.49,28.23
275,29.49,28.23
776,29.49,28.23
528,29.49,28.23
533,29.49,28.23
425,29.49,28.23
262,29.49,28.23
496,29.49,28.23
264,29.49,28.23
461,29.49,28.23
197,29.49,28.23
654,29.49,28.23
330,29.49,28.23
577,29.49,28.23
250,29.49,28.23
327,29.49,28.23
576,29.49,28.23
224,29.49,28.23
706,29.49,28.23
419,29.49,28.23
396,29.49,28.23
788,29.49,28.23
697,29.49,28.23
226,29.49,28.23
874,29.49,28.23
374,29.49,28.23
623,29.49,28.23
428,29.49,28.23
863,29.49,28.23
251,29.49,28.23
770,29.49,28.23
411,29.49,28.23
351,29.49,28.23
581,29.49,28.23
231,29.49,28.23
842,29.49,28.23
384,29.49,28.23
643,29.49,28.23
289,29.49,28.23
753,29.49,28.23
642,29.49,28.23
698,29.49,28.23
424,29.49,28.23
538,29.49,28.23
200,29.49,28.23
782,29.49,28.23
345,29.45,28.23
440,29.45,28.23
795,29.45,28.23
443,29.45,28.23
592,29.45,28.23
154,29.45,28.23
877,29.45,28.23
422,29.45,28.23
757,29.45,28.23
209,29.45,28.23
734,29.45,28.23
392,29.45,28.23
402,29.45,28.23
631,29.45,28.23
329,29.45,28.23
879,29.45,28.23
477,29.45,28.23
488,29.45,28.23
453,29.45,28.23
474,29.45,28.23
545,29.45,28.23
773,29.45,28.23
184,29.45,28.23
604,29.45,28.19
367,29.45,28.19
759,29.45,28.19
403,29.45,28.19
526,29.45,28.19
449,29.45,28.19
380,29.45,28.19
483,29.45,28.19
287,29.45,28.19
675,29.45,28.19
147,29.45,28.19
671,29.45,28.19
349,29.45,28.19
272,29.45,28.19
628,29.45,28.19
128,29.45,28.19
395,29.45,28.19
386,29.45,28.19
436,29.45,28.19
589,29.45,28.19
582,29.45,28.19
482,29.45,28.19
571,29.45,28.19
205,29.45,28.19
687,29.45,28.19
242,29.45,28.19
458,29.45,28.19
329,29.45,28.19
496,29.45,28.19
494,29.45,28.19
335,29.45,28.19
769,29.45,28.19
173,29.45,28.19
698,29.45,28.19
303,29.45,28.19
604,29.45,28.19
561,29.47,28.19
511,29.47,28.19
561,29.47,28.19
684,29.47,28.19
433,29.47,28.19
484,29.47,28.19
449,29.47,28.19
336,29.47,28.19
294,29.47,28.19
369,29.47,28.19
822,29.47,28.19
276,29.47,28.19
817,29.47,28.19
480,29.47,28.19
628,29.47,28.19
557,29.47,28.19
598,29.47,28.19
303,29.47,28.19
608,29.47,28.19
623,29.47,28.19
423,29.47,28.19
865,29.47,28.19
422,29.47,28.19
721,29.47,28.19
431,29.47,28.31
722,29.47,28.31
395,29.47,28.31
847,29.47,28.31
140,29.47,28.31
777,29.47,28.31
379,29.47,28.31
703,29.47,28.31
510,29.47,28.31
581,29.47,28.31
631,29.47,28.31
499,29.47,28.31
565,29.47,28.31
121,29.47,28.31
866,29.47,28.31
118,29.47,28.31
877,29.47,28.31
267,29.47,28.31
471,29.47,28.31
258,29.47,28.31
351,29.47,28.31
812,29.47,28.31
445,29.47,28.31
122,29.47,28.31
498,29.47,28.31
542,29.47,28.31
419,29.47,28.31
875,29.47,28.31
281,29.47,28.31
830,29.47,28.31
327,29.47,28.31
692,29.47,28.31
241,29.47,28.31
751,29.47,28.31
121,29.47,28.31
554,29.47,28.31
451,29.47,28.31
279,29.47,28.31
409,29.47,28.31
318,29.47,28.31
248,29.47,28.31
425,29.47,28.31
467,29.47,28.31
566,29.47,28.31
615,29.47,28.31
740,29.47,28.31
577,29.47,28.31
426,29.47,28.31
574,29.47,28.31
399,29.47,28.31
504,29.47,28.31
502,29.47,28.31
119,29.47,28.31
778,29.47,28.31
374,29.47,28.31
691,29.47,28.31
311,29.47,28.31
635,29.47,28.31
137,29.47,28.31
796,29.47,28.13
395,29.47,28.13
374,29.47,28.13
594,29.47,28.13
397,29.47,28.13
425,29.47,28.13
431,29.47,28.13
501,29.47,28.13
486,29.47,28.13
388,29.47,28.13
335,29.47,28.13
370,29.47,28.13
122,29.47,28.13
718,29.47,28.13
204,29.47,28.13
817,29.47,28.13
495,29.47,28.13
504,29.47,28.13
326,29.47,28.13
421,29.47,28.13
455,29.47,28.13
422,29.47,28.13
602,29.47,28.13
201,29.47,28.13
761,29.47,28.13
474,29.47,28.13
440,29.47,28.13
552,29.47,28.13
506,29.47,28.13
422,29.47,28.13
425,29.47,28.13
499,29.47,28.13
406,29.47,28.13
607,29.47,28.13
499,29.47,28.13
779,29.47,28.13
541,29.45,28.13
869,29.45,28.13
374,29.45,28.13
853,29.45,28.13
345,29.45,28.13
876,29.45,28.13
535,29.45,28.13
523,29.45,28.13
570,29.45,28.13
356,29.45,28.13
770,29.45,28.13
340,29.45,28.13
597,29.45,28.13
641,29.45,28.13
494,29.45,28.13
351,29.45,28.13
253,29.45,28.13
405,29.45,28.13
517,29.45,28.13
555,29.45,28.13
703,29.45,28.13
221,29.45,28.13
674,29.45,28.13
348,29.45,28.13
277,29.45,28.25
432,29.45,28.25
285,29.45,28.25
790,29.45,28.25
120,29.45,28.25
675,29.45,28.25
323,29.45,28.25
561,29.45,28.25
351,29.45,28.25
579,29.45,28.25
274,29.45,28.25
547,29.45,28.25
490,29.45,28.25
490,29.45,28.25
344,29.45,28.25
346,29.45,28.25
451,29.45,28.25
287,29.45,28.25
668,29.45,28.25
209,29.45,28.25
877,29.45,28.25
119,29.45,28.25
491,29.45,28.25
782,29.45,28.25
540,29.45,28.25
481,29.45,28.25
405,29.45,28.25
745,29.45,28.25
168,29.45,28.25
552,29.45,28.25
183,29.45,28.25
746,29.45,28.25
284,29.45,28.25
639,29.45,28.25
587,29.45,28.25
506,29.45,28.25
236,29.47,28.25
831,29.47,28.25
223,29.47,28.25
585,29.47,28.25
615,29.47,28.25
490,29.47,28.25
741,29.47,28.25
410,29.47,28.25
877,29.47,28.25
518,29.47,28.25
708,29.47,28.25
416,29.47,28.25
877,29.47,28.25
123,29.47,28.25
425,29.47,28.25
736,29.47,28.25
405,29.47,28.25
559,29.47,28.25
646,29.47,28.25
387,29.47,28.25
453,29.47,28.25
347,29.47,28.25
589,29.47,28.25
725,29.47,28.25
161,29.47,28.25
876,29.47,28.25
442,29.47,28.25
686,29.47,28.25
492,29.47,28.25
723,29.47,28.25
453,29.47,28.25
326,29.47,28.25
877,29.47,28.25
273,29.47,28.25
877,29.47,28.25
122,29.47,28.25
878,29.47,28.25
374,29.47,28.25
428,29.47,28.25
322,29.47,28.25
798,29.47,28.25
