165,29.95,28.83
609,29.95,28.83
175,29.95,28.83
544,29.95,28.83
398,29.95,28.83
878,29.95,28.83
693,29.95,28.83
411,29.95,28.83
878,29.95,28.83
532,29.95,28.83
620,29.95,28.83
287,29.95,28.83
521,29.95,28.83
381,29.95,28.83
705,29.95,28.83
303,29.95,28.83
465,29.95,28.83
387,29.95,28.83
549,29.95,28.83
403,29.95,28.83
440,29.95,28.83
581,29.95,28.83
162,29.95,28.83
685,29.95,28.83
306,29.95,28.83
820,29.95,28.83
323,29.95,28.83
780,29.95,28.83
314,29.95,28.83
420,29.95,28.83
463,29.95,28.83
414,29.95,28.83
553,29.95,28.83
395,29.95,28.83
559,29.95,28.83
342,29.95,28.83
690,29.95,28.83
460,29.95,28.83
784,29.95,28.83
670,29.95,28.83
259,29.95,28.83
378,29.95,28.83
594,29.95,28.83
229,29.95,28.83
541,29.95,28.83
717,29.95,28.83
186,29.95,28.83
387,29.95,28.83
376,29.95,28.83
605,29.95,28.83
119,29.95,28.83
800,29.95,28.83
121,29.95,28.83
599,29.95,28.57
437,29.95,28.57
280,29.95,28.57
728,29.95,28.57
245,29.95,28.57
635,29.95,28.57
325,29.95,28.57
425,29.95,28.57
400,29.95,28.57
361,29.95,28.57
331,29.95,28.57
501,29.95,28.57
377,29.95,28.57
611,29.95,28.57
455,29.95,28.57
828,29.95,28.57
559,29.95,28.57
550,29.95,28.57
403,29.95,28.57
594,29.95,28.57
548,29.95,28.57
131,29.95,28.57
864,29.95,28.57
464,29.95,28.57
807,29.95,28.57
398,29.95,28.57
525,29.95,28.57
588,29.95,28.57
491,29.95,28.57
464,29.95,28.57
617,29.95,28.57
413,29.95,28.57
363,29.95,28.57
623,29.95,28.57
314,29.95,28.57
399,29.95,28.57
404,29.95,28.57
834,29.95,28.57
227,29.95,28.57
691,29.95,28.57
556,29.95,28.57
765,29.95,28.57
544,29.95,28.57
643,29.95,28.57
742,29.95,28.57
247,29.95,28.57
390,29.95,28.57
425,29.95,28.57
586,29.95,28.57
236,29.95,28.57
655,29.95,28.57
474,29.95,28.57
286,29.95,28.57
424,29.95,28.57
607,29.95,28.57
213,29.95,28.57
577,29.95,28.57
475,29.95,28.57
493,29.95,28.57
468,29.95,28.57
343,29.95,28.83
504,29.95,28.83
279,29.95,28.83
792,29.95,28.83
262,29.95,28.83
453,29.95,28.83
131,29.95,28.83
525,29.95,28.83
427,29.95,28.83
470,29.95,28.83
742,29.95,28.83
485,29.95,28.83
503,29.95,28.83
379,29.95,28.83
511,29.95,28.83
418,29.95,28.83
500,29.95,28.83
267,29.95,28.83
742,29.95,28.83
118,29.95,28.83
820,29.95,28.83
132,29.95,28.83
722,29.95,28.83
452,29.95,28.83
388,29.95,28.83
567,29.95,28.83
409,29.95,28.83
586,29.95,28.83
399,29.95,28.83
878,29.95,28.83
119,29.95,28.83
668,29.95,28.83
120,29.95,28.83
600,29.95,28.83
384,29.95,28.83
679,29.95,28.83
370,29.97,28.83
752,29.97,28.83
303,29.97,28.83
833,29.97,28.83
496,29.97,28.83
118,29.97,28.83
666,29.97,28.83
278,29.97,28.83
747,29.97,28.83
119,29.97,28.83
878,29.97,28.83
532,29.97,28.83
876,29.97,28.83
514,29.97,28.83
768,29.97,28.83
461,29.97,28.83
399,29.97,28.83
592,29.97,28.83
449,29.97,28.83
583,29.97,28.83
722,29.97,28.83
498,29.97,28.83
245,29.97,28.83
756,29.97,28.59
553,29.97,28.59
876,29.97,28.59
253,29.97,28.59
873,29.97,28.59
487,29.97,28.59
615,29.97,28.59
412,29.97,28.59
789,29.97,28.59
808,29.97,28.59
290,29.97,28.59
739,29.97,28.59
139,29.97,28.59
598,29.97,28.59
175,29.97,28.59
674,29.97,28.59
342,29.97,28.59
598,29.97,28.59
299,29.97,28.59
730,29.97,28.59
467,29.97,28.59
681,29.97,28.59
264,29.97,28.59
804,29.97,28.59
317,29.97,28.59
451,29.97,28.59
803,29.97,28.59
122,29.97,28.59
869,29.97,28.59
255,29.97,28.59
622,29.97,28.59
157,29.97,28.59
803,29.97,28.59
387,29.97,28.59
486,29.97,28.59
762,29.97,28.59
515,30.01,28.59
752,30.01,28.59
437,30.01,28.59
578,30.01,28.59
326,30.01,28.59
570,30.01,28.59
416,30.01,28.59
676,30.01,28.59
301,30.01,28.59
579,30.01,28.59
318,30.01,28.59
712,30.01,28.59
119,30.01,28.59
291,30.01,28.59
657,30.01,28.59
244,30.01,28.59
771,30.01,28.59
286,30.01,28.59
673,30.01,28.59
391,30.01,28.59
443,30.01,28.59
388,30.01,28.59
432,30.01,28.59
354,30.01,28.59
394,30.01,28.83
353,30.01,28.83
248,30.01,28.83
416,30.01,28.83
695,30.01,28.83
316,30.01,28.83
136,30.01,28.83
582,30.01,28.83
391,30.01,28.83
355,30.01,28.83
441,30.01,28.83
524,30.01,28.83
402,30.01,28.83
411,30.01,28.83
512,30.01,28.83
119,30.01,28.83
355,30.01,28.83
335,30.01,28.83
542,30.01,28.83
268,30.01,28.83
315,30.01,28.83
533,30.01,28.83
472,30.01,28.83
546,30.01,28.83
337,30.01,28.83
697,30.01,28.83
252,30.01,28.83
454,30.01,28.83
768,30.01,28.83
433,30.01,28.83
682,30.01,28.83
732,30.01,28.83
280,30.01,28.83
511,30.01,28.83
288,30.01,28.83
839,30.01,28.83
281,29.97,28.83
369,29.97,28.83
514,29.97,28.83
468,29.97,28.83
587,29.97,28.83
121,29.97,28.83
725,29.97,28.83
430,29.97,28.83
698,29.97,28.83
440,29.97,28.83
682,29.97,28.83
505,29.97,28.83
413,29.97,28.83
702,29.97,28.83
507,29.97,28.83
227,29.97,28.83
722,29.97,28.83
476,29.97,28.83
550,29.97,28.83
475,29.97,28.83
294,29.97,28.83
755,29.97,28.83
119,29.97,28.83
747,29.97,28.83
450,29.97,28.83
520,29.97,28.83
623,29.97,28.83
870,29.97,28.83
555,29.97,28.83
420,29.97,28.83
722,29.97,28.83
690,29.97,28.83
630,29.97,28.83
402,29.97,28.83
770,29.97,28.83
510,29.97,28.83
318,29.97,28.83
482,29.97,28.83
491,29.97,28.83
524,29.97,28.83
519,29.97,28.83
600,29.97,28.83
606,29.97,28.83
713,29.97,28.83
210,29.97,28.83
758,29.97,28.83
374,29.97,28.83
684,29.97,28.83
252,29.97,28.83
739,29.97,28.83
166,29.97,28.83
591,29.97,28.83
320,29.97,28.83
241,29.97,28.83
424,29.97,28.83
419,29.97,28.83
661,29.97,28.83
180,29.97,28.83
695,29.97,28.83
494,29.97,28.83
505,29.95,28.83
455,29.95,28.83
587,29.95,28.83
119,29.95,28.83
668,29.95,28.83
119,29.95,28.83
597,29.95,28.83
437,29.95,28.83
386,29.95,28.83
498,29.95,28.83
134,29.95,28.83
397,29.95,28.83
150,29.95,28.83
730,29.95,28.83
121,29.95,28.83
574,29.95,28.83
144,29.95,28.83
659,29.95,28.83
682,29.95,28.83
399,29.95,28.83
602,29.95,28.83
499,29.95,28.83
220,29.95,28.83
563,29.95,28.71
247,29.95,28.71
232,29.95,28.71
519,29.95,28.71
181,29.95,28.71
666,29.95,28.71
280,29.95,28.71
875,29.95,28.71
577,29.95,28.71
382,29.95,28.71
674,29.95,28.71
636,29.95,28.71
412,29.95,28.71
331,29.95,28.71
452,29.95,28.71
204,29.95,28.71
606,29.95,28.71
332,29.95,28.71
372,29.95,28.71
439,29.95,28.71
333,29.95,28.71
735,29.95,28.71
549,29.95,28.71
475,29.95,28.71
621,29.95,28.71
632,29.95,28.71
350,29.95,28.71
728,29.95,28.71
178,29.95,28.71
809,29.95,28.71
549,29.95,28.71
874,29.95,28.71
588,29.95,28.71
716,29.95,28.71
671,29.95,28.71
522,29.95,28.71
496,29.95,28.71
475,29.95,28.71
693,29.95,28.71
233,29.95,28.71
674,29.95,28.71
299,29.95,28.71
736,29.95,28.71
485,29.95,28.71
643,29.95,28.71
747,29.95,28.71
688,29.95,28.71
447,29.95,28.71
649,29.95,28.71
654,29.95,28.71
365,29.95,28.71
456,29.95,28.71
217,29.95,28.71
684,29.95,28.71
181,29.95,28.71
703,29.95,28.71
235,29.95,28.71
873,29.95,28.71
292,29.95,28.71
876,29.95,28.71
624,29.95,28.75
439,29.95,28.75
628,29.95,28.75
587,29.95,28.75
568,29.95,28.75
126,29.95,28.75
599,29.95,28.75
