302,29.71,28.45
789,29.71,28.45
421,29.71,28.45
346,29.71,28.45
419,29.71,28.45
763,29.71,28.45
695,29.71,28.45
846,29.71,28.45
644,29.71,28.45
315,29.71,28.45
878,29.71,28.45
208,29.71,28.45
878,29.71,28.45
257,29.71,28.45
661,29.71,28.45
521,29.71,28.45
531,29.71,28.45
468,29.71,28.45
621,29.71,28.45
594,29.71,28.45
529,29.71,28.45
530,29.71,28.45
554,29.71,28.45
627,29.71,28.45
199,29.71,28.45
683,29.71,28.45
364,29.71,28.45
544,29.71,28.45
119,29.71,28.45
749,29.71,28.45
180,29.71,28.45
721,29.71,28.45
378,29.71,28.45
410,29.71,28.45
690,29.71,28.45
399,29.69,28.45
840,29.69,28.45
386,29.69,28.45
508,29.69,28.45
214,29.69,28.45
709,29.69,28.45
338,29.69,28.45
325,29.69,28.45
300,29.69,28.45
513,29.69,28.45
255,29.69,28.45
695,29.69,28.45
431,29.69,28.45
485,29.69,28.45
315,29.69,28.45
510,29.69,28.45
579,29.69,28.45
136,29.69,28.45
468,29.69,28.45
370,29.69,28.45
740,29.69,28.45
219,29.69,28.45
605,29.69,28.45
499,29.69,28.25
283,29.69,28.25
513,29.69,28.25
368,29.69,28.25
550,29.69,28.25
270,29.69,28.25
370,29.69,28.25
695,29.69,28.25
350,29.69,28.25
209,29.69,28.25
876,29.69,28.25
676,29.69,28.25
532,29.69,28.25
483,29.69,28.25
575,29.69,28.25
410,29.69,28.25
626,29.69,28.25
384,29.69,28.25
478,29.69,28.25
703,29.69,28.25
122,29.69,28.25
691,29.69,28.25
293,29.69,28.25
462,29.69,28.25
741,29.69,28.25
556,29.69,28.25
622,29.69,28.25
477,29.69,28.25
620,29.69,28.25
360,29.69,28.25
603,29.69,28.25
569,29.69,28.25
555,29.69,28.25
656,29.69,28.25
634,29.69,28.25
606,29.69,28.25
470,29.75,28.25
539,29.75,28.25
679,29.75,28.25
449,29.75,28.25
690,29.75,28.25
741,29.75,28.25
211,29.75,28.25
745,29.75,28.25
235,29.75,28.25
733,29.75,28.25
731,29.75,28.25
491,29.75,28.25
481,29.75,28.25
656,29.75,28.25
583,29.75,28.25
584,29.75,28.25
575,29.75,28.25
394,29.75,28.25
509,29.75,28.25
596,29.75,28.25
370,29.75,28.25
588,29.75,28.25
640,29.75,28.25
247,29.75,28.25
683,29.75,28.45
496,29.75,28.45
664,29.75,28.45
464,29.75,28.45
650,29.75,28.45
732,29.75,28.45
627,29.75,28.45
622,29.75,28.45
432,29.75,28.45
535,29.75,28.45
437,29.75,28.45
498,29.75,28.45
418,29.75,28.45
573,29.75,28.45
244,29.75,28.45
751,29.75,28.45
186,29.75,28.45
360,29.75,28.45
418,29.75,28.45
762,29.75,28.45
279,29.75,28.45
756,29.75,28.45
511,29.75,28.45
397,29.75,28.45
454,29.75,28.45
119,29.75,28.45
749,29.75,28.45
406,29.75,28.45
571,29.75,28.45
169,29.75,28.45
730,29.75,28.45
367,29.75,28.45
429,29.75,28.45
650,29.75,28.45
743,29.75,28.45
440,29.75,28.45
595,29.69,28.45
378,29.69,28.45
387,29.69,28.45
756,29.69,28.45
402,29.69,28.45
834,29.69,28.45
234,29.69,28.45
876,29.69,28.45
590,29.69,28.45
854,29.69,28.45
150,29.69,28.45
770,29.69,28.45
576,29.69,28.45
334,29.69,28.45
759,29.69,28.45
553,29.69,28.45
754,29.69,28.45
378,29.69,28.45
598,29.69,28.45
655,29.69,28.45
804,29.69,28.45
488,29.69,28.45
709,29.69,28.45
262,29.69,28.45
634,29.69,28.57
475,29.69,28.57
729,29.69,28.57
446,29.69,28.57
783,29.69,28.57
491,29.69,28.57
414,29.69,28.57
791,29.69,28.57
242,29.69,28.57
735,29.69,28.57
363,29.69,28.57
514,29.69,28.57
643,29.69,28.57
635,29.69,28.57
458,29.69,28.57
513,29.69,28.57
610,29.69,28.57
422,29.69,28.57
613,29.69,28.57
727,29.69,28.57
404,29.69,28.57
517,29.69,28.57
752,29.69,28.57
294,29.69,28.57
804,29.69,28.57
328,29.69,28.57
634,29.69,28.57
634,29.69,28.57
489,29.69,28.57
569,29.69,28.57
677,29.69,28.57
675,29.69,28.57
457,29.69,28.57
879,29.69,28.57
122,29.69,28.57
630,29.69,28.57
424,29.71,28.57
398,29.71,28.57
519,29.71,28.57
588,29.71,28.57
288,29.71,28.57
544,29.71,28.57
582,29.71,28.57
488,29.71,28.57
614,29.71,28.57
119,29.71,28.57
672,29.71,28.57
160,29.71,28.57
538,29.71,28.57
119,29.71,28.57
690,29.71,28.57
117,29.71,28.57
904,29.71,28.57
272,29.71,28.57
493,29.71,28.57
492,29.71,28.57
651,29.71,28.57
478,29.71,28.57
387,29.71,28.57
467,29.71,28.39
608,29.71,28.39
794,29.71,28.39
422,29.71,28.39
824,29.71,28.39
121,29.71,28.39
736,29.71,28.39
285,29.71,28.39
835,29.71,28.39
224,29.71,28.39
834,29.71,28.39
340,29.71,28.39
683,29.71,28.39
500,29.71,28.39
271,29.71,28.39
591,29.71,28.39
322,29.71,28.39
746,29.71,28.39
294,29.71,28.39
862,29.71,28.39
645,29.71,28.39
855,29.71,28.39
439,29.71,28.39
672,29.71,28.39
266,29.71,28.39
877,29.71,28.39
444,29.71,28.39
679,29.71,28.39
635,29.71,28.39
387,29.71,28.39
792,29.71,28.39
309,29.71,28.39
741,29.71,28.39
282,29.71,28.39
844,29.71,28.39
352,29.71,28.39
690,29.75,28.39
643,29.75,28.39
491,29.75,28.39
799,29.75,28.39
496,29.75,28.39
423,29.75,28.39
565,29.75,28.39
698,29.75,28.39
375,29.75,28.39
301,29.75,28.39
459,29.75,28.39
632,29.75,28.39
298,29.75,28.39
848,29.75,28.39
384,29.75,28.39
289,29.75,28.39
493,29.75,28.39
315,29.75,28.39
532,29.75,28.39
256,29.75,28.39
757,29.75,28.39
294,29.75,28.39
844,29.75,28.39
352,29.75,28.39
598,29.75,28.59
382,29.75,28.59
220,29.75,28.59
581,29.75,28.59
184,29.75,28.59
506,29.75,28.59
551,29.75,28.59
575,29.75,28.59
549,29.75,28.59
524,29.75,28.59
483,29.75,28.59
735,29.75,28.59
120,29.75,28.59
450,29.75,28.59
203,29.75,28.59
593,29.75,28.59
316,29.75,28.59
729,29.75,28.59
499,29.75,28.59
537,29.75,28.59
407,29.75,28.59
205,29.75,28.59
800,29.75,28.59
119,29.75,28.59
591,29.75,28.59
451,29.75,28.59
362,29.75,28.59
511,29.75,28.59
584,29.75,28.59
362,29.75,28.59
853,29.75,28.59
532,29.75,28.59
874,29.75,28.59
334,29.75,28.59
540,29.75,28.59
628,29.75,28.59
145,29.71,28.59
859,29.71,28.59
275,29.71,28.59
716,29.71,28.59
167,29.71,28.59
876,29.71,28.59
250,29.71,28.59
749,29.71,28.59
307,29.71,28.59
460,29.71,28.59
418,29.71,28.59
625,29.71,28.59
653,29.71,28.59
592,29.71,28.59
411,29.71,28.59
445,29.71,28.59
548,29.71,28.59
286,29.71,28.59
568,29.71,28.59
376,29.71,28.59
763,29.71,28.59
573,29.71,28.59
645,29.71,28.59
781,29.71,28.33
737,29.71,28.33
606,29.71,28.33
328,29.71,28.33
628,29.71,28.33
309,29.71,28.33
707,29.71,28.33
618,29.71,28.33
481,29.71,28.33
471,29.71,28.33
784,29.71,28.33
372,29.71,28.33
536,29.71,28.33
399,29.71,28.33
747,29.71,28.33
123,29.71,28.33
682,29.71,28.33
689,29.71,28.33
149,29.71,28.33
596,29.71,28.33
332,29.71,28.33
757,29.71,28.33
344,29.71,28.33
385,29.71,28.33
545,29.71,28.33
608,29.71,28.33
120,29.71,28.33
605,29.71,28.33
396,29.71,28.33
409,29.71,28.33
386,29.71,28.33
640,29.71,28.33
385,29.71,28.33
186,29.71,28.33
669,29.71,28.33
272,29.71,28.33
577,29.75,28.33
344,29.75,28.33
855,29.75,28.33
130,29.75,28.33
516,29.75,28.33
547,29.75,28.33
413,29.75,28.33
127,29.75,28.33
450,29.75,28.33
696,29.75,28.33
319,29.75,28.33
408,29.75,28.33
360,29.75,28.33
648,29.75,28.33
233,29.75,28.33
366,29.75,28.33
517,29.75,28.33
556,29.75,28.33
352,29.75,28.33
528,29.75,28.33
595,29.75,28.33
431,29.75,28.33
441,29.75,28.33
518,29.75,28.33
671,29.75,28.31
330,29.75,28.31
740,29.75,28.31
