481,29.81,28.57
455,29.81,28.57
614,29.81,28.57
122,29.81,28.57
138,29.81,28.57
871,29.81,28.57
876,29.81,28.57
371,29.81,28.57
659,29.81,28.57
429,29.81,28.57
877,29.81,28.57
120,29.81,28.57
877,29.81,28.57
657,29.81,28.57
646,29.81,28.77
556,29.81,28.77
341,29.81,28.77
619,29.81,28.77
308,29.81,28.77
437,29.81,28.77
525,29.81,28.77
730,29.81,28.77
126,29.81,28.77
672,29.81,28.77
456,29.81,28.77
277,29.81,28.77
561,29.81,28.77
436,29.81,28.77
381,29.81,28.77
643,29.81,28.77
574,29.81,28.77
589,29.81,28.77
520,29.81,28.77
240,29.81,28.77
476,29.81,28.77
379,29.81,28.77
490,29.81,28.77
186,29.81,28.77
696,29.81,28.77
212,29.81,28.77
480,29.81,28.77
749,29.81,28.77
489,29.81,28.77
448,29.81,28.77
391,29.81,28.77
734,29.81,28.77
314,29.81,28.77
518,29.81,28.77
342,29.81,28.77
558,29.81,28.77
375,29.79,28.77
460,29.79,28.77
119,29.79,28.77
787,29.79,28.77
258,29.79,28.77
543,29.79,28.77
531,29.79,28.77
189,29.79,28.77
643,29.79,28.77
543,29.79,28.77
743,29.79,28.77
213,29.79,28.77
763,29.79,28.77
343,29.79,28.77
460,29.79,28.77
400,29.79,28.77
470,29.79,28.77
454,29.79,28.77
410,29.79,28.77
589,29.79,28.77
716,29.79,28.77
848,29.79,28.77
315,29.79,28.77
570,29.79,28.51
356,29.79,28.51
657,29.79,28.51
129,29.79,28.51
877,29.79,28.51
122,29.79,28.51
876,29.79,28.51
677,29.79,28.51
516,29.79,28.51
624,29.79,28.51
503,29.79,28.51
570,29.79,28.51
167,29.79,28.51
529,29.79,28.51
500,29.79,28.51
601,29.79,28.51
469,29.79,28.51
522,29.79,28.51
468,29.79,28.51
454,29.79,28.51
468,29.79,28.51
638,29.79,28.51
149,29.79,28.51
605,29.79,28.51
462,29.79,28.51
725,29.79,28.51
380,29.79,28.51
329,29.79,28.51
756,29.79,28.51
119,29.79,28.51
627,29.79,28.51
159,29.79,28.51
276,29.79,28.51
542,29.79,28.51
558,29.79,28.51
573,29.79,28.51
826,29.79,28.51
561,29.79,28.51
300,29.79,28.51
662,29.79,28.51
416,29.79,28.51
300,29.79,28.51
445,29.79,28.51
324,29.79,28.51
480,29.79,28.51
415,29.79,28.51
320,29.79,28.51
590,29.79,28.51
375,29.79,28.51
560,29.79,28.51
429,29.79,28.51
598,29.79,28.51
748,29.79,28.51
450,29.79,28.51
650,29.79,28.51
422,29.79,28.51
474,29.79,28.51
427,29.79,28.51
562,29.79,28.51
376,29.79,28.51
489,29.79,28.59
454,29.79,28.59
595,29.79,28.59
481,29.79,28.59
708,29.79,28.59
352,29.79,28.59
662,29.79,28.59
425,29.79,28.59
475,29.79,28.59
546,29.79,28.59
489,29.79,28.59
802,29.79,28.59
432,29.79,28.59
674,29.79,28.59
348,29.79,28.59
656,29.79,28.59
523,29.79,28.59
569,29.79,28.59
643,29.79,28.59
629,29.79,28.59
460,29.79,28.59
585,29.79,28.59
583,29.79,28.59
556,29.79,28.59
444,29.79,28.59
707,29.79,28.59
409,29.79,28.59
477,29.79,28.59
737,29.79,28.59
591,29.79,28.59
567,29.79,28.59
473,29.79,28.59
691,29.79,28.59
609,29.79,28.59
448,29.79,28.59
665,29.79,28.59
548,29.83,28.59
601,29.83,28.59
374,29.83,28.59
547,29.83,28.59
457,29.83,28.59
396,29.83,28.59
537,29.83,28.59
816,29.83,28.59
627,29.83,28.59
429,29.83,28.59
605,29.83,28.59
799,29.83,28.59
431,29.83,28.59
488,29.83,28.59
639,29.83,28.59
564,29.83,28.59
502,29.83,28.59
272,29.83,28.59
755,29.83,28.59
287,29.83,28.59
422,29.83,28.59
439,29.83,28.59
204,29.83,28.59
779,29.83,28.59
396,29.83,28.47
740,29.83,28.47
625,29.83,28.47
502,29.83,28.47
480,29.83,28.47
730,29.83,28.47
382,29.83,28.47
378,29.83,28.47
315,29.83,28.47
338,29.83,28.47
556,29.83,28.47
318,29.83,28.47
439,29.83,28.47
252,29.83,28.47
730,29.83,28.47
237,29.83,28.47
548,29.83,28.47
179,29.83,28.47
674,29.83,28.47
315,29.83,28.47
773,29.83,28.47
362,29.83,28.47
543,29.83,28.47
682,29.83,28.47
358,29.83,28.47
515,29.83,28.47
415,29.83,28.47
439,29.83,28.47
194,29.83,28.47
212,29.83,28.47
255,29.83,28.47
596,29.83,28.47
510,29.83,28.47
586,29.83,28.47
292,29.83,28.47
737,29.83,28.47
481,29.81,28.47
672,29.81,28.47
129,29.81,28.47
390,29.81,28.47
560,29.81,28.47
353,29.81,28.47
697,29.81,28.47
305,29.81,28.47
609,29.81,28.47
235,29.81,28.47
775,29.81,28.47
433,29.81,28.47
560,29.81,28.47
574,29.81,28.47
661,29.81,28.47
641,29.81,28.47
674,29.81,28.47
245,29.81,28.47
400,29.81,28.47
518,29.81,28.47
558,29.81,28.47
592,29.81,28.47
534,29.81,28.47
694,29.81,28.59
466,29.81,28.59
864,29.81,28.59
297,29.81,28.59
583,29.81,28.59
693,29.81,28.59
414,29.81,28.59
876,29.81,28.59
360,29.81,28.59
485,29.81,28.59
512,29.81,28.59
791,29.81,28.59
443,29.81,28.59
610,29.81,28.59
383,29.81,28.59
745,29.81,28.59
591,29.81,28.59
509,29.81,28.59
521,29.81,28.59
632,29.81,28.59
676,29.81,28.59
535,29.81,28.59
668,29.81,28.59
392,29.81,28.59
635,29.81,28.59
194,29.81,28.59
738,29.81,28.59
417,29.81,28.59
533,29.81,28.59
804,29.81,28.59
363,29.81,28.59
709,29.81,28.59
530,29.81,28.59
576,29.81,28.59
285,29.81,28.59
654,29.81,28.59
247,29.83,28.59
327,29.83,28.59
279,29.83,28.59
755,29.83,28.59
465,29.83,28.59
501,29.83,28.59
356,29.83,28.59
705,29.83,28.59
470,29.83,28.59
275,29.83,28.59
580,29.83,28.59
122,29.83,28.59
669,29.83,28.59
239,29.83,28.59
797,29.83,28.59
188,29.83,28.59
485,29.83,28.59
433,29.83,28.59
465,29.83,28.59
163,29.83,28.59
550,29.83,28.59
698,29.83,28.59
481,29.83,28.59
426,29.83,28.59
659,29.83,28.69
597,29.83,28.69
123,29.83,28.69
407,29.83,28.69
481,29.83,28.69
497,29.83,28.69
120,29.83,28.69
800,29.83,28.69
356,29.83,28.69
662,29.83,28.69
484,29.83,28.69
334,29.83,28.69
490,29.83,28.69
317,29.83,28.69
739,29.83,28.69
238,29.83,28.69
499,29.83,28.69
406,29.83,28.69
546,29.83,28.69
597,29.83,28.69
765,29.83,28.69
257,29.83,28.69
853,29.83,28.69
495,29.83,28.69
526,29.83,28.69
374,29.83,28.69
619,29.83,28.69
692,29.83,28.69
549,29.83,28.69
544,29.83,28.69
277,29.83,28.69
773,29.83,28.69
181,29.83,28.69
650,29.83,28.69
438,29.83,28.69
526,29.83,28.69
704,29.85,28.69
462,29.85,28.69
742,29.85,28.69
626,29.85,28.69
715,29.85,28.69
511,29.85,28.69
568,29.85,28.69
384,29.85,28.69
571,29.85,28.69
354,29.85,28.69
602,29.85,28.69
523,29.85,28.69
522,29.85,28.69
295,29.85,28.69
712,29.85,28.69
423,29.85,28.69
352,29.85,28.69
651,29.85,28.69
456,29.85,28.69
743,29.85,28.69
435,29.85,28.69
725,29.85,28.69
395,29.85,28.69
629,29.85,28.65
519,29.85,28.65
466,29.85,28.65
468,29.85,28.65
423,29.85,28.65
467,29.85,28.65
147,29.85,28.65
566,29.85,28.65
517,29.85,28.65
441,29.85,28.65
535,29.85,28.65
531,29.85,28.65
460,29.85,28.65
860,29.85,28.65
336,29.85,28.65
607,29.85,28.65
186,29.85,28.65
574,29.85,28.65
450,29.85,28.65
217,29.85,28.65
382,29.85,28.65
422,29.85,28.65
640,29.85,28.65
124,29.85,28.65
590,29.85,28.65
313,29.85,28.65
283,29.85,28.65
595,29.85,28.65
602,29.85,28.65
438,29.85,28.65
422,29.85,28.65
413,29.85,28.65
569,29.85,28.65
299,29.85,28.65
119,29.85,28.65
589,29.85,28.65
346,29.83,28.65
639,29.83,28.65
450,29.83,28.65
757,29.83,28.65
120,29.83,28.65
425,29.83,28.65
400,29.83,28.65
339,29.83,28.65
466,29.83,28.65
491,29.83,28.65
679,29.83,28.65
645,29.83,28.65
