693,28.33,27.03
380,28.33,27.03
375,28.33,27.03
122,28.33,27.03
756,28.33,27.03
507,28.33,27.03
576,28.33,27.03
493,28.33,27.03
456,28.33,27.03
595,28.33,27.03
335,28.37,27.03
471,28.37,27.03
120,28.37,27.03
872,28.37,27.03
296,28.37,27.03
695,28.37,27.03
533,28.37,27.03
686,28.37,27.03
733,28.37,27.03
426,28.37,27.03
571,28.37,27.03
479,28.37,27.03
442,28.37,27.03
322,28.37,27.03
682,28.37,27.03
304,28.37,27.03
700,28.37,27.03
709,28.37,27.03
583,28.37,27.03
667,28.37,27.03
768,28.37,27.03
404,28.37,27.03
874,28.37,27.03
480,28.37,27.03
412,28.37,27.21
627,28.37,27.21
424,28.37,27.21
868,28.37,27.21
417,28.37,27.21
652,28.37,27.21
411,28.37,27.21
652,28.37,27.21
365,28.37,27.21
493,28.37,27.21
584,28.37,27.21
622,28.37,27.21
641,28.37,27.21
261,28.37,27.21
637,28.37,27.21
462,28.37,27.21
658,28.37,27.21
396,28.37,27.21
624,28.37,27.21
429,28.37,27.21
833,28.37,27.21
474,28.37,27.21
756,28.37,27.21
398,28.37,27.21
675,28.37,27.21
493,28.37,27.21
477,28.37,27.21
651,28.37,27.21
126,28.37,27.21
699,28.37,27.21
366,28.37,27.21
716,28.37,27.21
292,28.37,27.21
746,28.37,27.21
805,28.37,27.21
424,28.37,27.21
758,28.37,27.21
476,28.37,27.21
523,28.37,27.21
629,28.37,27.21
416,28.37,27.21
471,28.37,27.21
480,28.37,27.21
310,28.37,27.21
511,28.37,27.21
120,28.37,27.21
852,28.37,27.21
120,28.37,27.21
876,28.37,27.21
324,28.37,27.21
121,28.37,27.21
693,28.37,27.21
472,28.37,27.21
588,28.37,27.21
533,28.37,27.21
682,28.37,27.21
173,28.37,27.21
689,28.37,27.21
217,28.37,27.21
616,28.37,27.21
471,28.37,27.29
534,28.37,27.29
238,28.37,27.29
773,28.37,27.29
121,28.37,27.29
667,28.37,27.29
469,28.37,27.29
285,28.37,27.29
564,28.37,27.29
268,28.37,27.29
876,28.37,27.29
396,28.37,27.29
680,28.37,27.29
221,28.37,27.29
578,28.37,27.29
218,28.37,27.29
596,28.37,27.29
430,28.37,27.29
791,28.37,27.29
642,28.37,27.29
637,28.37,27.29
516,28.37,27.29
482,28.37,27.29
691,28.37,27.29
440,28.37,27.29
499,28.37,27.29
122,28.37,27.29
875,28.37,27.29
124,28.37,27.29
848,28.37,27.29
292,28.37,27.29
735,28.37,27.29
307,28.37,27.29
682,28.37,27.29
546,28.37,27.29
324,28.37,27.29
570,28.33,27.29
387,28.33,27.29
537,28.33,27.29
365,28.33,27.29
652,28.33,27.29
569,28.33,27.29
666,28.33,27.29
292,28.33,27.29
638,28.33,27.29
518,28.33,27.29
875,28.33,27.29
483,28.33,27.29
876,28.33,27.29
278,28.33,27.29
571,28.33,27.29
638,28.33,27.29
123,28.33,27.29
690,28.33,27.29
327,28.33,27.29
325,28.33,27.29
669,28.33,27.29
554,28.33,27.29
557,28.33,27.29
820,28.33,27.17
438,28.33,27.17
670,28.33,27.17
251,28.33,27.17
739,28.33,27.17
136,28.33,27.17
651,28.33,27.17
121,28.33,27.17
310,28.33,27.17
544,28.33,27.17
124,28.33,27.17
546,28.33,27.17
293,28.33,27.17
666,28.33,27.17
321,28.33,27.17
373,28.33,27.17
474,28.33,27.17
390,28.33,27.17
618,28.33,27.17
490,28.33,27.17
442,28.33,27.17
432,28.33,27.17
359,28.33,27.17
321,28.33,27.17
518,28.33,27.17
274,28.33,27.17
536,28.33,27.17
390,28.33,27.17
731,28.33,27.17
325,28.33,27.17
686,28.33,27.17
339,28.33,27.17
262,28.33,27.17
506,28.33,27.17
130,28.33,27.17
732,28.33,27.17
199,28.33,27.17
691,28.37,27.17
403,28.37,27.17
487,28.37,27.17
507,28.37,27.17
535,28.37,27.17
509,28.37,27.17
505,28.37,27.17
319,28.37,27.17
644,28.37,27.17
423,28.37,27.17
504,28.37,27.17
811,28.37,27.17
353,28.37,27.17
839,28.37,27.17
647,28.37,27.17
725,28.37,27.17
310,28.37,27.17
840,28.37,27.17
188,28.37,27.17
786,28.37,27.17
606,28.37,27.17
549,28.37,27.17
876,28.37,27.17
196,28.37,27.35
681,28.37,27.35
307,28.37,27.35
789,28.37,27.35
462,28.37,27.35
681,28.37,27.35
389,28.37,27.35
733,28.37,27.35
460,28.37,27.35
875,28.37,27.35
423,28.37,27.35
639,28.37,27.35
669,28.37,27.35
589,28.37,27.35
591,28.37,27.35
569,28.37,27.35
876,28.37,27.35
121,28.37,27.35
873,28.37,27.35
120,28.37,27.35
698,28.37,27.35
288,28.37,27.35
324,28.37,27.35
762,28.37,27.35
341,28.37,27.35
558,28.37,27.35
590,28.37,27.35
572,28.37,27.35
413,28.37,27.35
586,28.37,27.35
467,28.37,27.35
574,28.37,27.35
127,28.37,27.35
787,28.37,27.35
121,28.37,27.35
680,28.37,27.35
298,28.37,27.35
542,28.35,27.35
335,28.35,27.35
195,28.35,27.35
825,28.35,27.35
123,28.35,27.35
624,28.35,27.35
302,28.35,27.35
646,28.35,27.35
255,28.35,27.35
501,28.35,27.35
572,28.35,27.35
310,28.35,27.35
539,28.35,27.35
498,28.35,27.35
255,28.35,27.35
525,28.35,27.35
582,28.35,27.35
468,28.35,27.35
697,28.35,27.35
298,28.35,27.35
632,28.35,27.35
337,28.35,27.35
686,28.35,27.35
232,28.35,27.25
595,28.35,27.25
591,28.35,27.25
537,28.35,27.25
615,28.35,27.25
409,28.35,27.25
658,28.35,27.25
254,28.35,27.25
319,28.35,27.25
512,28.35,27.25
431,28.35,27.25
549,28.35,27.25
428,28.35,27.25
453,28.35,27.25
617,28.35,27.25
455,28.35,27.25
837,28.35,27.25
344,28.35,27.25
717,28.35,27.25
577,28.35,27.25
740,28.35,27.25
426,28.35,27.25
344,28.35,27.25
801,28.35,27.25
233,28.35,27.25
809,28.35,27.25
424,28.35,27.25
842,28.35,27.25
827,28.35,27.25
503,28.35,27.25
874,28.35,27.25
498,28.35,27.25
597,28.35,27.25
677,28.35,27.25
641,28.35,27.25
431,28.35,27.25
808,28.35,27.25
224,28.33,27.25
724,28.33,27.25
125,28.33,27.25
619,28.33,27.25
410,28.33,27.25
777,28.33,27.25
437,28.33,27.25
605,28.33,27.25
698,28.33,27.25
181,28.33,27.25
689,28.33,27.25
120,28.33,27.25
782,28.33,27.25
190,28.33,27.25
621,28.33,27.25
553,28.33,27.25
738,28.33,27.25
395,28.33,27.25
874,28.33,27.25
535,28.33,27.25
313,28.33,27.25
456,28.33,27.25
527,28.33,27.25
867,28.33,27.11
168,28.33,27.11
757,28.33,27.11
521,28.33,27.11
690,28.33,27.11
229,28.33,27.11
692,28.33,27.11
242,28.33,27.11
642,28.33,27.11
338,28.33,27.11
423,28.33,27.11
638,28.33,27.11
267,28.33,27.11
740,28.33,27.11
315,28.33,27.11
421,28.33,27.11
124,28.33,27.11
539,28.33,27.11
206,28.33,27.11
744,28.33,27.11
148,28.33,27.11
866,28.33,27.11
165,28.33,27.11
806,28.33,27.11
595,28.33,27.11
509,28.33,27.11
349,28.33,27.11
683,28.33,27.11
490,28.33,27.11
254,28.33,27.11
875,28.33,27.11
306,28.33,27.11
870,28.33,27.11
120,28.33,27.11
849,28.33,27.11
612,28.33,27.11
541,28.33,27.11
156,28.35,27.11
737,28.35,27.11
282,28.35,27.11
580,28.35,27.11
794,28.35,27.11
674,28.35,27.11
876,28.35,27.11
129,28.35,27.11
876,28.35,27.11
120,28.35,27.11
686,28.35,27.11
469,28.35,27.11
731,28.35,27.11
135,28.35,27.11
667,28.35,27.11
501,28.35,27.11
563,28.35,27.11
467,28.35,27.11
354,28.35,27.11
673,28.35,27.11
356,28.35,27.11
635,28.35,27.11
681,28.35,27.11
677,28.35,27.21
230,28.35,27.21
819,28.35,27.21
627,28.35,27.21
640,28.35,27.21
289,28.35,27.21
722,28.35,27.21
494,28.35,27.21
271,28.35,27.21
532,28.35,27.21
246,28.35,27.21
705,28.35,27.21
286,28.35,27.21
716,28.35,27.21
291,28.35,27.21
551,28.35,27.21
787,28.35,27.21
462,28.35,27.21
479,28.35,27.21
417,28.35,27.21
562,28.35,27.21
725,28.35,27.21
312,28.35,27.21
662,28.35,27.21
283,28.35,27.21
194,28.35,27.21
