826,29.41,28.19
125,29.41,28.19
783,29.41,28.19
121,29.41,28.19
438,29.41,28.19
379,29.41,28.19
776,29.41,28.19
684,29.41,28.19
357,29.41,28.19
586,29.41,28.19
490,29.41,28.19
305,29.41,28.19
600,29.41,28.19
499,29.41,28.19
281,29.41,28.19
724,29.41,28.19
394,29.41,28.19
713,29.41,28.19
355,29.41,28.19
834,29.41,28.19
501,29.41,28.19
121,29.43,28.19
337,29.43,28.19
699,29.43,28.19
700,29.43,28.19
287,29.43,28.19
694,29.43,28.19
393,29.43,28.19
494,29.43,28.19
486,29.43,28.19
487,29.43,28.19
564,29.43,28.19
742,29.43,28.19
333,29.43,28.19
592,29.43,28.19
613,29.43,28.19
738,29.43,28.19
697,29.43,28.19
696,29.43,28.19
363,29.43,28.19
243,29.43,28.19
856,29.43,28.19
182,29.43,28.19
561,29.43,28.19
354,29.43,28.19
796,29.43,28.19
343,29.43,28.19
564,29.43,28.19
541,29.43,28.19
454,29.43,28.19
655,29.43,28.19
455,29.43,28.19
632,29.43,28.19
485,29.43,28.19
734,29.43,28.19
434,29.43,28.19
680,29.43,28.19
351,29.43,28.19
659,29.43,28.19
119,29.43,28.19
641,29.43,28.19
343,29.43,28.19
684,29.43,28.19
477,29.43,28.19
350,29.43,28.19
854,29.43,28.19
292,29.43,28.19
635,29.43,28.19
172,29.43,28.19
861,29.43,28.19
120,29.43,28.19
498,29.43,28.19
320,29.43,28.19
564,29.43,28.19
274,29.43,28.19
327,29.43,28.19
293,29.43,28.19
542,29.43,28.19
262,29.43,28.19
599,29.43,28.19
479,29.43,28.19
122,29.41,28.19
740,29.41,28.19
294,29.41,28.19
676,29.41,28.19
145,29.41,28.19
372,29.41,28.19
743,29.41,28.19
282,29.41,28.19
485,29.41,28.19
331,29.41,28.19
492,29.41,28.19
120,29.41,28.19
809,29.41,28.19
251,29.41,28.19
359,29.41,28.19
622,29.41,28.19
586,29.41,28.19
298,29.41,28.19
692,29.41,28.19
221,29.41,28.19
632,29.41,28.19
373,29.41,28.19
740,29.41,28.19
700,29.41,28.19
470,29.41,28.19
468,29.41,28.19
467,29.41,28.19
694,29.41,28.19
121,29.41,28.19
683,29.41,28.19
592,29.41,28.19
665,29.41,28.19
408,29.41,28.19
346,29.41,28.19
663,29.41,28.19
338,29.41,28.19
644,29.41,28.19
569,29.41,28.19
436,29.41,28.19
580,29.41,28.19
731,29.41,28.19
485,29.41,28.19
680,29.41,28.19
242,29.41,28.19
728,29.41,28.19
141,29.41,28.19
873,29.41,28.19
232,29.41,28.19
613,29.41,28.19
627,29.41,28.19
540,29.41,28.19
878,29.41,28.19
377,29.41,28.19
662,29.41,28.19
475,29.41,28.19
688,29.41,28.19
311,29.41,28.19
664,29.41,28.19
341,29.41,28.19
626,29.41,28.19
533,29.41,28.19
650,29.41,28.19
425,29.41,28.19
710,29.41,28.19
350,29.41,28.19
373,29.41,28.19
438,29.41,28.19
120,29.41,28.19
877,29.41,28.19
119,29.41,28.19
544,29.41,28.19
534,29.41,28.19
663,29.41,28.19
239,29.41,28.19
665,29.41,28.19
432,29.41,28.19
451,29.41,28.19
354,29.41,28.19
603,29.41,28.19
628,29.41,28.19
352,29.41,28.19
609,29.41,28.19
413,29.41,28.19
563,29.41,28.25
118,29.41,28.25
731,29.41,28.25
298,29.41,28.25
680,29.41,28.25
344,29.41,28.25
665,29.41,28.25
818,29.41,28.25
546,29.41,28.25
535,29.41,28.25
488,29.41,28.25
570,29.41,28.25
393,29.41,28.25
327,29.41,28.25
441,29.41,28.25
481,29.41,28.25
562,29.41,28.25
477,29.41,28.25
383,29.41,28.25
594,29.41,28.25
335,29.41,28.25
793,29.41,28.25
527,29.41,28.25
540,29.41,28.25
473,29.41,28.25
408,29.41,28.25
644,29.41,28.25
223,29.41,28.25
653,29.41,28.25
141,29.41,28.25
708,29.41,28.25
530,29.41,28.25
217,29.41,28.25
568,29.41,28.25
474,29.41,28.25
541,29.41,28.25
517,29.43,28.25
653,29.43,28.25
264,29.43,28.25
631,29.43,28.25
492,29.43,28.25
579,29.43,28.25
413,29.43,28.25
517,29.43,28.25
360,29.43,28.25
766,29.43,28.25
340,29.43,28.25
582,29.43,28.25
335,29.43,28.25
281,29.43,28.25
527,29.43,28.25
314,29.43,28.25
730,29.43,28.25
120,29.43,28.25
795,29.43,28.25
409,29.43,28.25
709,29.43,28.25
791,29.43,28.25
609,29.43,28.25
335,29.43,28.07
873,29.43,28.07
412,29.43,28.07
212,29.43,28.07
541,29.43,28.07
512,29.43,28.07
419,29.43,28.07
501,29.43,28.07
638,29.43,28.07
276,29.43,28.07
790,29.43,28.07
121,29.43,28.07
874,29.43,28.07
563,29.43,28.07
325,29.43,28.07
429,29.43,28.07
675,29.43,28.07
420,29.43,28.07
331,29.43,28.07
593,29.43,28.07
269,29.43,28.07
591,29.43,28.07
226,29.43,28.07
412,29.43,28.07
451,29.43,28.07
598,29.43,28.07
438,29.43,28.07
459,29.43,28.07
210,29.43,28.07
198,29.43,28.07
549,29.43,28.07
385,29.43,28.07
396,29.43,28.07
421,29.43,28.07
877,29.43,28.07
381,29.43,28.07
848,29.41,28.07
160,29.41,28.07
703,29.41,28.07
211,29.41,28.07
451,29.41,28.07
441,29.41,28.07
473,29.41,28.07
486,29.41,28.07
670,29.41,28.07
644,29.41,28.07
324,29.41,28.07
707,29.41,28.07
334,29.41,28.07
595,29.41,28.07
212,29.41,28.07
615,29.41,28.07
219,29.41,28.07
632,29.41,28.07
270,29.41,28.07
587,29.41,28.07
447,29.41,28.07
399,29.41,28.07
630,29.41,28.07
373,29.41,28.07
488,29.41,28.17
318,29.41,28.17
752,29.41,28.17
456,29.41,28.17
584,29.41,28.17
431,29.41,28.17
649,29.41,28.17
324,29.41,28.17
654,29.41,28.17
626,29.41,28.17
509,29.41,28.17
302,29.41,28.17
746,29.41,28.17
737,29.41,28.17
446,29.41,28.17
489,29.41,28.17
202,29.41,28.17
753,29.41,28.17
459,29.41,28.17
434,29.41,28.17
551,29.41,28.17
335,29.41,28.17
590,29.41,28.17
663,29.41,28.17
620,29.41,28.17
588,29.41,28.17
491,29.41,28.17
484,29.41,28.17
369,29.41,28.17
634,29.41,28.17
436,29.41,28.17
220,29.41,28.17
758,29.41,28.17
342,29.41,28.17
681,29.41,28.17
485,29.41,28.17
488,29.41,28.17
517,29.41,28.17
599,29.41,28.17
704,29.41,28.17
586,29.41,28.17
646,29.41,28.17
394,29.41,28.17
650,29.41,28.17
235,29.41,28.17
320,29.41,28.17
392,29.41,28.17
325,29.41,28.17
214,29.41,28.17
750,29.41,28.17
384,29.41,28.17
426,29.41,28.17
545,29.41,28.17
317,29.41,28.17
646,29.41,28.17
408,29.41,28.17
723,29.41,28.17
156,29.41,28.17
779,29.41,28.17
119,29.41,28.23
875,29.41,28.23
119,29.41,28.23
777,29.41,28.23
513,29.41,28.23
291,29.41,28.23
741,29.41,28.23
259,29.41,28.23
624,29.41,28.23
243,29.41,28.23
380,29.41,28.23
544,29.41,28.23
727,29.41,28.23
410,29.41,28.23
879,29.41,28.23
183,29.41,28.23
743,29.41,28.23
386,29.41,28.23
700,29.41,28.23
316,29.41,28.23
701,29.41,28.23
339,29.41,28.23
408,29.41,28.23
811,29.41,28.23
195,29.41,28.23
770,29.41,28.23
452,29.41,28.23
465,29.41,28.23
585,29.41,28.23
720,29.41,28.23
420,29.41,28.23
542,29.41,28.23
504,29.41,28.23
495,29.41,28.23
517,29.41,28.23
444,29.41,28.23
474,29.43,28.23
617,29.43,28.23
690,29.43,28.23
452,29.43,28.23
687,29.43,28.23
124,29.43,28.23
781,29.43,28.23
245,29.43,28.23
642,29.43,28.23
365,29.43,28.23
606,29.43,28.23
699,29.43,28.23
439,29.43,28.23
635,29.43,28.23
560,29.43,28.23
702,29.43,28.23
424,29.43,28.23
717,29.43,28.23
477,29.43,28.23
514,29.43,28.23
293,29.43,28.23
631,29.43,28.23
131,29.43,28.23
789,29.43,28.23
283,29.43,28.39
597,29.43,28.39
384,29.43,28.39
541,29.43,28.39
555,29.43,28.39
348,29.43,28.39
556,29.43,28.39
459,29.43,28.39
878,29.43,28.39
119,29.43,28.39
338,29.43,28.39
643,29.43,28.39
259,29.43,28.39
438,29.43,28.39
490,29.43,28.39
384,29.43,28.39
541,29.43,28.39
