599,29.27,27.99
637,29.27,27.99
123,29.27,27.99
418,29.27,27.99
559,29.27,27.99
490,29.27,27.99
322,29.27,27.99
806,29.27,27.99
122,29.27,27.99
865,29.27,27.99
143,29.27,27.99
693,29.27,27.99
121,29.27,27.99
849,29.27,27.99
505,29.27,27.99
336,29.27,27.99
877,29.27,27.99
121,29.27,27.99
712,29.27,27.99
408,29.27,27.99
611,29.27,27.99
433,29.27,27.99
458,29.27,27.99
589,29.27,27.99
853,29.27,27.99
246,29.27,27.99
874,29.27,27.99
135,29.27,27.99
875,29.27,27.99
237,29.27,27.99
736,29.27,27.99
324,29.27,27.99
425,29.27,27.99
823,29.27,27.99
379,29.27,27.99
723,29.27,27.99
123,29.27,27.99
836,29.27,27.99
477,29.27,27.99
656,29.27,27.99
658,29.27,27.87
374,29.27,27.87
500,29.27,27.87
608,29.27,27.87
539,29.27,27.87
589,29.27,27.87
129,29.27,27.87
563,29.27,27.87
875,29.27,27.87
411,29.27,27.87
875,29.27,27.87
221,29.27,27.87
825,29.27,27.87
121,29.27,27.87
873,29.27,27.87
440,29.27,27.87
510,29.27,27.87
791,29.27,27.87
418,29.27,27.87
671,29.27,27.87
123,29.27,27.87
841,29.27,27.87
502,29.27,27.87
595,29.27,27.87
350,29.27,27.87
422,29.27,27.87
726,29.27,27.87
636,29.27,27.87
463,29.27,27.87
876,29.27,27.87
281,29.27,27.87
601,29.27,27.87
876,29.27,27.87
129,29.27,27.87
517,29.27,27.87
644,29.27,27.87
507,29.25,27.87
121,29.25,27.87
768,29.25,27.87
600,29.25,27.87
689,29.25,27.87
546,29.25,27.87
297,29.25,27.87
787,29.25,27.87
223,29.25,27.87
616,29.25,27.87
668,29.25,27.87
435,29.25,27.87
574,29.25,27.87
380,29.25,27.87
331,29.25,27.87
644,29.25,27.87
124,29.25,27.87
725,29.25,27.87
127,29.25,27.87
289,29.25,27.87
875,29.25,27.87
649,29.25,27.87
564,29.25,27.87
259,29.25,28.07
876,29.25,28.07
122,29.25,28.07
787,29.25,28.07
326,29.25,28.07
726,29.25,28.07
667,29.25,28.07
168,29.25,28.07
414,29.25,28.07
479,29.25,28.07
616,29.25,28.07
593,29.25,28.07
603,29.25,28.07
271,29.25,28.07
304,29.25,28.07
637,29.25,28.07
639,29.25,28.07
122,29.25,28.07
876,29.25,28.07
223,29.25,28.07
837,29.25,28.07
252,29.25,28.07
495,29.25,28.07
254,29.25,28.07
378,29.25,28.07
668,29.25,28.07
154,29.25,28.07
760,29.25,28.07
120,29.25,28.07
866,29.25,28.07
359,29.25,28.07
179,29.25,28.07
626,29.25,28.07
348,29.25,28.07
665,29.25,28.07
617,29.25,28.07
422,29.27,28.07
847,29.27,28.07
286,29.27,28.07
428,29.27,28.07
866,29.27,28.07
119,29.27,28.07
684,29.27,28.07
391,29.27,28.07
608,29.27,28.07
119,29.27,28.07
745,29.27,28.07
475,29.27,28.07
573,29.27,28.07
318,29.27,28.07
323,29.27,28.07
880,29.27,28.07
121,29.27,28.07
876,29.27,28.07
431,29.27,28.07
811,29.27,28.07
365,29.27,28.07
725,29.27,28.07
404,29.27,28.07
724,29.27,28.07
438,29.27,27.87
574,29.27,27.87
490,29.27,27.87
479,29.27,27.87
518,29.27,27.87
300,29.27,27.87
552,29.27,27.87
454,29.27,27.87
799,29.27,27.87
134,29.27,27.87
775,29.27,27.87
604,29.27,27.87
767,29.27,27.87
424,29.27,27.87
645,29.27,27.87
502,29.27,27.87
213,29.27,27.87
777,29.27,27.87
238,29.27,27.87
660,29.27,27.87
219,29.27,27.87
533,29.27,27.87
519,29.27,27.87
605,29.27,27.87
287,29.27,27.87
840,29.27,27.87
720,29.27,27.87
549,29.27,27.87
474,29.27,27.87
523,29.27,27.87
525,29.27,27.87
286,29.27,27.87
529,29.27,27.87
257,29.27,27.87
766,29.27,27.87
119,29.27,27.87
668,29.27,27.87
122,29.27,27.87
423,29.27,27.87
502,29.27,27.87
453,29.27,27.87
121,29.27,27.87
413,29.27,27.87
399,29.27,27.87
456,29.27,27.87
414,29.27,27.87
540,29.27,27.87
766,29.27,27.87
119,29.27,27.87
505,29.27,27.87
183,29.27,27.87
711,29.27,27.87
120,29.27,27.87
851,29.27,27.87
387,29.27,27.87
656,29.27,27.87
835,29.27,27.87
392,29.27,27.87
875,29.27,27.87
234,29.27,27.95
705,29.27,27.95
260,29.27,27.95
336,29.27,27.95
290,29.27,27.95
542,29.27,27.95
401,29.27,27.95
575,29.27,27.95
567,29.27,27.95
375,29.27,27.95
344,29.27,27.95
683,29.27,27.95
528,29.27,27.95
586,29.27,27.95
509,29.27,27.95
455,29.27,27.95
825,29.27,27.95
433,29.27,27.95
699,29.27,27.95
491,29.27,27.95
499,29.27,27.95
509,29.27,27.95
499,29.27,27.95
707,29.27,27.95
342,29.27,27.95
750,29.27,27.95
540,29.27,27.95
477,29.27,27.95
572,29.27,27.95
747,29.27,27.95
454,29.27,27.95
432,29.27,27.95
316,29.27,27.95
628,29.27,27.95
542,29.27,27.95
733,29.27,27.95
721,29.27,27.95
794,29.27,27.95
662,29.27,27.95
515,29.27,27.95
809,29.27,27.95
220,29.27,27.95
712,29.27,27.95
488,29.27,27.95
535,29.27,27.95
345,29.27,27.95
845,29.27,27.95
503,29.27,27.95
175,29.27,27.95
724,29.27,27.95
449,29.27,27.95
471,29.27,27.95
553,29.27,27.95
505,29.27,27.95
460,29.27,27.95
783,29.27,27.95
212,29.27,27.95
814,29.27,27.95
250,29.27,27.95
515,29.27,27.95
350,29.27,27.99
749,29.27,27.99
193,29.27,27.99
325,29.27,27.99
877,29.27,27.99
123,29.27,27.99
827,29.27,27.99
256,29.27,27.99
284,29.27,27.99
303,29.27,27.99
594,29.27,27.99
295,29.27,27.99
622,29.27,27.99
118,29.27,27.99
548,29.27,27.99
334,29.27,27.99
407,29.27,27.99
444,29.27,27.99
301,29.27,27.99
686,29.27,27.99
409,29.27,27.99
594,29.27,27.99
132,29.27,27.99
571,29.27,27.99
454,29.27,27.99
638,29.27,27.99
274,29.27,27.99
453,29.27,27.99
622,29.27,27.99
371,29.27,27.99
421,29.27,27.99
527,29.27,27.99
671,29.27,27.99
556,29.27,27.99
452,29.27,27.99
638,29.27,27.99
829,29.27,27.99
273,29.27,27.99
758,29.27,27.99
286,29.27,27.99
853,29.27,27.99
320,29.27,27.99
874,29.27,27.99
727,29.27,27.99
370,29.27,27.99
676,29.27,27.99
519,29.27,27.99
481,29.27,27.99
241,29.27,27.99
739,29.27,27.99
201,29.27,27.99
650,29.27,27.99
760,29.27,27.99
743,29.27,27.99
281,29.27,27.99
835,29.27,27.99
331,29.27,27.99
648,29.27,27.99
256,29.27,27.99
876,29.27,27.99
875,29.27,27.95
342,29.27,27.95
795,29.27,27.95
370,29.27,27.95
877,29.27,27.95
212,29.27,27.95
877,29.27,27.95
354,29.27,27.95
722,29.27,27.95
519,29.27,27.95
523,29.27,27.95
679,29.27,27.95
269,29.27,27.95
662,29.27,27.95
377,29.27,27.95
516,29.27,27.95
279,29.27,27.95
598,29.27,27.95
495,29.27,27.95
597,29.27,27.95
195,29.27,27.95
876,29.27,27.95
295,29.27,27.95
809,29.27,27.95
613,29.27,27.95
277,29.27,27.95
403,29.27,27.95
332,29.27,27.95
783,29.27,27.95
130,29.27,27.95
867,29.27,27.95
400,29.27,27.95
875,29.27,27.95
204,29.27,27.95
380,29.27,27.95
393,29.27,27.95
213,29.31,27.95
468,29.31,27.95
591,29.31,27.95
618,29.31,27.95
179,29.31,27.95
456,29.31,27.95
394,29.31,27.95
314,29.31,27.95
209,29.31,27.95
738,29.31,27.95
210,29.31,27.95
468,29.31,27.95
611,29.31,27.95
577,29.31,27.95
578,29.31,27.95
679,29.31,27.95
652,29.31,27.95
244,29.31,27.95
714,29.31,27.95
574,29.31,27.95
562,29.31,27.95
207,29.31,27.95
816,29.31,27.95
446,29.31,28.25
342,29.31,28.25
279,29.31,28.25
636,29.31,28.25
312,29.31,28.25
602,29.31,28.25
532,29.31,28.25
623,29.31,28.25
630,29.31,28.25
126,29.31,28.25
877,29.31,28.25
241,29.31,28.25
641,29.31,28.25
313,29.31,28.25
689,29.31,28.25
119,29.31,28.25
647,29.31,28.25
588,29.31,28.25
437,29.31,28.25
538,29.31,28.25
772,29.31,28.25
