417,28.39,27.23
359,28.39,27.23
373,28.39,27.23
358,28.39,27.23
537,28.39,27.23
668,28.39,27.23
710,28.39,27.23
291,28.39,27.23
611,28.39,27.23
219,28.39,27.23
807,28.39,27.23
262,28.39,27.23
654,28.39,27.23
458,28.39,27.23
641,28.39,27.23
461,28.39,27.23
600,28.39,27.23
628,28.39,27.23
563,28.39,27.23
288,28.39,27.23
675,28.39,27.23
481,28.39,27.23
403,28.39,27.23
744,28.39,27.23
126,28.39,27.23
752,28.39,27.23
120,28.39,27.23
875,28.39,27.23
457,28.39,27.23
491,28.37,27.23
531,28.37,27.23
789,28.37,27.23
556,28.37,27.23
449,28.37,27.23
479,28.37,27.23
264,28.37,27.23
648,28.37,27.23
195,28.37,27.23
562,28.37,27.23
124,28.37,27.23
691,28.37,27.23
239,28.37,27.23
699,28.37,27.23
138,28.37,27.23
544,28.37,27.23
377,28.37,27.23
497,28.37,27.23
654,28.37,27.23
136,28.37,27.23
876,28.37,27.23
127,28.37,27.23
710,28.37,27.23
268,28.37,27.23
708,28.37,27.35
123,28.37,27.35
682,28.37,27.35
145,28.37,27.35
501,28.37,27.35
633,28.37,27.35
434,28.37,27.35
662,28.37,27.35
352,28.37,27.35
389,28.37,27.35
369,28.37,27.35
458,28.37,27.35
282,28.37,27.35
474,28.37,27.35
119,28.37,27.35
727,28.37,27.35
178,28.37,27.35
675,28.37,27.35
463,28.37,27.35
438,28.37,27.35
595,28.37,27.35
417,28.37,27.35
792,28.37,27.35
126,28.37,27.35
672,28.37,27.35
440,28.37,27.35
702,28.37,27.35
308,28.37,27.35
546,28.37,27.35
506,28.37,27.35
723,28.37,27.35
520,28.37,27.35
414,28.37,27.35
429,28.37,27.35
678,28.37,27.35
186,28.37,27.35
816,28.35,27.35
770,28.35,27.35
142,28.35,27.35
874,28.35,27.35
333,28.35,27.35
688,28.35,27.35
442,28.35,27.35
598,28.35,27.35
542,28.35,27.35
514,28.35,27.35
524,28.35,27.35
619,28.35,27.35
684,28.35,27.35
459,28.35,27.35
511,28.35,27.35
509,28.35,27.35
407,28.35,27.35
411,28.35,27.35
477,28.35,27.35
468,28.35,27.35
512,28.35,27.35
348,28.35,27.35
876,28.35,27.35
145,28.35,27.09
746,28.35,27.09
850,28.35,27.09
328,28.35,27.09
633,28.35,27.09
747,28.35,27.09
795,28.35,27.09
539,28.35,27.09
669,28.35,27.09
446,28.35,27.09
529,28.35,27.09
481,28.35,27.09
402,28.35,27.09
624,28.35,27.09
164,28.35,27.09
240,28.35,27.09
649,28.35,27.09
527,28.35,27.09
425,28.35,27.09
544,28.35,27.09
586,28.35,27.09
631,28.35,27.09
275,28.35,27.09
697,28.35,27.09
312,28.35,27.09
486,28.35,27.09
632,28.35,27.09
123,28.35,27.09
631,28.35,27.09
245,28.35,27.09
787,28.35,27.09
120,28.35,27.09
645,28.35,27.09
390,28.35,27.09
683,28.35,27.09
505,28.35,27.09
274,28.35,27.09
685,28.37,27.09
529,28.37,27.09
552,28.37,27.09
270,28.37,27.09
530,28.37,27.09
382,28.37,27.09
122,28.37,27.09
358,28.37,27.09
341,28.37,27.09
358,28.37,27.09
455,28.37,27.09
403,28.37,27.09
487,28.37,27.09
556,28.37,27.09
197,28.37,27.09
720,28.37,27.09
128,28.37,27.09
808,28.37,27.09
291,28.37,27.09
683,28.37,27.09
148,28.37,27.09
634,28.37,27.09
663,28.37,27.09
207,28.37,27.09
644,28.37,27.35
121,28.37,27.35
679,28.37,27.35
301,28.37,27.35
732,28.37,27.35
137,28.37,27.35
734,28.37,27.35
436,28.37,27.35
552,28.37,27.35
364,28.37,27.35
612,28.37,27.35
488,28.37,27.35
514,28.37,27.35
499,28.37,27.35
119,28.37,27.35
508,28.37,27.35
134,28.37,27.35
601,28.37,27.35
173,28.37,27.35
814,28.37,27.35
382,28.37,27.35
689,28.37,27.35
596,28.37,27.35
729,28.37,27.35
527,28.37,27.35
523,28.37,27.35
704,28.37,27.35
351,28.37,27.35
479,28.37,27.35
788,28.37,27.35
495,28.37,27.35
329,28.37,27.35
532,28.37,27.35
318,28.37,27.35
849,28.37,27.35
229,28.37,27.35
774,28.37,27.35
502,28.37,27.35
511,28.37,27.35
439,28.37,27.35
290,28.37,27.35
610,28.37,27.35
488,28.37,27.35
778,28.37,27.35
421,28.37,27.35
709,28.37,27.35
485,28.37,27.35
812,28.37,27.35
499,28.37,27.35
675,28.37,27.35
219,28.37,27.35
749,28.37,27.35
306,28.37,27.35
710,28.37,27.35
368,28.37,27.35
468,28.37,27.35
830,28.37,27.35
175,28.37,27.35
676,28.37,27.35
129,28.37,27.35
676,28.37,27.37
173,28.37,27.37
876,28.37,27.37
120,28.37,27.37
709,28.37,27.37
476,28.37,27.37
589,28.37,27.37
529,28.37,27.37
384,28.37,27.37
191,28.37,27.37
364,28.37,27.37
371,28.37,27.37
128,28.37,27.37
564,28.37,27.37
224,28.37,27.37
794,28.37,27.37
124,28.37,27.37
700,28.37,27.37
509,28.37,27.37
551,28.37,27.37
330,28.37,27.37
602,28.37,27.37
429,28.37,27.37
300,28.37,27.37
622,28.37,27.37
363,28.37,27.37
788,28.37,27.37
123,28.37,27.37
731,28.37,27.37
319,28.37,27.37
351,28.37,27.37
627,28.37,27.37
640,28.37,27.37
439,28.37,27.37
812,28.37,27.37
581,28.37,27.37
774,28.37,27.37
454,28.37,27.37
239,28.37,27.37
486,28.37,27.37
120,28.37,27.37
766,28.37,27.37
124,28.37,27.37
658,28.37,27.37
259,28.37,27.37
783,28.37,27.37
388,28.37,27.37
290,28.37,27.37
363,28.37,27.37
597,28.37,27.37
575,28.37,27.37
283,28.37,27.37
526,28.37,27.37
470,28.37,27.37
706,28.37,27.37
387,28.37,27.37
722,28.37,27.37
235,28.37,27.37
864,28.37,27.37
220,28.37,27.25
788,28.37,27.25
546,28.37,27.25
514,28.37,27.25
719,28.37,27.25
489,28.37,27.25
854,28.37,27.25
234,28.37,27.25
876,28.37,27.25
433,28.37,27.25
786,28.37,27.25
429,28.37,27.25
633,28.37,27.25
497,28.37,27.25
593,28.37,27.25
611,28.37,27.25
283,28.37,27.25
474,28.37,27.25
746,28.37,27.25
339,28.37,27.25
357,28.37,27.25
736,28.37,27.25
253,28.37,27.25
875,28.37,27.25
399,28.37,27.25
604,28.37,27.25
543,28.37,27.25
414,28.37,27.25
405,28.37,27.25
507,28.37,27.25
491,28.37,27.25
346,28.37,27.25
760,28.37,27.25
345,28.37,27.25
398,28.37,27.25
537,28.37,27.25
428,28.37,27.25
474,28.35,27.25
742,28.35,27.25
198,28.35,27.25
589,28.35,27.25
303,28.35,27.25
583,28.35,27.25
328,28.35,27.25
501,28.35,27.25
378,28.35,27.25
437,28.35,27.25
775,28.35,27.25
120,28.35,27.25
601,28.35,27.25
520,28.35,27.25
633,28.35,27.25
215,28.35,27.25
635,28.35,27.25
467,28.35,27.25
850,28.35,27.25
418,28.35,27.25
307,28.35,27.25
439,28.35,27.25
376,28.35,27.25
448,28.35,26.97
273,28.35,26.97
658,28.35,26.97
401,28.35,26.97
775,28.35,26.97
123,28.35,26.97
834,28.35,26.97
276,28.35,26.97
493,28.35,26.97
496,28.35,26.97
414,28.35,26.97
441,28.35,26.97
338,28.35,26.97
877,28.35,26.97
404,28.35,26.97
685,28.35,26.97
328,28.35,26.97
828,28.35,26.97
470,28.35,26.97
404,28.35,26.97
619,28.35,26.97
698,28.35,26.97
301,28.35,26.97
754,28.35,26.97
240,28.35,26.97
558,28.35,26.97
549,28.35,26.97
425,28.35,26.97
875,28.35,26.97
122,28.35,26.97
769,28.35,26.97
610,28.35,26.97
524,28.35,26.97
408,28.35,26.97
386,28.35,26.97
123,28.35,26.97
220,28.35,26.97
763,28.37,26.97
419,28.37,26.97
605,28.37,26.97
786,28.37,26.97
514,28.37,26.97
368,28.37,26.97
329,28.37,26.97
569,28.37,26.97
683,28.37,26.97
229,28.37,26.97
762,28.37,26.97
296,28.37,26.97
665,28.37,26.97
705,28.37,26.97
296,28.37,26.97
639,28.37,26.97
125,28.37,26.97
665,28.37,26.97
453,28.37,26.97
506,28.37,26.97
487,28.37,26.97
167,28.37,26.97
291,28.37,26.97
722,28.37,27.35
532,28.37,27.35
645,28.37,27.35
476,28.37,27.35
210,28.37,27.35
594,28.37,27.35
472,28.37,27.35
