729,27.97,26.87
122,27.97,26.87
496,27.97,26.87
122,27.97,26.87
328,27.97,26.87
874,27.97,26.87
495,27.97,26.87
682,27.97,26.87
347,27.97,26.87
664,27.97,26.87
630,27.97,26.87
523,27.97,26.87
176,27.97,26.87
716,27.97,26.87
420,27.97,26.87
478,27.97,26.87
583,27.97,26.87
537,27.97,26.87
363,27.97,26.87
681,27.97,26.87
802,27.97,26.87
137,27.97,26.87
852,27.97,26.87
368,27.97,26.87
812,27.97,26.87
120,27.97,26.87
773,27.97,26.87
509,27.97,26.87
154,27.97,26.87
356,27.97,26.93
302,27.97,26.93
392,27.97,26.93
388,27.97,26.93
662,27.97,26.93
637,27.97,26.93
784,27.97,26.93
251,27.97,26.93
844,27.97,26.93
319,27.97,26.93
460,27.97,26.93
468,27.97,26.93
749,27.97,26.93
259,27.97,26.93
453,27.97,26.93
462,27.97,26.93
196,27.97,26.93
600,27.97,26.93
221,27.97,26.93
854,27.97,26.93
456,27.97,26.93
634,27.97,26.93
505,27.97,26.93
581,27.97,26.93
673,27.97,26.93
445,27.97,26.93
658,27.97,26.93
318,27.97,26.93
566,27.97,26.93
535,27.97,26.93
422,27.97,26.93
343,27.97,26.93
316,27.97,26.93
126,27.97,26.93
643,27.97,26.93
121,27.97,26.93
623,27.97,26.93
569,27.97,26.93
559,27.97,26.93
660,27.97,26.93
669,27.97,26.93
855,27.97,26.93
303,27.97,26.93
659,27.97,26.93
124,27.97,26.93
397,27.97,26.93
228,27.97,26.93
482,27.97,26.93
451,27.97,26.93
349,27.97,26.93
212,27.97,26.93
695,27.97,26.93
276,27.97,26.93
612,27.97,26.93
729,27.97,26.93
378,27.97,26.93
523,27.97,26.93
506,27.97,26.93
463,27.97,26.93
341,27.97,26.93
733,27.97,26.99
121,27.97,26.99
553,27.97,26.99
505,27.97,26.99
476,27.97,26.99
453,27.97,26.99
205,27.97,26.99
609,27.97,26.99
472,27.97,26.99
506,27.97,26.99
123,27.97,26.99
665,27.97,26.99
645,27.97,26.99
483,27.97,26.99
433,27.97,26.99
626,27.97,26.99
489,27.97,26.99
319,27.97,26.99
767,27.97,26.99
577,27.97,26.99
588,27.97,26.99
451,27.97,26.99
755,27.97,26.99
125,27.97,26.99
478,27.97,26.99
710,27.97,26.99
853,27.97,26.99
317,27.97,26.99
163,27.97,26.99
825,27.97,26.99
340,27.97,26.99
759,27.97,26.99
434,27.97,26.99
696,27.97,26.99
274,27.97,26.99
260,27.97,26.99
558,27.97,26.99
600,27.97,26.99
509,27.97,26.99
538,27.97,26.99
776,27.97,26.99
126,27.97,26.99
625,27.97,26.99
596,27.97,26.99
636,27.97,26.99
492,27.97,26.99
854,27.97,26.99
429,27.97,26.99
658,27.97,26.99
126,27.97,26.99
849,27.97,26.99
402,27.97,26.99
512,27.97,26.99
644,27.97,26.99
354,27.97,26.99
740,27.97,26.99
341,27.97,26.99
658,27.97,26.99
438,27.97,26.99
677,27.97,26.99
374,27.97,27.05
431,27.97,27.05
322,27.97,27.05
222,27.97,27.05
874,27.97,27.05
343,27.97,27.05
426,27.97,27.05
651,27.97,27.05
698,27.97,27.05
538,27.97,27.05
678,27.97,27.05
374,27.97,27.05
534,27.97,27.05
372,27.97,27.05
656,27.97,27.05
447,27.97,27.05
588,27.97,27.05
243,27.97,27.05
594,27.97,27.05
708,27.97,27.05
123,27.97,27.05
588,27.97,27.05
786,27.97,27.05
645,27.97,27.05
329,27.97,27.05
596,27.97,27.05
628,27.97,27.05
380,27.97,27.05
610,27.97,27.05
762,27.97,27.05
442,27.97,27.05
414,27.97,27.05
667,27.97,27.05
319,27.97,27.05
781,27.97,27.05
131,27.97,27.05
745,27.97,27.05
362,27.95,27.05
780,27.95,27.05
451,27.95,27.05
536,27.95,27.05
605,27.95,27.05
271,27.95,27.05
612,27.95,27.05
422,27.95,27.05
451,27.95,27.05
157,27.95,27.05
782,27.95,27.05
270,27.95,27.05
768,27.95,27.05
342,27.95,27.05
468,27.95,27.05
558,27.95,27.05
334,27.95,27.05
304,27.95,27.05
153,27.95,27.05
515,27.95,27.05
395,27.95,27.05
822,27.95,27.05
458,27.95,27.05
597,27.95,26.91
258,27.95,26.91
819,27.95,26.91
374,27.95,26.91
583,27.95,26.91
444,27.95,26.91
123,27.95,26.91
649,27.95,26.91
200,27.95,26.91
445,27.95,26.91
472,27.95,26.91
806,27.95,26.91
236,27.95,26.91
668,27.95,26.91
546,27.95,26.91
358,27.95,26.91
482,27.95,26.91
323,27.95,26.91
558,27.95,26.91
233,27.95,26.91
446,27.95,26.91
333,27.95,26.91
545,27.95,26.91
309,27.95,26.91
379,27.95,26.91
273,27.95,26.91
746,27.95,26.91
245,27.95,26.91
739,27.95,26.91
528,27.95,26.91
377,27.95,26.91
613,27.95,26.91
427,27.95,26.91
609,27.95,26.91
174,27.95,26.91
696,27.95,26.91
337,27.95,26.91
633,28.01,26.91
430,28.01,26.91
560,28.01,26.91
540,28.01,26.91
331,28.01,26.91
385,28.01,26.91
190,28.01,26.91
251,28.01,26.91
578,28.01,26.91
805,28.01,26.91
280,28.01,26.91
761,28.01,26.91
123,28.01,26.91
675,28.01,26.91
322,28.01,26.91
504,28.01,26.91
311,28.01,26.91
715,28.01,26.91
713,28.01,26.91
342,28.01,26.91
774,28.01,26.91
126,28.01,26.91
634,28.01,26.91
424,28.01,26.91
535,28.01,26.91
450,28.01,26.91
369,28.01,26.91
760,28.01,26.91
714,28.01,26.91
433,28.01,26.91
848,28.01,26.91
123,28.01,26.91
653,28.01,26.91
667,28.01,26.91
543,28.01,26.91
885,28.01,26.91
123,28.01,26.91
634,28.01,26.91
126,28.01,26.91
836,28.01,26.91
121,28.01,26.91
832,28.01,26.91
640,28.01,26.91
213,28.01,26.91
737,28.01,26.91
249,28.01,26.91
574,28.01,26.91
638,28.01,26.91
677,28.01,26.91
623,28.01,26.91
327,28.01,26.91
562,28.01,26.91
825,28.01,26.91
137,28.01,26.91
745,28.01,26.91
126,28.01,26.91
805,28.01,26.91
648,28.01,26.91
332,28.01,26.91
838,28.01,26.91
589,28.01,26.91
771,28.01,26.91
204,28.01,26.91
873,28.01,26.91
123,28.01,26.91
765,28.01,26.91
527,28.01,26.91
372,28.01,26.91
393,28.01,26.91
316,28.01,26.91
456,28.01,26.91
463,28.01,26.91
589,28.01,26.91
414,28.01,26.91
132,28.01,26.91
241,28.01,26.91
828,28.01,26.91
494,28.01,26.91
873,28.01,26.91
124,28.01,26.91
790,28.01,26.91
566,28.01,26.91
475,28.01,26.91
548,28.01,26.91
346,28.01,26.91
832,28.01,26.91
122,28.01,26.91
766,28.01,26.91
126,28.01,26.91
708,28.01,26.91
509,28.01,26.91
763,28.01,26.91
366,28.01,26.91
120,28.01,26.91
594,28.01,26.91
712,28.01,26.91
339,28.01,26.91
287,28.01,26.91
522,28.01,26.91
500,28.01,26.91
618,28.01,26.91
477,28.01,26.91
524,28.01,26.91
121,28.01,26.91
649,28.01,26.91
229,28.01,26.91
581,28.01,26.91
436,28.01,26.91
793,28.01,26.91
609,28.01,26.91
345,28.01,26.91
630,28.01,26.91
325,28.01,26.91
705,28.01,26.91
191,28.01,26.91
396,28.01,26.91
640,28.01,26.91
341,28.01,26.91
485,28.01,26.91
490,28.01,26.91
452,28.01,26.91
334,28.01,26.91
377,28.01,26.91
461,28.01,26.91
616,28.01,26.91
313,28.01,26.91
586,28.01,26.91
486,28.01,26.91
642,28.01,26.91
334,28.01,26.91
869,28.01,26.91
473,28.01,26.91
614,28.01,26.91
418,28.01,26.91
376,28.01,26.91
468,28.01,26.91
360,28.01,26.91
570,28.01,26.91
346,28.01,26.91
719,28.01,26.91
511,28.01,26.91
491,28.01,26.91
551,28.01,26.91
672,28.01,26.87
440,28.01,26.87
542,28.01,26.87
454,28.01,26.87
728,28.01,26.87
455,28.01,26.87
667,28.01,26.87
611,28.01,26.87
438,28.01,26.87
347,28.01,26.87
576,28.01,26.87
462,28.01,26.87
290,28.01,26.87
850,28.01,26.87
414,28.01,26.87
352,28.01,26.87
587,28.01,26.87
438,28.01,26.87
875,28.01,26.87
417,28.01,26.87
664,28.01,26.87
480,28.01,26.87
804,28.01,26.87
547,28.01,26.87
848,28.01,26.87
442,28.01,26.87
742,28.01,26.87
606,28.01,26.87
484,28.01,26.87
491,28.01,26.87
