465,28.65,27.59
673,28.65,27.59
366,28.65,27.59
560,28.65,27.59
583,28.65,27.59
719,28.65,27.59
123,28.65,27.59
596,28.65,27.59
644,28.65,27.59
593,28.65,27.59
517,28.65,27.59
563,28.65,27.59
816,28.65,27.61
621,28.65,27.61
741,28.65,27.61
759,28.65,27.61
759,28.65,27.61
215,28.65,27.61
874,28.65,27.61
438,28.65,27.61
564,28.65,27.61
265,28.65,27.61
513,28.65,27.61
442,28.65,27.61
239,28.65,27.61
316,28.65,27.61
430,28.65,27.61
648,28.65,27.61
184,28.65,27.61
603,28.65,27.61
485,28.65,27.61
445,28.65,27.61
489,28.65,27.61
768,28.65,27.61
121,28.65,27.61
686,28.65,27.61
371,28.65,27.61
570,28.65,27.61
640,28.65,27.61
286,28.65,27.61
688,28.65,27.61
242,28.65,27.61
643,28.65,27.61
265,28.65,27.61
858,28.65,27.61
122,28.65,27.61
752,28.65,27.61
337,28.65,27.61
470,28.65,27.61
460,28.65,27.61
456,28.65,27.61
564,28.65,27.61
405,28.65,27.61
427,28.65,27.61
495,28.65,27.61
354,28.65,27.61
181,28.65,27.61
748,28.65,27.61
120,28.65,27.61
613,28.65,27.61
205,28.65,27.61
856,28.65,27.61
505,28.65,27.61
465,28.65,27.61
682,28.65,27.61
546,28.65,27.61
499,28.65,27.61
122,28.65,27.61
850,28.65,27.61
218,28.65,27.61
725,28.65,27.61
799,28.65,27.61
447,28.65,27.41
476,28.65,27.41
820,28.65,27.41
335,28.65,27.41
552,28.65,27.41
370,28.65,27.41
798,28.65,27.41
620,28.65,27.41
594,28.65,27.41
542,28.65,27.41
552,28.65,27.41
797,28.65,27.41
291,28.65,27.41
673,28.65,27.41
517,28.65,27.41
666,28.65,27.41
521,28.65,27.41
463,28.65,27.41
371,28.65,27.41
631,28.65,27.41
635,28.65,27.41
126,28.65,27.41
293,28.65,27.41
551,28.65,27.41
556,28.65,27.41
415,28.65,27.41
666,28.65,27.41
361,28.65,27.41
876,28.65,27.41
561,28.65,27.41
863,28.65,27.41
279,28.65,27.41
609,28.65,27.41
625,28.65,27.41
216,28.65,27.41
608,28.65,27.41
119,28.65,27.41
760,28.65,27.41
125,28.65,27.41
654,28.65,27.41
135,28.65,27.41
565,28.65,27.41
126,28.65,27.41
544,28.65,27.41
514,28.65,27.41
336,28.65,27.41
257,28.65,27.41
698,28.65,27.41
391,28.65,27.41
405,28.65,27.41
371,28.65,27.41
119,28.65,27.41
805,28.65,27.41
195,28.65,27.41
739,28.65,27.41
426,28.65,27.41
349,28.65,27.41
495,28.65,27.41
678,28.65,27.41
530,28.65,27.41
476,28.65,27.49
758,28.65,27.49
199,28.65,27.49
448,28.65,27.49
315,28.65,27.49
473,28.65,27.49
282,28.65,27.49
456,28.65,27.49
451,28.65,27.49
441,28.65,27.49
120,28.65,27.49
622,28.65,27.49
827,28.65,27.49
499,28.65,27.49
568,28.65,27.49
429,28.65,27.49
597,28.65,27.49
394,28.65,27.49
812,28.65,27.49
542,28.65,27.49
534,28.65,27.49
403,28.65,27.49
527,28.65,27.49
587,28.65,27.49
594,28.65,27.49
525,28.65,27.49
757,28.65,27.49
622,28.65,27.49
310,28.65,27.49
533,28.65,27.49
529,28.65,27.49
673,28.65,27.49
253,28.65,27.49
686,28.65,27.49
367,28.65,27.49
813,28.65,27.49
279,28.69,27.49
846,28.69,27.49
427,28.69,27.49
526,28.69,27.49
705,28.69,27.49
245,28.69,27.49
399,28.69,27.49
655,28.69,27.49
875,28.69,27.49
120,28.69,27.49
878,28.69,27.49
144,28.69,27.49
438,28.69,27.49
119,28.69,27.49
804,28.69,27.49
308,28.69,27.49
816,28.69,27.49
157,28.69,27.49
768,28.69,27.49
626,28.69,27.49
407,28.69,27.49
720,28.69,27.49
121,28.69,27.49
645,28.69,27.49
121,28.69,27.53
776,28.69,27.53
295,28.69,27.53
309,28.69,27.53
480,28.69,27.53
695,28.69,27.53
541,28.69,27.53
814,28.69,27.53
669,28.69,27.53
393,28.69,27.53
461,28.69,27.53
535,28.69,27.53
414,28.69,27.53
301,28.69,27.53
607,28.69,27.53
280,28.69,27.53
870,28.69,27.53
121,28.69,27.53
540,28.69,27.53
444,28.69,27.53
478,28.69,27.53
437,28.69,27.53
130,28.69,27.53
802,28.69,27.53
125,28.69,27.53
700,28.69,27.53
313,28.69,27.53
195,28.69,27.53
242,28.69,27.53
565,28.69,27.53
247,28.69,27.53
129,28.69,27.53
486,28.69,27.53
406,28.69,27.53
317,28.69,27.53
695,28.69,27.53
126,28.69,27.53
372,28.69,27.53
837,28.69,27.53
313,28.69,27.53
687,28.69,27.53
125,28.69,27.53
707,28.69,27.53
287,28.69,27.53
837,28.69,27.53
361,28.69,27.53
122,28.69,27.53
581,28.69,27.53
121,28.69,27.53
290,28.69,27.53
690,28.69,27.53
712,28.69,27.53
374,28.69,27.53
801,28.69,27.53
468,28.69,27.53
237,28.69,27.53
709,28.69,27.53
635,28.69,27.53
373,28.69,27.53
620,28.69,27.53
122,28.69,27.55
422,28.69,27.55
498,28.69,27.55
277,28.69,27.55
874,28.69,27.55
122,28.69,27.55
432,28.69,27.55
257,28.69,27.55
691,28.69,27.55
596,28.69,27.55
240,28.69,27.55
764,28.69,27.55
515,28.69,27.55
829,28.69,27.55
693,28.69,27.55
800,28.69,27.55
362,28.69,27.55
684,28.69,27.55
621,28.69,27.55
328,28.69,27.55
464,28.69,27.55
856,28.69,27.55
646,28.69,27.55
797,28.69,27.55
164,28.69,27.55
608,28.69,27.55
725,28.69,27.55
438,28.69,27.55
874,28.69,27.55
121,28.69,27.55
709,28.69,27.55
422,28.69,27.55
873,28.69,27.55
447,28.69,27.55
399,28.69,27.55
756,28.69,27.55
601,28.69,27.55
676,28.69,27.55
350,28.69,27.55
708,28.69,27.55
184,28.69,27.55
578,28.69,27.55
512,28.69,27.55
540,28.69,27.55
347,28.69,27.55
735,28.69,27.55
714,28.69,27.55
693,28.69,27.55
119,28.69,27.55
874,28.69,27.55
462,28.69,27.55
505,28.69,27.55
600,28.69,27.55
615,28.69,27.55
704,28.69,27.55
143,28.69,27.55
648,28.69,27.55
273,28.69,27.55
595,28.69,27.55
127,28.69,27.55
575,28.69,27.59
370,28.69,27.59
184,28.69,27.59
619,28.69,27.59
389,28.69,27.59
278,28.69,27.59
526,28.69,27.59
283,28.69,27.59
596,28.69,27.59
399,28.69,27.59
625,28.69,27.59
768,28.69,27.59
123,28.69,27.59
569,28.69,27.59
399,28.69,27.59
607,28.69,27.59
365,28.69,27.59
526,28.69,27.59
521,28.69,27.59
205,28.69,27.59
644,28.69,27.59
680,28.69,27.59
720,28.69,27.59
262,28.69,27.59
390,28.69,27.59
489,28.69,27.59
350,28.69,27.59
382,28.69,27.59
484,28.69,27.59
420,28.69,27.59
724,28.69,27.59
422,28.69,27.59
684,28.69,27.59
627,28.69,27.59
124,28.69,27.59
765,28.69,27.59
197,28.69,27.59
767,28.69,27.59
190,28.69,27.59
700,28.69,27.59
637,28.69,27.59
395,28.69,27.59
767,28.69,27.59
431,28.69,27.59
452,28.69,27.59
259,28.69,27.59
696,28.69,27.59
122,28.69,27.59
413,28.69,27.59
702,28.69,27.59
442,28.69,27.59
480,28.69,27.59
539,28.69,27.59
438,28.69,27.59
838,28.69,27.59
224,28.69,27.59
628,28.69,27.59
470,28.69,27.59
531,28.69,27.59
768,28.69,27.59
201,28.69,27.37
744,28.69,27.37
384,28.69,27.37
633,28.69,27.37
762,28.69,27.37
340,28.69,27.37
634,28.69,27.37
403,28.69,27.37
778,28.69,27.37
124,28.69,27.37
682,28.69,27.37
332,28.69,27.37
648,28.69,27.37
857,28.69,27.37
447,28.69,27.37
610,28.69,27.37
636,28.69,27.37
592,28.69,27.37
739,28.69,27.37
444,28.69,27.37
842,28.69,27.37
689,28.69,27.37
485,28.69,27.37
687,28.69,27.37
192,28.69,27.37
876,28.69,27.37
120,28.69,27.37
755,28.69,27.37
602,28.69,27.37
698,28.69,27.37
355,28.69,27.37
484,28.69,27.37
641,28.69,27.37
387,28.69,27.37
772,28.69,27.37
121,28.69,27.37
558,28.67,27.37
119,28.67,27.37
727,28.67,27.37
377,28.67,27.37
706,28.67,27.37
220,28.67,27.37
876,28.67,27.37
121,28.67,27.37
539,28.67,27.37
582,28.67,27.37
306,28.67,27.37
759,28.67,27.37
