648,26.89,26.15
293,26.89,26.15
234,26.89,26.15
131,26.89,26.15
870,26.89,26.15
310,26.89,26.15
234,26.89,26.15
426,26.89,26.15
499,26.89,26.15
576,26.89,26.15
280,26.89,26.15
508,26.89,26.15
520,26.89,26.15
427,26.89,26.15
418,26.89,26.15
678,26.89,26.15
292,26.89,26.15
348,26.89,26.15
767,26.89,26.15
419,26.89,26.15
294,26.89,26.15
761,26.89,26.11
652,26.89,26.11
401,26.89,26.11
122,26.89,26.11
640,26.89,26.11
457,26.89,26.11
137,26.89,26.11
715,26.89,26.11
219,26.89,26.11
567,26.89,26.11
422,26.89,26.11
453,26.89,26.11
581,26.89,26.11
534,26.89,26.11
445,26.89,26.11
642,26.89,26.11
685,26.89,26.11
351,26.89,26.11
469,26.89,26.11
824,26.89,26.11
560,26.89,26.11
555,26.89,26.11
554,26.89,26.11
140,26.89,26.11
823,26.89,26.11
511,26.89,26.11
587,26.89,26.11
560,26.89,26.11
393,26.89,26.11
796,26.89,26.11
343,26.89,26.11
606,26.89,26.11
763,26.89,26.11
584,26.89,26.11
368,26.89,26.11
625,26.89,26.11
504,26.87,26.11
471,26.87,26.11
557,26.87,26.11
564,26.87,26.11
486,26.87,26.11
632,26.87,26.11
438,26.87,26.11
601,26.87,26.11
378,26.87,26.11
303,26.87,26.11
812,26.87,26.11
356,26.87,26.11
877,26.87,26.11
247,26.87,26.11
828,26.87,26.11
316,26.87,26.11
460,26.87,26.11
432,26.87,26.11
537,26.87,26.11
627,26.87,26.11
304,26.87,26.11
339,26.87,26.11
395,26.87,26.11
520,26.87,26.11
347,26.87,26.21
382,26.87,26.21
179,26.87,26.21
755,26.87,26.21
337,26.87,26.21
738,26.87,26.21
350,26.87,26.21
448,26.87,26.21
379,26.87,26.21
599,26.87,26.21
448,26.87,26.21
157,26.87,26.21
873,26.87,26.21
123,26.87,26.21
597,26.87,26.21
126,26.87,26.21
633,26.87,26.21
434,26.87,26.21
347,26.87,26.21
459,26.87,26.21
555,26.87,26.21
627,26.87,26.21
299,26.87,26.21
715,26.87,26.21
141,26.87,26.21
871,26.87,26.21
585,26.87,26.21
691,26.87,26.21
317,26.87,26.21
464,26.87,26.21
398,26.87,26.21
587,26.87,26.21
295,26.87,26.21
536,26.87,26.21
447,26.87,26.21
442,26.87,26.21
690,26.87,26.21
407,26.89,26.21
874,26.89,26.21
305,26.89,26.21
496,26.89,26.21
405,26.89,26.21
717,26.89,26.21
235,26.89,26.21
871,26.89,26.21
542,26.89,26.21
502,26.89,26.21
424,26.89,26.21
722,26.89,26.21
697,26.89,26.21
501,26.89,26.21
718,26.89,26.21
449,26.89,26.21
770,26.89,26.21
304,26.89,26.21
872,26.89,26.21
491,26.89,26.21
776,26.89,26.21
354,26.89,26.21
412,26.89,26.21
487,26.89,26.09
378,26.89,26.09
736,26.89,26.09
539,26.89,26.09
439,26.89,26.09
570,26.89,26.09
481,26.89,26.09
626,26.89,26.09
771,26.89,26.09
300,26.89,26.09
725,26.89,26.09
385,26.89,26.09
558,26.89,26.09
634,26.89,26.09
738,26.89,26.09
631,26.89,26.09
682,26.89,26.09
804,26.89,26.09
124,26.89,26.09
760,26.89,26.09
130,26.89,26.09
561,26.89,26.09
327,26.89,26.09
572,26.89,26.09
763,26.89,26.09
449,26.89,26.09
801,26.89,26.09
571,26.89,26.09
825,26.89,26.09
401,26.89,26.09
542,26.89,26.09
593,26.89,26.09
558,26.89,26.09
445,26.89,26.09
504,26.89,26.09
639,26.89,26.09
667,26.89,26.09
422,26.85,26.09
566,26.85,26.09
449,26.85,26.09
666,26.85,26.09
603,26.85,26.09
283,26.85,26.09
675,26.85,26.09
618,26.85,26.09
796,26.85,26.09
736,26.85,26.09
530,26.85,26.09
657,26.85,26.09
479,26.85,26.09
874,26.85,26.09
280,26.85,26.09
656,26.85,26.09
290,26.85,26.09
543,26.85,26.09
343,26.85,26.09
427,26.85,26.09
680,26.85,26.09
402,26.85,26.09
645,26.85,26.09
124,26.85,26.09
873,26.85,25.99
568,26.85,25.99
399,26.85,25.99
592,26.85,25.99
756,26.85,25.99
275,26.85,25.99
792,26.85,25.99
625,26.85,25.99
688,26.85,25.99
689,26.85,25.99
572,26.85,25.99
699,26.85,25.99
190,26.85,25.99
774,26.85,25.99
128,26.85,25.99
842,26.85,25.99
122,26.85,25.99
773,26.85,25.99
697,26.85,25.99
244,26.85,25.99
620,26.85,25.99
707,26.85,25.99
867,26.85,25.99
197,26.85,25.99
592,26.85,25.99
542,26.85,25.99
498,26.85,25.99
268,26.85,25.99
851,26.85,25.99
207,26.85,25.99
796,26.85,25.99
333,26.85,25.99
609,26.85,25.99
509,26.85,25.99
122,26.85,25.99
869,26.85,25.99
151,26.89,25.99
732,26.89,25.99
122,26.89,25.99
873,26.89,25.99
132,26.89,25.99
855,26.89,25.99
317,26.89,25.99
805,26.89,25.99
435,26.89,25.99
243,26.89,25.99
558,26.89,25.99
377,26.89,25.99
557,26.89,25.99
687,26.89,25.99
381,26.89,25.99
181,26.89,25.99
769,26.89,25.99
218,26.89,25.99
822,26.89,25.99
407,26.89,25.99
694,26.89,25.99
285,26.89,25.99
540,26.89,25.99
435,26.89,25.99
418,26.89,26.23
591,26.89,26.23
122,26.89,26.23
589,26.89,26.23
255,26.89,26.23
598,26.89,26.23
351,26.89,26.23
391,26.89,26.23
513,26.89,26.23
469,26.89,26.23
520,26.89,26.23
302,26.89,26.23
353,26.89,26.23
621,26.89,26.23
281,26.89,26.23
612,26.89,26.23
422,26.89,26.23
389,26.89,26.23
613,26.89,26.23
224,26.89,26.23
732,26.89,26.23
645,26.89,26.23
412,26.89,26.23
596,26.89,26.23
498,26.89,26.23
482,26.89,26.23
298,26.89,26.23
803,26.89,26.23
128,26.89,26.23
475,26.89,26.23
353,26.89,26.23
798,26.89,26.23
350,26.89,26.23
438,26.89,26.23
480,26.89,26.23
382,26.89,26.23
484,26.89,26.23
577,26.89,26.23
472,26.89,26.23
376,26.89,26.23
797,26.89,26.23
310,26.89,26.23
774,26.89,26.23
354,26.89,26.23
850,26.89,26.23
538,26.89,26.23
583,26.89,26.23
283,26.89,26.23
637,26.89,26.23
617,26.89,26.23
127,26.89,26.23
476,26.89,26.23
341,26.89,26.23
690,26.89,26.23
341,26.89,26.23
524,26.89,26.23
471,26.89,26.23
757,26.89,26.23
520,26.89,26.23
584,26.89,26.23
367,26.89,26.17
204,26.89,26.17
417,26.89,26.17
802,26.89,26.17
726,26.89,26.17
303,26.89,26.17
723,26.89,26.17
405,26.89,26.17
698,26.89,26.17
388,26.89,26.17
797,26.89,26.17
143,26.89,26.17
472,26.89,26.17
751,26.89,26.17
124,26.89,26.17
461,26.89,26.17
804,26.89,26.17
839,26.89,26.17
486,26.89,26.17
318,26.89,26.17
801,26.89,26.17
826,26.89,26.17
386,26.89,26.17
872,26.89,26.17
148,26.89,26.17
664,26.89,26.17
512,26.89,26.17
656,26.89,26.17
639,26.89,26.17
129,26.89,26.17
788,26.89,26.17
126,26.89,26.17
693,26.89,26.17
126,26.89,26.17
872,26.89,26.17
640,26.89,26.17
430,26.87,26.17
719,26.87,26.17
511,26.87,26.17
730,26.87,26.17
320,26.87,26.17
415,26.87,26.17
607,26.87,26.17
265,26.87,26.17
368,26.87,26.17
736,26.87,26.17
223,26.87,26.17
872,26.87,26.17
124,26.87,26.17
709,26.87,26.17
124,26.87,26.17
491,26.87,26.17
450,26.87,26.17
647,26.87,26.17
433,26.87,26.17
397,26.87,26.17
873,26.87,26.17
123,26.87,26.17
721,26.87,26.17
176,26.87,26.17
414,26.87,26.23
354,26.87,26.23
370,26.87,26.23
436,26.87,26.23
384,26.87,26.23
453,26.87,26.23
453,26.87,26.23
359,26.87,26.23
423,26.87,26.23
594,26.87,26.23
251,26.87,26.23
764,26.87,26.23
327,26.87,26.23
497,26.87,26.23
230,26.87,26.23
649,26.87,26.23
130,26.87,26.23
716,26.87,26.23
527,26.87,26.23
598,26.87,26.23
520,26.87,26.23
502,26.87,26.23
694,26.87,26.23
396,26.87,26.23
677,26.87,26.23
489,26.87,26.23
617,26.87,26.23
462,26.87,26.23
628,26.87,26.23
409,26.87,26.23
466,26.87,26.23
395,26.87,26.23
700,26.87,26.23
299,26.87,26.23
403,26.87,26.23
659,26.87,26.23
178,26.87,26.23
