540,27.27,26.53
199,27.27,26.53
718,27.27,26.53
148,27.27,26.53
855,27.27,26.53
766,27.27,26.53
654,27.27,26.53
628,27.27,26.53
205,27.27,26.53
712,27.27,26.53
314,27.27,26.53
709,27.27,26.53
479,27.27,26.53
633,27.27,26.53
396,27.27,26.53
583,27.27,26.53
793,27.27,26.53
685,27.27,26.53
409,27.27,26.53
510,27.25,26.53
548,27.25,26.53
387,27.25,26.53
489,27.25,26.53
528,27.25,26.53
520,27.25,26.53
145,27.25,26.53
753,27.25,26.53
524,27.25,26.53
755,27.25,26.53
446,27.25,26.53
727,27.25,26.53
302,27.25,26.53
218,27.25,26.53
843,27.25,26.53
332,27.25,26.53
518,27.25,26.53
285,27.25,26.53
687,27.25,26.53
409,27.25,26.53
352,27.25,26.53
439,27.25,26.53
658,27.25,26.53
730,27.25,26.55
500,27.25,26.55
330,27.25,26.55
552,27.25,26.55
604,27.25,26.55
435,27.25,26.55
679,27.25,26.55
167,27.25,26.55
522,27.25,26.55
210,27.25,26.55
629,27.25,26.55
251,27.25,26.55
499,27.25,26.55
569,27.25,26.55
173,27.25,26.55
494,27.25,26.55
349,27.25,26.55
708,27.25,26.55
398,27.25,26.55
352,27.25,26.55
346,27.25,26.55
473,27.25,26.55
191,27.25,26.55
488,27.25,26.55
516,27.25,26.55
294,27.25,26.55
388,27.25,26.55
535,27.25,26.55
437,27.25,26.55
507,27.25,26.55
640,27.25,26.55
152,27.25,26.55
697,27.25,26.55
125,27.25,26.55
763,27.25,26.55
290,27.25,26.55
418,27.25,26.55
647,27.27,26.55
364,27.27,26.55
689,27.27,26.55
293,27.27,26.55
627,27.27,26.55
186,27.27,26.55
629,27.27,26.55
551,27.27,26.55
564,27.27,26.55
455,27.27,26.55
511,27.27,26.55
574,27.27,26.55
528,27.27,26.55
395,27.27,26.55
452,27.27,26.55
445,27.27,26.55
449,27.27,26.55
570,27.27,26.55
402,27.27,26.55
569,27.27,26.55
285,27.27,26.55
840,27.27,26.55
133,27.27,26.55
425,27.27,26.55
466,27.27,26.37
638,27.27,26.37
473,27.27,26.37
327,27.27,26.37
626,27.27,26.37
290,27.27,26.37
649,27.27,26.37
352,27.27,26.37
471,27.27,26.37
305,27.27,26.37
766,27.27,26.37
730,27.27,26.37
637,27.27,26.37
205,27.27,26.37
848,27.27,26.37
304,27.27,26.37
621,27.27,26.37
191,27.27,26.37
525,27.27,26.37
629,27.27,26.37
190,27.27,26.37
873,27.27,26.37
468,27.27,26.37
454,27.27,26.37
602,27.27,26.37
873,27.27,26.37
146,27.27,26.37
583,27.27,26.37
720,27.27,26.37
460,27.27,26.37
408,27.27,26.37
722,27.27,26.37
486,27.27,26.37
410,27.27,26.37
306,27.27,26.37
389,27.27,26.37
681,27.27,26.37
133,27.27,26.37
821,27.27,26.37
384,27.27,26.37
549,27.27,26.37
412,27.27,26.37
673,27.27,26.37
436,27.27,26.37
217,27.27,26.37
566,27.27,26.37
478,27.27,26.37
369,27.27,26.37
248,27.27,26.37
446,27.27,26.37
357,27.27,26.37
464,27.27,26.37
193,27.27,26.37
743,27.27,26.37
215,27.27,26.37
425,27.27,26.37
520,27.27,26.37
587,27.27,26.37
200,27.27,26.37
459,27.27,26.37
780,27.27,26.59
399,27.27,26.59
705,27.27,26.59
595,27.27,26.59
723,27.27,26.59
246,27.27,26.59
378,27.27,26.59
648,27.27,26.59
443,27.27,26.59
587,27.27,26.59
815,27.27,26.59
505,27.27,26.59
503,27.27,26.59
498,27.27,26.59
595,27.27,26.59
636,27.27,26.59
344,27.27,26.59
607,27.27,26.59
418,27.27,26.59
593,27.27,26.59
133,27.27,26.59
849,27.27,26.59
360,27.27,26.59
443,27.27,26.59
723,27.27,26.59
167,27.27,26.59
680,27.27,26.59
125,27.27,26.59
623,27.27,26.59
438,27.27,26.59
457,27.27,26.59
597,27.27,26.59
490,27.27,26.59
553,27.27,26.59
528,27.27,26.59
686,27.27,26.59
354,27.27,26.59
449,27.27,26.59
705,27.27,26.59
560,27.27,26.59
656,27.27,26.59
607,27.27,26.59
322,27.27,26.59
872,27.27,26.59
122,27.27,26.59
873,27.27,26.59
245,27.27,26.59
739,27.27,26.59
482,27.27,26.59
620,27.27,26.59
562,27.27,26.59
639,27.27,26.59
861,27.27,26.59
617,27.27,26.59
506,27.27,26.59
481,27.27,26.59
657,27.27,26.59
309,27.27,26.59
755,27.27,26.59
470,27.27,26.59
611,27.27,26.47
297,27.27,26.47
830,27.27,26.47
451,27.27,26.47
457,27.27,26.47
662,27.27,26.47
510,27.27,26.47
604,27.27,26.47
382,27.27,26.47
848,27.27,26.47
304,27.27,26.47
749,27.27,26.47
376,27.27,26.47
617,27.27,26.47
291,27.27,26.47
375,27.27,26.47
589,27.27,26.47
461,27.27,26.47
388,27.27,26.47
211,27.27,26.47
712,27.27,26.47
137,27.27,26.47
395,27.27,26.47
285,27.27,26.47
526,27.27,26.47
125,27.27,26.47
873,27.27,26.47
297,27.27,26.47
762,27.27,26.47
171,27.27,26.47
544,27.27,26.47
457,27.27,26.47
393,27.27,26.47
673,27.27,26.47
770,27.27,26.47
374,27.27,26.47
122,27.27,26.47
829,27.27,26.47
511,27.27,26.47
688,27.27,26.47
208,27.27,26.47
680,27.27,26.47
565,27.27,26.47
330,27.27,26.47
403,27.27,26.47
516,27.27,26.47
239,27.27,26.47
488,27.27,26.47
810,27.27,26.47
121,27.27,26.47
697,27.27,26.47
262,27.27,26.47
835,27.27,26.47
217,27.27,26.47
440,27.27,26.47
874,27.27,26.47
447,27.27,26.47
861,27.27,26.47
621,27.27,26.47
503,27.27,26.47
254,27.27,26.41
695,27.27,26.41
352,27.27,26.41
420,27.27,26.41
240,27.27,26.41
737,27.27,26.41
623,27.27,26.41
671,27.27,26.41
387,27.27,26.41
653,27.27,26.41
559,27.27,26.41
475,27.27,26.41
655,27.27,26.41
454,27.27,26.41
871,27.27,26.41
242,27.27,26.41
847,27.27,26.41
282,27.27,26.41
564,27.27,26.41
634,27.27,26.41
461,27.27,26.41
561,27.27,26.41
550,27.27,26.41
372,27.27,26.41
479,27.27,26.41
539,27.27,26.41
587,27.27,26.41
528,27.27,26.41
306,27.27,26.41
576,27.27,26.41
678,27.27,26.41
795,27.27,26.41
175,27.27,26.41
734,27.27,26.41
465,27.27,26.41
711,27.27,26.41
622,27.29,26.41
713,27.29,26.41
697,27.29,26.41
144,27.29,26.41
775,27.29,26.41
325,27.29,26.41
599,27.29,26.41
347,27.29,26.41
636,27.29,26.41
342,27.29,26.41
666,27.29,26.41
558,27.29,26.41
613,27.29,26.41
504,27.29,26.41
371,27.29,26.41
350,27.29,26.41
426,27.29,26.41
293,27.29,26.41
399,27.29,26.41
663,27.29,26.41
122,27.29,26.41
714,27.29,26.41
122,27.29,26.41
633,27.29,26.41
154,27.29,26.43
401,27.29,26.43
733,27.29,26.43
328,27.29,26.43
478,27.29,26.43
513,27.29,26.43
608,27.29,26.43
553,27.29,26.43
429,27.29,26.43
362,27.29,26.43
617,27.29,26.43
257,27.29,26.43
397,27.29,26.43
121,27.29,26.43
552,27.29,26.43
590,27.29,26.43
485,27.29,26.43
579,27.29,26.43
495,27.29,26.43
556,27.29,26.43
403,27.29,26.43
646,27.29,26.43
225,27.29,26.43
607,27.29,26.43
574,27.29,26.43
451,27.29,26.43
447,27.29,26.43
314,27.29,26.43
630,27.29,26.43
700,27.29,26.43
452,27.29,26.43
673,27.29,26.43
497,27.29,26.43
649,27.29,26.43
522,27.29,26.43
485,27.29,26.43
558,27.27,26.43
366,27.27,26.43
658,27.27,26.43
518,27.27,26.43
491,27.27,26.43
446,27.27,26.43
592,27.27,26.43
572,27.27,26.43
435,27.27,26.43
864,27.27,26.43
456,27.27,26.43
604,27.27,26.43
550,27.27,26.43
518,27.27,26.43
654,27.27,26.43
576,27.27,26.43
287,27.27,26.43
725,27.27,26.43
586,27.27,26.43
462,27.27,26.43
426,27.27,26.43
617,27.27,26.43
305,27.27,26.43
585,27.27,26.43
463,27.27,26.43
338,27.27,26.43
624,27.27,26.43
314,27.27,26.43
816,27.27,26.43
510,27.27,26.43
496,27.27,26.43
451,27.27,26.43
460,27.27,26.43
657,27.27,26.43
229,27.27,26.43
875,27.27,26.43
552,27.27,26.43
498,27.27,26.43
397,27.27,26.43
714,27.27,26.43
