478,28.81,27.81
311,28.81,27.81
720,28.81,27.81
123,28.81,27.81
362,28.81,27.81
877,28.81,27.81
876,28.81,27.81
342,28.81,27.81
704,28.81,27.81
301,28.81,27.81
843,28.81,27.81
145,28.81,27.81
573,28.81,27.81
608,28.81,27.81
292,28.81,27.81
594,28.81,27.81
488,28.81,27.81
618,28.81,27.81
296,28.81,27.81
876,28.81,27.81
119,28.81,27.81
821,28.81,27.81
212,28.81,27.81
571,28.81,27.81
208,28.81,27.81
686,28.81,27.81
551,28.81,27.81
474,28.81,27.81
242,28.81,27.81
642,28.81,27.81
517,28.81,27.81
392,28.81,27.81
738,28.81,27.81
318,28.81,27.81
876,28.81,27.81
163,28.81,27.81
877,28.77,27.81
237,28.77,27.81
456,28.77,27.81
448,28.77,27.81
359,28.77,27.81
409,28.77,27.81
306,28.77,27.81
784,28.77,27.81
373,28.77,27.81
521,28.77,27.81
202,28.77,27.81
665,28.77,27.81
612,28.77,27.81
478,28.77,27.81
499,28.77,27.81
620,28.77,27.81
435,28.77,27.81
556,28.77,27.81
501,28.77,27.81
324,28.77,27.81
124,28.77,27.81
324,28.77,27.81
533,28.77,27.81
119,28.77,27.69
548,28.77,27.69
198,28.77,27.69
608,28.77,27.69
252,28.77,27.69
704,28.77,27.69
598,28.77,27.69
194,28.77,27.69
303,28.77,27.69
363,28.77,27.69
558,28.77,27.69
124,28.77,27.69
591,28.77,27.69
720,28.77,27.69
516,28.77,27.69
609,28.77,27.69
594,28.77,27.69
231,28.77,27.69
665,28.77,27.69
565,28.77,27.69
493,28.77,27.69
528,28.77,27.69
479,28.77,27.69
842,28.77,27.69
515,28.77,27.69
667,28.77,27.69
650,28.77,27.69
793,28.77,27.69
383,28.77,27.69
876,28.77,27.69
608,28.77,27.69
526,28.77,27.69
645,28.77,27.69
642,28.77,27.69
557,28.77,27.69
532,28.77,27.69
583,28.81,27.69
567,28.81,27.69
649,28.81,27.69
276,28.81,27.69
648,28.81,27.69
635,28.81,27.69
839,28.81,27.69
479,28.81,27.69
863,28.81,27.69
375,28.81,27.69
492,28.81,27.69
686,28.81,27.69
567,28.81,27.69
530,28.81,27.69
292,28.81,27.69
718,28.81,27.69
242,28.81,27.69
659,28.81,27.69
155,28.81,27.69
766,28.81,27.69
429,28.81,27.69
346,28.81,27.69
488,28.81,27.69
598,28.81,27.69
299,28.81,27.69
597,28.81,27.69
574,28.81,27.69
556,28.81,27.69
584,28.81,27.69
264,28.81,27.69
519,28.81,27.69
120,28.81,27.69
734,28.81,27.69
287,28.81,27.69
494,28.81,27.69
534,28.81,27.69
328,28.81,27.69
439,28.81,27.69
405,28.81,27.69
573,28.81,27.69
328,28.81,27.69
739,28.81,27.69
570,28.81,27.69
471,28.81,27.69
507,28.81,27.69
344,28.81,27.69
333,28.81,27.69
474,28.81,27.69
119,28.81,27.69
842,28.81,27.69
205,28.81,27.69
416,28.81,27.69
785,28.81,27.69
514,28.81,27.69
803,28.81,27.69
467,28.81,27.69
489,28.81,27.69
260,28.81,27.69
460,28.81,27.69
181,28.81,27.69
559,28.81,27.69
584,28.81,27.69
542,28.81,27.69
518,28.81,27.69
683,28.81,27.69
517,28.81,27.69
649,28.81,27.69
507,28.81,27.69
510,28.81,27.69
326,28.81,27.69
557,28.81,27.69
617,28.81,27.69
200,28.81,27.69
848,28.81,27.69
525,28.81,27.69
436,28.81,27.69
546,28.81,27.69
594,28.81,27.69
642,28.81,27.69
432,28.81,27.69
471,28.81,27.69
690,28.81,27.69
504,28.81,27.69
236,28.81,27.69
663,28.81,27.49
514,28.81,27.49
365,28.81,27.49
291,28.81,27.49
730,28.81,27.49
309,28.81,27.49
634,28.81,27.49
449,28.81,27.49
785,28.81,27.49
408,28.81,27.49
536,28.81,27.49
600,28.81,27.49
349,28.81,27.49
727,28.81,27.49
255,28.81,27.49
488,28.81,27.49
277,28.81,27.49
535,28.81,27.49
516,28.81,27.49
664,28.81,27.49
339,28.81,27.49
703,28.81,27.49
745,28.81,27.49
273,28.81,27.49
338,28.81,27.49
545,28.81,27.49
562,28.81,27.49
521,28.81,27.49
642,28.81,27.49
199,28.81,27.49
615,28.81,27.49
230,28.81,27.49
494,28.81,27.49
248,28.81,27.49
496,28.81,27.49
663,28.81,27.49
609,28.77,27.49
736,28.77,27.49
508,28.77,27.49
575,28.77,27.49
351,28.77,27.49
535,28.77,27.49
345,28.77,27.49
564,28.77,27.49
221,28.77,27.49
713,28.77,27.49
352,28.77,27.49
536,28.77,27.49
391,28.77,27.49
559,28.77,27.49
355,28.77,27.49
500,28.77,27.49
546,28.77,27.49
280,28.77,27.49
738,28.77,27.49
129,28.77,27.49
746,28.77,27.49
563,28.77,27.49
593,28.77,27.49
308,28.77,27.49
479,28.77,27.55
267,28.77,27.55
599,28.77,27.55
387,28.77,27.55
420,28.77,27.55
441,28.77,27.55
509,28.77,27.55
632,28.77,27.55
470,28.77,27.55
553,28.77,27.55
627,28.77,27.55
549,28.77,27.55
121,28.77,27.55
830,28.77,27.55
418,28.77,27.55
697,28.77,27.55
443,28.77,27.55
513,28.77,27.55
512,28.77,27.55
420,28.77,27.55
739,28.77,27.55
587,28.77,27.55
391,28.77,27.55
413,28.77,27.55
728,28.77,27.55
397,28.77,27.55
659,28.77,27.55
398,28.77,27.55
594,28.77,27.55
652,28.77,27.55
611,28.77,27.55
526,28.77,27.55
669,28.77,27.55
545,28.77,27.55
600,28.77,27.55
798,28.77,27.55
121,28.75,27.55
873,28.75,27.55
326,28.75,27.55
572,28.75,27.55
317,28.75,27.55
477,28.75,27.55
521,28.75,27.55
124,28.75,27.55
740,28.75,27.55
425,28.75,27.55
480,28.75,27.55
546,28.75,27.55
584,28.75,27.55
675,28.75,27.55
426,28.75,27.55
441,28.75,27.55
616,28.75,27.55
363,28.75,27.55
637,28.75,27.55
218,28.75,27.55
509,28.75,27.55
120,28.75,27.55
525,28.75,27.55
651,28.75,27.55
355,28.75,27.63
668,28.75,27.63
393,28.75,27.63
639,28.75,27.63
376,28.75,27.63
542,28.75,27.63
347,28.75,27.63
591,28.75,27.63
400,28.75,27.63
656,28.75,27.63
399,28.75,27.63
381,28.75,27.63
557,28.75,27.63
372,28.75,27.63
563,28.75,27.63
286,28.75,27.63
803,28.75,27.63
120,28.75,27.63
374,28.75,27.63
133,28.75,27.63
760,28.75,27.63
121,28.75,27.63
719,28.75,27.63
291,28.75,27.63
569,28.75,27.63
548,28.75,27.63
455,28.75,27.63
511,28.75,27.63
118,28.75,27.63
322,28.75,27.63
394,28.75,27.63
842,28.75,27.63
226,28.75,27.63
800,28.75,27.63
663,28.75,27.63
656,28.75,27.63
425,28.79,27.63
771,28.79,27.63
328,28.79,27.63
642,28.79,27.63
446,28.79,27.63
304,28.79,27.63
729,28.79,27.63
166,28.79,27.63
755,28.79,27.63
347,28.79,27.63
456,28.79,27.63
367,28.79,27.63
450,28.79,27.63
376,28.79,27.63
570,28.79,27.63
429,28.79,27.63
507,28.79,27.63
537,28.79,27.63
638,28.79,27.63
593,28.79,27.63
255,28.79,27.63
875,28.79,27.63
454,28.79,27.63
751,28.79,27.63
119,28.79,27.53
867,28.79,27.53
276,28.79,27.53
592,28.79,27.53
277,28.79,27.53
540,28.79,27.53
349,28.79,27.53
388,28.79,27.53
628,28.79,27.53
155,28.79,27.53
633,28.79,27.53
458,28.79,27.53
872,28.79,27.53
625,28.79,27.53
683,28.79,27.53
278,28.79,27.53
876,28.79,27.53
122,28.79,27.53
603,28.79,27.53
423,28.79,27.53
469,28.79,27.53
430,28.79,27.53
320,28.79,27.53
574,28.79,27.53
195,28.79,27.53
876,28.79,27.53
303,28.79,27.53
761,28.79,27.53
120,28.79,27.53
535,28.79,27.53
482,28.79,27.53
267,28.79,27.53
514,28.79,27.53
348,28.79,27.53
222,28.79,27.53
432,28.79,27.53
327,28.79,27.53
333,28.79,27.53
402,28.79,27.53
246,28.79,27.53
822,28.79,27.53
379,28.79,27.53
481,28.79,27.53
483,28.79,27.53
562,28.79,27.53
295,28.79,27.53
591,28.79,27.53
650,28.79,27.53
271,28.79,27.53
655,28.79,27.53
225,28.79,27.53
697,28.79,27.53
479,28.79,27.53
300,28.79,27.53
628,28.79,27.53
275,28.79,27.53
386,28.79,27.53
654,28.79,27.53
377,28.79,27.53
243,28.79,27.53
490,28.79,27.47
