431,27.23,26.29
610,27.23,26.29
418,27.23,26.29
263,27.23,26.29
367,27.23,26.29
780,27.23,26.29
517,27.23,26.29
428,27.23,26.29
716,27.25,26.29
465,27.25,26.29
520,27.25,26.29
607,27.25,26.29
383,26.29,26.29
595,27.25,26.29
491,27.25,26.29
122,27.25,26.29
635,27.25,26.29
367,27.25,26.29
606,27.25,26.29
430,27.25,26.29
585,27.25,26.29
571,27.25,26.29
253,27.25,26.29
547,27.25,26.29
315,27.25,26.29
731,27.25,26.29
302,27.25,26.29
826,27.25,26.29
367,27.25,26.29
369,27.25,26.29
464,27.25,26.29
534,27.25,26.47
393,27.25,26.47
593,27.25,26.47
356,27.25,26.47
614,27.25,26.47
478,27.25,26.47
299,27.25,26.47
636,27.25,26.47
209,27.25,26.47
741,27.25,26.47
208,27.25,26.47
785,27.25,26.47
122,27.25,26.47
369,27.25,26.47
509,27.25,26.47
327,27.25,26.47
480,27.25,26.47
339,27.25,26.47
544,27.25,26.47
212,27.25,26.47
591,27.25,26.47
440,27.25,26.47
219,27.25,26.47
531,27.25,26.47
547,27.25,26.47
288,27.25,26.47
701,27.25,26.47
187,27.25,26.47
606,27.25,26.47
517,27.25,26.47
462,27.25,26.47
433,27.25,26.47
302,27.25,26.47
789,27.25,26.47
122,27.25,26.47
717,27.25,26.47
523,27.25,26.47
817,27.25,26.47
476,27.25,26.47
665,27.25,26.47
661,27.25,26.47
417,27.25,26.47
602,27.25,26.47
391,27.25,26.47
627,27.25,26.47
122,27.25,26.47
432,27.25,26.47
726,27.25,26.47
808,27.25,26.47
378,27.25,26.47
858,27.25,26.47
277,27.25,26.47
842,27.25,26.47
246,27.25,26.47
663,27.25,26.47
428,27.25,26.47
509,27.25,26.47
715,27.25,26.47
180,27.25,26.47
873,27.25,26.47
121,27.25,26.47
822,27.25,26.23
182,27.25,26.23
581,27.25,26.23
766,27.25,26.23
790,27.25,26.23
596,27.25,26.23
507,27.25,26.23
561,27.25,26.23
789,27.25,26.23
288,27.25,26.23
389,27.25,26.23
615,27.25,26.23
354,27.25,26.23
739,27.25,26.23
314,27.25,26.23
536,27.25,26.23
460,27.25,26.23
664,27.25,26.23
414,27.25,26.23
480,27.25,26.23
590,27.25,26.23
726,27.25,26.23
654,27.25,26.23
437,27.25,26.23
687,27.25,26.23
682,27.25,26.23
791,27.25,26.23
612,27.25,26.23
764,27.25,26.23
331,27.25,26.23
717,27.25,26.23
267,27.25,26.23
688,27.25,26.23
359,27.25,26.23
628,27.25,26.23
559,27.25,26.23
259,27.23,26.23
459,27.23,26.23
122,27.23,26.23
638,27.23,26.23
376,27.23,26.23
296,27.23,26.23
360,27.23,26.23
873,27.23,26.23
395,27.23,26.23
383,27.23,26.23
490,27.23,26.23
479,27.23,26.23
363,27.23,26.23
641,27.23,26.23
364,27.23,26.23
632,27.23,26.23
503,27.23,26.23
354,27.23,26.23
769,27.23,26.23
121,27.23,26.23
682,27.23,26.23
438,27.23,26.23
801,27.23,26.23
326,27.23,26.23
322,27.23,26.41
636,27.23,26.41
371,27.23,26.41
297,27.23,26.41
533,27.23,26.41
512,27.23,26.41
122,27.23,26.41
860,27.23,26.41
370,27.23,26.41
414,27.23,26.41
656,27.23,26.41
537,27.23,26.41
855,27.23,26.41
304,27.23,26.41
558,27.23,26.41
699,27.23,26.41
649,27.23,26.41
302,27.23,26.41
725,27.23,26.41
124,27.23,26.41
825,27.23,26.41
252,27.23,26.41
610,27.23,26.41
648,27.23,26.41
600,27.23,26.41
595,27.23,26.41
356,27.23,26.41
872,27.23,26.41
193,27.23,26.41
801,27.23,26.41
325,27.23,26.41
743,27.23,26.41
588,27.23,26.41
676,27.23,26.41
376,27.23,26.41
462,27.23,26.41
447,27.23,26.41
379,27.23,26.41
444,27.23,26.41
574,27.23,26.41
457,27.23,26.41
644,27.23,26.41
465,27.23,26.41
394,27.23,26.41
708,27.23,26.41
245,27.23,26.41
871,27.23,26.41
469,27.23,26.41
803,27.23,26.41
395,27.23,26.41
656,27.23,26.41
527,27.23,26.41
612,27.23,26.41
428,27.23,26.41
648,27.23,26.41
629,27.23,26.41
289,27.23,26.41
528,27.23,26.41
288,27.23,26.41
806,27.23,26.41
211,27.23,26.41
560,27.23,26.41
507,27.23,26.41
783,27.23,26.41
287,27.23,26.41
660,27.23,26.41
609,27.23,26.41
121,27.23,26.41
419,27.23,26.41
354,27.23,26.41
533,27.23,26.41
441,27.23,26.41
768,27.23,26.41
122,27.23,26.41
636,27.23,26.41
236,27.23,26.41
468,27.23,26.41
400,27.23,26.41
378,27.23,26.41
340,27.23,26.41
740,27.23,26.41
360,27.23,26.41
639,27.23,26.41
712,27.23,26.41
291,27.23,26.41
250,27.23,26.41
237,27.23,26.41
700,27.23,26.41
442,27.23,26.41
535,27.23,26.41
200,27.23,26.41
360,27.23,26.41
444,27.23,26.41
506,27.23,26.41
617,27.23,26.41
464,27.23,26.41
581,27.25,26.41
359,27.25,26.41
444,27.25,26.41
579,27.25,26.41
303,27.25,26.41
494,27.25,26.41
707,27.25,26.41
331,27.25,26.41
796,27.25,26.41
173,27.25,26.41
772,27.25,26.41
298,27.25,26.41
772,27.25,26.41
390,27.25,26.41
132,27.25,26.41
874,27.25,26.41
528,27.25,26.41
772,27.25,26.41
290,27.25,26.41
675,27.25,26.41
384,27.25,26.41
470,27.25,26.41
476,27.25,26.41
686,27.25,26.41
135,27.25,26.43
598,27.25,26.43
591,27.25,26.43
833,27.25,26.43
191,27.25,26.43
707,27.25,26.43
595,27.25,26.43
263,27.25,26.43
591,27.25,26.43
139,27.25,26.43
873,27.25,26.43
339,27.25,26.43
701,27.25,26.43
516,27.25,26.43
367,27.25,26.43
433,27.25,26.43
685,27.25,26.43
401,27.25,26.43
609,27.25,26.43
625,27.25,26.43
244,27.25,26.43
509,27.25,26.43
369,27.25,26.43
444,27.25,26.43
465,27.25,26.43
361,27.25,26.43
188,27.25,26.43
635,27.25,26.43
395,27.25,26.43
606,27.25,26.43
388,27.25,26.43
485,27.25,26.43
660,27.25,26.43
155,27.25,26.43
772,27.25,26.43
442,27.25,26.43
313,27.25,26.43
219,27.25,26.43
390,27.25,26.43
371,27.25,26.43
456,27.25,26.43
461,27.25,26.43
421,27.25,26.43
617,27.25,26.43
685,27.25,26.43
474,27.25,26.43
515,27.25,26.43
482,27.25,26.43
513,27.25,26.43
674,27.25,26.43
142,27.25,26.43
628,27.25,26.43
318,27.25,26.43
511,27.25,26.43
226,27.25,26.43
518,27.25,26.43
419,27.25,26.43
548,27.25,26.43
774,27.25,26.43
541,27.25,26.43
695,27.25,26.59
408,27.25,26.59
644,27.25,26.59
423,27.25,26.59
142,27.25,26.59
188,27.25,26.59
712,27.25,26.59
441,27.25,26.59
296,27.25,26.59
606,27.25,26.59
493,27.25,26.59
519,27.25,26.59
424,27.25,26.59
704,27.25,26.59
149,27.25,26.59
903,27.25,26.59
346,27.25,26.59
786,27.25,26.59
447,27.25,26.59
674,27.25,26.59
834,27.25,26.59
305,27.25,26.59
697,27.25,26.59
598,27.25,26.59
789,27.25,26.59
423,27.25,26.59
710,27.25,26.59
535,27.25,26.59
490,27.25,26.59
367,27.25,26.59
758,27.25,26.59
278,27.25,26.59
647,27.25,26.59
461,27.25,26.59
584,27.25,26.59
631,27.25,26.59
546,27.23,26.59
765,27.23,26.59
296,27.23,26.59
756,27.23,26.59
358,27.23,26.59
799,27.23,26.59
353,27.23,26.59
565,27.23,26.59
574,27.23,26.59
432,27.23,26.59
408,27.23,26.59
871,27.23,26.59
477,27.23,26.59
328,27.23,26.59
587,27.23,26.59
563,27.23,26.59
365,27.23,26.59
571,27.23,26.59
677,27.23,26.59
376,27.23,26.59
817,27.23,26.59
453,27.23,26.59
810,27.23,26.59
277,27.23,26.59
691,27.23,26.43
357,27.23,26.43
277,27.23,26.43
712,27.23,26.43
124,27.23,26.43
859,27.23,26.43
385,27.23,26.43
537,27.23,26.43
721,27.23,26.43
516,27.23,26.43
236,27.23,26.43
873,27.23,26.43
404,27.23,26.43
263,27.23,26.43
121,27.23,26.43
773,27.23,26.43
242,27.23,26.43
473,27.23,26.43
500,27.23,26.43
451,27.23,26.43
665,27.23,26.43
223,27.23,26.43
813,27.23,26.43
278,27.23,26.43
449,27.23,26.43
576,27.23,26.43
666,27.23,26.43
495,27.23,26.43
