144,28.95,27.75
784,28.95,27.75
258,28.95,27.75
615,28.95,27.75
558,28.95,27.75
602,28.95,27.75
813,28.95,27.75
409,28.95,27.75
750,28.95,27.75
350,28.95,27.75
729,28.95,27.75
343,28.95,27.75
544,28.95,27.75
499,28.95,27.75
689,28.95,27.75
617,28.95,27.75
580,28.95,27.75
297,28.95,27.75
757,28.95,27.75
452,28.95,27.75
412,28.95,27.75
875,28.95,27.75
271,28.95,27.75
811,28.95,27.75
527,28.95,27.75
839,28.95,27.75
578,28.95,27.75
876,28.95,27.75
281,28.95,27.75
772,28.95,27.75
602,28.95,27.75
542,28.95,27.75
877,28.95,27.75
381,28.95,27.75
576,28.95,27.75
464,28.97,27.75
439,28.97,27.75
278,28.97,27.75
874,28.97,27.75
236,28.97,27.75
761,28.97,27.75
450,28.97,27.75
774,28.97,27.75
429,28.97,27.75
873,28.97,27.75
435,28.97,27.75
443,28.97,27.75
878,28.97,27.75
372,28.97,27.75
877,28.97,27.75
305,28.97,27.75
594,28.97,27.75
433,28.97,27.75
737,28.97,27.75
269,28.97,27.75
754,28.97,27.75
530,28.97,27.75
402,28.97,27.75
263,28.97,27.75
380,28.97,27.73
487,28.97,27.73
121,28.97,27.73
591,28.97,27.73
296,28.97,27.73
400,28.97,27.73
434,28.97,27.73
768,28.97,27.73
179,28.97,27.73
722,28.97,27.73
366,28.97,27.73
443,28.97,27.73
633,28.97,27.73
317,28.97,27.73
653,28.97,27.73
237,28.97,27.73
428,28.97,27.73
250,28.97,27.73
713,28.97,27.73
179,28.97,27.73
441,28.97,27.73
517,28.97,27.73
535,28.97,27.73
121,28.97,27.73
685,28.97,27.73
223,28.97,27.73
600,28.97,27.73
400,28.97,27.73
340,28.97,27.73
617,28.97,27.73
123,28.97,27.73
762,28.97,27.73
458,28.97,27.73
582,28.97,27.73
467,28.97,27.73
654,28.97,27.73
418,28.99,27.73
676,28.99,27.73
472,28.99,27.73
355,28.99,27.73
407,28.99,27.73
267,28.99,27.73
512,28.99,27.73
421,28.99,27.73
566,28.99,27.73
480,28.99,27.73
317,28.99,27.73
340,28.99,27.73
698,28.99,27.73
513,28.99,27.73
550,28.99,27.73
494,28.99,27.73
671,28.99,27.73
726,28.99,27.73
471,28.99,27.73
464,28.99,27.73
526,28.99,27.73
485,28.99,27.73
273,28.99,27.73
770,28.99,27.73
302,28.99,27.73
415,28.99,27.73
634,28.99,27.73
545,28.99,27.73
469,28.99,27.73
517,28.99,27.73
530,28.99,27.73
622,28.99,27.73
587,28.99,27.73
557,28.99,27.73
553,28.99,27.73
711,28.99,27.73
656,28.99,27.73
366,28.99,27.73
876,28.99,27.73
123,28.99,27.73
472,28.99,27.73
619,28.99,27.73
236,28.99,27.73
467,28.99,27.73
390,28.99,27.73
618,28.99,27.73
212,28.99,27.73
830,28.99,27.73
180,28.99,27.73
473,28.99,27.73
473,28.99,27.73
595,28.99,27.73
322,28.99,27.73
620,28.99,27.73
388,28.99,27.73
643,28.99,27.73
180,28.99,27.73
620,28.99,27.73
466,28.99,27.73
375,28.99,27.73
644,28.99,27.73
324,28.99,27.73
864,28.99,27.73
443,28.99,27.73
792,28.99,27.73
367,28.99,27.73
603,28.99,27.73
125,28.99,27.73
628,28.99,27.73
469,28.99,27.73
486,28.99,27.73
681,28.99,27.73
282,28.99,27.73
304,28.99,27.73
400,28.99,27.73
650,28.99,27.73
355,28.99,27.73
627,28.99,27.73
120,28.99,27.73
803,28.99,27.73
121,28.99,27.73
846,28.99,27.73
608,28.99,27.73
460,28.99,27.73
489,28.99,27.75
399,28.99,27.75
738,28.99,27.75
496,28.99,27.75
604,28.99,27.75
490,28.99,27.75
743,28.99,27.75
300,28.99,27.75
545,28.99,27.75
800,28.99,27.75
534,28.99,27.75
374,28.99,27.75
866,28.99,27.75
544,28.99,27.75
384,28.99,27.75
592,28.99,27.75
782,28.99,27.75
582,28.99,27.75
257,28.99,27.75
753,28.99,27.75
120,28.99,27.75
614,28.99,27.75
299,28.99,27.75
735,28.99,27.75
509,28.99,27.75
474,28.99,27.75
827,28.99,27.75
695,28.99,27.75
343,28.99,27.75
488,28.99,27.75
877,28.99,27.75
420,28.99,27.75
448,28.99,27.75
768,28.99,27.75
673,28.99,27.75
540,28.99,27.75
667,28.99,27.75
343,28.99,27.75
845,28.99,27.75
141,28.99,27.75
806,28.99,27.75
483,28.99,27.75
175,28.99,27.75
686,28.99,27.75
385,28.99,27.75
526,28.99,27.75
251,28.99,27.75
658,28.99,27.75
688,28.99,27.75
397,28.99,27.75
500,28.99,27.75
660,28.99,27.75
423,28.99,27.75
205,28.99,27.75
454,28.99,27.75
406,28.99,27.75
166,28.99,27.75
596,28.99,27.75
476,28.99,27.75
139,28.99,27.75
676,28.99,27.73
270,28.99,27.73
874,28.99,27.73
133,28.99,27.73
480,28.99,27.73
636,28.99,27.73
529,28.99,27.73
593,28.99,27.73
476,28.99,27.73
465,28.99,27.73
234,28.99,27.73
411,28.99,27.73
510,28.99,27.73
466,28.99,27.73
356,28.99,27.73
873,28.99,27.73
317,28.99,27.73
612,28.99,27.73
361,28.99,27.73
780,28.99,27.73
301,28.99,27.73
732,28.99,27.73
517,28.99,27.73
407,28.99,27.73
683,28.99,27.73
244,28.99,27.73
774,28.99,27.73
121,28.99,27.73
831,28.99,27.73
297,28.99,27.73
501,28.99,27.73
298,28.99,27.73
823,28.99,27.73
148,28.99,27.73
761,28.99,27.73
551,28.99,27.73
450,28.95,27.73
493,28.95,27.73
232,28.95,27.73
612,28.95,27.73
565,28.95,27.73
640,28.95,27.73
229,28.95,27.73
877,28.95,27.73
218,28.95,27.73
779,28.95,27.73
241,28.95,27.73
751,28.95,27.73
376,28.95,27.73
457,28.95,27.73
508,28.95,27.73
438,28.95,27.73
579,28.95,27.73
778,28.95,27.73
745,28.95,27.73
421,28.95,27.73
711,28.95,27.73
332,28.95,27.73
851,28.95,27.73
314,28.95,27.69
755,28.95,27.69
462,28.95,27.69
797,28.95,27.69
590,28.95,27.69
750,28.95,27.69
568,28.95,27.69
121,28.95,27.69
687,28.95,27.69
429,28.95,27.69
454,28.95,27.69
378,28.95,27.69
706,28.95,27.69
395,28.95,27.69
422,28.95,27.69
652,28.95,27.69
553,28.95,27.69
334,28.95,27.69
633,28.95,27.69
633,28.95,27.69
648,28.95,27.69
300,28.95,27.69
642,28.95,27.69
400,28.95,27.69
231,28.95,27.69
523,28.95,27.69
489,28.95,27.69
425,28.95,27.69
187,28.95,27.69
515,28.95,27.69
529,28.95,27.69
312,28.95,27.69
669,28.95,27.69
376,28.95,27.69
704,28.95,27.69
353,28.95,27.69
577,28.95,27.69
378,28.99,27.69
182,28.99,27.69
598,28.99,27.69
329,28.99,27.69
127,28.99,27.69
497,28.99,27.69
658,28.99,27.69
219,28.99,27.69
569,28.99,27.69
315,28.99,27.69
560,28.99,27.69
531,28.99,27.69
193,28.99,27.69
328,28.99,27.69
673,28.99,27.69
301,28.99,27.69
738,28.99,27.69
724,28.99,27.69
236,28.99,27.69
491,28.99,27.69
439,28.99,27.69
573,28.99,27.69
122,28.99,27.69
538,28.99,28.07
517,28.99,28.07
469,28.99,28.07
225,28.99,28.07
395,28.99,28.07
738,28.99,28.07
332,28.99,28.07
685,28.99,28.07
431,28.99,28.07
644,28.99,28.07
326,28.99,28.07
647,28.99,28.07
285,28.99,28.07
398,28.99,28.07
456,28.99,28.07
594,28.99,28.07
265,28.99,28.07
526,28.99,28.07
505,28.99,28.07
269,28.99,28.07
722,28.99,28.07
184,28.99,28.07
861,28.99,28.07
209,28.99,28.07
645,28.99,28.07
449,28.99,28.07
434,28.99,28.07
623,28.99,28.07
184,28.99,28.07
369,28.99,28.07
356,28.99,28.07
600,28.99,28.07
119,28.99,28.07
633,28.99,28.07
305,28.99,28.07
546,28.99,28.07
644,28.99,28.07
388,28.97,28.07
460,28.97,28.07
704,28.97,28.07
531,28.97,28.07
382,28.97,28.07
585,28.97,28.07
433,28.97,28.07
679,28.97,28.07
124,28.97,28.07
786,28.97,28.07
176,28.97,28.07
759,28.97,28.07
483,28.97,28.07
641,28.97,28.07
363,28.97,28.07
186,28.97,28.07
874,28.97,28.07
137,28.97,28.07
700,28.97,28.07
306,28.97,28.07
693,28.97,28.07
468,28.97,28.07
586,28.97,28.07
