294,28.57,27.43
482,28.57,27.43
327,28.57,27.43
124,28.57,27.43
520,28.57,27.43
708,28.57,27.43
872,28.57,27.43
207,28.59,27.43
454,28.59,27.43
120,28.59,27.43
777,28.59,27.43
171,28.59,27.43
445,28.59,27.43
292,28.59,27.43
625,28.59,27.43
551,28.59,27.43
484,28.59,27.43
570,28.59,27.43
365,28.59,27.43
609,28.59,27.43
347,28.59,27.43
867,28.59,27.43
119,28.59,27.43
755,28.59,27.43
198,28.59,27.43
856,28.59,27.43
173,28.59,27.43
828,28.59,27.43
435,28.59,27.43
452,28.59,27.43
553,28.59,27.43
292,28.59,27.49
666,28.59,27.49
183,28.59,27.49
641,28.59,27.49
457,28.59,27.49
600,28.59,27.49
322,28.59,27.49
873,28.59,27.49
357,28.59,27.49
601,28.59,27.49
389,28.59,27.49
836,28.59,27.49
539,28.59,27.49
636,28.59,27.49
498,28.59,27.49
410,28.59,27.49
661,28.59,27.49
125,28.59,27.49
765,28.59,27.49
333,28.59,27.49
707,28.59,27.49
431,28.59,27.49
823,28.59,27.49
568,28.59,27.49
749,28.59,27.49
680,28.59,27.49
571,28.59,27.49
397,28.59,27.49
744,28.59,27.49
469,28.59,27.49
497,28.59,27.49
560,28.59,27.49
564,28.59,27.49
814,28.59,27.49
270,28.59,27.49
860,28.59,27.49
449,28.59,27.49
588,28.59,27.49
486,28.59,27.49
667,28.59,27.49
432,28.59,27.49
429,28.59,27.49
676,28.59,27.49
275,28.59,27.49
740,28.59,27.49
353,28.59,27.49
848,28.59,27.49
660,28.59,27.49
209,28.59,27.49
708,28.59,27.49
443,28.59,27.49
532,28.59,27.49
171,28.59,27.49
649,28.59,27.49
477,28.59,27.49
609,28.59,27.49
473,28.59,27.49
558,28.59,27.49
359,28.59,27.49
516,28.59,27.49
472,28.59,27.43
483,28.59,27.43
431,28.59,27.43
398,28.59,27.43
616,28.59,27.43
125,28.59,27.43
657,28.59,27.43
517,28.59,27.43
356,28.59,27.43
355,28.59,27.43
626,28.59,27.43
463,28.59,27.43
628,28.59,27.43
700,28.59,27.43
305,28.59,27.43
665,28.59,27.43
268,28.59,27.43
541,28.59,27.43
413,28.59,27.43
675,28.59,27.43
334,28.59,27.43
788,28.59,27.43
276,28.59,27.43
508,28.59,27.43
533,28.59,27.43
583,28.59,27.43
285,28.59,27.43
429,28.59,27.43
618,28.59,27.43
244,28.59,27.43
630,28.59,27.43
259,28.59,27.43
595,28.59,27.43
257,28.59,27.43
706,28.59,27.43
350,28.59,27.43
285,28.57,27.43
537,28.57,27.43
432,28.57,27.43
272,28.57,27.43
342,28.57,27.43
230,28.57,27.43
559,28.57,27.43
560,28.57,27.43
195,28.57,27.43
523,28.57,27.43
327,28.57,27.43
410,28.57,27.43
370,28.57,27.43
854,28.57,27.43
221,28.57,27.43
856,28.57,27.43
384,28.57,27.43
498,28.57,27.43
545,28.57,27.43
184,28.57,27.43
584,28.57,27.43
524,28.57,27.43
524,28.57,27.43
440,28.57,27.43
591,28.57,27.47
430,28.57,27.47
668,28.57,27.47
165,28.57,27.47
671,28.57,27.47
432,28.57,27.47
866,28.57,27.47
135,28.57,27.47
730,28.57,27.47
650,28.57,27.47
788,28.57,27.47
772,28.57,27.47
172,28.57,27.47
874,28.57,27.47
133,28.57,27.47
607,28.57,27.47
334,28.57,27.47
807,28.57,27.47
356,28.57,27.47
431,28.57,27.47
701,28.57,27.47
496,28.57,27.47
395,28.57,27.47
575,28.57,27.47
651,28.57,27.47
153,28.57,27.47
447,28.57,27.47
582,28.57,27.47
678,28.57,27.47
154,28.57,27.47
734,28.57,27.47
268,28.57,27.47
557,28.57,27.47
277,28.57,27.47
775,28.57,27.47
270,28.57,27.47
345,28.57,27.47
567,28.57,27.47
393,28.57,27.47
720,28.57,27.47
186,28.57,27.47
595,28.57,27.47
516,28.57,27.47
463,28.57,27.47
725,28.57,27.47
728,28.57,27.47
293,28.57,27.47
655,28.57,27.47
393,28.57,27.47
609,28.57,27.47
331,28.57,27.47
650,28.57,27.47
499,28.57,27.47
284,28.57,27.47
402,28.57,27.47
269,28.57,27.47
572,28.57,27.47
182,28.57,27.47
592,28.57,27.47
344,28.57,27.47
477,28.57,27.49
546,28.57,27.49
407,28.57,27.49
568,28.57,27.49
247,28.57,27.49
359,28.57,27.49
464,28.57,27.49
320,28.57,27.49
467,28.57,27.49
745,28.57,27.49
308,28.57,27.49
523,28.57,27.49
433,28.57,27.49
693,28.57,27.49
280,28.57,27.49
519,28.57,27.49
489,28.57,27.49
505,28.57,27.49
664,28.57,27.49
296,28.57,27.49
465,28.57,27.49
402,28.57,27.49
653,28.57,27.49
311,28.57,27.49
400,28.57,27.49
683,28.57,27.49
681,28.57,27.49
597,28.57,27.49
520,28.57,27.49
690,28.57,27.49
480,28.57,27.49
503,28.57,27.49
813,28.57,27.49
636,28.57,27.49
257,28.57,27.49
721,28.57,27.49
382,28.57,27.49
737,28.57,27.49
270,28.57,27.49
755,28.57,27.49
675,28.57,27.49
360,28.57,27.49
409,28.57,27.49
690,28.57,27.49
728,28.57,27.49
270,28.57,27.49
682,28.57,27.49
279,28.57,27.49
651,28.57,27.49
280,28.57,27.49
702,28.57,27.49
484,28.57,27.49
677,28.57,27.49
342,28.57,27.49
876,28.57,27.49
359,28.57,27.49
389,28.57,27.49
793,28.57,27.49
427,28.57,27.49
527,28.57,27.49
120,28.57,27.67
647,28.57,27.67
224,28.57,27.67
721,28.57,27.67
352,28.57,27.67
668,28.57,27.67
369,28.57,27.67
622,28.57,27.67
610,28.57,27.67
527,28.57,27.67
321,28.57,27.67
549,28.57,27.67
240,28.57,27.67
370,28.57,27.67
476,28.57,27.67
405,28.57,27.67
713,28.57,27.67
120,28.57,27.67
876,28.57,27.67
165,28.57,27.67
548,28.57,27.67
603,28.57,27.67
529,28.57,27.67
324,28.57,27.67
604,28.57,27.67
770,28.57,27.67
274,28.57,27.67
668,28.57,27.67
120,28.57,27.67
500,28.57,27.67
340,28.57,27.67
405,28.57,27.67
339,28.57,27.67
592,28.57,27.67
237,28.57,27.67
123,28.57,27.67
621,28.55,27.67
626,28.55,27.67
373,28.55,27.67
479,28.55,27.67
725,28.55,27.67
124,28.55,27.67
711,28.55,27.67
294,28.55,27.67
509,28.55,27.67
123,28.55,27.67
821,28.55,27.67
302,28.55,27.67
372,28.55,27.67
706,28.55,27.67
435,28.55,27.67
763,28.55,27.67
121,28.55,27.67
783,28.55,27.67
640,28.55,27.67
610,28.55,27.67
624,28.55,27.67
427,28.55,27.67
259,28.55,27.67
540,28.55,27.67
298,28.55,27.29
589,28.55,27.29
301,28.55,27.29
593,28.55,27.29
625,28.55,27.29
168,28.55,27.29
746,28.55,27.29
207,28.55,27.29
610,28.55,27.29
357,28.55,27.29
759,28.55,27.29
364,28.55,27.29
648,28.55,27.29
341,28.55,27.29
669,28.55,27.29
644,28.55,27.29
330,28.55,27.29
565,28.55,27.29
511,28.55,27.29
634,28.55,27.29
331,28.55,27.29
870,28.55,27.29
120,28.55,27.29
864,28.55,27.29
168,28.55,27.29
627,28.55,27.29
130,28.55,27.29
484,28.55,27.29
350,28.55,27.29
682,28.55,27.29
401,28.55,27.29
258,28.55,27.29
627,28.55,27.29
377,28.55,27.29
582,28.55,27.29
226,28.55,27.29
640,28.61,27.29
129,28.61,27.29
495,28.61,27.29
126,28.61,27.29
392,28.61,27.29
222,28.61,27.29
833,28.61,27.29
384,28.61,27.29
652,28.61,27.29
603,28.61,27.29
438,28.61,27.29
613,28.61,27.29
309,28.61,27.29
662,28.61,27.29
120,28.61,27.29
713,28.61,27.29
349,28.61,27.29
550,28.61,27.29
124,28.61,27.29
491,28.61,27.29
169,28.61,27.29
370,28.61,27.29
354,28.61,27.29
534,28.61,27.29
583,28.61,27.59
240,28.61,27.59
700,28.61,27.59
388,28.61,27.59
519,28.61,27.59
140,28.61,27.59
605,28.61,27.59
126,28.61,27.59
718,28.61,27.59
352,28.61,27.59
361,28.61,27.59
428,28.61,27.59
515,28.61,27.59
674,28.61,27.59
339,28.61,27.59
492,28.61,27.59
365,28.61,27.59
733,28.61,27.59
339,28.61,27.59
657,28.61,27.59
631,28.61,27.59
665,28.61,27.59
566,28.61,27.59
740,28.61,27.59
212,28.61,27.59
574,28.61,27.59
660,28.61,27.59
