252,27.37,26.65
452,27.37,26.65
123,27.37,26.65
607,27.37,26.65
874,27.37,26.65
488,27.37,26.65
752,27.37,26.65
584,27.37,26.65
580,27.37,26.65
120,27.37,26.65
666,27.37,26.65
474,27.37,26.65
405,27.37,26.65
512,27.37,26.65
602,27.37,26.65
133,27.37,26.65
737,27.37,26.65
395,27.37,26.65
387,27.37,26.65
352,27.37,26.65
616,27.37,26.65
756,27.37,26.65
366,27.37,26.65
470,27.37,26.65
535,27.37,26.65
827,27.37,26.65
406,27.37,26.65
859,27.37,26.65
479,27.37,26.65
421,27.37,26.65
661,27.37,26.65
563,27.37,26.65
441,27.37,26.65
304,27.37,26.65
675,27.37,26.65
418,27.41,26.65
664,27.41,26.65
606,27.41,26.65
681,27.41,26.65
227,27.41,26.65
797,27.41,26.65
314,27.41,26.65
723,27.41,26.65
528,27.41,26.65
563,27.41,26.65
605,27.41,26.65
378,27.41,26.65
617,27.41,26.65
479,27.41,26.65
510,27.41,26.65
303,27.41,26.65
827,27.41,26.65
484,27.41,26.65
581,27.41,26.65
657,27.41,26.65
668,27.41,26.65
289,27.41,26.65
698,27.41,26.65
517,27.41,26.49
402,27.41,26.49
456,27.41,26.49
641,27.41,26.49
448,27.41,26.49
130,27.41,26.49
710,27.41,26.49
271,27.41,26.49
648,27.41,26.49
308,27.41,26.49
627,27.41,26.49
692,27.41,26.49
226,27.41,26.49
546,27.41,26.49
457,27.41,26.49
692,27.41,26.49
251,27.41,26.49
796,27.41,26.49
382,27.41,26.49
252,27.41,26.49
467,27.41,26.49
388,27.41,26.49
384,27.41,26.49
318,27.41,26.49
315,27.41,26.49
791,27.41,26.49
176,27.41,26.49
492,27.41,26.49
670,27.41,26.49
226,27.41,26.49
468,27.41,26.49
294,27.41,26.49
564,27.41,26.49
265,27.41,26.49
409,27.41,26.49
563,27.41,26.49
468,27.41,26.49
313,27.35,26.49
480,27.35,26.49
532,27.35,26.49
367,27.35,26.49
635,27.35,26.49
457,27.35,26.49
691,27.35,26.49
413,27.35,26.49
560,27.35,26.49
514,27.35,26.49
660,27.35,26.49
127,27.35,26.49
567,27.35,26.49
556,27.35,26.49
785,27.35,26.49
532,27.35,26.49
541,27.35,26.49
415,27.35,26.49
362,27.35,26.49
874,27.35,26.49
302,27.35,26.49
783,27.35,26.49
253,27.35,26.49
843,27.35,26.53
407,27.35,26.53
642,27.35,26.53
478,27.35,26.53
869,27.35,26.53
453,27.35,26.53
531,27.35,26.53
549,27.35,26.53
509,27.35,26.53
695,27.35,26.53
564,27.35,26.53
408,27.35,26.53
121,27.35,26.53
874,27.35,26.53
300,27.35,26.53
499,27.35,26.53
387,27.35,26.53
418,27.35,26.53
864,27.35,26.53
437,27.35,26.53
537,27.35,26.53
375,27.35,26.53
695,27.35,26.53
397,27.35,26.53
756,27.35,26.53
596,27.35,26.53
562,27.35,26.53
469,27.35,26.53
666,27.35,26.53
122,27.35,26.53
806,27.35,26.53
413,27.35,26.53
699,27.35,26.53
469,27.35,26.53
204,27.35,26.53
377,27.35,26.53
419,27.35,26.53
579,27.37,26.53
126,27.37,26.53
548,27.37,26.53
359,27.37,26.53
536,27.37,26.53
535,27.37,26.53
389,27.37,26.53
376,27.37,26.53
406,27.37,26.53
362,27.37,26.53
557,27.37,26.53
328,27.37,26.53
680,27.37,26.53
375,27.37,26.53
551,27.37,26.53
806,27.37,26.53
123,27.37,26.53
806,27.37,26.53
317,27.37,26.53
742,27.37,26.53
121,27.37,26.53
353,27.37,26.53
352,27.37,26.53
565,27.37,26.61
687,27.37,26.61
357,27.37,26.61
427,27.37,26.61
406,27.37,26.61
548,27.37,26.61
123,27.37,26.61
511,27.37,26.61
354,27.37,26.61
816,27.37,26.61
501,27.37,26.61
829,27.37,26.61
399,27.37,26.61
770,27.37,26.61
390,27.37,26.61
584,27.37,26.61
357,27.37,26.61
459,27.37,26.61
774,27.37,26.61
380,27.37,26.61
765,27.37,26.61
453,27.37,26.61
643,27.37,26.61
624,27.37,26.61
665,27.37,26.61
346,27.37,26.61
656,27.37,26.61
677,27.37,26.61
409,27.37,26.61
875,27.37,26.61
660,27.37,26.61
644,27.37,26.61
641,27.37,26.61
644,27.37,26.61
345,27.37,26.61
579,27.37,26.61
317,27.37,26.61
862,27.39,26.61
464,27.39,26.61
621,27.39,26.61
480,27.39,26.61
434,27.39,26.61
515,27.39,26.61
433,27.39,26.61
785,27.39,26.61
598,27.39,26.61
561,27.39,26.61
679,27.39,26.61
788,27.39,26.61
620,27.39,26.61
365,27.39,26.61
736,27.39,26.61
455,27.39,26.61
368,27.39,26.61
556,27.39,26.61
342,27.39,26.61
562,27.39,26.61
559,27.39,26.61
412,27.39,26.61
756,27.39,26.61
121,27.39,26.43
830,27.39,26.43
424,27.39,26.43
773,27.39,26.43
247,27.39,26.43
857,27.39,26.43
538,27.39,26.43
200,27.39,26.43
577,27.39,26.43
276,27.39,26.43
492,27.39,26.43
290,27.39,26.43
528,27.39,26.43
122,27.39,26.43
717,27.39,26.43
192,27.39,26.43
751,27.39,26.43
350,27.39,26.43
598,27.39,26.43
490,27.39,26.43
631,27.39,26.43
152,27.39,26.43
536,27.39,26.43
550,27.39,26.43
162,27.39,26.43
687,27.39,26.43
121,27.39,26.43
598,27.39,26.43
357,27.39,26.43
505,27.39,26.43
401,27.39,26.43
588,27.39,26.43
524,27.39,26.43
745,27.39,26.43
433,27.39,26.43
291,27.39,26.43
364,27.39,26.43
561,27.35,26.43
659,27.35,26.43
267,27.35,26.43
659,27.35,26.43
312,27.35,26.43
586,27.35,26.43
131,27.35,26.43
713,27.35,26.43
207,27.35,26.43
718,27.35,26.43
585,27.35,26.43
286,27.35,26.43
780,27.35,26.43
394,27.35,26.43
583,27.35,26.43
384,27.35,26.43
551,27.35,26.43
554,27.35,26.43
655,27.35,26.43
625,27.35,26.43
550,27.35,26.43
590,27.35,26.43
532,27.35,26.43
584,27.35,26.43
781,27.35,26.43
309,27.35,26.43
412,27.35,26.43
677,27.35,26.43
284,27.35,26.43
589,27.35,26.43
666,27.35,26.43
874,27.35,26.43
526,27.35,26.43
670,27.35,26.43
196,27.35,26.43
604,27.35,26.43
634,27.35,26.43
287,27.35,26.43
672,27.35,26.43
478,27.35,26.43
433,27.35,26.43
522,27.35,26.43
537,27.35,26.43
515,27.35,26.43
404,27.35,26.43
713,27.35,26.43
446,27.35,26.43
341,27.35,26.43
559,27.35,26.43
680,27.35,26.43
739,27.35,26.43
512,27.35,26.43
236,27.35,26.43
873,27.35,26.43
374,27.35,26.43
709,27.35,26.43
268,27.35,26.43
466,27.35,26.43
235,27.35,26.43
401,27.35,26.43
413,27.37,26.43
129,27.37,26.43
489,27.37,26.43
640,27.37,26.43
419,27.37,26.43
126,27.37,26.43
699,27.37,26.43
289,27.37,26.43
801,27.37,26.43
355,27.37,26.43
384,27.37,26.43
463,27.37,26.43
759,27.37,26.43
345,27.37,26.43
470,27.37,26.43
458,27.37,26.43
123,27.37,26.43
723,27.37,26.43
252,27.37,26.43
622,27.37,26.43
742,27.37,26.43
632,27.37,26.43
237,27.37,26.43
634,27.37,26.43
333,27.37,26.29
413,27.37,26.29
380,27.37,26.29
444,27.37,26.29
283,27.37,26.29
344,27.37,26.29
510,27.37,26.29
368,27.37,26.29
470,27.37,26.29
121,27.37,26.29
611,27.37,26.29
214,27.37,26.29
802,27.37,26.29
223,27.37,26.29
819,27.37,26.29
259,27.37,26.29
504,27.37,26.29
737,27.37,26.29
439,27.37,26.29
619,27.37,26.29
718,27.37,26.29
310,27.37,26.29
311,27.37,26.29
734,27.37,26.29
447,27.37,26.29
645,27.37,26.29
205,27.37,26.29
746,27.37,26.29
478,27.37,26.29
676,27.37,26.29
201,27.37,26.29
672,27.37,26.29
429,27.37,26.29
458,27.37,26.29
677,27.37,26.29
440,27.37,26.29
756,27.37,26.29
448,27.37,26.29
873,27.37,26.29
150,27.37,26.29
572,27.37,26.29
674,27.37,26.29
651,27.37,26.29
457,27.37,26.29
635,27.37,26.29
529,27.37,26.29
511,27.37,26.29
234,27.37,26.29
679,27.37,26.29
746,27.37,26.29
486,27.37,26.29
416,27.37,26.29
400,27.37,26.29
734,27.37,26.29
319,27.37,26.29
864,27.37,26.29
515,27.37,26.29
381,27.37,26.29
366,27.37,26.29
307,27.37,26.29
