237,28.89,27.63
452,28.89,27.63
619,28.89,27.63
234,28.89,27.63
871,28.89,27.63
719,28.89,27.63
786,28.89,27.63
414,28.89,27.63
447,28.89,27.63
534,28.89,27.63
495,28.89,27.63
710,28.89,27.63
464,28.89,27.63
878,28.89,27.63
532,28.89,27.63
470,28.89,27.63
782,28.89,27.63
679,28.89,27.63
328,28.89,27.63
720,28.89,27.63
133,28.89,27.63
524,28.89,27.63
609,28.89,27.63
774,28.89,27.61
420,28.89,27.61
656,28.89,27.61
698,28.89,27.61
676,28.89,27.61
834,28.89,27.61
198,28.89,27.61
877,28.89,27.61
166,28.89,27.61
689,28.89,27.61
556,28.89,27.61
673,28.89,27.61
445,28.89,27.61
393,28.89,27.61
682,28.89,27.61
218,28.89,27.61
238,28.89,27.61
645,28.89,27.61
518,28.89,27.61
359,28.89,27.61
777,28.89,27.61
324,28.89,27.61
421,28.89,27.61
131,28.89,27.61
781,28.89,27.61
120,28.89,27.61
587,28.89,27.61
323,28.89,27.61
737,28.89,27.61
594,28.89,27.61
136,28.89,27.61
876,28.89,27.61
189,28.89,27.61
229,28.89,27.61
383,28.89,27.61
769,28.89,27.61
307,28.89,27.61
617,28.89,27.61
519,28.89,27.61
440,28.89,27.61
239,28.89,27.61
875,28.89,27.61
133,28.89,27.61
546,28.89,27.61
250,28.89,27.61
523,28.89,27.61
862,28.89,27.61
119,28.89,27.61
715,28.89,27.61
554,28.89,27.61
804,28.89,27.61
140,28.89,27.61
640,28.89,27.61
381,28.89,27.61
527,28.89,27.61
442,28.89,27.61
647,28.89,27.61
335,28.89,27.61
621,28.89,27.61
465,28.89,27.49
612,28.89,27.49
287,28.89,27.49
121,28.89,27.49
841,28.89,27.49
415,28.89,27.49
582,28.89,27.49
291,28.89,27.49
876,28.89,27.49
407,28.89,27.49
676,28.89,27.49
548,28.89,27.49
558,28.89,27.49
616,28.89,27.49
536,28.89,27.49
448,28.89,27.49
174,28.89,27.49
529,28.89,27.49
685,28.89,27.49
530,28.89,27.49
521,28.89,27.49
819,28.89,27.49
421,28.89,27.49
735,28.89,27.49
463,28.89,27.49
750,28.89,27.49
783,28.89,27.49
351,28.89,27.49
786,28.89,27.49
524,28.89,27.49
469,28.89,27.49
252,28.89,27.49
690,28.89,27.49
243,28.89,27.49
722,28.89,27.49
420,28.89,27.49
407,28.89,27.49
547,28.87,27.49
162,28.87,27.49
449,28.87,27.49
438,28.87,27.49
475,28.87,27.49
720,28.87,27.49
594,28.87,27.49
581,28.87,27.49
754,28.87,27.49
536,28.87,27.49
795,28.87,27.49
426,28.87,27.49
437,28.87,27.49
466,28.87,27.49
141,28.87,27.49
453,28.87,27.49
408,28.87,27.49
497,28.87,27.49
289,28.87,27.49
666,28.87,27.49
243,28.87,27.49
771,28.87,27.49
540,28.87,27.49
464,28.87,27.73
752,28.87,27.73
334,28.87,27.73
679,28.87,27.73
369,28.87,27.73
624,28.87,27.73
185,28.87,27.73
651,28.87,27.73
304,28.87,27.73
654,28.87,27.73
381,28.87,27.73
515,28.87,27.73
390,28.87,27.73
381,28.87,27.73
687,28.87,27.73
396,28.87,27.73
698,28.87,27.73
570,28.87,27.73
632,28.87,27.73
182,28.87,27.73
821,28.87,27.73
130,28.87,27.73
562,28.87,27.73
334,28.87,27.73
123,28.87,27.73
518,28.87,27.73
128,28.87,27.73
793,28.87,27.73
450,28.87,27.73
433,28.87,27.73
235,28.87,27.73
766,28.87,27.73
364,28.87,27.73
548,28.87,27.73
129,28.87,27.73
695,28.87,27.73
292,28.87,27.73
339,28.87,27.73
361,28.87,27.73
533,28.87,27.73
389,28.87,27.73
261,28.87,27.73
619,28.87,27.73
186,28.87,27.73
682,28.87,27.73
379,28.87,27.73
652,28.87,27.73
120,28.87,27.73
731,28.87,27.73
547,28.87,27.73
457,28.87,27.73
549,28.87,27.73
770,28.87,27.73
425,28.87,27.73
662,28.87,27.73
415,28.87,27.73
680,28.87,27.73
709,28.87,27.73
365,28.87,27.73
742,28.87,27.73
383,28.87,27.81
735,28.87,27.81
211,28.87,27.81
872,28.87,27.81
321,28.87,27.81
643,28.87,27.81
686,28.87,27.81
508,28.87,27.81
567,28.87,27.81
340,28.87,27.81
877,28.87,27.81
257,28.87,27.81
539,28.87,27.81
612,28.87,27.81
474,28.87,27.81
639,28.87,27.81
803,28.87,27.81
263,28.87,27.81
644,28.87,27.81
126,28.87,27.81
596,28.87,27.81
566,28.87,27.81
279,28.87,27.81
544,28.87,27.81
757,28.87,27.81
876,28.87,27.81
182,28.87,27.81
871,28.87,27.81
605,28.87,27.81
620,28.87,27.81
501,28.87,27.81
365,28.87,27.81
418,28.87,27.81
370,28.87,27.81
844,28.87,27.81
397,28.87,27.81
495,28.87,27.81
343,28.87,27.81
655,28.87,27.81
591,28.87,27.81
552,28.87,27.81
271,28.87,27.81
876,28.87,27.81
497,28.87,27.81
397,28.87,27.81
250,28.87,27.81
644,28.87,27.81
412,28.87,27.81
489,28.87,27.81
572,28.87,27.81
119,28.87,27.81
839,28.87,27.81
205,28.87,27.81
485,28.87,27.81
342,28.87,27.81
545,28.87,27.81
555,28.87,27.81
678,28.87,27.81
176,28.87,27.81
428,28.87,27.81
327,28.87,27.63
313,28.87,27.63
474,28.87,27.63
395,28.87,27.63
555,28.87,27.63
438,28.87,27.63
626,28.87,27.63
119,28.87,27.63
787,28.87,27.63
391,28.87,27.63
546,28.87,27.63
497,28.87,27.63
690,28.87,27.63
549,28.87,27.63
471,28.87,27.63
674,28.87,27.63
120,28.87,27.63
699,28.87,27.63
400,28.87,27.63
754,28.87,27.63
435,28.87,27.63
395,28.87,27.63
510,28.87,27.63
857,28.87,27.63
240,28.87,27.63
609,28.87,27.63
530,28.87,27.63
366,28.87,27.63
574,28.87,27.63
652,28.87,27.63
719,28.87,27.63
285,28.87,27.63
769,28.87,27.63
486,28.87,27.63
814,28.87,27.63
351,28.87,27.63
658,28.83,27.63
701,28.83,27.63
350,28.83,27.63
355,28.83,27.63
513,28.83,27.63
327,28.83,27.63
615,28.83,27.63
490,28.83,27.63
550,28.83,27.63
548,28.83,27.63
202,28.83,27.63
810,28.83,27.63
263,28.83,27.63
429,28.83,27.63
323,28.83,27.63
877,28.83,27.63
320,28.83,27.63
495,28.83,27.63
440,28.83,27.63
483,28.83,27.63
617,28.83,27.63
347,28.83,27.63
877,28.83,27.63
275,28.83,27.63
415,28.83,27.47
424,28.83,27.47
765,28.83,27.47
444,28.83,27.47
531,28.83,27.47
498,28.83,27.47
733,28.83,27.47
155,28.83,27.47
802,28.83,27.47
401,28.83,27.47
290,28.83,27.47
686,28.83,27.47
337,28.83,27.47
614,28.83,27.47
119,28.83,27.47
641,28.83,27.47
244,28.83,27.47
487,28.83,27.47
423,28.83,27.47
467,28.83,27.47
425,28.83,27.47
368,28.83,27.47
722,28.83,27.47
208,28.83,27.47
367,28.83,27.47
446,28.83,27.47
578,28.83,27.47
326,28.83,27.47
340,28.83,27.47
373,28.83,27.47
754,28.83,27.47
125,28.83,27.47
654,28.83,27.47
490,28.83,27.47
230,28.83,27.47
683,28.83,27.47
478,28.81,27.47
645,28.81,27.47
270,28.81,27.47
767,28.81,27.47
260,28.81,27.47
813,28.81,27.47
196,28.81,27.47
260,28.81,27.47
674,28.81,27.47
327,28.81,27.47
515,28.81,27.47
610,28.81,27.47
349,28.81,27.47
523,28.81,27.47
633,28.81,27.47
315,28.81,27.47
756,28.81,27.47
305,28.81,27.47
874,28.81,27.47
339,28.81,27.47
739,28.81,27.47
437,28.81,27.47
616,28.81,27.47
342,28.81,27.59
571,28.81,27.59
750,28.81,27.59
415,28.81,27.59
727,28.81,27.59
536,28.81,27.59
462,28.81,27.59
221,28.81,27.59
780,28.81,27.59
525,28.81,27.59
648,28.81,27.59
710,28.81,27.59
646,28.81,27.59
650,28.81,27.59
359,28.81,27.59
738,28.81,27.59
524,28.81,27.59
782,28.81,27.59
195,28.81,27.59
877,28.81,27.59
272,28.81,27.59
875,28.81,27.59
364,28.81,27.59
698,28.81,27.59
119,28.81,27.59
767,28.81,27.59
410,28.81,27.59
490,28.81,27.59
719,28.81,27.59
275,28.81,27.59
733,28.81,27.59
372,28.81,27.59
750,28.81,27.59
314,28.81,27.59
761,28.81,27.59
290,28.81,27.59
808,28.81,27.59
168,28.83,27.59
743,28.83,27.59
