121,29.05,27.85
876,29.05,27.85
134,29.05,27.85
515,29.05,27.85
564,29.05,27.85
715,29.05,27.85
682,29.05,27.85
864,29.05,27.85
860,29.05,27.85
209,29.05,27.85
512,29.05,27.85
717,29.05,27.85
707,29.05,27.73
346,29.05,27.73
548,29.05,27.73
425,29.05,27.73
738,29.05,27.73
518,29.05,27.73
863,29.05,27.73
175,29.05,27.73
757,29.05,27.73
774,29.05,27.73
457,29.05,27.73
687,29.05,27.73
121,29.05,27.73
619,29.05,27.73
169,29.05,27.73
758,29.05,27.73
429,29.05,27.73
415,29.05,27.73
572,29.05,27.73
380,29.05,27.73
876,29.05,27.73
121,29.05,27.73
597,29.05,27.73
451,29.05,27.73
720,29.05,27.73
137,29.05,27.73
665,29.05,27.73
553,29.05,27.73
695,29.05,27.73
379,29.05,27.73
582,29.05,27.73
264,29.05,27.73
597,29.05,27.73
287,29.05,27.73
417,29.05,27.73
636,29.05,27.73
133,29.05,27.73
779,29.11,27.73
386,29.11,27.73
707,29.11,27.73
202,29.11,27.73
732,29.11,27.73
321,29.11,27.73
545,29.11,27.73
555,29.11,27.73
698,29.11,27.73
498,29.11,27.73
341,29.11,27.73
626,29.11,27.73
158,29.11,27.73
362,29.11,27.73
535,29.11,27.73
750,29.11,27.73
218,29.11,27.73
568,29.11,27.73
395,29.11,27.73
768,29.11,27.73
140,29.11,27.73
810,29.11,27.73
664,29.11,27.73
141,29.11,27.95
484,29.11,27.95
414,29.11,27.95
293,29.11,27.95
332,29.11,27.95
739,29.11,27.95
152,29.11,27.95
312,29.11,27.95
443,29.11,27.95
581,29.11,27.95
612,29.11,27.95
365,29.11,27.95
503,29.11,27.95
800,29.11,27.95
253,29.11,27.95
541,29.11,27.95
378,29.11,27.95
199,29.11,27.95
478,29.11,27.95
124,29.11,27.95
583,29.11,27.95
186,29.11,27.95
873,29.11,27.95
466,29.11,27.95
576,29.11,27.95
530,29.11,27.95
317,29.11,27.95
781,29.11,27.95
250,29.11,27.95
875,29.11,27.95
459,29.11,27.95
760,29.11,27.95
545,29.11,27.95
683,29.11,27.95
509,29.11,27.95
772,29.11,27.95
355,29.05,27.95
594,29.05,27.95
640,29.05,27.95
522,29.05,27.95
657,29.05,27.95
425,29.05,27.95
708,29.05,27.95
178,29.05,27.95
878,29.05,27.95
217,29.05,27.95
656,29.05,27.95
509,29.05,27.95
674,29.05,27.95
329,29.05,27.95
397,29.05,27.95
746,29.05,27.95
382,29.05,27.95
786,29.05,27.95
423,29.05,27.95
667,29.05,27.95
242,29.05,27.95
656,29.05,27.95
492,29.05,27.95
682,29.05,27.95
270,29.05,27.81
761,29.05,27.81
406,29.05,27.81
747,29.05,27.81
612,29.05,27.81
290,29.05,27.81
736,29.05,27.81
266,29.05,27.81
768,29.05,27.81
437,29.05,27.81
823,29.05,27.81
223,29.05,27.81
877,29.05,27.81
164,29.05,27.81
560,29.05,27.81
414,29.05,27.81
387,29.05,27.81
520,29.05,27.81
149,29.05,27.81
681,29.05,27.81
375,29.05,27.81
451,29.05,27.81
435,29.05,27.81
792,29.05,27.81
293,29.05,27.81
832,29.05,27.81
250,29.05,27.81
693,29.05,27.81
234,29.05,27.81
696,29.05,27.81
559,29.05,27.81
127,29.05,27.81
646,29.05,27.81
223,29.05,27.81
754,29.05,27.81
119,29.05,27.81
687,29.09,27.81
213,29.09,27.81
481,29.09,27.81
337,29.09,27.81
668,29.09,27.81
589,29.09,27.81
377,29.09,27.81
693,29.09,27.81
318,29.09,27.81
264,29.09,27.81
357,29.09,27.81
453,29.09,27.81
288,29.09,27.81
402,29.09,27.81
600,29.09,27.81
639,29.09,27.81
287,29.09,27.81
465,29.09,27.81
877,29.09,27.81
469,29.09,27.81
353,29.09,27.81
449,29.09,27.81
638,29.09,27.81
164,29.09,27.81
380,29.09,27.91
125,29.09,27.91
584,29.09,27.91
370,29.09,27.91
298,29.09,27.91
585,29.09,27.91
123,29.09,27.91
437,29.09,27.91
306,29.09,27.91
548,29.09,27.91
299,29.09,27.91
465,29.09,27.91
727,29.09,27.91
682,29.09,27.91
422,29.09,27.91
661,29.09,27.91
607,29.09,27.91
309,29.09,27.91
574,29.09,27.91
546,29.09,27.91
410,29.09,27.91
166,29.09,27.91
772,29.09,27.91
123,29.09,27.91
616,29.09,27.91
504,29.09,27.91
508,29.09,27.91
550,29.09,27.91
178,29.09,27.91
697,29.09,27.91
124,29.09,27.91
663,29.09,27.91
209,29.09,27.91
481,29.09,27.91
465,29.09,27.91
332,29.09,27.91
426,29.09,27.91
504,29.09,27.91
392,29.09,27.91
650,29.09,27.91
462,29.09,27.91
371,29.09,27.91
392,29.09,27.91
339,29.09,27.91
724,29.09,27.91
297,29.09,27.91
764,29.09,27.91
131,29.09,27.91
790,29.09,27.91
366,29.09,27.91
824,29.09,27.91
444,29.09,27.91
256,29.09,27.91
736,29.09,27.91
388,29.09,27.91
641,29.09,27.91
146,29.09,27.91
832,29.09,27.91
455,29.09,27.91
593,29.09,27.91
728,29.09,27.93
766,29.09,27.93
650,29.09,27.93
543,29.09,27.93
728,29.09,27.93
606,29.09,27.93
374,29.09,27.93
748,29.09,27.93
653,29.09,27.93
569,29.09,27.93
486,29.09,27.93
505,29.09,27.93
838,29.09,27.93
204,29.09,27.93
790,29.09,27.93
384,29.09,27.93
199,29.09,27.93
542,29.09,27.93
471,29.09,27.93
839,29.09,27.93
470,29.09,27.93
516,29.09,27.93
769,29.09,27.93
756,29.09,27.93
440,29.09,27.93
739,29.09,27.93
605,29.09,27.93
460,29.09,27.93
521,29.09,27.93
609,29.09,27.93
360,29.09,27.93
278,29.09,27.93
876,29.09,27.93
482,29.09,27.93
384,29.09,27.93
252,29.09,27.93
874,29.05,27.93
177,29.05,27.93
750,29.05,27.93
574,29.05,27.93
588,29.05,27.93
731,29.05,27.93
365,29.05,27.93
871,29.05,27.93
428,29.05,27.93
628,29.05,27.93
469,29.05,27.93
584,29.05,27.93
294,29.05,27.93
303,29.05,27.93
754,29.05,27.93
598,29.05,27.93
427,29.05,27.93
640,29.05,27.93
588,29.05,27.93
580,29.05,27.93
647,29.05,27.93
211,29.05,27.93
645,29.05,27.93
333,29.05,27.93
775,29.05,27.75
378,29.05,27.75
622,29.05,27.75
529,29.05,27.75
471,29.05,27.75
488,29.05,27.75
151,29.05,27.75
871,29.05,27.75
324,29.05,27.75
531,29.05,27.75
433,29.05,27.75
682,29.05,27.75
534,29.05,27.75
455,29.05,27.75
512,29.05,27.75
486,29.05,27.75
500,29.05,27.75
411,29.05,27.75
382,29.05,27.75
163,29.05,27.75
421,29.05,27.75
611,29.05,27.75
335,29.05,27.75
119,29.05,27.75
657,29.05,27.75
323,29.05,27.75
777,29.05,27.75
353,29.05,27.75
332,29.05,27.75
563,29.05,27.75
611,29.05,27.75
560,29.05,27.75
703,29.05,27.75
298,29.05,27.75
119,29.05,27.75
486,29.05,27.75
200,29.05,27.75
280,29.05,27.75
303,29.05,27.75
502,29.05,27.75
499,29.05,27.75
461,29.05,27.75
123,29.05,27.75
777,29.05,27.75
393,29.05,27.75
522,29.05,27.75
317,29.05,27.75
340,29.05,27.75
425,29.05,27.75
267,29.05,27.75
804,29.05,27.75
119,29.05,27.75
623,29.05,27.75
453,29.05,27.75
453,29.05,27.75
273,29.05,27.75
765,29.05,27.75
730,29.05,27.75
497,29.05,27.75
795,29.05,27.75
574,29.05,27.91
751,29.05,27.91
611,29.05,27.91
491,29.05,27.91
206,29.05,27.91
554,29.05,27.91
183,29.05,27.91
801,29.05,27.91
255,29.05,27.91
677,29.05,27.91
772,29.05,27.91
538,29.05,27.91
628,29.05,27.91
225,29.05,27.91
876,29.05,27.91
414,29.05,27.91
671,29.05,27.91
368,29.05,27.91
663,29.05,27.91
373,29.05,27.91
670,29.05,27.91
637,29.05,27.91
385,29.05,27.91
640,29.05,27.91
598,29.05,27.91
540,29.05,27.91
658,29.05,27.91
488,29.05,27.91
388,29.05,27.91
638,29.05,27.91
372,29.05,27.91
802,29.05,27.91
451,29.05,27.91
292,29.05,27.91
488,29.05,27.91
342,29.05,27.91
552,29.05,27.91
364,29.05,27.91
660,29.05,27.91
441,29.05,27.91
797,29.05,27.91
422,29.05,27.91
792,29.05,27.91
262,29.05,27.91
516,29.05,27.91
609,29.05,27.91
368,29.05,27.91
708,29.05,27.91
