876,29.83,28.57
228,29.83,28.57
379,29.83,28.57
121,29.83,28.57
778,29.83,28.57
662,29.83,28.57
423,29.83,28.57
462,29.83,28.57
615,29.83,28.57
860,29.83,28.57
375,29.83,28.57
647,29.83,28.57
658,29.83,28.57
782,29.83,28.57
551,29.83,28.57
706,29.83,28.57
139,29.83,28.57
883,29.83,28.57
214,29.83,28.57
808,29.83,28.57
295,29.83,28.57
510,29.83,28.57
666,29.83,28.57
426,29.83,28.57
207,29.83,28.57
122,29.83,28.57
877,29.83,28.57
119,29.83,28.57
624,29.83,28.57
386,29.83,28.57
713,29.83,28.57
279,29.83,28.57
646,29.83,28.57
213,29.83,28.57
144,29.83,28.57
124,29.83,28.57
709,29.83,28.57
277,29.83,28.57
463,29.83,28.57
657,29.83,28.57
180,29.83,28.57
567,29.83,28.57
119,29.83,28.57
637,29.83,28.57
462,29.83,28.57
427,29.83,28.57
120,29.83,28.57
647,29.83,28.57
326,29.83,28.57
393,29.83,28.57
554,29.83,28.57
412,29.83,28.71
445,29.83,28.71
573,29.83,28.71
277,29.83,28.71
506,29.83,28.71
473,29.83,28.71
229,29.83,28.71
732,29.83,28.71
441,29.83,28.71
705,29.83,28.71
619,29.83,28.71
651,29.83,28.71
621,29.83,28.71
572,29.83,28.71
506,29.83,28.71
196,29.83,28.71
814,29.83,28.71
131,29.83,28.71
690,29.83,28.71
432,29.83,28.71
555,29.83,28.71
527,29.83,28.71
396,29.83,28.71
689,29.83,28.71
453,29.83,28.71
597,29.83,28.71
570,29.83,28.71
631,29.83,28.71
553,29.83,28.71
619,29.83,28.71
304,29.83,28.71
766,29.83,28.71
469,29.83,28.71
765,29.83,28.71
369,29.83,28.71
733,29.83,28.71
504,29.81,28.71
430,29.81,28.71
715,29.81,28.71
124,29.81,28.71
828,29.81,28.71
490,29.81,28.71
500,29.81,28.71
479,29.81,28.71
877,29.81,28.71
513,29.81,28.71
755,29.81,28.71
687,29.81,28.71
656,29.81,28.71
488,29.81,28.71
716,29.81,28.71
336,29.81,28.71
386,29.81,28.71
343,29.81,28.71
536,29.81,28.71
608,29.81,28.71
165,29.81,28.71
627,29.81,28.71
573,29.81,28.71
679,29.81,28.71
184,29.81,28.59
790,29.81,28.59
433,29.81,28.59
367,29.81,28.59
362,29.81,28.59
479,29.81,28.59
602,29.81,28.59
468,29.81,28.59
176,29.81,28.59
320,29.81,28.59
458,29.81,28.59
366,29.81,28.59
720,29.81,28.59
198,29.81,28.59
446,29.81,28.59
367,29.81,28.59
759,29.81,28.59
121,29.81,28.59
579,29.81,28.59
364,29.81,28.59
638,29.81,28.59
347,29.81,28.59
526,29.81,28.59
613,29.81,28.59
251,29.81,28.59
697,29.81,28.59
256,29.81,28.59
745,29.81,28.59
332,29.81,28.59
527,29.81,28.59
432,29.81,28.59
351,29.81,28.59
469,29.81,28.59
707,29.81,28.59
453,29.81,28.59
547,29.81,28.59
698,29.85,28.59
472,29.85,28.59
546,29.85,28.59
119,29.85,28.59
748,29.85,28.59
154,29.85,28.59
486,29.85,28.59
553,29.85,28.59
547,29.85,28.59
386,29.85,28.59
446,29.85,28.59
730,29.85,28.59
252,29.85,28.59
654,29.85,28.59
510,29.85,28.59
848,29.85,28.59
283,29.85,28.59
536,29.85,28.59
550,29.85,28.59
691,29.85,28.59
261,29.85,28.59
786,29.85,28.59
443,29.85,28.59
528,29.85,28.59
743,29.85,28.59
609,29.85,28.59
439,29.85,28.59
277,29.85,28.59
681,29.85,28.59
230,29.85,28.59
412,29.85,28.59
432,29.85,28.59
764,29.85,28.59
497,29.85,28.59
590,29.85,28.59
695,29.85,28.59
727,29.85,28.59
692,29.85,28.59
712,29.85,28.59
479,29.85,28.59
795,29.85,28.59
616,29.85,28.59
585,29.85,28.59
365,29.85,28.59
421,29.85,28.59
732,29.85,28.59
471,29.85,28.59
381,29.85,28.59
451,29.85,28.59
657,29.85,28.59
564,29.85,28.59
341,29.85,28.59
622,29.85,28.59
317,29.85,28.59
596,29.85,28.59
298,29.85,28.59
693,29.85,28.59
369,29.85,28.59
403,29.85,28.59
510,29.81,28.59
321,29.81,28.59
610,29.81,28.59
301,29.81,28.59
844,29.81,28.59
329,29.81,28.59
770,29.81,28.59
583,29.81,28.59
522,29.81,28.59
415,29.81,28.59
739,29.81,28.59
358,29.81,28.59
755,29.81,28.59
287,29.81,28.59
307,29.81,28.59
641,29.81,28.59
119,29.81,28.59
601,29.81,28.59
124,29.81,28.59
648,29.81,28.59
119,29.81,28.59
798,29.81,28.59
145,29.81,28.59
225,29.81,28.59
451,29.81,28.59
666,29.81,28.59
473,29.81,28.59
443,29.81,28.59
447,29.81,28.59
424,29.81,28.59
547,29.81,28.59
182,29.81,28.59
684,29.81,28.59
232,29.81,28.59
657,29.81,28.59
122,29.81,28.59
878,29.81,28.59
119,29.81,28.59
440,29.81,28.59
848,29.81,28.59
692,29.81,28.59
471,29.81,28.59
257,29.81,28.59
878,29.81,28.59
128,29.81,28.59
637,29.81,28.59
423,29.81,28.59
530,29.81,28.59
239,29.81,28.59
792,29.81,28.59
257,29.81,28.59
606,29.81,28.59
159,29.81,28.59
823,29.81,28.59
393,29.81,28.59
359,29.81,28.59
508,29.81,28.59
411,29.81,28.59
561,29.81,28.59
119,29.81,28.59
789,29.83,28.59
276,29.83,28.59
773,29.83,28.59
475,29.83,28.59
828,29.83,28.59
356,29.83,28.59
598,29.83,28.59
471,29.83,28.59
521,29.83,28.59
477,29.83,28.59
484,29.83,28.59
549,29.83,28.59
697,29.83,28.59
525,29.83,28.59
758,29.83,28.59
668,29.83,28.59
333,29.83,28.59
786,29.83,28.59
345,29.83,28.59
712,29.83,28.59
372,29.83,28.59
382,29.83,28.59
610,29.83,28.59
353,29.83,28.59
766,29.83,28.47
422,29.83,28.47
594,29.83,28.47
318,29.83,28.47
793,29.83,28.47
353,29.83,28.47
480,29.83,28.47
668,29.83,28.47
649,29.83,28.47
735,29.83,28.47
606,29.83,28.47
522,29.83,28.47
788,29.83,28.47
438,29.83,28.47
562,29.83,28.47
778,29.83,28.47
212,29.83,28.47
789,29.83,28.47
438,29.83,28.47
435,29.83,28.47
684,29.83,28.47
362,29.83,28.47
517,29.83,28.47
197,29.83,28.47
670,29.83,28.47
122,29.83,28.47
731,29.83,28.47
495,29.83,28.47
422,29.83,28.47
684,29.83,28.47
324,29.83,28.47
577,29.83,28.47
684,29.83,28.47
302,29.83,28.47
485,29.83,28.47
280,29.83,28.47
444,29.81,28.47
767,29.81,28.47
394,29.81,28.47
766,29.81,28.47
120,29.81,28.47
804,29.81,28.47
477,29.81,28.47
783,29.81,28.47
289,29.81,28.47
780,29.81,28.47
643,29.81,28.47
121,29.81,28.47
545,29.81,28.47
478,29.81,28.47
591,29.81,28.47
247,29.81,28.47
444,29.81,28.47
404,29.81,28.47
259,29.81,28.47
172,29.81,28.47
840,29.81,28.47
123,29.81,28.47
810,29.81,28.47
159,29.81,28.51
765,29.81,28.51
463,29.81,28.51
615,29.81,28.51
601,29.81,28.51
122,29.81,28.51
698,29.81,28.51
668,29.81,28.51
784,29.81,28.51
412,29.81,28.51
819,29.81,28.51
677,29.81,28.51
315,29.81,28.51
184,29.81,28.51
607,29.81,28.51
355,29.81,28.51
876,29.81,28.51
541,29.81,28.51
799,29.81,28.51
251,29.81,28.51
749,29.81,28.51
748,29.81,28.51
134,29.81,28.51
475,29.81,28.51
170,29.81,28.51
628,29.81,28.51
417,29.81,28.51
454,29.81,28.51
367,29.81,28.51
295,29.81,28.51
462,29.81,28.51
125,29.81,28.51
846,29.81,28.51
313,29.81,28.51
603,29.81,28.51
707,29.81,28.51
516,29.83,28.51
300,29.83,28.51
653,29.83,28.51
706,29.83,28.51
762,29.83,28.51
120,29.83,28.51
680,29.83,28.51
218,29.83,28.51
579,29.83,28.51
666,29.83,28.51
163,29.83,28.51
454,29.83,28.51
123,29.83,28.51
348,29.83,28.51
667,29.83,28.51
416,29.83,28.51
504,29.83,28.51
798,29.83,28.51
320,29.83,28.51
121,29.83,28.51
630,29.83,28.51
644,29.83,28.51
169,29.83,28.51
876,29.83,28.51
121,29.83,28.57
518,29.83,28.57
653,29.83,28.57
555,29.83,28.57
574,29.83,28.57
121,29.83,28.57
764,29.83,28.57
437,29.83,28.57
861,29.83,28.57
365,29.83,28.57
