156,29.97,28.83
647,29.97,28.83
120,29.97,28.83
444,29.97,28.83
393,29.97,28.83
648,29.97,28.83
621,29.97,28.83
198,29.97,28.83
132,29.97,28.83
695,29.97,28.83
301,29.97,28.83
322,29.97,28.83
826,29.97,28.83
293,29.97,28.83
579,29.97,28.83
575,29.97,28.83
417,29.97,28.83
403,29.97,28.83
440,29.97,28.83
424,29.97,28.83
350,29.97,28.83
647,29.97,28.83
192,29.97,28.83
877,29.97,28.83
499,29.97,28.83
480,29.97,28.83
876,29.97,28.83
618,29.97,28.83
269,29.97,28.83
519,29.97,28.83
597,29.97,28.83
119,29.97,28.83
697,29.99,28.83
485,29.99,28.83
576,29.99,28.83
425,29.99,28.83
812,29.99,28.83
341,29.99,28.83
877,29.99,28.83
135,29.99,28.83
869,29.99,28.83
586,29.99,28.83
667,29.99,28.83
600,29.99,28.83
554,29.99,28.83
544,29.99,28.83
415,29.99,28.83
742,29.99,28.83
201,29.99,28.83
485,29.99,28.83
592,29.99,28.83
740,29.99,28.83
598,29.99,28.83
493,29.99,28.83
377,29.99,28.83
515,29.99,28.83
241,29.99,28.63
686,29.99,28.63
431,29.99,28.63
348,29.99,28.63
742,29.99,28.63
321,29.99,28.63
433,29.99,28.63
119,29.99,28.63
565,29.99,28.63
339,29.99,28.63
596,29.99,28.63
119,29.99,28.63
659,29.99,28.63
422,29.99,28.63
139,29.99,28.63
812,29.99,28.63
320,29.99,28.63
503,29.99,28.63
444,29.99,28.63
821,29.99,28.63
367,29.99,28.63
641,29.99,28.63
177,29.99,28.63
423,29.99,28.63
311,29.99,28.63
685,29.99,28.63
339,29.99,28.63
664,29.99,28.63
210,29.99,28.63
465,29.99,28.63
548,29.99,28.63
143,29.99,28.63
576,29.99,28.63
454,29.99,28.63
608,29.99,28.63
119,29.99,28.63
465,29.99,28.63
677,29.99,28.63
362,29.99,28.63
502,29.99,28.63
514,29.99,28.63
295,29.99,28.63
268,29.99,28.63
568,29.99,28.63
471,29.99,28.63
615,29.99,28.63
431,29.99,28.63
747,29.99,28.63
386,29.99,28.63
872,29.99,28.63
272,29.99,28.63
737,29.99,28.63
195,29.99,28.63
752,29.99,28.63
741,29.99,28.63
243,29.99,28.63
509,29.99,28.63
488,29.99,28.63
527,29.99,28.63
321,29.99,28.59
402,29.99,28.59
664,29.99,28.59
523,29.99,28.59
337,29.99,28.59
877,29.99,28.59
283,29.99,28.59
744,29.99,28.59
309,29.99,28.59
806,29.99,28.59
658,29.99,28.59
120,29.99,28.59
877,29.99,28.59
270,29.99,28.59
516,29.99,28.59
141,29.99,28.59
805,29.99,28.59
241,29.99,28.59
582,29.99,28.59
557,29.99,28.59
382,29.99,28.59
494,29.99,28.59
769,29.99,28.59
701,29.99,28.59
496,29.99,28.59
277,29.99,28.59
548,29.99,28.59
708,29.99,28.59
452,29.99,28.59
876,29.99,28.59
120,29.99,28.59
764,29.99,28.59
123,29.99,28.59
680,29.99,28.59
603,29.99,28.59
389,29.99,28.59
574,29.99,28.59
451,29.99,28.59
877,29.99,28.59
121,29.99,28.59
877,29.99,28.59
313,29.99,28.59
494,29.99,28.59
494,29.99,28.59
179,29.99,28.59
370,29.99,28.59
552,29.99,28.59
358,29.99,28.59
602,29.99,28.59
121,29.99,28.59
671,29.99,28.59
706,29.99,28.59
196,29.99,28.59
723,29.99,28.59
121,29.99,28.59
557,29.99,28.59
272,29.99,28.59
596,29.99,28.59
123,29.99,28.59
607,29.99,28.59
381,29.99,28.71
530,29.99,28.71
403,29.99,28.71
120,29.99,28.71
541,29.99,28.71
599,29.99,28.71
544,29.99,28.71
425,29.99,28.71
395,29.99,28.71
452,29.99,28.71
616,29.99,28.71
794,29.99,28.71
737,29.99,28.71
124,29.99,28.71
751,29.99,28.71
340,29.99,28.71
771,29.99,28.71
464,29.99,28.71
773,29.99,28.71
844,29.99,28.71
294,29.99,28.71
595,29.99,28.71
485,29.99,28.71
728,29.99,28.71
323,29.99,28.71
647,29.99,28.71
560,29.99,28.71
124,29.99,28.71
782,29.99,28.71
532,29.99,28.71
622,29.99,28.71
308,29.99,28.71
577,29.99,28.71
734,29.99,28.71
635,29.99,28.71
588,29.99,28.71
851,29.99,28.71
200,29.99,28.71
581,29.99,28.71
475,29.99,28.71
566,29.99,28.71
724,29.99,28.71
433,29.99,28.71
800,29.99,28.71
240,29.99,28.71
511,29.99,28.71
386,29.99,28.71
851,29.99,28.71
192,29.99,28.71
776,29.99,28.71
641,29.99,28.71
811,29.99,28.71
452,29.99,28.71
691,29.99,28.71
599,29.99,28.71
221,29.99,28.71
456,29.99,28.71
427,29.99,28.71
877,29.99,28.71
119,29.99,28.71
843,29.99,28.77
174,29.99,28.77
622,29.99,28.77
122,29.99,28.77
877,29.99,28.77
471,29.99,28.77
465,29.99,28.77
551,29.99,28.77
424,29.99,28.77
641,29.99,28.77
190,29.99,28.77
878,29.99,28.77
327,29.99,28.77
394,29.99,28.77
265,29.99,28.77
620,29.99,28.77
260,29.99,28.77
541,29.99,28.77
384,29.99,28.77
606,29.99,28.77
119,29.99,28.77
547,29.99,28.77
550,29.99,28.77
121,29.99,28.77
650,29.99,28.77
268,29.99,28.77
671,29.99,28.77
121,29.99,28.77
460,29.99,28.77
301,29.99,28.77
714,29.99,28.77
123,29.99,28.77
666,29.99,28.77
320,29.99,28.77
512,29.99,28.77
483,29.99,28.77
589,29.99,28.77
493,29.99,28.77
494,29.99,28.77
559,29.99,28.77
629,29.99,28.77
512,29.99,28.77
226,29.99,28.77
826,29.99,28.77
298,29.99,28.77
694,29.99,28.77
473,29.99,28.77
714,29.99,28.77
293,29.99,28.77
514,29.99,28.77
554,29.99,28.77
204,29.99,28.77
749,29.99,28.77
315,29.99,28.77
878,29.99,28.77
454,29.99,28.77
757,29.99,28.77
665,29.99,28.77
592,29.99,28.77
373,29.99,28.77
544,29.99,28.77
414,29.99,28.77
623,29.99,28.77
680,29.99,28.77
756,29.99,28.77
585,29.99,28.77
406,29.99,28.77
660,29.99,28.77
135,29.99,28.77
669,29.99,28.77
334,29.99,28.77
728,29.99,28.77
648,29.99,28.77
568,29.99,28.77
563,29.99,28.77
518,29.99,28.77
552,29.99,28.77
435,29.99,28.77
811,29.99,28.77
204,29.99,28.77
639,29.99,28.77
349,29.99,28.77
382,29.99,28.77
305,29.99,28.77
552,29.99,28.77
292,29.99,28.77
596,29.99,28.77
425,29.99,28.77
841,29.99,28.77
449,29.99,28.77
643,29.99,28.77
709,29.99,28.77
526,29.99,28.77
651,29.99,28.77
322,29.99,28.77
572,30.01,28.77
295,30.01,28.77
767,30.01,28.77
292,30.01,28.77
578,30.01,28.77
286,30.01,28.77
659,30.01,28.77
678,30.01,28.77
124,30.01,28.77
876,30.01,28.77
503,30.01,28.77
493,30.01,28.77
204,30.01,28.77
859,30.01,28.77
227,30.01,28.77
548,30.01,28.77
185,30.01,28.77
625,30.01,28.77
292,30.01,28.77
425,30.01,28.77
302,30.01,28.77
389,30.01,28.77
686,30.01,28.77
125,30.01,28.77
736,30.01,28.69
118,30.01,28.69
386,30.01,28.69
360,30.01,28.69
516,30.01,28.69
311,30.01,28.69
483,30.01,28.69
476,30.01,28.69
740,30.01,28.69
400,30.01,28.69
230,30.01,28.69
626,30.01,28.69
394,30.01,28.69
418,30.01,28.69
395,30.01,28.69
877,30.01,28.69
119,30.01,28.69
834,30.01,28.69
685,30.01,28.69
555,30.01,28.69
441,30.01,28.69
643,30.01,28.69
646,30.01,28.69
119,30.01,28.69
720,30.01,28.69
356,30.01,28.69
695,30.01,28.69
459,30.01,28.69
703,30.01,28.69
538,30.01,28.69
550,30.01,28.69
381,30.01,28.69
738,30.01,28.69
166,30.01,28.69
560,30.01,28.69
836,30.01,28.69
683,29.99,28.69
730,29.99,28.69
274,29.99,28.69
877,29.99,28.69
367,29.99,28.69
814,29.99,28.69
650,29.99,28.69
848,29.99,28.69
119,29.99,28.69
873,29.99,28.69
519,29.99,28.69
219,29.99,28.69
612,29.99,28.69
509,29.99,28.69
474,29.99,28.69
210,29.99,28.69
668,29.99,28.69
522,29.99,28.69
616,29.99,28.69
243,29.99,28.69
857,29.99,28.69
261,29.99,28.69
778,29.99,28.69
329,29.99,28.83
775,29.99,28.83
640,29.99,28.83
276,29.99,28.83
538,29.99,28.83
130,29.99,28.83
