876,29.35,28.31
482,29.35,28.31
385,29.35,28.31
436,29.35,28.31
708,29.35,28.31
634,29.35,28.31
327,29.35,28.31
532,29.35,28.31
253,29.35,28.31
697,29.35,28.31
371,29.35,28.31
825,29.35,28.31
120,29.35,28.31
711,29.35,28.31
824,29.35,28.31
361,29.35,28.31
408,29.35,28.31
530,29.35,28.31
365,29.35,28.31
314,29.35,28.31
533,29.35,28.31
544,29.35,28.31
519,29.35,28.31
118,29.35,28.31
562,29.35,28.31
166,29.35,28.31
580,29.35,28.31
167,29.35,28.31
757,29.35,28.31
138,29.35,28.31
668,29.37,28.31
382,29.37,28.31
384,29.37,28.31
299,29.37,28.31
333,29.37,28.31
691,29.37,28.31
317,29.37,28.31
366,29.37,28.31
480,29.37,28.31
682,29.37,28.31
257,29.37,28.31
710,29.37,28.31
419,29.37,28.31
652,29.37,28.31
401,29.37,28.31
610,29.37,28.31
696,29.37,28.31
592,29.37,28.31
616,29.37,28.31
522,29.37,28.31
734,29.37,28.31
119,29.37,28.31
689,29.37,28.31
240,29.37,28.11
660,29.37,28.11
620,29.37,28.11
581,29.37,28.11
549,29.37,28.11
585,29.37,28.11
450,29.37,28.11
395,29.37,28.11
357,29.37,28.11
175,29.37,28.11
753,29.37,28.11
231,29.37,28.11
466,29.37,28.11
425,29.37,28.11
757,29.37,28.11
197,29.37,28.11
855,29.37,28.11
732,29.37,28.11
668,29.37,28.11
458,29.37,28.11
631,29.37,28.11
541,29.37,28.11
271,29.37,28.11
628,29.37,28.11
436,29.37,28.11
360,29.37,28.11
306,29.37,28.11
642,29.37,28.11
824,29.37,28.11
490,29.37,28.11
444,29.37,28.11
593,29.37,28.11
733,29.37,28.11
605,29.37,28.11
439,29.37,28.11
511,29.37,28.11
676,29.35,28.11
303,29.35,28.11
847,29.35,28.11
119,29.35,28.11
794,29.35,28.11
438,29.35,28.11
614,29.35,28.11
470,29.35,28.11
199,29.35,28.11
671,29.35,28.11
459,29.35,28.11
695,29.35,28.11
351,29.35,28.11
620,29.35,28.11
120,29.35,28.11
677,29.35,28.11
612,29.35,28.11
713,29.35,28.11
282,29.35,28.11
740,29.35,28.11
123,29.35,28.11
493,29.35,28.11
421,29.35,28.11
336,29.35,28.11
691,29.35,27.93
274,29.35,27.93
648,29.35,27.93
347,29.35,27.93
731,29.35,27.93
119,29.35,27.93
730,29.35,27.93
119,29.35,27.93
616,29.35,27.93
369,29.35,27.93
241,29.35,27.93
420,29.35,27.93
446,29.35,27.93
418,29.35,27.93
466,29.35,27.93
622,29.35,27.93
325,29.35,27.93
585,29.35,27.93
399,29.35,27.93
679,29.35,27.93
328,29.35,27.93
682,29.35,27.93
525,29.35,27.93
762,29.35,27.93
353,29.35,27.93
819,29.35,27.93
509,29.35,27.93
306,29.35,27.93
649,29.35,27.93
227,29.35,27.93
816,29.35,27.93
393,29.35,27.93
490,29.35,27.93
636,29.35,27.93
645,29.35,27.93
341,29.35,27.93
571,29.37,27.93
456,29.37,27.93
524,29.37,27.93
361,29.37,27.93
864,29.37,27.93
484,29.37,27.93
310,29.37,27.93
676,29.37,27.93
367,29.37,27.93
762,29.37,27.93
257,29.37,27.93
876,29.37,27.93
426,29.37,27.93
520,29.37,27.93
493,29.37,27.93
692,29.37,27.93
717,29.37,27.93
523,29.37,27.93
855,29.37,27.93
445,29.37,27.93
450,29.37,27.93
604,29.37,27.93
489,29.37,27.93
416,29.37,28.19
640,29.37,28.19
450,29.37,28.19
629,29.37,28.19
122,29.37,28.19
728,29.37,28.19
541,29.37,28.19
177,29.37,28.19
685,29.37,28.19
333,29.37,28.19
706,29.37,28.19
253,29.37,28.19
842,29.37,28.19
292,29.37,28.19
722,29.37,28.19
436,29.37,28.19
710,29.37,28.19
406,29.37,28.19
252,29.37,28.19
325,29.37,28.19
382,29.37,28.19
307,29.37,28.19
471,29.37,28.19
631,29.37,28.19
482,29.37,28.19
719,29.37,28.19
120,29.37,28.19
676,29.37,28.19
312,29.37,28.19
546,29.37,28.19
359,29.37,28.19
559,29.37,28.19
384,29.37,28.19
403,29.37,28.19
834,29.37,28.19
236,29.37,28.19
572,29.35,28.19
357,29.35,28.19
478,29.35,28.19
211,29.35,28.19
599,29.35,28.19
411,29.35,28.19
570,29.35,28.19
199,29.35,28.19
380,29.35,28.19
348,29.35,28.19
471,29.35,28.19
403,29.35,28.19
478,29.35,28.19
511,29.35,28.19
286,29.35,28.19
874,29.35,28.19
423,29.35,28.19
877,29.35,28.19
510,29.35,28.19
575,29.35,28.19
307,29.35,28.19
573,29.35,28.19
661,29.35,28.19
477,29.35,28.19
622,29.35,28.11
284,29.35,28.11
731,29.35,28.11
123,29.35,28.11
610,29.35,28.11
695,29.35,28.11
665,29.35,28.11
158,29.35,28.11
806,29.35,28.11
210,29.35,28.11
824,29.35,28.11
336,29.35,28.11
512,29.35,28.11
467,29.35,28.11
537,29.35,28.11
534,29.35,28.11
605,29.35,28.11
629,29.35,28.11
342,29.35,28.11
877,29.35,28.11
468,29.35,28.11
651,29.35,28.11
350,29.35,28.11
671,29.35,28.11
448,29.35,28.11
599,29.35,28.11
188,29.35,28.11
757,29.35,28.11
333,29.35,28.11
600,29.35,28.11
341,29.35,28.11
234,29.35,28.11
429,29.35,28.11
153,29.35,28.11
767,29.35,28.11
123,29.35,28.11
523,29.33,28.11
355,29.33,28.11
723,29.33,28.11
189,29.33,28.11
548,29.33,28.11
407,29.33,28.11
445,29.33,28.11
428,29.33,28.11
346,29.33,28.11
168,29.33,28.11
587,29.33,28.11
597,29.33,28.11
329,29.33,28.11
648,29.33,28.11
139,29.33,28.11
625,29.33,28.11
276,29.33,28.11
609,29.33,28.11
294,29.33,28.11
623,29.33,28.11
370,29.33,28.11
514,29.33,28.11
573,29.33,28.11
283,29.33,28.17
458,29.33,28.17
128,29.33,28.17
518,29.33,28.17
385,29.33,28.17
595,29.33,28.17
524,29.33,28.17
459,29.33,28.17
674,29.33,28.17
530,29.33,28.17
548,29.33,28.17
756,29.33,28.17
536,29.33,28.17
658,29.33,28.17
470,29.33,28.17
230,29.33,28.17
782,29.33,28.17
282,29.33,28.17
875,29.33,28.17
471,29.33,28.17
630,29.33,28.17
337,29.33,28.17
730,29.33,28.17
532,29.33,28.17
406,29.33,28.17
685,29.33,28.17
608,29.33,28.17
751,29.33,28.17
359,29.33,28.17
686,29.33,28.17
552,29.33,28.17
694,29.33,28.17
413,29.33,28.17
824,29.33,28.17
128,29.33,28.17
737,29.33,28.17
264,29.31,28.17
759,29.31,28.17
571,29.31,28.17
413,29.31,28.17
679,29.31,28.17
380,29.31,28.17
551,29.31,28.17
445,29.31,28.17
728,29.31,28.17
294,29.31,28.17
772,29.31,28.17
436,29.31,28.17
530,29.31,28.17
583,29.31,28.17
798,29.31,28.17
583,29.31,28.17
564,29.31,28.17
390,29.31,28.17
286,29.31,28.17
549,29.31,28.17
499,29.31,28.17
616,29.31,28.17
405,29.31,28.17
645,29.31,28.17
121,29.31,28.05
639,29.31,28.05
238,29.31,28.05
448,29.31,28.05
216,29.31,28.05
356,29.31,28.05
606,29.31,28.05
539,29.31,28.05
470,29.31,28.05
119,29.31,28.05
425,29.31,28.05
121,29.31,28.05
626,29.31,28.05
338,29.31,28.05
433,29.31,28.05
469,29.31,28.05
579,29.31,28.05
261,29.31,28.05
712,29.31,28.05
519,29.31,28.05
430,29.31,28.05
604,29.31,28.05
127,29.31,28.05
729,29.31,28.05
120,29.31,28.05
562,29.31,28.05
459,29.31,28.05
470,29.31,28.05
330,29.31,28.05
593,29.31,28.05
545,29.31,28.05
611,29.31,28.05
438,29.31,28.05
418,29.31,28.05
547,29.31,28.05
158,29.31,28.05
562,29.33,28.05
464,29.33,28.05
762,29.33,28.05
337,29.33,28.05
759,29.33,28.05
170,29.33,28.05
773,29.33,28.05
318,29.33,28.05
844,29.33,28.05
375,29.33,28.05
378,29.33,28.05
665,29.33,28.05
325,29.33,28.05
636,29.33,28.05
385,29.33,28.05
875,29.33,28.05
530,29.33,28.05
822,29.33,28.05
356,29.33,28.05
513,29.33,28.05
604,29.33,28.05
713,29.33,28.05
359,29.33,28.05
470,29.33,28.05
616,29.33,28.17
464,29.33,28.17
463,29.33,28.17
436,29.33,28.17
765,29.33,28.17
264,29.33,28.17
740,29.33,28.17
