122,27.19,26.27
685,27.19,26.27
378,27.19,26.27
225,27.19,26.27
676,27.19,26.27
873,27.19,26.27
534,27.19,26.27
498,27.19,26.27
623,27.19,26.27
398,27.19,26.27
443,27.19,26.27
363,27.19,26.27
214,27.19,26.27
612,27.19,26.27
414,27.19,26.27
395,27.19,26.27
797,27.19,26.27
351,27.19,26.27
668,27.19,26.27
278,27.19,26.27
569,27.19,26.27
609,27.19,26.27
126,27.19,26.27
772,27.19,26.27
486,27.19,26.27
750,27.19,26.27
278,27.19,26.27
873,27.19,26.27
534,27.19,26.27
852,27.19,26.27
568,27.19,26.27
386,27.19,26.27
712,27.19,26.27
228,27.19,26.27
498,27.19,26.27
166,27.19,26.27
541,27.19,26.27
216,27.19,26.27
563,27.19,26.27
286,27.19,26.27
635,27.19,26.27
306,27.19,26.27
872,27.19,26.27
287,27.19,26.27
726,27.19,26.27
614,27.19,26.27
485,27.19,26.27
269,27.19,26.27
696,27.19,26.27
520,27.19,26.27
121,27.19,26.27
650,27.19,26.27
166,27.19,26.59
624,27.19,26.59
360,27.19,26.59
817,27.19,26.59
338,27.19,26.59
680,27.19,26.59
487,27.19,26.59
460,27.19,26.59
268,27.19,26.59
572,27.19,26.59
487,27.19,26.59
435,27.19,26.59
473,27.19,26.59
234,27.19,26.59
829,27.19,26.59
121,27.19,26.59
461,27.19,26.59
284,27.19,26.59
496,27.19,26.59
121,27.19,26.59
565,27.19,26.59
272,27.19,26.59
467,27.19,26.59
626,27.19,26.59
341,27.19,26.59
513,27.19,26.59
213,27.19,26.59
695,27.19,26.59
206,27.19,26.59
424,27.19,26.59
363,27.19,26.59
791,27.19,26.59
336,27.19,26.59
619,27.19,26.59
251,27.19,26.59
748,27.19,26.59
602,27.19,26.59
245,27.19,26.59
874,27.19,26.59
128,27.19,26.59
671,27.19,26.59
122,27.19,26.59
467,27.19,26.59
121,27.19,26.59
595,27.19,26.59
648,27.19,26.59
214,27.19,26.59
613,27.19,26.59
374,27.19,26.59
592,27.19,26.59
539,27.19,26.59
597,27.19,26.59
710,27.19,26.59
754,27.19,26.59
330,27.19,26.59
772,27.19,26.59
375,27.19,26.59
549,27.19,26.59
146,27.19,26.59
841,27.19,26.59
524,27.19,26.37
493,27.19,26.37
827,27.19,26.37
606,27.19,26.37
630,27.19,26.37
468,27.19,26.37
758,27.19,26.37
345,27.19,26.37
513,27.19,26.37
555,27.19,26.37
364,27.19,26.37
273,27.19,26.37
506,27.19,26.37
752,27.19,26.37
355,27.19,26.37
313,27.19,26.37
872,27.19,26.37
340,27.19,26.37
407,27.19,26.37
383,27.19,26.37
572,27.19,26.37
539,27.19,26.37
264,27.19,26.37
726,27.19,26.37
380,27.19,26.37
555,27.19,26.37
330,27.19,26.37
525,27.19,26.37
547,27.19,26.37
398,27.19,26.37
523,27.19,26.37
617,27.19,26.37
488,27.19,26.37
452,27.19,26.37
863,27.19,26.37
607,27.19,26.37
355,27.19,26.37
274,27.19,26.37
667,27.19,26.37
224,27.19,26.37
574,27.19,26.37
478,27.19,26.37
252,27.19,26.37
809,27.19,26.37
226,27.19,26.37
767,27.19,26.37
124,27.19,26.37
640,27.19,26.37
372,27.19,26.37
756,27.19,26.37
194,27.19,26.37
344,27.19,26.37
544,27.19,26.37
284,27.19,26.37
487,27.19,26.37
279,27.19,26.37
701,27.19,26.37
198,27.19,26.37
524,27.19,26.37
292,27.19,26.37
574,27.19,26.31
199,27.19,26.31
693,27.19,26.31
452,27.19,26.31
461,27.19,26.31
555,27.19,26.31
337,27.19,26.31
637,27.19,26.31
570,27.19,26.31
784,27.19,26.31
279,27.19,26.31
772,27.19,26.31
252,27.19,26.31
731,27.19,26.31
472,27.19,26.31
613,27.19,26.31
648,27.19,26.31
534,27.19,26.31
364,27.19,26.31
869,27.19,26.31
412,27.19,26.31
805,27.19,26.31
609,27.19,26.31
671,27.19,26.31
582,27.19,26.31
535,27.19,26.31
629,27.19,26.31
302,27.19,26.31
793,27.19,26.31
281,27.19,26.31
489,27.19,26.31
478,27.19,26.31
678,27.19,26.31
425,27.19,26.31
501,27.19,26.31
497,27.19,26.31
491,27.19,26.31
839,27.19,26.31
339,27.19,26.31
567,27.19,26.31
699,27.19,26.31
840,27.19,26.31
410,27.19,26.31
699,27.19,26.31
173,27.19,26.31
777,27.19,26.31
386,27.19,26.31
725,27.19,26.31
354,27.19,26.31
532,27.19,26.31
819,27.19,26.31
126,27.19,26.31
726,27.19,26.31
243,27.19,26.31
874,27.19,26.31
122,27.19,26.31
668,27.19,26.31
457,27.19,26.31
690,27.19,26.31
318,27.19,26.31
670,27.19,26.29
567,27.19,26.29
204,27.19,26.29
340,27.19,26.29
608,27.19,26.29
480,27.19,26.29
121,27.19,26.29
653,27.19,26.29
319,27.19,26.29
779,27.19,26.29
124,27.19,26.29
778,27.19,26.29
352,27.19,26.29
228,27.19,26.29
411,27.19,26.29
343,27.19,26.29
619,27.19,26.29
410,27.19,26.29
871,27.19,26.29
230,27.19,26.29
625,27.19,26.29
474,27.19,26.29
432,27.19,26.29
600,27.19,26.29
244,27.19,26.29
346,27.19,26.29
802,27.19,26.29
338,27.19,26.29
442,27.19,26.29
834,27.19,26.29
533,27.19,26.29
528,27.19,26.29
312,27.19,26.29
664,27.19,26.29
122,27.19,26.29
694,27.19,26.29
592,27.17,26.29
530,27.17,26.29
642,27.17,26.29
368,27.17,26.29
698,27.17,26.29
414,27.17,26.29
294,27.17,26.29
412,27.17,26.29
664,27.17,26.29
357,27.17,26.29
446,27.17,26.29
586,27.17,26.29
636,27.17,26.29
455,27.17,26.29
862,27.17,26.29
130,27.17,26.29
721,27.17,26.29
314,27.17,26.29
406,27.17,26.29
299,27.17,26.29
511,27.17,26.29
742,27.17,26.29
427,27.17,26.29
711,27.17,26.29
494,27.17,26.43
874,27.17,26.43
536,27.17,26.43
727,27.17,26.43
624,27.17,26.43
566,27.17,26.43
330,27.17,26.43
475,27.17,26.43
624,27.17,26.43
625,27.17,26.43
611,27.17,26.43
739,27.17,26.43
517,27.17,26.43
122,27.17,26.43
757,27.17,26.43
182,27.17,26.43
743,27.17,26.43
200,27.17,26.43
566,27.17,26.43
464,27.17,26.43
251,27.17,26.43
750,27.17,26.43
663,27.17,26.43
364,27.17,26.43
296,27.17,26.43
874,27.17,26.43
330,27.17,26.43
358,27.17,26.43
442,27.17,26.43
543,27.17,26.43
283,27.17,26.43
659,27.17,26.43
300,27.17,26.43
615,27.17,26.43
310,27.17,26.43
382,27.17,26.43
479,27.21,26.43
324,27.21,26.43
440,27.21,26.43
423,27.21,26.43
789,27.21,26.43
121,27.21,26.43
638,27.21,26.43
199,27.21,26.43
425,27.21,26.43
283,27.21,26.43
444,27.21,26.43
302,27.21,26.43
522,27.21,26.43
737,27.21,26.43
124,27.21,26.43
534,27.21,26.43
458,27.21,26.43
653,27.21,26.43
497,27.21,26.43
792,27.21,26.43
380,27.21,26.43
737,27.21,26.43
138,27.21,26.43
684,27.21,26.43
121,27.21,26.27
584,27.21,26.27
542,27.21,26.27
511,27.21,26.27
431,27.21,26.27
416,27.21,26.27
597,27.21,26.27
495,27.21,26.27
360,27.21,26.27
442,27.21,26.27
731,27.21,26.27
255,27.21,26.27
579,27.21,26.27
443,27.21,26.27
462,27.21,26.27
308,27.21,26.27
828,27.21,26.27
513,27.21,26.27
268,27.21,26.27
477,27.21,26.27
286,27.21,26.27
652,27.21,26.27
228,27.21,26.27
639,27.21,26.27
805,27.21,26.27
361,27.21,26.27
488,27.21,26.27
765,27.21,26.27
755,27.21,26.27
528,27.21,26.27
669,27.21,26.27
476,27.21,26.27
635,27.21,26.27
487,27.21,26.27
547,27.21,26.27
615,27.21,26.27
637,27.19,26.27
645,27.19,26.27
610,27.19,26.27
374,27.19,26.27
437,27.19,26.27
575,27.19,26.27
417,27.19,26.27
433,27.19,26.27
301,27.19,26.27
874,27.19,26.27
159,27.19,26.27
701,27.19,26.27
676,27.19,26.27
581,27.19,26.27
526,27.19,26.27
631,27.19,26.27
582,27.19,26.27
414,27.19,26.27
508,27.19,26.27
675,27.19,26.27
570,27.19,26.27
359,27.19,26.27
477,27.19,26.27
537,27.19,26.27
406,27.19,26.55
329,27.19,26.55
871,27.19,26.55
376,27.19,26.55
527,27.19,26.55
270,27.19,26.55
875,27.19,26.55
