749,28.17,27.29
196,28.17,27.29
874,28.17,27.29
123,28.17,27.29
438,28.17,27.29
625,28.17,27.25
694,28.17,27.25
419,28.17,27.25
327,28.17,27.25
684,28.17,27.25
319,28.17,27.25
702,28.17,27.25
513,28.17,27.25
818,28.17,27.25
186,28.17,27.25
449,28.17,27.25
718,28.17,27.25
157,28.17,27.25
151,28.17,27.25
584,28.17,27.25
552,28.17,27.25
431,28.17,27.25
368,28.17,27.25
510,28.17,27.25
505,28.17,27.25
243,28.17,27.25
731,28.17,27.25
328,28.17,27.25
301,28.17,27.25
497,28.17,27.25
795,28.17,27.25
261,28.17,27.25
487,28.17,27.25
569,28.17,27.25
823,28.17,27.25
229,28.17,27.25
578,28.17,27.25
503,28.17,27.25
556,28.17,27.25
559,28.17,27.25
609,28.17,27.25
598,28.15,27.25
386,28.15,27.25
803,28.15,27.25
527,28.15,27.25
834,28.15,27.25
233,28.15,27.25
742,28.15,27.25
875,28.15,27.25
256,28.15,27.25
746,28.15,27.25
519,28.15,27.25
448,28.15,27.25
571,28.15,27.25
771,28.15,27.25
418,28.15,27.25
738,28.15,27.25
120,28.15,27.25
874,28.15,27.25
169,28.15,27.25
551,28.15,27.25
485,28.15,27.25
793,28.15,27.25
271,28.15,27.25
489,28.15,27.25
875,28.15,27.11
266,28.15,27.11
783,28.15,27.11
124,28.15,27.11
856,28.15,27.11
171,28.15,27.11
721,28.15,27.11
666,28.15,27.11
412,28.15,27.11
198,28.15,27.11
529,28.15,27.11
498,28.15,27.11
178,28.15,27.11
513,28.15,27.11
440,28.15,27.11
763,28.15,27.11
358,28.15,27.11
543,28.15,27.11
505,28.15,27.11
562,28.15,27.11
376,28.15,27.11
765,28.15,27.11
263,28.15,27.11
199,28.15,27.11
467,28.15,27.11
238,28.15,27.11
521,28.15,27.11
445,28.15,27.11
453,28.15,27.11
326,28.15,27.11
538,28.15,27.11
442,28.15,27.11
524,28.15,27.11
397,28.15,27.11
471,28.15,27.11
392,28.15,27.11
472,28.17,27.11
211,28.17,27.11
644,28.17,27.11
163,28.17,27.11
391,28.17,27.11
374,28.17,27.11
139,28.17,27.11
659,28.17,27.11
125,28.17,27.11
679,28.17,27.11
411,28.17,27.11
537,28.17,27.11
423,28.17,27.11
609,28.17,27.11
418,28.17,27.11
493,28.17,27.11
441,28.17,27.11
424,28.17,27.11
296,28.17,27.11
745,28.17,27.11
692,28.17,27.11
190,28.17,27.11
666,28.17,27.11
233,28.17,27.11
664,28.17,27.23
204,28.17,27.23
797,28.17,27.23
251,28.17,27.23
651,28.17,27.23
298,28.17,27.23
493,28.17,27.23
875,28.17,27.23
389,28.17,27.23
815,28.17,27.23
438,28.17,27.23
604,28.17,27.23
219,28.17,27.23
734,28.17,27.23
581,28.17,27.23
413,28.17,27.23
438,28.17,27.23
738,28.17,27.23
128,28.17,27.23
517,28.17,27.23
579,28.17,27.23
157,28.17,27.23
636,28.17,27.23
457,28.17,27.23
552,28.17,27.23
388,28.17,27.23
784,28.17,27.23
477,28.17,27.23
753,28.17,27.23
418,28.17,27.23
628,28.17,27.23
668,28.17,27.23
522,28.17,27.23
441,28.17,27.23
556,28.17,27.23
456,28.17,27.23
370,28.17,27.23
694,28.17,27.23
504,28.17,27.23
391,28.17,27.23
414,28.17,27.23
464,28.17,27.23
252,28.17,27.23
695,28.17,27.23
401,28.17,27.23
611,28.17,27.23
398,28.17,27.23
451,28.17,27.23
477,28.17,27.23
378,28.17,27.23
576,28.17,27.23
303,28.17,27.23
499,28.17,27.23
229,28.17,27.23
494,28.17,27.23
515,28.17,27.23
320,28.17,27.23
713,28.17,27.23
334,28.17,27.23
248,28.17,27.23
540,28.17,27.17
526,28.17,27.17
546,28.17,27.17
406,28.17,27.17
237,28.17,27.17
867,28.17,27.17
157,28.17,27.17
705,28.17,27.17
227,28.17,27.17
588,28.17,27.17
417,28.17,27.17
562,28.17,27.17
502,28.17,27.17
490,28.17,27.17
333,28.17,27.17
428,28.17,27.17
875,28.17,27.17
120,28.17,27.17
321,28.17,27.17
667,28.17,27.17
361,28.17,27.17
304,28.17,27.17
444,28.17,27.17
257,28.17,27.17
760,28.17,27.17
442,28.17,27.17
467,28.17,27.17
544,28.17,27.17
194,28.17,27.17
649,28.17,27.17
571,28.17,27.17
679,28.17,27.17
121,28.17,27.17
865,28.17,27.17
538,28.17,27.17
646,28.17,27.17
627,28.15,27.17
411,28.15,27.17
460,28.15,27.17
533,28.15,27.17
622,28.15,27.17
273,28.15,27.17
659,28.15,27.17
537,28.15,27.17
592,28.15,27.17
308,28.15,27.17
633,28.15,27.17
445,28.15,27.17
776,28.15,27.17
123,28.15,27.17
688,28.15,27.17
537,28.15,27.17
623,28.15,27.17
403,28.15,27.17
585,28.15,27.17
610,28.15,27.17
291,28.15,27.17
873,28.15,27.17
357,28.15,27.17
484,28.15,27.17
122,28.15,27.03
768,28.15,27.03
444,28.15,27.03
568,28.15,27.03
537,28.15,27.03
851,28.15,27.03
502,28.15,27.03
282,28.15,27.03
311,28.15,27.03
363,28.15,27.03
790,28.15,27.03
124,28.15,27.03
876,28.15,27.03
211,28.15,27.03
630,28.15,27.03
200,28.15,27.03
804,28.15,27.03
127,28.15,27.03
612,28.15,27.03
498,28.15,27.03
126,28.15,27.03
551,28.15,27.03
283,28.15,27.03
874,28.15,27.03
301,28.15,27.03
756,28.15,27.03
623,28.15,27.03
825,28.15,27.03
177,28.15,27.03
475,28.15,27.03
443,28.15,27.03
610,28.15,27.03
488,28.15,27.03
379,28.15,27.03
681,28.15,27.03
212,28.15,27.03
875,28.15,27.03
121,28.15,27.03
633,28.15,27.03
125,28.15,27.03
745,28.15,27.03
345,28.15,27.03
304,28.15,27.03
457,28.15,27.03
564,28.15,27.03
486,28.15,27.03
248,28.15,27.03
435,28.15,27.03
230,28.15,27.03
306,28.15,27.03
530,28.15,27.03
727,28.15,27.03
124,28.15,27.03
739,28.15,27.03
586,28.15,27.03
369,28.15,27.03
349,28.15,27.03
663,28.15,27.03
740,28.15,27.03
269,28.15,27.03
863,28.15,27.05
330,28.15,27.05
594,28.15,27.05
412,28.15,27.05
822,28.15,27.05
261,28.15,27.05
388,28.15,27.05
714,28.15,27.05
602,28.15,27.05
582,28.15,27.05
396,28.15,27.05
751,28.15,27.05
379,28.15,27.05
419,28.15,27.05
760,28.15,27.05
368,28.15,27.05
515,28.15,27.05
703,28.15,27.05
515,28.15,27.05
796,28.15,27.05
506,28.15,27.05
789,28.15,27.05
739,28.15,27.05
592,28.15,27.05
353,28.15,27.05
471,28.15,27.05
723,28.15,27.05
181,28.15,27.05
875,28.15,27.05
376,28.15,27.05
565,28.15,27.05
453,28.15,27.05
734,28.15,27.05
441,28.15,27.05
528,28.15,27.05
218,28.15,27.05
819,28.13,27.05
236,28.13,27.05
769,28.13,27.05
602,28.13,27.05
252,28.13,27.05
618,28.13,27.05
202,28.13,27.05
876,28.13,27.05
120,28.13,27.05
664,28.13,27.05
470,28.13,27.05
705,28.13,27.05
121,28.13,27.05
744,28.13,27.05
836,28.13,27.05
233,28.13,27.05
454,28.13,27.05
367,28.13,27.05
295,28.13,27.05
273,28.13,27.05
747,28.13,27.05
501,28.13,27.05
462,28.13,27.05
132,28.13,27.05
727,28.13,26.93
285,28.13,26.93
470,28.13,26.93
473,28.13,26.93
631,28.13,26.93
180,28.13,26.93
258,28.13,26.93
871,28.13,26.93
121,28.13,26.93
708,28.13,26.93
334,28.13,26.93
878,28.13,26.93
121,28.13,26.93
279,28.13,26.93
591,28.13,26.93
488,28.13,26.93
280,28.13,26.93
533,28.13,26.93
518,28.13,26.93
434,28.13,26.93
488,28.13,26.93
736,28.13,26.93
575,28.13,26.93
204,28.13,26.93
589,28.13,26.93
392,28.13,26.93
614,28.13,26.93
468,28.13,26.93
637,28.13,26.93
591,28.13,26.93
457,28.13,26.93
591,28.13,26.93
524,28.13,26.93
558,28.13,26.93
528,28.13,26.93
521,28.13,26.93
597,28.17,26.93
857,28.17,26.93
236,28.17,26.93
522,28.17,26.93
393,28.17,26.93
639,28.17,26.93
308,28.17,26.93
663,28.17,26.93
129,28.17,26.93
580,28.17,26.93
510,28.17,26.93
307,28.17,26.93
677,28.17,26.93
589,28.17,26.93
617,28.17,26.93
585,28.17,26.93
522,28.17,26.93
