299,29.11,27.87
679,29.11,27.87
123,29.11,27.87
817,29.11,27.87
876,29.11,27.87
616,29.11,27.87
330,29.11,27.87
579,29.11,27.87
120,29.11,27.87
640,29.11,27.87
657,29.11,27.87
231,29.11,27.87
725,29.11,27.87
211,29.11,27.87
689,29.11,27.87
120,29.11,27.87
834,29.11,27.87
124,29.11,27.87
601,29.11,27.87
342,29.11,27.87
423,29.11,27.87
425,29.11,27.87
311,29.11,27.87
468,29.11,27.87
535,29.11,27.87
333,29.11,27.87
402,29.11,27.87
578,29.11,27.87
521,29.11,27.87
614,29.11,27.87
502,29.11,27.87
876,29.11,27.87
120,29.11,27.87
807,29.11,27.87
594,29.11,27.87
720,29.11,27.87
533,29.11,27.87
667,29.11,27.87
273,29.11,27.87
153,29.11,27.87
874,29.11,27.87
365,29.15,27.87
873,29.15,27.87
407,29.15,27.87
707,29.15,27.87
369,29.15,27.87
477,29.15,27.87
352,29.15,27.87
876,29.15,27.87
323,29.15,27.87
754,29.15,27.87
287,29.15,27.87
864,29.15,27.87
789,29.15,27.87
259,29.15,27.87
848,29.15,27.87
204,29.15,27.87
708,29.15,27.87
555,29.15,27.87
620,29.15,27.87
467,29.15,27.87
705,29.15,27.87
659,29.15,27.87
349,29.15,27.87
646,29.15,27.87
555,29.15,27.81
691,29.15,27.81
526,29.15,27.81
323,29.15,27.81
664,29.15,27.81
619,29.15,27.81
345,29.15,27.81
753,29.15,27.81
369,29.15,27.81
663,29.15,27.81
127,29.15,27.81
781,29.15,27.81
713,29.15,27.81
120,29.15,27.81
709,29.15,27.81
342,29.15,27.81
696,29.15,27.81
685,29.15,27.81
876,29.15,27.81
270,29.15,27.81
704,29.15,27.81
592,29.15,27.81
258,29.15,27.81
578,29.15,27.81
649,29.15,27.81
324,29.15,27.81
700,29.15,27.81
125,29.15,27.81
602,29.15,27.81
431,29.15,27.81
248,29.15,27.81
719,29.15,27.81
252,29.15,27.81
692,29.15,27.81
121,29.15,27.81
565,29.15,27.81
508,29.15,27.81
124,29.15,27.81
484,29.15,27.81
270,29.15,27.81
629,29.15,27.81
120,29.15,27.81
659,29.15,27.81
237,29.15,27.81
427,29.15,27.81
560,29.15,27.81
449,29.15,27.81
234,29.15,27.81
636,29.15,27.81
195,29.15,27.81
548,29.15,27.81
467,29.15,27.81
544,29.15,27.81
435,29.15,27.81
541,29.15,27.81
640,29.15,27.81
120,29.15,27.81
808,29.15,27.81
120,29.15,27.81
878,29.15,27.73
580,29.15,27.73
495,29.15,27.73
384,29.15,27.73
680,29.15,27.73
497,29.15,27.73
326,29.15,27.73
840,29.15,27.73
125,29.15,27.73
524,29.15,27.73
605,29.15,27.73
526,29.15,27.73
426,29.15,27.73
664,29.15,27.73
494,29.15,27.73
876,29.15,27.73
125,29.15,27.73
875,29.15,27.73
459,29.15,27.73
497,29.15,27.73
511,29.15,27.73
242,29.15,27.73
580,29.15,27.73
288,29.15,27.73
685,29.15,27.73
574,29.15,27.73
876,29.15,27.73
312,29.15,27.73
748,29.15,27.73
571,29.15,27.73
471,29.15,27.73
327,29.15,27.73
643,29.15,27.73
257,29.15,27.73
642,29.15,27.73
132,29.15,27.73
620,29.15,27.73
419,29.15,27.73
122,29.15,27.73
878,29.15,27.73
128,29.15,27.73
823,29.15,27.73
519,29.15,27.73
741,29.15,27.73
345,29.15,27.73
681,29.15,27.73
406,29.15,27.73
521,29.15,27.73
404,29.15,27.73
346,29.15,27.73
618,29.15,27.73
378,29.15,27.73
528,29.15,27.73
338,29.15,27.73
647,29.15,27.73
231,29.15,27.73
741,29.15,27.73
351,29.15,27.73
559,29.15,27.73
361,29.15,27.73
805,29.15,27.95
357,29.15,27.95
454,29.15,27.95
606,29.15,27.95
296,29.15,27.95
527,29.15,27.95
396,29.15,27.95
423,29.15,27.95
482,29.15,27.95
430,29.15,27.95
499,29.15,27.95
483,29.15,27.95
540,29.15,27.95
133,29.15,27.95
567,29.15,27.95
417,29.15,27.95
416,29.15,27.95
687,29.15,27.95
496,29.15,27.95
513,29.15,27.95
693,29.15,27.95
354,29.15,27.95
738,29.15,27.95
123,29.15,27.95
570,29.15,27.95
573,29.15,27.95
245,29.15,27.95
551,29.15,27.95
318,29.15,27.95
508,29.15,27.95
433,29.15,27.95
453,29.15,27.95
449,29.15,27.95
628,29.15,27.95
634,29.15,27.95
465,29.15,27.95
709,29.19,27.95
481,29.19,27.95
538,29.19,27.95
668,29.19,27.95
137,29.19,27.95
765,29.19,27.95
278,29.19,27.95
431,29.19,27.95
690,29.19,27.95
184,29.19,27.95
758,29.19,27.95
204,29.19,27.95
877,29.19,27.95
599,29.19,27.95
498,29.19,27.95
371,29.19,27.95
574,29.19,27.95
655,29.19,27.95
496,29.19,27.95
500,29.19,27.95
515,29.19,27.95
598,29.19,27.95
508,29.19,27.95
288,29.19,27.95
338,29.19,28.01
777,29.19,28.01
178,29.19,28.01
766,29.19,28.01
120,29.19,28.01
760,29.19,28.01
281,29.19,28.01
815,29.19,28.01
693,29.19,28.01
327,29.19,28.01
877,29.19,28.01
129,29.19,28.01
811,29.19,28.01
323,29.19,28.01
777,29.19,28.01
315,29.19,28.01
506,29.19,28.01
290,29.19,28.01
342,29.19,28.01
614,29.19,28.01
516,29.19,28.01
591,29.19,28.01
523,29.19,28.01
418,29.19,28.01
563,29.19,28.01
456,29.19,28.01
186,29.19,28.01
700,29.19,28.01
121,29.19,28.01
595,29.19,28.01
120,29.19,28.01
473,29.19,28.01
366,29.19,28.01
341,29.19,28.01
372,29.19,28.01
136,29.19,28.01
679,29.15,28.01
645,29.15,28.01
341,29.15,28.01
310,29.15,28.01
591,29.15,28.01
347,29.15,28.01
350,29.15,28.01
763,29.15,28.01
374,29.15,28.01
498,29.15,28.01
868,29.15,28.01
487,29.15,28.01
628,29.15,28.01
500,29.15,28.01
759,29.15,28.01
680,29.15,28.01
128,29.15,28.01
790,29.15,28.01
244,29.15,28.01
722,29.15,28.01
359,29.15,28.01
620,29.15,28.01
594,29.15,28.01
362,29.15,27.99
669,29.15,27.99
827,29.15,27.99
422,29.15,27.99
237,29.15,27.99
658,29.15,27.99
592,29.15,27.99
543,29.15,27.99
542,29.15,27.99
552,29.15,27.99
478,29.15,27.99
773,29.15,27.99
121,29.15,27.99
772,29.15,27.99
488,29.15,27.99
704,29.15,27.99
716,29.15,27.99
446,29.15,27.99
671,29.15,27.99
426,29.15,27.99
878,29.15,27.99
557,29.15,27.99
429,29.15,27.99
531,29.15,27.99
362,29.15,27.99
526,29.15,27.99
561,29.15,27.99
461,29.15,27.99
691,29.15,27.99
636,29.15,27.99
445,29.15,27.99
716,29.15,27.99
479,29.15,27.99
758,29.15,27.99
514,29.15,27.99
876,29.15,27.99
123,29.17,27.99
769,29.17,27.99
618,29.17,27.99
562,29.17,27.99
877,29.17,27.99
415,29.17,27.99
609,29.17,27.99
439,29.17,27.99
390,29.17,27.99
616,29.17,27.99
472,29.17,27.99
552,29.17,27.99
520,29.17,27.99
550,29.17,27.99
191,29.17,27.99
463,29.17,27.99
552,29.17,27.99
136,29.17,27.99
875,29.17,27.99
231,29.17,27.99
677,29.17,27.99
481,29.17,27.99
225,29.17,27.99
770,29.17,27.99
125,29.17,27.93
648,29.17,27.93
288,29.17,27.93
587,29.17,27.93
360,29.17,27.93
188,29.17,27.93
567,29.17,27.93
534,29.17,27.93
209,29.17,27.93
687,29.17,27.93
413,29.17,27.93
675,29.17,27.93
121,29.17,27.93
424,29.17,27.93
546,29.17,27.93
397,29.17,27.93
711,29.17,27.93
169,29.17,27.93
875,29.17,27.93
120,29.17,27.93
749,29.17,27.93
534,29.17,27.93
570,29.17,27.93
408,29.17,27.93
438,29.17,27.93
730,29.17,27.93
506,29.17,27.93
384,29.17,27.93
643,29.17,27.93
570,29.17,27.93
385,29.17,27.93
745,29.17,27.93
613,29.17,27.93
516,29.17,27.93
448,29.17,27.93
876,29.17,27.93
344,29.15,27.93
465,29.15,27.93
320,29.15,27.93
728,29.15,27.93
652,29.15,27.93
290,29.15,27.93
877,29.15,27.93
374,29.15,27.93
877,29.15,27.93
808,29.15,27.93
420,29.15,27.93
424,29.15,27.93
662,29.15,27.93
838,29.15,27.93
752,29.15,27.93
122,29.15,27.93
876,29.15,27.93
492,29.15,27.93
546,29.15,27.93
341,29.15,27.93
