463,30.91,29.75
363,30.91,29.75
478,30.91,29.75
280,30.91,29.75
558,30.91,29.75
243,30.91,29.75
468,30.91,29.75
879,30.91,29.75
220,30.91,29.75
402,30.91,29.75
359,30.91,29.75
553,30.91,29.75
614,30.91,29.75
379,30.91,29.89
311,30.91,29.89
564,30.91,29.89
118,30.91,29.89
491,30.91,29.89
454,30.91,29.89
123,30.91,29.89
571,30.91,29.89
708,30.91,29.89
305,30.91,29.89
228,30.91,29.89
720,30.91,29.89
298,30.91,29.89
665,30.91,29.89
238,30.91,29.89
460,30.91,29.89
640,30.91,29.89
229,30.91,29.89
692,30.91,29.89
566,30.91,29.89
701,30.91,29.89
477,30.91,29.89
767,30.91,29.89
654,30.91,29.89
615,30.91,29.89
187,30.91,29.89
765,30.91,29.89
221,30.91,29.89
734,30.91,29.89
474,30.91,29.89
452,30.91,29.89
465,30.91,29.89
316,30.91,29.89
656,30.91,29.89
509,30.91,29.89
687,30.91,29.89
485,30.93,29.89
806,30.93,29.89
226,30.93,29.89
555,30.93,29.89
702,30.93,29.89
630,30.93,29.89
530,30.93,29.89
529,30.93,29.89
550,30.93,29.89
275,30.93,29.89
646,30.93,29.89
470,30.93,29.89
693,30.93,29.89
253,30.93,29.89
628,30.93,29.89
460,30.93,29.89
612,30.93,29.89
162,30.93,29.89
850,30.93,29.89
623,30.93,29.89
708,30.93,29.89
720,30.93,29.89
518,30.93,29.89
771,30.93,29.89
505,30.93,29.85
655,30.93,29.85
340,30.93,29.85
770,30.93,29.85
593,30.93,29.85
594,30.93,29.85
610,30.93,29.85
578,30.93,29.85
373,30.93,29.85
643,30.93,29.85
251,30.93,29.85
802,30.93,29.85
744,30.93,29.85
119,30.93,29.85
696,30.93,29.85
227,30.93,29.85
550,30.93,29.85
123,30.93,29.85
622,30.93,29.85
120,30.93,29.85
513,30.93,29.85
464,30.93,29.85
587,30.93,29.85
575,30.93,29.85
369,30.93,29.85
705,30.93,29.85
390,30.93,29.85
302,30.93,29.85
453,30.93,29.85
521,30.93,29.85
116,30.93,29.85
747,30.93,29.85
119,30.93,29.85
510,30.93,29.85
222,30.93,29.85
699,30.95,29.85
295,30.95,29.85
494,30.95,29.85
210,30.95,29.85
333,30.95,29.85
654,30.95,29.85
118,30.95,29.85
842,30.95,29.85
340,30.95,29.85
761,30.95,29.85
476,30.95,29.85
458,30.95,29.85
498,30.95,29.85
360,30.95,29.85
339,30.95,29.85
288,30.95,29.85
412,30.95,29.85
267,30.95,29.85
446,30.95,29.85
221,30.95,29.85
603,30.95,29.85
382,30.95,29.85
878,30.95,29.85
168,30.95,29.85
763,30.95,29.79
420,30.95,29.79
363,30.95,29.79
380,30.95,29.79
587,30.95,29.79
813,30.95,29.79
430,30.95,29.79
379,30.95,29.79
401,30.95,29.79
468,30.95,29.79
333,30.95,29.79
683,30.95,29.79
606,30.95,29.79
622,30.95,29.79
656,30.95,29.79
649,30.95,29.79
242,30.95,29.79
734,30.95,29.79
500,30.95,29.79
485,30.95,29.79
534,30.95,29.79
376,30.95,29.79
704,30.95,29.79
522,30.95,29.79
673,30.95,29.79
451,30.95,29.79
816,30.95,29.79
297,30.95,29.79
771,30.95,29.79
475,30.95,29.79
579,30.95,29.79
698,30.95,29.79
390,30.95,29.79
529,30.95,29.79
479,30.95,29.79
355,30.95,29.79
736,30.95,29.79
663,30.95,29.79
285,30.95,29.79
877,30.95,29.79
319,30.95,29.79
355,30.95,29.79
505,30.95,29.79
311,30.95,29.79
700,30.95,29.79
569,30.95,29.79
366,30.95,29.79
337,30.95,29.79
646,30.95,29.79
118,30.95,29.79
879,30.95,29.79
226,30.95,29.79
495,30.95,29.79
754,30.95,29.79
438,30.95,29.79
540,30.95,29.79
435,30.95,29.79
694,30.95,29.79
414,30.95,29.79
436,30.95,29.79
418,30.95,29.63
410,30.95,29.63
344,30.95,29.63
496,30.95,29.63
279,30.95,29.63
549,30.95,29.63
119,30.95,29.63
509,30.95,29.63
353,30.95,29.63
322,30.95,29.63
578,30.95,29.63
681,30.95,29.63
747,30.95,29.63
341,30.95,29.63
878,30.95,29.63
472,30.95,29.63
445,30.95,29.63
585,30.95,29.63
362,30.95,29.63
587,30.95,29.63
384,30.95,29.63
533,30.95,29.63
179,30.95,29.63
517,30.95,29.63
549,30.95,29.63
522,30.95,29.63
472,30.95,29.63
655,30.95,29.63
365,30.95,29.63
879,30.95,29.63
409,30.95,29.63
208,30.95,29.63
254,30.95,29.63
410,30.95,29.63
326,30.95,29.63
334,30.95,29.63
708,30.93,29.63
280,30.93,29.63
878,30.93,29.63
125,30.93,29.63
757,30.93,29.63
681,30.93,29.63
502,30.93,29.63
877,30.93,29.63
843,30.93,29.63
365,30.93,29.63
708,30.93,29.63
315,30.93,29.63
521,30.93,29.63
362,30.93,29.63
412,30.93,29.63
580,30.93,29.63
407,30.93,29.63
641,30.93,29.63
221,30.93,29.63
633,30.93,29.63
383,30.93,29.63
604,30.93,29.63
226,30.93,29.63
610,30.93,29.89
563,30.93,29.89
375,30.93,29.89
705,30.93,29.89
591,30.93,29.89
632,30.93,29.89
398,30.93,29.89
644,30.93,29.89
514,30.93,29.89
766,30.93,29.89
131,30.93,29.89
559,30.93,29.89
259,30.93,29.89
717,30.93,29.89
526,30.93,29.89
528,30.93,29.89
539,30.93,29.89
420,30.93,29.89
610,30.93,29.89
203,30.93,29.89
771,30.93,29.89
415,30.93,29.89
866,30.93,29.89
509,30.93,29.89
542,30.93,29.89
504,30.93,29.89
306,30.93,29.89
203,30.93,29.89
511,30.93,29.89
322,30.93,29.89
410,30.93,29.89
410,30.93,29.89
707,30.93,29.89
734,30.93,29.89
222,30.93,29.89
747,30.93,29.89
279,30.91,29.89
680,30.91,29.89
331,30.91,29.89
795,30.91,29.89
333,30.91,29.89
462,30.91,29.89
585,30.91,29.89
522,30.91,29.89
442,30.91,29.89
205,30.91,29.89
610,30.91,29.89
119,30.91,29.89
379,30.91,29.89
495,30.91,29.89
723,30.91,29.89
410,30.91,29.89
681,30.91,29.89
298,30.91,29.89
785,30.91,29.89
382,30.91,29.89
742,30.91,29.89
538,30.91,29.89
196,30.91,29.89
634,30.91,29.89
240,30.91,29.65
753,30.91,29.65
263,30.91,29.65
832,30.91,29.65
179,30.91,29.65
748,30.91,29.65
398,30.91,29.65
559,30.91,29.65
631,30.91,29.65
449,30.91,29.65
607,30.91,29.65
425,30.91,29.65
364,30.91,29.65
758,30.91,29.65
655,30.91,29.65
705,30.91,29.65
777,30.91,29.65
351,30.91,29.65
879,30.91,29.65
320,30.91,29.65
741,30.91,29.65
602,30.91,29.65
625,30.91,29.65
440,30.91,29.65
631,30.91,29.65
825,30.91,29.65
254,30.91,29.65
876,30.91,29.65
575,30.91,29.65
492,30.91,29.65
661,30.91,29.65
702,30.91,29.65
590,30.91,29.65
711,30.91,29.65
461,30.91,29.65
610,30.95,29.65
307,30.95,29.65
595,30.95,29.65
406,30.95,29.65
449,30.95,29.65
658,30.95,29.65
273,30.95,29.65
838,30.95,29.65
157,30.95,29.65
661,30.95,29.65
571,30.95,29.65
769,30.95,29.65
119,30.95,29.65
560,30.95,29.65
516,30.95,29.65
329,30.95,29.65
650,30.95,29.65
456,30.95,29.65
338,30.95,29.65
512,30.95,29.65
448,30.95,29.65
440,30.95,29.65
425,30.95,29.65
360,30.95,29.65
596,30.95,29.71
212,30.95,29.71
676,30.95,29.71
154,30.95,29.71
772,30.95,29.71
272,30.95,29.71
500,30.95,29.71
450,30.95,29.71
189,30.95,29.71
518,30.95,29.71
280,30.95,29.71
422,30.95,29.71
270,30.95,29.71
693,30.95,29.71
483,30.95,29.71
484,30.95,29.71
459,30.95,29.71
525,30.95,29.71
363,30.95,29.71
654,30.95,29.71
272,30.95,29.71
551,30.95,29.71
563,30.95,29.71
529,30.95,29.71
457,30.95,29.71
333,30.95,29.71
566,30.95,29.71
257,30.95,29.71
725,30.95,29.71
429,30.95,29.71
703,30.95,29.71
414,30.95,29.71
128,30.95,29.71
520,30.95,29.71
568,30.95,29.71
513,30.95,29.71
536,30.95,29.71
566,30.95,29.71
692,30.95,29.71
680,30.95,29.71
752,30.95,29.71
716,30.95,29.71
269,30.95,29.71
642,30.95,29.71
173,30.95,29.71
668,30.95,29.71
427,30.95,29.71
533,30.95,29.71
741,30.95,29.71
506,30.95,29.71
