458,30.91,29.69
727,30.91,29.69
247,30.91,29.69
323,30.91,29.69
542,30.91,29.69
868,30.91,29.69
850,30.91,29.69
441,30.91,29.69
809,30.91,29.69
187,30.91,29.69
647,30.91,29.69
440,30.91,29.69
877,30.91,29.69
388,30.91,29.69
837,30.91,29.69
576,30.91,29.69
263,30.91,29.69
689,30.91,29.69
331,30.91,29.69
826,30.91,29.69
260,30.91,29.69
378,30.91,29.69
384,30.91,29.69
577,30.91,29.69
465,30.91,29.69
697,30.91,29.69
256,30.91,29.57
576,30.91,29.57
144,30.91,29.57
604,30.91,29.57
521,30.91,29.57
191,30.91,29.57
327,30.91,29.57
122,30.91,29.57
845,30.91,29.57
121,30.91,29.57
676,30.91,29.57
121,30.91,29.57
629,30.91,29.57
367,30.91,29.57
533,30.91,29.57
173,30.91,29.57
514,30.91,29.57
668,30.91,29.57
256,30.91,29.57
497,30.91,29.57
536,30.91,29.57
367,30.91,29.57
338,30.91,29.57
626,30.91,29.57
282,30.91,29.57
882,30.91,29.57
118,30.91,29.57
831,30.91,29.57
450,30.91,29.57
510,30.91,29.57
355,30.91,29.57
646,30.91,29.57
627,30.91,29.57
230,30.91,29.57
785,30.91,29.57
276,30.91,29.57
704,30.89,29.57
284,30.89,29.57
489,30.89,29.57
158,30.89,29.57
704,30.89,29.57
214,30.89,29.57
841,30.89,29.57
214,30.89,29.57
853,30.89,29.57
278,30.89,29.57
831,30.89,29.57
251,30.89,29.57
492,30.89,29.57
788,30.89,29.57
271,30.89,29.57
750,30.89,29.57
643,30.89,29.57
787,30.89,29.57
255,30.89,29.57
876,30.89,29.57
297,30.89,29.57
712,30.89,29.57
561,30.89,29.57
791,30.89,29.63
314,30.89,29.63
449,30.89,29.63
509,30.89,29.63
648,30.89,29.63
586,30.89,29.63
639,30.89,29.63
610,30.89,29.63
502,30.89,29.63
411,30.89,29.63
570,30.89,29.63
777,30.89,29.63
511,30.89,29.63
429,30.89,29.63
835,30.89,29.63
419,30.89,29.63
651,30.89,29.63
689,30.89,29.63
366,30.89,29.63
254,30.89,29.63
630,30.89,29.63
471,30.89,29.63
490,30.89,29.63
680,30.89,29.63
237,30.89,29.63
661,30.89,29.63
158,30.89,29.63
420,30.89,29.63
491,30.89,29.63
377,30.89,29.63
457,30.89,29.63
714,30.89,29.63
170,30.89,29.63
443,30.89,29.63
453,30.89,29.63
368,30.89,29.63
214,30.93,29.63
118,30.93,29.63
676,30.93,29.63
374,30.93,29.63
677,30.93,29.63
148,30.93,29.63
737,30.93,29.63
350,30.93,29.63
623,30.93,29.63
487,30.93,29.63
377,30.93,29.63
622,30.93,29.63
390,30.93,29.63
136,30.93,29.63
249,30.93,29.63
621,30.93,29.63
662,30.93,29.63
431,30.93,29.63
291,30.93,29.63
531,30.93,29.63
240,30.93,29.63
646,30.93,29.63
127,30.93,29.63
808,30.93,29.69
272,30.93,29.69
436,30.93,29.69
537,30.93,29.69
643,30.93,29.69
406,30.93,29.69
201,30.93,29.69
594,30.93,29.69
202,30.93,29.69
554,30.93,29.69
328,30.93,29.69
707,30.93,29.69
455,30.93,29.69
299,30.93,29.69
545,30.93,29.69
367,30.93,29.69
257,30.93,29.69
699,30.93,29.69
495,30.93,29.69
446,30.93,29.69
496,30.93,29.69
451,30.93,29.69
834,30.93,29.69
320,30.93,29.69
749,30.93,29.69
541,30.93,29.69
737,30.93,29.69
118,30.93,29.69
873,30.93,29.69
321,30.93,29.69
269,30.93,29.69
733,30.93,29.69
441,30.93,29.69
705,30.93,29.69
495,30.93,29.69
441,30.93,29.69
509,30.93,29.69
684,30.91,29.69
278,30.91,29.69
706,30.91,29.69
300,30.91,29.69
765,30.91,29.69
483,30.91,29.69
730,30.91,29.69
229,30.91,29.69
438,30.91,29.69
649,30.91,29.69
186,30.91,29.69
873,30.91,29.69
497,30.91,29.69
834,30.91,29.69
119,30.91,29.69
826,30.91,29.69
722,30.91,29.69
750,30.91,29.69
469,30.91,29.69
792,30.91,29.69
278,30.91,29.69
666,30.91,29.69
380,30.91,29.69
580,30.91,29.77
465,30.91,29.77
316,30.91,29.77
624,30.91,29.77
183,30.91,29.77
507,30.91,29.77
121,30.91,29.77
880,30.91,29.77
538,30.91,29.77
529,30.91,29.77
714,30.91,29.77
610,30.91,29.77
577,30.91,29.77
474,30.91,29.77
417,30.91,29.77
499,30.91,29.77
380,30.91,29.77
449,30.91,29.77
198,30.91,29.77
596,30.91,29.77
626,30.91,29.77
354,30.91,29.77
687,30.91,29.77
323,30.91,29.77
760,30.91,29.77
280,30.91,29.77
471,30.91,29.77
389,30.91,29.77
306,30.91,29.77
465,30.91,29.77
396,30.91,29.77
428,30.91,29.77
345,30.91,29.77
412,30.91,29.77
615,30.91,29.77
384,30.91,29.77
451,30.91,29.77
519,30.91,29.77
484,30.91,29.77
436,30.91,29.77
512,30.91,29.77
443,30.91,29.77
387,30.91,29.77
560,30.91,29.77
310,30.91,29.77
296,30.91,29.77
549,30.91,29.77
117,30.91,29.77
795,30.91,29.77
220,30.91,29.77
249,30.91,29.77
594,30.91,29.77
378,30.91,29.77
591,30.91,29.77
285,30.91,29.77
703,30.91,29.77
481,30.91,29.77
621,30.91,29.77
216,30.91,29.77
858,30.91,29.55
528,30.91,29.55
535,30.91,29.55
521,30.91,29.55
562,30.91,29.55
222,30.91,29.55
648,30.91,29.55
555,30.91,29.55
480,30.91,29.55
371,30.91,29.55
480,30.91,29.55
702,30.91,29.55
267,30.91,29.55
877,30.91,29.55
126,30.91,29.55
751,30.91,29.55
429,30.91,29.55
591,30.91,29.55
528,30.91,29.55
481,30.91,29.55
594,30.91,29.55
430,30.91,29.55
490,30.91,29.55
249,30.91,29.55
386,30.91,29.55
419,30.91,29.55
519,30.91,29.55
344,30.91,29.55
641,30.91,29.55
376,30.91,29.55
656,30.91,29.55
369,30.91,29.55
627,30.91,29.55
189,30.91,29.55
423,30.91,29.55
720,30.91,29.55
317,30.89,29.55
753,30.89,29.55
586,30.89,29.55
632,30.89,29.55
349,30.89,29.55
715,30.89,29.55
298,30.89,29.55
639,30.89,29.55
230,30.89,29.55
534,30.89,29.55
451,30.89,29.55
421,30.89,29.55
552,30.89,29.55
784,30.89,29.55
349,30.89,29.55
638,30.89,29.55
659,30.89,29.55
332,30.89,29.55
624,30.89,29.55
248,30.89,29.55
801,30.89,29.55
119,30.89,29.55
556,30.89,29.55
577,30.89,29.55
512,30.89,29.71
558,30.89,29.71
538,30.89,29.71
192,30.89,29.71
132,30.89,29.71
619,30.89,29.71
706,30.89,29.71
475,30.89,29.71
418,30.89,29.71
582,30.89,29.71
533,30.89,29.71
473,30.89,29.71
307,30.89,29.71
718,30.89,29.71
392,30.89,29.71
745,30.89,29.71
485,30.89,29.71
522,30.89,29.71
707,30.89,29.71
611,30.89,29.71
617,30.89,29.71
483,30.89,29.71
474,30.89,29.71
502,30.89,29.71
544,30.89,29.71
423,30.89,29.71
643,30.89,29.71
876,30.89,29.71
691,30.89,29.71
561,30.89,29.71
865,30.89,29.71
348,30.89,29.71
490,30.89,29.71
533,30.89,29.71
517,30.89,29.71
658,30.89,29.71
440,30.89,29.71
714,30.89,29.71
596,30.89,29.71
542,30.89,29.71
335,30.89,29.71
683,30.89,29.71
636,30.89,29.71
483,30.89,29.71
668,30.89,29.71
465,30.89,29.71
379,30.89,29.71
528,30.89,29.71
573,30.89,29.71
232,30.89,29.71
617,30.89,29.71
417,30.89,29.71
534,30.89,29.71
134,30.89,29.71
628,30.89,29.71
450,30.89,29.71
499,30.89,29.71
226,30.89,29.71
491,30.89,29.71
619,30.89,29.75
196,30.89,29.75
846,30.89,29.75
303,30.89,29.75
879,30.89,29.75
121,30.89,29.75
489,30.89,29.75
526,30.89,29.75
396,30.89,29.75
360,30.89,29.75
608,30.89,29.75
142,30.89,29.75
614,30.89,29.75
398,30.89,29.75
387,30.89,29.75
406,30.89,29.75
418,30.89,29.75
274,30.89,29.75
357,30.89,29.75
675,30.89,29.75
155,30.89,29.75
703,30.89,29.75
171,30.89,29.75
611,30.89,29.75
391,30.89,29.75
182,30.89,29.75
491,30.89,29.75
551,30.89,29.75
280,30.89,29.75
311,30.89,29.75
555,30.89,29.75
400,30.89,29.75
507,30.89,29.75
625,30.89,29.75
827,30.89,29.75
472,30.89,29.75
513,30.91,29.75
