333,31.07,29.93
614,31.07,29.93
178,31.07,29.93
498,31.07,29.93
275,31.07,29.93
771,31.07,29.93
719,31.07,29.93
460,31.07,29.93
267,31.07,29.93
501,31.07,29.93
372,31.07,29.93
342,31.07,29.93
308,31.07,29.93
756,31.07,29.93
122,31.07,29.93
655,31.07,29.93
492,31.07,29.93
276,31.07,29.93
631,31.07,29.93
304,31.07,29.93
520,31.07,29.93
475,31.07,29.93
688,31.07,29.93
362,31.07,29.93
549,31.07,29.93
787,31.07,29.93
341,31.07,29.93
480,31.05,29.93
257,31.05,29.93
513,31.05,29.93
305,31.05,29.93
374,31.05,29.93
635,31.05,29.93
557,31.05,29.93
504,31.05,29.93
835,31.05,29.93
252,31.05,29.93
773,31.05,29.93
285,31.05,29.93
347,31.05,29.93
402,31.05,29.93
620,31.05,29.93
232,31.05,29.93
226,31.05,29.93
879,31.05,29.93
119,31.05,29.93
636,31.05,29.93
119,31.05,29.93
778,31.05,29.93
280,31.05,29.93
553,31.05,29.93
692,31.05,29.69
799,31.05,29.69
224,31.05,29.69
743,31.05,29.69
680,31.05,29.69
216,31.05,29.69
714,31.05,29.69
696,31.05,29.69
599,31.05,29.69
249,31.05,29.69
720,31.05,29.69
589,31.05,29.69
835,31.05,29.69
567,31.05,29.69
783,31.05,29.69
555,31.05,29.69
119,31.05,29.69
808,31.05,29.69
419,31.05,29.69
741,31.05,29.69
515,31.05,29.69
815,31.05,29.69
554,31.05,29.69
675,31.05,29.69
625,31.05,29.69
836,31.05,29.69
650,31.05,29.69
583,31.05,29.69
616,31.05,29.69
553,31.05,29.69
121,31.05,29.69
543,31.05,29.69
878,31.05,29.69
133,31.05,29.69
703,31.05,29.69
295,31.05,29.69
675,31.01,29.69
305,31.01,29.69
779,31.01,29.69
791,31.01,29.69
319,31.01,29.69
570,31.01,29.69
682,31.01,29.69
663,31.01,29.69
502,31.01,29.69
304,31.01,29.69
595,31.01,29.69
543,31.01,29.69
360,31.01,29.69
581,31.01,29.69
418,31.01,29.69
441,31.01,29.69
534,31.01,29.69
709,31.01,29.69
235,31.01,29.69
600,31.01,29.69
770,31.01,29.69
525,31.01,29.69
641,31.01,29.69
266,31.01,29.85
878,31.01,29.85
605,31.01,29.85
598,31.01,29.85
565,31.01,29.85
196,31.01,29.85
796,31.01,29.85
510,31.01,29.85
828,31.01,29.85
616,31.01,29.85
206,31.01,29.85
564,31.01,29.85
658,31.01,29.85
620,31.01,29.85
245,31.01,29.85
309,31.01,29.85
611,31.01,29.85
382,31.01,29.85
517,31.01,29.85
121,31.01,29.85
379,31.01,29.85
799,31.01,29.85
243,31.01,29.85
677,31.01,29.85
120,31.01,29.85
671,31.01,29.85
254,31.01,29.85
676,31.01,29.85
514,31.01,29.85
464,31.01,29.85
456,31.01,29.85
276,31.01,29.85
645,31.01,29.85
539,31.01,29.85
464,31.01,29.85
339,31.01,29.85
442,31.01,29.85
230,31.07,29.85
219,31.07,29.85
427,31.07,29.85
687,31.07,29.85
150,31.07,29.85
636,31.07,29.85
179,31.07,29.85
490,31.07,29.85
680,31.07,29.85
544,31.07,29.85
801,31.07,29.85
120,31.07,29.85
699,31.07,29.85
561,31.07,29.85
722,31.07,29.85
458,31.07,29.85
397,31.07,29.85
612,31.07,29.85
330,31.07,29.85
586,31.07,29.85
365,31.07,29.85
460,31.07,29.85
297,31.07,29.85
750,31.07,29.71
436,31.07,29.71
618,31.07,29.71
727,31.07,29.71
721,31.07,29.71
529,31.07,29.71
624,31.07,29.71
481,31.07,29.71
513,31.07,29.71
566,31.07,29.71
440,31.07,29.71
472,31.07,29.71
134,31.07,29.71
763,31.07,29.71
359,31.07,29.71
774,31.07,29.71
119,31.07,29.71
600,31.07,29.71
470,31.07,29.71
565,31.07,29.71
716,31.07,29.71
371,31.07,29.71
879,31.07,29.71
131,31.07,29.71
690,31.07,29.71
455,31.07,29.71
509,31.07,29.71
322,31.07,29.71
822,31.07,29.71
490,31.07,29.71
440,31.07,29.71
237,31.07,29.71
841,31.07,29.71
340,31.07,29.71
523,31.07,29.71
655,31.07,29.71
379,31.05,29.71
806,31.05,29.71
520,31.05,29.71
879,31.05,29.71
461,31.05,29.71
815,31.05,29.71
462,31.05,29.71
538,31.05,29.71
406,31.05,29.71
619,31.05,29.71
665,31.05,29.71
317,31.05,29.71
119,31.05,29.71
606,31.05,29.71
580,31.05,29.71
425,31.05,29.71
572,31.05,29.71
538,31.05,29.71
510,31.05,29.71
264,31.05,29.71
879,31.05,29.71
170,31.05,29.71
352,31.05,29.71
563,31.05,29.71
585,31.05,29.93
567,31.05,29.93
265,31.05,29.93
544,31.05,29.93
524,31.05,29.93
415,31.05,29.93
351,31.05,29.93
728,31.05,29.93
619,31.05,29.93
199,31.05,29.93
511,31.05,29.93
574,31.05,29.93
516,31.05,29.93
227,31.05,29.93
366,31.05,29.93
385,31.05,29.93
219,31.05,29.93
517,31.05,29.93
517,31.05,29.93
121,31.05,29.93
720,31.05,29.93
322,31.05,29.93
447,31.05,29.93
722,31.05,29.93
218,31.05,29.93
612,31.05,29.93
347,31.05,29.93
602,31.05,29.93
646,31.05,29.93
804,31.05,29.93
350,31.05,29.93
488,31.05,29.93
383,31.05,29.93
240,31.05,29.93
579,31.05,29.93
255,31.05,29.93
398,31.05,29.93
326,31.05,29.93
621,31.05,29.93
599,31.05,29.93
481,31.05,29.93
273,31.05,29.93
537,31.05,29.93
259,31.05,29.93
739,31.05,29.93
263,31.05,29.93
690,31.05,29.93
303,31.05,29.93
501,31.05,29.93
328,31.05,29.93
279,31.05,29.93
557,31.05,29.93
208,31.05,29.93
651,31.05,29.93
124,31.05,29.93
857,31.05,29.93
186,31.05,29.93
647,31.05,29.93
480,31.05,29.93
652,31.05,29.89
636,31.05,29.89
366,31.05,29.89
441,31.05,29.89
551,31.05,29.89
505,31.05,29.89
380,31.05,29.89
866,31.05,29.89
121,31.05,29.89
810,31.05,29.89
474,31.05,29.89
655,31.05,29.89
152,31.05,29.89
650,31.05,29.89
362,31.05,29.89
334,31.05,29.89
461,31.05,29.89
174,31.05,29.89
824,31.05,29.89
120,31.05,29.89
698,31.05,29.89
271,31.05,29.89
721,31.05,29.89
433,31.05,29.89
520,31.05,29.89
438,31.05,29.89
370,31.05,29.89
297,31.05,29.89
628,31.05,29.89
491,31.05,29.89
295,31.05,29.89
755,31.05,29.89
237,31.05,29.89
791,31.05,29.89
122,31.05,29.89
670,31.05,29.89
237,31.07,29.89
650,31.07,29.89
356,31.07,29.89
728,31.07,29.89
503,31.07,29.89
208,31.07,29.89
879,31.07,29.89
282,31.07,29.89
651,31.07,29.89
428,31.07,29.89
726,31.07,29.89
524,31.07,29.89
525,31.07,29.89
507,31.07,29.89
226,31.07,29.89
593,31.07,29.89
360,31.07,29.89
740,31.07,29.89
626,31.07,29.89
466,31.07,29.89
403,31.07,29.89
804,31.07,29.89
122,31.07,29.89
657,31.07,29.89
606,31.07,29.89
794,31.07,29.89
558,31.07,29.89
598,31.07,29.89
544,31.07,29.89
467,31.07,29.89
685,31.07,29.89
471,31.07,29.89
879,31.07,29.89
187,31.07,29.89
701,31.07,29.89
568,31.07,29.89
578,31.07,29.89
700,31.07,29.89
656,31.07,29.89
593,31.07,29.89
341,31.07,29.89
631,31.07,29.89
676,31.07,29.89
767,31.07,29.89
238,31.07,29.89
556,31.07,29.89
417,31.07,29.89
446,31.07,29.89
362,31.07,29.89
642,31.07,29.89
402,31.07,29.89
404,31.07,29.89
705,31.07,29.89
282,31.07,29.89
835,31.07,29.89
488,31.07,29.89
815,31.07,29.89
492,31.07,29.89
400,31.07,29.89
568,31.07,29.89
543,31.07,29.89
486,31.07,29.89
491,31.07,29.89
681,31.07,29.89
534,31.07,29.89
550,31.07,29.89
554,31.07,29.89
607,31.07,29.89
621,31.07,29.89
655,31.07,29.89
644,31.07,29.89
566,31.07,29.89
500,31.07,29.89
704,31.07,29.89
259,31.07,29.89
654,31.07,29.89
526,31.07,29.89
551,31.07,29.89
511,31.07,29.89
304,31.07,29.89
825,31.07,29.89
230,31.07,29.89
602,31.07,29.89
691,31.07,29.89
288,31.07,29.71
578,31.07,29.71
455,31.07,29.71
563,31.07,29.71
522,31.07,29.71
525,31.07,29.71
488,31.07,29.71
798,31.07,29.71
319,31.07,29.71
562,31.07,29.71
