651,31.47,30.31
307,31.47,30.31
858,31.47,30.31
122,31.49,30.31
354,31.49,30.31
879,31.49,30.31
878,31.49,30.31
495,31.49,30.31
879,31.49,30.31
307,31.49,30.31
544,31.49,30.31
874,31.49,30.31
304,31.49,30.31
780,31.49,30.31
120,31.49,30.31
849,31.49,30.31
530,31.49,30.31
879,31.49,30.31
519,31.49,30.31
807,31.49,30.31
571,31.49,30.31
193,31.49,30.31
585,31.49,30.31
278,31.49,30.31
723,31.49,30.31
688,31.49,30.31
632,31.49,30.29
512,31.49,30.29
663,31.49,30.29
382,31.49,30.29
877,31.49,30.29
236,31.49,30.29
681,31.49,30.29
121,31.49,30.29
487,31.49,30.29
608,31.49,30.29
389,31.49,30.29
557,31.49,30.29
122,31.49,30.29
879,31.49,30.29
430,31.49,30.29
746,31.49,30.29
756,31.49,30.29
619,31.49,30.29
276,31.49,30.29
666,31.49,30.29
541,31.49,30.29
453,31.49,30.29
461,31.49,30.29
331,31.49,30.29
265,31.49,30.29
384,31.49,30.29
492,31.49,30.29
558,31.49,30.29
415,31.49,30.29
273,31.49,30.29
757,31.49,30.29
250,31.49,30.29
671,31.49,30.29
589,31.49,30.29
399,31.49,30.29
730,31.49,30.29
121,31.49,30.29
660,31.49,30.29
517,31.49,30.29
744,31.49,30.29
328,31.49,30.29
760,31.49,30.29
118,31.49,30.29
647,31.49,30.29
656,31.49,30.29
341,31.49,30.29
342,31.49,30.29
609,31.49,30.29
329,31.49,30.29
629,31.49,30.29
565,31.49,30.29
804,31.49,30.29
629,31.49,30.29
166,31.49,30.29
877,31.49,30.29
181,31.49,30.29
729,31.49,30.29
360,31.49,30.29
747,31.49,30.29
482,31.49,30.29
753,31.49,30.33
373,31.49,30.33
372,31.49,30.33
415,31.49,30.33
550,31.49,30.33
693,31.49,30.33
327,31.49,30.33
616,31.49,30.33
670,31.49,30.33
760,31.49,30.33
255,31.49,30.33
765,31.49,30.33
372,31.49,30.33
877,31.49,30.33
228,31.49,30.33
730,31.49,30.33
454,31.49,30.33
533,31.49,30.33
607,31.49,30.33
354,31.49,30.33
838,31.49,30.33
423,31.49,30.33
784,31.49,30.33
486,31.49,30.33
723,31.49,30.33
611,31.49,30.33
630,31.49,30.33
643,31.49,30.33
588,31.49,30.33
763,31.49,30.33
411,31.49,30.33
239,31.49,30.33
838,31.49,30.33
265,31.49,30.33
530,31.49,30.33
432,31.49,30.33
348,31.51,30.33
810,31.51,30.33
323,31.51,30.33
671,31.51,30.33
574,31.51,30.33
147,31.51,30.33
708,31.51,30.33
414,31.51,30.33
503,31.51,30.33
323,31.51,30.33
526,31.51,30.33
414,31.51,30.33
444,31.51,30.33
663,31.51,30.33
400,31.51,30.33
329,31.51,30.33
458,31.51,30.33
663,31.51,30.33
583,31.51,30.33
333,31.51,30.33
820,31.51,30.33
356,31.51,30.33
775,31.51,30.33
370,31.51,30.25
151,31.51,30.25
707,31.51,30.25
367,31.51,30.25
811,31.51,30.25
598,31.51,30.25
381,31.51,30.25
679,31.51,30.25
618,31.51,30.25
542,31.51,30.25
121,31.51,30.25
667,31.51,30.25
538,31.51,30.25
322,31.51,30.25
689,31.51,30.25
507,31.51,30.25
733,31.51,30.25
591,31.51,30.25
449,31.51,30.25
655,31.51,30.25
336,31.51,30.25
669,31.51,30.25
316,31.51,30.25
650,31.51,30.25
408,31.51,30.25
532,31.51,30.25
496,31.51,30.25
241,31.51,30.25
649,31.51,30.25
610,31.51,30.25
705,31.51,30.25
219,31.51,30.25
610,31.51,30.25
531,31.51,30.25
648,31.51,30.25
656,31.51,30.25
534,31.51,30.25
328,31.49,30.25
792,31.49,30.25
135,31.49,30.25
648,31.49,30.25
349,31.49,30.25
388,31.49,30.25
576,31.49,30.25
341,31.49,30.25
699,31.49,30.25
435,31.49,30.25
686,31.49,30.25
287,31.49,30.25
487,31.49,30.25
619,31.49,30.25
618,31.49,30.25
120,31.49,30.25
707,31.49,30.25
180,31.49,30.25
465,31.49,30.25
506,31.49,30.25
348,31.49,30.25
355,31.49,30.25
220,31.49,30.25
527,31.49,30.25
348,31.49,30.25
451,31.49,30.25
216,31.49,30.25
848,31.49,30.25
118,31.49,30.25
455,31.49,30.25
481,31.49,30.25
327,31.49,30.25
290,31.49,30.25
505,31.49,30.25
622,31.49,30.25
287,31.49,30.25
131,31.49,30.25
437,31.49,30.25
525,31.49,30.25
170,31.49,30.25
696,31.49,30.25
565,31.49,30.25
589,31.49,30.25
275,31.49,30.25
569,31.49,30.25
629,31.49,30.25
422,31.49,30.25
438,31.49,30.25
214,31.49,30.25
809,31.49,30.25
119,31.49,30.25
787,31.49,30.25
358,31.49,30.25
628,31.49,30.25
401,31.49,30.25
664,31.49,30.25
445,31.49,30.25
508,31.49,30.25
420,31.49,30.25
813,31.51,30.25
563,31.51,30.25
671,31.51,30.25
621,31.51,30.25
638,31.51,30.25
706,31.51,30.25
746,31.51,30.25
609,31.51,30.25
379,31.51,30.25
658,31.51,30.25
245,31.51,30.25
596,31.51,30.25
299,31.51,30.25
585,31.51,30.25
699,31.51,30.25
531,31.51,30.25
515,31.51,30.25
550,31.51,30.25
460,31.51,30.25
553,31.51,30.25
569,31.51,30.25
784,31.51,30.25
555,31.51,30.25
410,31.51,30.25
878,31.51,30.19
613,31.51,30.19
617,31.51,30.19
431,31.51,30.19
484,31.51,30.19
573,31.51,30.19
480,31.51,30.19
386,31.51,30.19
247,31.51,30.19
735,31.51,30.19
474,31.51,30.19
636,31.51,30.19
563,31.51,30.19
310,31.51,30.19
743,31.51,30.19
198,31.51,30.19
454,31.51,30.19
583,31.51,30.19
403,31.51,30.19
512,31.51,30.19
594,31.51,30.19
321,31.51,30.19
747,31.51,30.19
492,31.51,30.19
209,31.51,30.19
218,31.51,30.19
572,31.51,30.19
121,31.51,30.19
488,31.51,30.19
284,31.51,30.19
511,31.51,30.19
571,31.51,30.19
224,31.51,30.19
545,31.51,30.19
442,31.51,30.19
589,31.51,30.19
205,31.49,30.19
600,31.49,30.19
424,31.49,30.19
506,31.49,30.19
645,31.49,30.19
618,31.49,30.19
350,31.49,30.19
441,31.49,30.19
496,31.49,30.19
318,31.49,30.19
356,31.49,30.19
679,31.49,30.19
737,31.49,30.19
674,31.49,30.19
869,31.49,30.19
367,31.49,30.19
632,31.49,30.19
339,31.49,30.19
548,31.49,30.19
446,31.49,30.19
473,31.49,30.19
471,31.49,30.19
375,31.49,30.19
757,31.49,30.09
246,31.49,30.09
398,31.49,30.09
643,31.49,30.09
518,31.49,30.09
523,31.49,30.09
818,31.49,30.09
581,31.49,30.09
599,31.49,30.09
374,31.49,30.09
757,31.49,30.09
469,31.49,30.09
606,31.49,30.09
428,31.49,30.09
624,31.49,30.09
565,31.49,30.09
119,31.49,30.09
753,31.49,30.09
354,31.49,30.09
510,31.49,30.09
241,31.49,30.09
657,31.49,30.09
505,31.49,30.09
395,31.49,30.09
577,31.49,30.09
776,31.49,30.09
520,31.49,30.09
486,31.49,30.09
638,31.49,30.09
579,31.49,30.09
646,31.49,30.09
610,31.49,30.09
525,31.49,30.09
703,31.49,30.09
825,31.49,30.09
548,31.49,30.09
670,31.47,30.09
423,31.47,30.09
566,31.47,30.09
877,31.47,30.09
401,31.47,30.09
851,31.47,30.09
557,31.47,30.09
879,31.47,30.09
119,31.47,30.09
532,31.47,30.09
661,31.47,30.09
548,31.47,30.09
746,31.47,30.09
623,31.47,30.09
587,31.47,30.09
466,31.47,30.09
585,31.47,30.09
582,31.47,30.09
493,31.47,30.09
470,31.47,30.09
866,31.47,30.09
550,31.47,30.09
652,31.47,30.09
541,31.47,30.09
812,31.47,30.31
293,31.47,30.31
631,31.47,30.31
709,31.47,30.31
305,31.47,30.31
485,31.47,30.31
287,31.47,30.31
599,31.47,30.31
481,31.47,30.31
185,31.47,30.31
683,31.47,30.31
317,31.47,30.31
393,31.47,30.31
588,31.47,30.31
823,31.47,30.31
164,31.47,30.31
847,31.47,30.31
469,31.47,30.31
686,31.47,30.31
497,31.47,30.31
426,31.47,30.31
535,31.47,30.31
488,31.47,30.31
420,31.47,30.31
649,31.47,30.31
513,31.47,30.31
463,31.47,30.31
472,31.47,30.31
188,31.47,30.31
607,31.47,30.31
179,31.47,30.31
733,31.47,30.31
475,31.47,30.31
425,31.47,30.31
513,31.47,30.31
