358,30.35,29.09
876,30.35,29.09
420,30.35,29.09
122,30.35,29.09
564,30.35,29.09
879,30.35,29.09
818,30.35,29.09
311,30.35,29.09
877,30.35,29.09
253,30.35,29.09
852,30.33,29.09
307,30.33,29.09
436,30.33,29.09
620,30.33,29.09
485,30.33,29.09
684,30.33,29.09
685,30.33,29.09
263,30.33,29.09
501,30.33,29.09
561,30.33,29.09
519,30.33,29.09
768,30.33,29.09
328,30.33,29.09
800,30.33,29.09
318,30.33,29.09
877,30.33,29.09
198,30.33,29.09
664,30.33,29.09
596,30.33,29.09
691,30.33,29.09
467,30.33,29.09
251,30.33,29.09
816,30.33,29.09
185,30.33,29.09
694,30.33,29.05
499,30.33,29.05
709,30.33,29.05
593,30.33,29.05
581,30.33,29.05
664,30.33,29.05
664,30.33,29.05
250,30.33,29.05
521,30.33,29.05
567,30.33,29.05
481,30.33,29.05
416,30.33,29.05
520,30.33,29.05
831,30.33,29.05
400,30.33,29.05
723,30.33,29.05
196,30.33,29.05
525,30.33,29.05
456,30.33,29.05
652,30.33,29.05
730,30.33,29.05
432,30.33,29.05
836,30.33,29.05
119,30.33,29.05
755,30.33,29.05
346,30.33,29.05
608,30.33,29.05
417,30.33,29.05
365,30.33,29.05
375,30.33,29.05
628,30.33,29.05
416,30.33,29.05
580,30.33,29.05
556,30.33,29.05
592,30.33,29.05
330,30.33,29.05
477,30.33,29.05
429,30.33,29.05
147,30.33,29.05
694,30.33,29.05
203,30.33,29.05
796,30.33,29.05
337,30.33,29.05
720,30.33,29.05
306,30.33,29.05
287,30.33,29.05
550,30.33,29.05
372,30.33,29.05
602,30.33,29.05
392,30.33,29.05
441,30.33,29.05
563,30.33,29.05
356,30.33,29.05
450,30.33,29.05
834,30.33,29.05
271,30.33,29.05
627,30.33,29.05
650,30.33,29.05
634,30.33,29.05
461,30.33,29.37
572,30.33,29.37
772,30.33,29.37
402,30.33,29.37
432,30.33,29.37
406,30.33,29.37
830,30.33,29.37
315,30.33,29.37
739,30.33,29.37
511,30.33,29.37
447,30.33,29.37
752,30.33,29.37
356,30.33,29.37
790,30.33,29.37
352,30.33,29.37
818,30.33,29.37
544,30.33,29.37
488,30.33,29.37
230,30.33,29.37
806,30.33,29.37
719,30.33,29.37
375,30.33,29.37
657,30.33,29.37
612,30.33,29.37
345,30.33,29.37
597,30.33,29.37
876,30.33,29.37
272,30.33,29.37
602,30.33,29.37
306,30.33,29.37
876,30.33,29.37
407,30.33,29.37
833,30.33,29.37
655,30.33,29.37
558,30.33,29.37
329,30.33,29.37
584,30.33,29.37
488,30.33,29.37
523,30.33,29.37
400,30.33,29.37
617,30.33,29.37
595,30.33,29.37
303,30.33,29.37
463,30.33,29.37
426,30.33,29.37
423,30.33,29.37
445,30.33,29.37
721,30.33,29.37
289,30.33,29.37
725,30.33,29.37
330,30.33,29.37
626,30.33,29.37
397,30.33,29.37
173,30.33,29.37
875,30.33,29.37
134,30.33,29.37
590,30.33,29.37
128,30.33,29.37
712,30.33,29.37
403,30.33,29.37
327,30.33,29.11
476,30.33,29.11
730,30.33,29.11
153,30.33,29.11
817,30.33,29.11
296,30.33,29.11
371,30.33,29.11
574,30.33,29.11
511,30.33,29.11
408,30.33,29.11
363,30.33,29.11
781,30.33,29.11
118,30.33,29.11
783,30.33,29.11
200,30.33,29.11
514,30.33,29.11
483,30.33,29.11
373,30.33,29.11
878,30.33,29.11
607,30.33,29.11
444,30.33,29.11
566,30.33,29.11
410,30.33,29.11
383,30.33,29.11
473,30.33,29.11
264,30.33,29.11
813,30.33,29.11
259,30.33,29.11
652,30.33,29.11
434,30.33,29.11
559,30.33,29.11
339,30.33,29.11
733,30.33,29.11
436,30.33,29.11
522,30.33,29.11
737,30.33,29.11
337,30.39,29.11
792,30.39,29.11
396,30.39,29.11
527,30.39,29.11
691,30.39,29.11
434,30.39,29.11
599,30.39,29.11
749,30.39,29.11
253,30.39,29.11
749,30.39,29.11
755,30.39,29.11
655,30.39,29.11
249,30.39,29.11
743,30.39,29.11
183,30.39,29.11
513,30.39,29.11
445,30.39,29.11
331,30.39,29.11
758,30.39,29.11
272,30.39,29.11
659,30.39,29.11
592,30.39,29.11
533,30.39,29.11
545,30.39,29.23
508,30.39,29.23
415,30.39,29.23
119,30.39,29.23
586,30.39,29.23
585,30.39,29.23
411,30.39,29.23
486,30.39,29.23
652,30.39,29.23
201,30.39,29.23
711,30.39,29.23
266,30.39,29.23
808,30.39,29.23
121,30.39,29.23
640,30.39,29.23
497,30.39,29.23
438,30.39,29.23
624,30.39,29.23
280,30.39,29.23
501,30.39,29.23
119,30.39,29.23
775,30.39,29.23
119,30.39,29.23
661,30.39,29.23
246,30.39,29.23
561,30.39,29.23
735,30.39,29.23
476,30.39,29.23
285,30.39,29.23
732,30.39,29.23
533,30.39,29.23
312,30.39,29.23
878,30.39,29.23
118,30.39,29.23
497,30.39,29.23
594,30.39,29.23
654,30.31,29.23
276,30.31,29.23
714,30.31,29.23
532,30.31,29.23
877,30.31,29.23
135,30.31,29.23
588,30.31,29.23
832,30.31,29.23
138,30.31,29.23
573,30.31,29.23
669,30.31,29.23
448,30.31,29.23
414,30.31,29.23
877,30.31,29.23
303,30.31,29.23
531,30.31,29.23
136,30.31,29.23
823,30.31,29.23
287,30.31,29.23
584,30.31,29.23
567,30.31,29.23
770,30.31,29.23
237,30.31,29.23
365,30.31,29.23
875,30.31,29.11
182,30.31,29.11
754,30.31,29.11
434,30.31,29.11
878,30.31,29.11
305,30.31,29.11
712,30.31,29.11
525,30.31,29.11
875,30.31,29.11
323,30.31,29.11
870,30.31,29.11
383,30.31,29.11
454,30.31,29.11
467,30.31,29.11
597,30.31,29.11
591,30.31,29.11
118,30.31,29.11
853,30.31,29.11
473,30.31,29.11
668,30.31,29.11
533,30.31,29.11
878,30.31,29.11
339,30.31,29.11
537,30.31,29.11
636,30.31,29.11
478,30.31,29.11
343,30.31,29.11
348,30.31,29.11
363,30.31,29.11
480,30.31,29.11
350,30.31,29.11
384,30.31,29.11
816,30.31,29.11
119,30.31,29.11
311,30.31,29.11
597,30.31,29.11
676,30.33,29.11
233,30.33,29.11
782,30.33,29.11
606,30.33,29.11
124,30.33,29.11
503,30.33,29.11
346,30.33,29.11
610,30.33,29.11
198,30.33,29.11
538,30.33,29.11
488,30.33,29.11
562,30.33,29.11
460,30.33,29.11
517,30.33,29.11
546,30.33,29.11
246,30.33,29.11
466,30.33,29.11
625,30.33,29.11
344,30.33,29.11
665,30.33,29.11
307,30.33,29.11
154,30.33,29.11
301,30.33,29.11
131,30.33,28.99
660,30.33,28.99
249,30.33,28.99
624,30.33,28.99
482,30.33,28.99
469,30.33,28.99
413,30.33,28.99
533,30.33,28.99
573,30.33,28.99
175,30.33,28.99
759,30.33,28.99
352,30.33,28.99
780,30.33,28.99
390,30.33,28.99
456,30.33,28.99
392,30.33,28.99
536,30.33,28.99
179,30.33,28.99
393,30.33,28.99
392,30.33,28.99
651,30.33,28.99
737,30.33,28.99
307,30.33,28.99
829,30.33,28.99
403,30.33,28.99
728,30.33,28.99
119,30.33,28.99
667,30.33,28.99
407,30.33,28.99
856,30.33,28.99
306,30.33,28.99
690,30.33,28.99
714,30.33,28.99
617,30.33,28.99
691,30.33,28.99
425,30.33,28.99
804,30.31,28.99
208,30.31,28.99
877,30.31,28.99
355,30.31,28.99
658,30.31,28.99
451,30.31,28.99
876,30.31,28.99
212,30.31,28.99
868,30.31,28.99
410,30.31,28.99
661,30.31,28.99
541,30.31,28.99
592,30.31,28.99
665,30.31,28.99
365,30.31,28.99
574,30.31,28.99
120,30.31,28.99
590,30.31,28.99
119,30.31,28.99
649,30.31,28.99
363,30.31,28.99
399,30.31,28.99
424,30.31,28.99
744,30.31,28.99
661,30.31,29.03
590,30.31,29.03
444,30.31,29.03
565,30.31,29.03
465,30.31,29.03
298,30.31,29.03
728,30.31,29.03
142,30.31,29.03
706,30.31,29.03
332,30.31,29.03
779,30.31,29.03
395,30.31,29.03
483,30.31,29.03
532,30.31,29.03
566,30.31,29.03
575,30.31,29.03
284,30.31,29.03
624,30.31,29.03
214,30.31,29.03
557,30.31,29.03
320,30.31,29.03
554,30.31,29.03
218,30.31,29.03
844,30.31,29.03
337,30.31,29.03
586,30.31,29.03
385,30.31,29.03
