605,31.69,30.53
793,31.63,30.53
206,31.63,30.53
334,31.63,30.53
455,31.63,30.53
841,31.63,30.53
711,31.63,30.53
268,31.63,30.53
387,31.63,30.53
416,31.63,30.53
431,31.63,30.53
506,31.63,30.53
770,31.63,30.53
513,31.63,30.53
372,31.63,30.53
156,31.63,30.53
475,31.63,30.53
221,31.63,30.53
754,31.63,30.53
706,31.63,30.53
329,31.63,30.53
877,31.63,30.53
168,31.63,30.53
506,31.63,30.53
523,31.63,30.53
371,31.63,30.19
375,31.63,30.19
619,31.63,30.19
245,31.63,30.19
270,31.63,30.19
696,31.63,30.19
150,31.63,30.19
587,31.63,30.19
411,31.63,30.19
138,31.63,30.19
538,31.63,30.19
371,31.63,30.19
240,31.63,30.19
554,31.63,30.19
219,31.63,30.19
597,31.63,30.19
124,31.63,30.19
630,31.63,30.19
660,31.63,30.19
348,31.63,30.19
463,31.63,30.19
342,31.63,30.19
745,31.63,30.19
294,31.63,30.19
234,31.63,30.19
500,31.63,30.19
319,31.63,30.19
462,31.63,30.19
482,31.63,30.19
486,31.63,30.19
402,31.63,30.19
373,31.63,30.19
594,31.63,30.19
266,31.63,30.19
566,31.63,30.19
660,31.63,30.19
166,31.65,30.19
700,31.65,30.19
352,31.65,30.19
671,31.65,30.19
318,31.65,30.19
788,31.65,30.19
322,31.65,30.19
719,31.65,30.19
678,31.65,30.19
568,31.65,30.19
646,31.65,30.19
874,31.65,30.19
561,31.65,30.19
402,31.65,30.19
535,31.65,30.19
260,31.65,30.19
576,31.65,30.19
126,31.65,30.19
628,31.65,30.19
417,31.65,30.19
636,31.65,30.19
274,31.65,30.19
876,31.65,30.19
240,31.65,30.53
762,31.65,30.53
511,31.65,30.53
619,31.65,30.53
650,31.65,30.53
459,31.65,30.53
517,31.65,30.53
210,31.65,30.53
708,31.65,30.53
383,31.65,30.53
773,31.65,30.53
587,31.65,30.53
430,31.65,30.53
633,31.65,30.53
507,31.65,30.53
493,31.65,30.53
646,31.65,30.53
389,31.65,30.53
652,31.65,30.53
419,31.65,30.53
498,31.65,30.53
793,31.65,30.53
209,31.65,30.53
679,31.65,30.53
244,31.65,30.53
667,31.65,30.53
343,31.65,30.53
670,31.65,30.53
595,31.65,30.53
557,31.65,30.53
364,31.65,30.53
808,31.65,30.53
537,31.65,30.53
552,31.65,30.53
183,31.65,30.53
738,31.65,30.53
209,31.65,30.53
242,31.65,30.53
520,31.65,30.53
202,31.65,30.53
690,31.65,30.53
261,31.65,30.53
730,31.65,30.53
349,31.65,30.53
348,31.65,30.53
649,31.65,30.53
511,31.65,30.53
510,31.65,30.53
619,31.65,30.53
717,31.65,30.53
451,31.65,30.53
456,31.65,30.53
591,31.65,30.53
625,31.65,30.53
247,31.65,30.53
614,31.65,30.53
622,31.65,30.53
625,31.65,30.53
404,31.65,30.53
734,31.65,30.53
610,31.65,30.45
380,31.65,30.45
748,31.65,30.45
286,31.65,30.45
879,31.65,30.45
332,31.65,30.45
737,31.65,30.45
298,31.65,30.45
663,31.65,30.45
586,31.65,30.45
877,31.65,30.45
438,31.65,30.45
750,31.65,30.45
289,31.65,30.45
438,31.65,30.45
426,31.65,30.45
767,31.65,30.45
495,31.65,30.45
432,31.65,30.45
624,31.65,30.45
432,31.65,30.45
634,31.65,30.45
251,31.65,30.45
646,31.65,30.45
299,31.65,30.45
687,31.65,30.45
432,31.65,30.45
509,31.65,30.45
484,31.65,30.45
524,31.65,30.45
457,31.65,30.45
361,31.65,30.45
242,31.65,30.45
596,31.65,30.45
288,31.65,30.45
470,31.65,30.45
462,31.65,30.45
351,31.65,30.45
599,31.65,30.45
361,31.65,30.45
746,31.65,30.45
325,31.65,30.45
600,31.65,30.45
412,31.65,30.45
459,31.65,30.45
308,31.65,30.45
126,31.65,30.45
703,31.65,30.45
121,31.65,30.45
518,31.65,30.45
389,31.65,30.45
472,31.65,30.45
630,31.65,30.45
370,31.65,30.45
698,31.65,30.45
496,31.65,30.45
402,31.65,30.45
536,31.65,30.45
602,31.65,30.45
494,31.65,30.53
661,31.65,30.53
242,31.65,30.53
751,31.65,30.53
290,31.65,30.53
776,31.65,30.53
330,31.65,30.53
528,31.65,30.53
434,31.65,30.53
545,31.65,30.53
519,31.65,30.53
494,31.65,30.53
795,31.65,30.53
324,31.65,30.53
778,31.65,30.53
194,31.65,30.53
778,31.65,30.53
483,31.65,30.53
677,31.65,30.53
571,31.65,30.53
808,31.65,30.53
502,31.65,30.53
546,31.65,30.53
609,31.65,30.53
732,31.65,30.53
682,31.65,30.53
608,31.65,30.53
668,31.65,30.53
383,31.65,30.53
817,31.65,30.53
620,31.65,30.53
552,31.65,30.53
507,31.65,30.53
681,31.65,30.53
515,31.65,30.53
357,31.65,30.53
731,31.63,30.53
630,31.63,30.53
514,31.63,30.53
127,31.63,30.53
484,31.63,30.53
448,31.63,30.53
503,31.63,30.53
118,31.63,30.53
772,31.63,30.53
290,31.63,30.53
625,31.63,30.53
347,31.63,30.53
729,31.63,30.53
471,31.63,30.53
714,31.63,30.53
297,31.63,30.53
418,31.63,30.53
584,31.63,30.53
425,31.63,30.53
596,31.63,30.53
245,31.63,30.53
686,31.63,30.53
434,31.63,30.53
556,31.63,30.53
298,31.63,30.45
494,31.63,30.45
559,31.63,30.45
430,31.63,30.45
370,31.63,30.45
759,31.63,30.45
587,31.63,30.45
378,31.63,30.45
685,31.63,30.45
356,31.63,30.45
783,31.63,30.45
118,31.63,30.45
434,31.63,30.45
287,31.63,30.45
680,31.63,30.45
234,31.63,30.45
211,31.63,30.45
569,31.63,30.45
183,31.63,30.45
680,31.63,30.45
453,31.63,30.45
378,31.63,30.45
386,31.63,30.45
653,31.63,30.45
522,31.63,30.45
567,31.63,30.45
308,31.63,30.45
372,31.63,30.45
231,31.63,30.45
766,31.63,30.45
124,31.63,30.45
508,31.63,30.45
644,31.63,30.45
397,31.63,30.45
509,31.63,30.45
375,31.63,30.45
662,31.63,30.45
344,31.63,30.45
664,31.63,30.45
427,31.63,30.45
662,31.63,30.45
660,31.63,30.45
678,31.63,30.45
669,31.63,30.45
687,31.63,30.45
439,31.63,30.45
702,31.63,30.45
417,31.63,30.45
499,31.63,30.45
769,31.63,30.45
433,31.63,30.45
580,31.63,30.45
473,31.63,30.45
706,31.63,30.45
289,31.63,30.45
713,31.63,30.45
636,31.63,30.45
799,31.63,30.45
408,31.63,30.45
512,31.63,30.29
708,31.63,30.29
480,31.63,30.29
559,31.63,30.29
269,31.63,30.29
582,31.63,30.29
214,31.63,30.29
449,31.63,30.29
567,31.63,30.29
479,31.63,30.29
162,31.63,30.29
706,31.63,30.29
541,31.63,30.29
559,31.63,30.29
776,31.63,30.29
326,31.63,30.29
527,31.63,30.29
123,31.63,30.29
881,31.63,30.29
119,31.63,30.29
478,31.63,30.29
300,31.63,30.29
637,31.63,30.29
123,31.63,30.29
271,31.63,30.29
456,31.63,30.29
462,31.63,30.29
558,31.63,30.29
347,31.63,30.29
747,31.63,30.29
313,31.63,30.29
433,31.63,30.29
581,31.63,30.29
618,31.63,30.29
301,31.63,30.29
693,31.63,30.29
342,31.65,30.29
811,31.65,30.29
187,31.65,30.29
666,31.65,30.29
385,31.65,30.29
368,31.65,30.29
786,31.65,30.29
431,31.65,30.29
692,31.65,30.29
193,31.65,30.29
797,31.65,30.29
603,31.65,30.29
689,31.65,30.29
483,31.65,30.29
664,31.65,30.29
600,31.65,30.29
672,31.65,30.29
250,31.65,30.29
797,31.65,30.29
373,31.65,30.29
630,31.65,30.29
550,31.65,30.29
252,31.65,30.29
668,31.65,30.29
316,31.65,30.31
783,31.65,30.31
240,31.65,30.31
699,31.65,30.31
499,31.65,30.31
786,31.65,30.31
380,31.65,30.31
694,31.65,30.31
630,31.65,30.31
595,31.65,30.31
545,31.65,30.31
749,31.65,30.31
344,31.65,30.31
536,31.65,30.31
723,31.65,30.31
415,31.65,30.31
616,31.65,30.31
248,31.65,30.31
742,31.65,30.31
481,31.65,30.31
470,31.65,30.31
675,31.65,30.31
705,31.65,30.31
693,31.65,30.31
467,31.65,30.31
831,31.65,30.31
425,31.65,30.31
540,31.65,30.31
412,31.65,30.31
521,31.65,30.31
305,31.65,30.31
509,31.65,30.31
748,31.65,30.31
371,31.65,30.31
533,31.65,30.31
639,31.65,30.31
547,31.65,30.31
