532,31.57,30.31
648,31.57,30.31
585,31.57,30.31
376,31.57,30.31
122,31.57,30.31
798,31.57,30.31
506,31.57,30.31
562,31.57,30.31
562,31.57,30.31
400,31.57,30.31
479,31.57,30.31
385,31.57,30.31
696,31.57,30.31
201,31.57,30.31
749,31.57,30.31
119,31.57,30.31
878,31.55,30.31
191,31.55,30.31
315,31.55,30.31
447,31.55,30.31
565,31.55,30.31
560,31.55,30.31
567,31.55,30.31
221,31.55,30.31
336,31.55,30.31
397,31.55,30.31
498,31.55,30.31
661,31.55,30.31
120,31.55,30.31
656,31.55,30.31
454,31.55,30.31
734,31.55,30.31
214,31.55,30.31
592,31.55,30.31
292,31.55,30.31
652,31.55,30.31
429,31.55,30.31
401,31.55,30.31
487,31.55,30.31
397,31.55,30.31
254,31.55,30.25
711,31.55,30.25
280,31.55,30.25
415,31.55,30.25
445,31.55,30.25
369,31.55,30.25
620,31.55,30.25
464,31.55,30.25
832,31.55,30.25
524,31.55,30.25
741,31.55,30.25
296,31.55,30.25
682,31.55,30.25
529,31.55,30.25
268,31.55,30.25
601,31.55,30.25
554,31.55,30.25
624,31.55,30.25
509,31.55,30.25
493,31.55,30.25
564,31.55,30.25
756,31.55,30.25
553,31.55,30.25
467,31.55,30.25
512,31.55,30.25
677,31.55,30.25
571,31.55,30.25
568,31.55,30.25
398,31.55,30.25
663,31.55,30.25
683,31.55,30.25
357,31.55,30.25
877,31.55,30.25
667,31.55,30.25
532,31.55,30.25
757,31.55,30.25
127,31.59,30.25
679,31.59,30.25
734,31.59,30.25
723,31.59,30.25
451,31.59,30.25
633,31.59,30.25
764,31.59,30.25
236,31.59,30.25
544,31.59,30.25
354,31.59,30.25
785,31.59,30.25
855,31.59,30.25
456,31.59,30.25
579,31.59,30.25
148,31.59,30.25
380,31.59,30.25
815,31.59,30.25
119,31.59,30.25
690,31.59,30.25
122,31.59,30.25
802,31.59,30.25
564,31.59,30.25
499,31.59,30.25
738,31.59,30.33
279,31.59,30.33
536,31.59,30.33
126,31.59,30.33
879,31.59,30.33
294,31.59,30.33
780,31.59,30.33
552,31.59,30.33
120,31.59,30.33
351,31.59,30.33
416,31.59,30.33
203,31.59,30.33
798,31.59,30.33
119,31.59,30.33
756,31.59,30.33
175,31.59,30.33
631,31.59,30.33
637,31.59,30.33
120,31.59,30.33
604,31.59,30.33
122,31.59,30.33
731,31.59,30.33
406,31.59,30.33
168,31.59,30.33
188,31.59,30.33
671,31.59,30.33
314,31.59,30.33
120,31.59,30.33
467,31.59,30.33
732,31.59,30.33
143,31.59,30.33
760,31.59,30.33
121,31.59,30.33
408,31.59,30.33
670,31.59,30.33
877,31.59,30.33
778,31.55,30.33
120,31.55,30.33
641,31.55,30.33
122,31.55,30.33
691,31.55,30.33
134,31.55,30.33
405,31.55,30.33
364,31.55,30.33
436,31.55,30.33
695,31.55,30.33
813,31.55,30.33
413,31.55,30.33
440,31.55,30.33
711,31.55,30.33
446,31.55,30.33
365,31.55,30.33
860,31.55,30.33
821,31.55,30.33
453,31.55,30.33
710,31.55,30.33
344,31.55,30.33
787,31.55,30.33
366,31.55,30.33
682,31.55,30.33
433,31.55,30.29
120,31.55,30.29
648,31.55,30.29
123,31.55,30.29
707,31.55,30.29
544,31.55,30.29
287,31.55,30.29
340,31.55,30.29
349,31.55,30.29
544,31.55,30.29
422,31.55,30.29
752,31.55,30.29
393,31.55,30.29
709,31.55,30.29
871,31.55,30.29
204,31.55,30.29
781,31.55,30.29
780,31.55,30.29
205,31.55,30.29
875,31.55,30.29
222,31.55,30.29
643,31.55,30.29
614,31.55,30.29
777,31.55,30.29
735,31.55,30.29
408,31.55,30.29
378,31.55,30.29
399,31.55,30.29
692,31.55,30.29
393,31.55,30.29
490,31.55,30.29
460,31.55,30.29
508,31.55,30.29
391,31.55,30.29
260,31.55,30.29
346,31.55,30.29
544,31.53,30.29
355,31.53,30.29
615,31.53,30.29
133,31.53,30.29
673,31.53,30.29
832,31.53,30.29
479,31.53,30.29
637,31.53,30.29
120,31.53,30.29
424,31.53,30.29
396,31.53,30.29
731,31.53,30.29
487,31.53,30.29
178,31.53,30.29
442,31.53,30.29
820,31.53,30.29
451,31.53,30.29
661,31.53,30.29
321,31.53,30.29
509,31.53,30.29
393,31.53,30.29
508,31.53,30.29
466,31.53,30.29
426,31.53,30.33
842,31.53,30.33
342,31.53,30.33
874,31.53,30.33
120,31.53,30.33
812,31.53,30.33
739,31.53,30.33
502,31.53,30.33
461,31.53,30.33
299,31.53,30.33
517,31.53,30.33
618,31.53,30.33
481,31.53,30.33
612,31.53,30.33
473,31.53,30.33
205,31.53,30.33
852,31.53,30.33
324,31.53,30.33
793,31.53,30.33
349,31.53,30.33
879,31.53,30.33
120,31.53,30.33
853,31.53,30.33
122,31.53,30.33
870,31.53,30.33
499,31.53,30.33
259,31.53,30.33
641,31.53,30.33
121,31.53,30.33
524,31.53,30.33
737,31.53,30.33
716,31.53,30.33
241,31.53,30.33
449,31.53,30.33
664,31.53,30.33
878,31.53,30.33
268,31.55,30.33
700,31.55,30.33
151,31.55,30.33
566,31.55,30.33
129,31.55,30.33
795,31.55,30.33
660,31.55,30.33
259,31.55,30.33
582,31.55,30.33
131,31.55,30.33
609,31.55,30.33
353,31.55,30.33
757,31.55,30.33
510,31.55,30.33
259,31.55,30.33
551,31.55,30.33
196,31.55,30.33
443,31.55,30.33
521,31.55,30.33
340,31.55,30.33
523,31.55,30.33
121,31.55,30.33
425,31.55,30.33
603,31.55,30.33
120,31.55,30.05
455,31.55,30.05
507,31.55,30.05
652,31.55,30.05
120,31.55,30.05
683,31.55,30.05
524,31.55,30.05
285,31.55,30.05
475,31.55,30.05
253,31.55,30.05
665,31.55,30.05
122,31.55,30.05
803,31.55,30.05
559,31.55,30.05
175,31.55,30.05
258,31.55,30.05
214,31.55,30.05
648,31.55,30.05
463,31.55,30.05
310,31.55,30.05
673,31.55,30.05
300,31.55,30.05
488,31.55,30.05
604,31.55,30.05
248,31.55,30.05
512,31.55,30.05
506,31.55,30.05
725,31.55,30.05
121,31.55,30.05
628,31.55,30.05
592,31.55,30.05
395,31.55,30.05
831,31.55,30.05
216,31.55,30.05
411,31.55,30.05
332,31.55,30.05
697,31.55,30.05
635,31.55,30.05
284,31.55,30.05
519,31.55,30.05
283,31.55,30.05
879,31.55,30.05
535,31.55,30.05
359,31.55,30.05
442,31.55,30.05
417,31.55,30.05
444,31.55,30.05
441,31.55,30.05
558,31.55,30.05
628,31.55,30.05
424,31.55,30.05
684,31.55,30.05
266,31.55,30.05
514,31.55,30.05
480,31.55,30.05
596,31.55,30.05
601,31.55,30.05
262,31.55,30.05
716,31.55,30.05
727,31.55,30.05
799,31.55,30.25
260,31.55,30.25
649,31.55,30.25
556,31.55,30.25
659,31.55,30.25
724,31.55,30.25
656,31.55,30.25
280,31.55,30.25
797,31.55,30.25
471,31.55,30.25
658,31.55,30.25
645,31.55,30.25
563,31.55,30.25
346,31.55,30.25
593,31.55,30.25
350,31.55,30.25
490,31.55,30.25
842,31.55,30.25
448,31.55,30.25
777,31.55,30.25
773,31.55,30.25
308,31.55,30.25
879,31.55,30.25
447,31.55,30.25
466,31.55,30.25
119,31.55,30.25
457,31.55,30.25
125,31.55,30.25
510,31.55,30.25
641,31.55,30.25
358,31.55,30.25
327,31.55,30.25
479,31.55,30.25
572,31.55,30.25
374,31.55,30.25
194,31.55,30.25
582,31.57,30.25
573,31.57,30.25
285,31.57,30.25
318,31.57,30.25
201,31.57,30.25
576,31.57,30.25
118,31.57,30.25
699,31.57,30.25
496,31.57,30.25
316,31.57,30.25
696,31.57,30.25
618,31.57,30.25
514,31.57,30.25
624,31.57,30.25
703,31.57,30.25
309,31.57,30.25
148,31.57,30.25
607,31.57,30.25
363,31.57,30.25
388,31.57,30.25
513,31.57,30.25
520,31.57,30.25
678,31.57,30.25
233,31.57,30.37
668,31.57,30.37
560,31.57,30.37
439,31.57,30.37
121,31.57,30.37
554,31.57,30.37
565,31.57,30.37
302,31.57,30.37
637,31.57,30.37
573,31.57,30.37
469,31.57,30.37
624,31.57,30.37
708,31.57,30.37
486,31.57,30.37
699,31.57,30.37
308,31.57,30.37
605,31.57,30.37
503,31.57,30.37
332,31.57,30.37
468,31.57,30.37
601,31.57,30.37
342,31.57,30.37
