351,30.95,29.79
569,30.95,29.79
433,30.95,29.79
248,30.95,29.79
489,30.95,29.79
438,30.95,29.79
468,30.95,29.79
684,30.95,29.79
743,30.95,29.79
335,30.95,29.79
494,30.95,29.79
684,30.95,29.79
345,30.95,29.79
687,30.95,29.79
178,30.95,29.79
729,30.95,29.63
264,30.95,29.63
653,30.95,29.63
120,30.95,29.63
485,30.95,29.63
561,30.95,29.63
267,30.95,29.63
582,30.95,29.63
231,30.95,29.63
621,30.95,29.63
251,30.95,29.63
706,30.95,29.63
502,30.95,29.63
463,30.95,29.63
677,30.95,29.63
564,30.95,29.63
173,30.95,29.63
849,30.95,29.63
410,30.95,29.63
472,30.95,29.63
527,30.95,29.63
647,30.95,29.63
312,30.95,29.63
253,30.95,29.63
694,30.95,29.63
154,30.95,29.63
795,30.95,29.63
237,30.95,29.63
666,30.95,29.63
607,30.95,29.63
362,30.95,29.63
616,30.95,29.63
689,30.95,29.63
424,30.95,29.63
381,30.95,29.63
553,30.95,29.63
334,30.93,29.63
603,30.93,29.63
461,30.93,29.63
596,30.93,29.63
275,30.93,29.63
853,30.93,29.63
232,30.93,29.63
697,30.93,29.63
563,30.93,29.63
754,30.93,29.63
594,30.93,29.63
398,30.93,29.63
866,30.93,29.63
400,30.93,29.63
595,30.93,29.63
153,30.93,29.63
742,30.93,29.63
294,30.93,29.63
847,30.93,29.63
423,30.93,29.63
777,30.93,29.63
272,30.93,29.63
712,30.93,29.63
320,30.93,29.69
758,30.93,29.69
606,30.93,29.69
401,30.93,29.69
878,30.93,29.69
494,30.93,29.69
879,30.93,29.69
264,30.93,29.69
742,30.93,29.69
240,30.93,29.69
700,30.93,29.69
443,30.93,29.69
630,30.93,29.69
485,30.93,29.69
620,30.93,29.69
451,30.93,29.69
570,30.93,29.69
480,30.93,29.69
596,30.93,29.69
630,30.93,29.69
633,30.93,29.69
757,30.93,29.69
431,30.93,29.69
786,30.93,29.69
187,30.93,29.69
513,30.93,29.69
125,30.93,29.69
549,30.93,29.69
479,30.93,29.69
467,30.93,29.69
436,30.93,29.69
217,30.93,29.69
632,30.93,29.69
200,30.93,29.69
518,30.93,29.69
320,30.93,29.69
239,30.97,29.69
516,30.97,29.69
307,30.97,29.69
572,30.97,29.69
683,30.97,29.69
346,30.97,29.69
760,30.97,29.69
475,30.97,29.69
490,30.97,29.69
504,30.97,29.69
387,30.97,29.69
310,30.97,29.69
187,30.97,29.69
676,30.97,29.69
211,30.97,29.69
642,30.97,29.69
473,30.97,29.69
718,30.97,29.69
668,30.97,29.69
329,30.97,29.69
687,30.97,29.69
463,30.97,29.69
269,30.97,29.69
529,30.97,29.69
625,30.97,29.65
402,30.97,29.65
458,30.97,29.65
782,30.97,29.65
610,30.97,29.65
179,30.97,29.65
856,30.97,29.65
399,30.97,29.65
468,30.97,29.65
834,30.97,29.65
336,30.97,29.65
870,30.97,29.65
321,30.97,29.65
760,30.97,29.65
344,30.97,29.65
717,30.97,29.65
357,30.97,29.65
795,30.97,29.65
352,30.97,29.65
496,30.97,29.65
659,30.97,29.65
410,30.97,29.65
619,30.97,29.65
351,30.97,29.65
699,30.97,29.65
591,30.97,29.65
267,30.97,29.65
529,30.97,29.65
613,30.97,29.65
155,30.97,29.65
672,30.97,29.65
482,30.97,29.65
751,30.97,29.65
434,30.97,29.65
701,30.97,29.65
460,30.97,29.65
501,30.93,29.65
460,30.93,29.65
282,30.93,29.65
774,30.93,29.65
195,30.93,29.65
462,30.93,29.65
654,30.93,29.65
433,30.93,29.65
736,30.93,29.65
766,30.93,29.65
357,30.93,29.65
655,30.93,29.65
552,30.93,29.65
670,30.93,29.65
493,30.93,29.65
503,30.93,29.65
557,30.93,29.65
301,30.93,29.65
561,30.93,29.65
224,30.93,29.65
718,30.93,29.65
341,30.93,29.65
745,30.93,29.65
367,30.93,29.69
486,30.93,29.69
305,30.93,29.69
440,30.93,29.69
513,30.93,29.69
466,30.93,29.69
440,30.93,29.69
871,30.93,29.69
480,30.93,29.69
618,30.93,29.69
509,30.93,29.69
315,30.93,29.69
446,30.93,29.69
119,30.93,29.69
656,30.93,29.69
208,30.93,29.69
753,30.93,29.69
407,30.93,29.69
544,30.93,29.69
592,30.93,29.69
343,30.93,29.69
534,30.93,29.69
499,30.93,29.69
165,30.93,29.69
258,30.93,29.69
458,30.93,29.69
395,30.93,29.69
639,30.93,29.69
605,30.93,29.69
487,30.93,29.69
126,30.93,29.69
798,30.93,29.69
323,30.93,29.69
462,30.93,29.69
396,30.93,29.69
671,30.93,29.69
624,30.95,29.69
409,30.95,29.69
841,30.95,29.69
223,30.95,29.69
455,30.95,29.69
549,30.95,29.69
564,30.95,29.69
605,30.95,29.69
686,30.95,29.69
750,30.95,29.69
428,30.95,29.69
454,30.95,29.69
509,30.95,29.69
623,30.95,29.69
505,30.95,29.69
462,30.95,29.69
779,30.95,29.69
524,30.95,29.69
459,30.95,29.69
835,30.95,29.69
412,30.95,29.69
791,30.95,29.69
621,30.95,29.69
596,30.95,29.69
670,30.95,29.75
598,30.95,29.75
608,30.95,29.75
254,30.95,29.75
475,30.95,29.75
316,30.95,29.75
729,30.95,29.75
286,30.95,29.75
448,30.95,29.75
531,30.95,29.75
397,30.95,29.75
363,30.95,29.75
566,30.95,29.75
319,30.95,29.75
768,30.95,29.75
645,30.95,29.75
509,30.95,29.75
252,30.95,29.75
148,30.95,29.75
663,30.95,29.75
204,30.95,29.75
587,30.95,29.75
255,30.95,29.75
671,30.95,29.75
204,30.95,29.75
452,30.95,29.75
616,30.95,29.75
270,30.95,29.75
576,30.95,29.75
437,30.95,29.75
751,30.95,29.75
524,30.95,29.75
251,30.95,29.75
350,30.95,29.75
706,30.95,29.75
281,30.95,29.75
639,30.93,29.75
389,30.93,29.75
563,30.93,29.75
119,30.93,29.75
878,30.93,29.75
662,30.93,29.75
282,30.93,29.75
796,30.93,29.75
512,30.93,29.75
698,30.93,29.75
413,30.93,29.75
593,30.93,29.75
687,30.93,29.75
475,30.93,29.75
314,30.93,29.75
738,30.93,29.75
535,30.93,29.75
339,30.93,29.75
712,30.93,29.75
625,30.93,29.75
224,30.93,29.75
593,30.93,29.75
636,30.93,29.75
517,30.93,29.65
532,30.93,29.65
411,30.93,29.65
878,30.93,29.65
119,30.93,29.65
811,30.93,29.65
521,30.93,29.65
559,30.93,29.65
465,30.93,29.65
718,30.93,29.65
649,30.93,29.65
435,30.93,29.65
656,30.93,29.65
651,30.93,29.65
593,30.93,29.65
255,30.93,29.65
670,30.93,29.65
551,30.93,29.65
654,30.93,29.65
408,30.93,29.65
878,30.93,29.65
498,30.93,29.65
859,30.93,29.65
462,30.93,29.65
749,30.93,29.65
303,30.93,29.65
329,30.93,29.65
861,30.93,29.65
122,30.93,29.65
562,30.93,29.65
320,30.93,29.65
567,30.93,29.65
363,30.93,29.65
301,30.93,29.65
594,30.93,29.65
677,30.93,29.65
121,30.93,29.65
817,30.93,29.65
315,30.93,29.65
491,30.93,29.65
445,30.93,29.65
548,30.93,29.65
300,30.93,29.65
438,30.93,29.65
527,30.93,29.65
139,30.93,29.65
572,30.93,29.65
432,30.93,29.65
635,30.93,29.65
421,30.93,29.65
464,30.93,29.65
800,30.93,29.65
365,30.93,29.65
478,30.93,29.65
349,30.93,29.65
270,30.93,29.65
480,30.93,29.65
166,30.93,29.65
365,30.93,29.65
720,30.93,29.65
212,30.93,29.75
439,30.93,29.75
275,30.93,29.75
725,30.93,29.75
227,30.93,29.75
561,30.93,29.75
498,30.93,29.75
410,30.93,29.75
646,30.93,29.75
434,30.93,29.75
619,30.93,29.75
375,30.93,29.75
835,30.93,29.75
449,30.93,29.75
626,30.93,29.75
495,30.93,29.75
729,30.93,29.75
401,30.93,29.75
706,30.93,29.75
612,30.93,29.75
779,30.93,29.75
238,30.93,29.75
532,30.93,29.75
447,30.93,29.75
118,30.93,29.75
762,30.93,29.75
360,30.93,29.75
882,30.93,29.75
241,30.93,29.75
877,30.93,29.75
638,30.93,29.75
704,30.93,29.75
807,30.93,29.75
619,30.93,29.75
391,30.93,29.75
442,30.93,29.75
622,30.91,29.75
121,30.91,29.75
502,30.91,29.75
241,30.91,29.75
724,30.91,29.75
329,30.91,29.75
746,30.91,29.75
482,30.91,29.75
848,30.91,29.75
369,30.91,29.75
