569,30.11,28.77
494,30.11,28.77
592,30.11,28.77
254,30.11,28.77
872,30.11,28.77
438,30.11,28.77
774,30.11,28.77
485,30.11,28.77
703,30.11,28.77
351,30.11,28.77
767,30.11,28.77
426,30.11,28.77
619,30.11,28.77
582,30.11,28.77
662,30.11,28.77
546,30.11,28.77
134,30.11,28.77
853,30.11,28.77
331,30.11,28.77
585,30.11,28.77
331,30.11,28.77
642,30.11,28.77
246,30.11,28.77
251,30.11,28.77
704,30.11,28.77
423,30.11,28.77
343,30.11,28.77
537,30.11,28.77
695,30.11,28.77
362,30.11,28.77
507,30.11,28.77
544,30.11,28.77
620,30.11,28.77
151,30.11,28.77
420,30.11,28.77
193,30.11,28.77
509,30.11,28.77
122,30.11,28.77
671,30.11,28.77
553,30.11,28.77
241,30.11,28.77
684,30.11,28.77
275,30.11,28.77
517,30.11,28.77
120,30.11,28.77
358,30.11,28.77
320,30.11,28.77
332,30.11,28.77
536,30.11,28.77
698,30.11,28.77
391,30.11,28.77
547,30.11,28.77
351,30.11,28.77
725,30.11,28.77
136,30.11,28.77
492,30.11,28.77
463,30.11,28.77
519,30.11,28.77
677,30.11,28.77
422,30.11,28.77
702,30.11,28.77
506,30.11,28.77
522,30.11,28.77
119,30.11,28.77
251,30.11,28.77
498,30.11,28.77
522,30.11,28.77
616,30.11,28.77
231,30.11,28.77
650,30.11,28.77
526,30.11,28.77
302,30.11,28.77
534,30.11,28.77
877,30.11,28.77
492,30.11,28.77
576,30.11,28.77
382,30.11,28.77
588,30.11,28.77
520,30.11,28.77
643,30.11,28.77
644,30.11,28.77
656,30.11,28.77
687,30.11,28.77
497,30.11,28.77
878,30.11,28.77
276,30.11,28.77
846,30.11,28.77
606,30.11,28.77
525,30.11,28.77
532,30.11,28.77
502,30.11,28.77
286,30.11,28.77
544,30.11,28.77
763,30.11,28.77
522,30.11,28.77
498,30.11,28.77
447,30.11,28.77
876,30.11,28.77
683,30.11,29.03
544,30.11,29.03
509,30.11,29.03
714,30.11,29.03
327,30.11,29.03
450,30.11,29.03
400,30.11,29.03
392,30.11,29.03
505,30.11,29.03
414,30.11,29.03
865,30.11,29.03
131,30.11,29.03
777,30.11,29.03
478,30.11,29.03
433,30.11,29.03
453,30.11,29.03
570,30.11,29.03
591,30.11,29.03
495,30.11,29.03
332,30.11,29.03
625,30.11,29.03
415,30.11,29.03
454,30.11,29.03
566,30.11,29.03
135,30.11,29.03
414,30.11,29.03
119,30.11,29.03
878,30.11,29.03
121,30.11,29.03
506,30.11,29.03
283,30.11,29.03
638,30.11,29.03
197,30.11,29.03
318,30.11,29.03
612,30.11,29.03
404,30.11,29.03
375,30.13,29.03
122,30.13,29.03
653,30.13,29.03
272,30.13,29.03
512,30.13,29.03
250,30.13,29.03
838,30.13,29.03
119,30.13,29.03
800,30.13,29.03
235,30.13,29.03
442,30.13,29.03
327,30.13,29.03
825,30.13,29.03
561,30.13,29.03
130,30.13,29.03
743,30.13,29.03
371,30.13,29.03
600,30.13,29.03
118,30.13,29.03
637,30.13,29.03
223,30.13,29.03
580,30.13,29.03
516,30.13,29.03
543,30.13,29.03
443,30.13,28.85
475,30.13,28.85
346,30.13,28.85
743,30.13,28.85
409,30.13,28.85
128,30.13,28.85
877,30.13,28.85
119,30.13,28.85
871,30.13,28.85
197,30.13,28.85
789,30.13,28.85
168,30.13,28.85
856,30.13,28.85
123,30.13,28.85
595,30.13,28.85
765,30.13,28.85
407,30.13,28.85
773,30.13,28.85
289,30.13,28.85
387,30.13,28.85
580,30.13,28.85
411,30.13,28.85
219,30.13,28.85
713,30.13,28.85
342,30.13,28.85
694,30.13,28.85
473,30.13,28.85
847,30.13,28.85
305,30.13,28.85
653,30.13,28.85
607,30.13,28.85
448,30.13,28.85
390,30.13,28.85
196,30.13,28.85
718,30.13,28.85
220,30.13,28.85
710,30.13,28.85
359,30.13,28.85
531,30.13,28.85
520,30.13,28.85
508,30.13,28.85
243,30.13,28.85
420,30.13,28.85
568,30.13,28.85
590,30.13,28.85
466,30.13,28.85
418,30.13,28.85
772,30.13,28.85
119,30.13,28.85
547,30.13,28.85
222,30.13,28.85
738,30.13,28.85
172,30.13,28.85
514,30.13,28.85
526,30.13,28.85
540,30.13,28.85
590,30.13,28.85
408,30.13,28.85
676,30.13,28.85
315,30.13,28.97
714,30.13,28.97
117,30.13,28.97
571,30.13,28.97
247,30.13,28.97
529,30.13,28.97
361,30.13,28.97
318,30.13,28.97
351,30.13,28.97
716,30.13,28.97
332,30.13,28.97
333,30.13,28.97
877,30.13,28.97
119,30.13,28.97
682,30.13,28.97
445,30.13,28.97
717,30.13,28.97
367,30.13,28.97
601,30.13,28.97
313,30.13,28.97
689,30.13,28.97
244,30.13,28.97
392,30.13,28.97
692,30.13,28.97
170,30.13,28.97
545,30.13,28.97
297,30.13,28.97
611,30.13,28.97
287,30.13,28.97
597,30.13,28.97
363,30.13,28.97
875,30.13,28.97
125,30.13,28.97
870,30.13,28.97
586,30.13,28.97
583,30.13,28.97
709,30.13,28.97
779,30.13,28.97
680,30.13,28.97
464,30.13,28.97
744,30.13,28.97
290,30.13,28.97
709,30.13,28.97
165,30.13,28.97
711,30.13,28.97
400,30.13,28.97
584,30.13,28.97
464,30.13,28.97
632,30.13,28.97
347,30.13,28.97
849,30.13,28.97
469,30.13,28.97
597,30.13,28.97
495,30.13,28.97
703,30.13,28.97
654,30.13,28.97
127,30.13,28.97
863,30.13,28.97
122,30.13,28.97
560,30.13,28.85
566,30.13,28.85
537,30.13,28.85
492,30.13,28.85
350,30.13,28.85
573,30.13,28.85
503,30.13,28.85
811,30.13,28.85
358,30.13,28.85
559,30.13,28.85
487,30.13,28.85
425,30.13,28.85
531,30.13,28.85
599,30.13,28.85
285,30.13,28.85
508,30.13,28.85
383,30.13,28.85
601,30.13,28.85
362,30.13,28.85
327,30.13,28.85
835,30.13,28.85
169,30.13,28.85
806,30.13,28.85
416,30.13,28.85
829,30.13,28.85
121,30.13,28.85
507,30.13,28.85
182,30.13,28.85
217,30.13,28.85
267,30.13,28.85
269,30.13,28.85
753,30.13,28.85
299,30.13,28.85
527,30.13,28.85
510,30.13,28.85
342,30.13,28.85
725,30.11,28.85
690,30.11,28.85
360,30.11,28.85
502,30.11,28.85
122,30.11,28.85
875,30.11,28.85
122,30.11,28.85
616,30.11,28.85
392,30.11,28.85
508,30.11,28.85
433,30.11,28.85
328,30.11,28.85
694,30.11,28.85
156,30.11,28.85
863,30.11,28.85
288,30.11,28.85
682,30.11,28.85
656,30.11,28.85
736,30.11,28.85
405,30.11,28.85
494,30.11,28.85
120,30.11,28.85
615,30.11,28.85
519,30.11,28.85
646,30.11,28.91
642,30.11,28.91
588,30.11,28.91
687,30.11,28.91
495,30.11,28.91
787,30.11,28.91
118,30.11,28.91
787,30.11,28.91
121,30.11,28.91
751,30.11,28.91
452,30.11,28.91
674,30.11,28.91
432,30.11,28.91
849,30.11,28.91
599,30.11,28.91
573,30.11,28.91
712,30.11,28.91
526,30.11,28.91
750,30.11,28.91
365,30.11,28.91
782,30.11,28.91
296,30.11,28.91
797,30.11,28.91
141,30.11,28.91
877,30.11,28.91
460,30.11,28.91
591,30.11,28.91
339,30.11,28.91
426,30.11,28.91
829,30.11,28.91
494,30.11,28.91
602,30.11,28.91
374,30.11,28.91
608,30.11,28.91
270,30.11,28.91
594,30.11,28.91
469,30.09,28.91
420,30.09,28.91
224,30.09,28.91
541,30.09,28.91
371,30.09,28.91
611,30.09,28.91
334,30.09,28.91
555,30.09,28.91
709,30.09,28.91
118,30.09,28.91
736,30.09,28.91
255,30.09,28.91
755,30.09,28.91
310,30.09,28.91
646,30.09,28.91
338,30.09,28.91
484,30.09,28.91
557,30.09,28.91
354,30.09,28.91
307,30.09,28.91
203,30.09,28.91
580,30.09,28.91
191,30.09,28.91
518,30.09,28.91
453,30.09,28.89
627,30.09,28.89
199,30.09,28.89
775,30.09,28.89
332,30.09,28.89
658,30.09,28.89
129,30.09,28.89
533,30.09,28.89
407,30.09,28.89
119,30.09,28.89
825,30.09,28.89
121,30.09,28.89
878,30.09,28.89
136,30.09,28.89
592,30.09,28.89
401,30.09,28.89
516,30.09,28.89
315,30.09,28.89
483,30.09,28.89
471,30.09,28.89
318,30.09,28.89
738,30.09,28.89
