196,31.71,30.39
510,31.71,30.39
122,31.71,30.39
123,31.71,30.39
474,31.71,30.39
830,31.71,30.39
358,31.71,30.39
705,31.71,30.39
356,31.71,30.39
407,31.71,30.39
503,31.71,30.39
335,31.71,30.39
759,31.71,30.39
188,31.71,30.39
627,31.71,30.39
388,31.71,30.39
526,31.71,30.39
532,31.71,30.39
482,31.71,30.39
688,31.71,30.39
295,31.71,30.39
513,31.71,30.39
610,31.71,30.39
618,31.71,30.39
465,31.71,30.39
294,31.71,30.39
425,31.71,30.39
545,31.71,30.39
282,31.71,30.39
603,31.71,30.39
167,31.71,30.39
772,31.71,30.39
124,31.71,30.39
789,31.73,30.39
496,31.73,30.39
339,31.73,30.39
889,31.73,30.39
479,31.73,30.39
751,31.73,30.39
700,31.73,30.39
603,31.73,30.39
432,31.73,30.39
429,31.73,30.39
644,31.73,30.39
367,31.73,30.39
618,31.73,30.39
553,31.73,30.39
528,31.73,30.39
806,31.73,30.39
342,31.73,30.39
837,31.73,30.39
458,31.73,30.39
386,31.73,30.39
816,31.73,30.39
213,31.73,30.39
673,31.73,30.39
209,31.73,30.39
652,31.73,30.59
671,31.73,30.59
164,31.73,30.59
552,31.73,30.59
484,31.73,30.59
517,31.73,30.59
739,31.73,30.59
344,31.73,30.59
748,31.73,30.59
433,31.73,30.59
702,31.73,30.59
271,31.73,30.59
548,31.73,30.59
627,31.73,30.59
556,31.73,30.59
689,31.73,30.59
265,31.73,30.59
804,31.73,30.59
473,31.73,30.59
349,31.73,30.59
684,31.73,30.59
401,31.73,30.59
605,31.73,30.59
167,31.73,30.59
781,31.73,30.59
335,31.73,30.59
120,31.73,30.59
578,31.73,30.59
280,31.73,30.59
712,31.73,30.59
546,31.73,30.59
696,31.73,30.59
527,31.73,30.59
547,31.73,30.59
439,31.73,30.59
307,31.73,30.59
324,31.73,30.59
497,31.73,30.59
518,31.73,30.59
632,31.73,30.59
253,31.73,30.59
661,31.73,30.59
195,31.73,30.59
246,31.73,30.59
654,31.73,30.59
120,31.73,30.59
633,31.73,30.59
120,31.73,30.59
677,31.73,30.59
546,31.73,30.59
367,31.73,30.59
532,31.73,30.59
514,31.73,30.59
585,31.73,30.59
369,31.73,30.59
508,31.73,30.59
278,31.73,30.59
349,31.73,30.59
582,31.73,30.59
500,31.73,30.47
445,31.73,30.47
730,31.73,30.47
508,31.73,30.47
892,31.73,30.47
119,31.73,30.47
758,31.73,30.47
499,31.73,30.47
668,31.73,30.47
459,31.73,30.47
528,31.73,30.47
514,31.73,30.47
528,31.73,30.47
643,31.73,30.47
447,31.73,30.47
562,31.73,30.47
446,31.73,30.47
529,31.73,30.47
596,31.73,30.47
404,31.73,30.47
399,31.73,30.47
802,31.73,30.47
372,31.73,30.47
844,31.73,30.47
393,31.73,30.47
752,31.73,30.47
668,31.73,30.47
497,31.73,30.47
697,31.73,30.47
252,31.73,30.47
774,31.73,30.47
477,31.73,30.47
718,31.73,30.47
424,31.73,30.47
593,31.73,30.47
456,31.73,30.47
286,31.75,30.47
494,31.75,30.47
666,31.75,30.47
571,31.75,30.47
374,31.75,30.47
446,31.75,30.47
686,31.75,30.47
272,31.75,30.47
371,31.75,30.47
777,31.75,30.47
370,31.75,30.47
644,31.75,30.47
121,31.75,30.47
702,31.75,30.47
353,31.75,30.47
394,31.75,30.47
382,31.75,30.47
306,31.75,30.47
623,31.75,30.47
121,31.75,30.47
515,31.75,30.47
753,31.75,30.47
121,31.75,30.47
611,31.75,30.51
509,31.75,30.51
278,31.75,30.51
748,31.75,30.51
667,31.75,30.51
604,31.75,30.51
259,31.75,30.51
608,31.75,30.51
284,31.75,30.51
375,31.75,30.51
360,31.75,30.51
403,31.75,30.51
623,31.75,30.51
121,31.75,30.51
748,31.75,30.51
714,31.75,30.51
160,31.75,30.51
654,31.75,30.51
438,31.75,30.51
409,31.75,30.51
687,31.75,30.51
335,31.75,30.51
798,31.75,30.51
524,31.75,30.51
541,31.75,30.51
396,31.75,30.51
495,31.75,30.51
301,31.75,30.51
743,31.75,30.51
588,31.75,30.51
198,31.75,30.51
781,31.75,30.51
679,31.75,30.51
547,31.75,30.51
660,31.75,30.51
370,31.75,30.51
875,31.75,30.51
479,31.75,30.51
752,31.75,30.51
876,31.75,30.51
429,31.75,30.51
431,31.75,30.51
407,31.75,30.51
511,31.75,30.51
661,31.75,30.51
477,31.75,30.51
538,31.75,30.51
500,31.75,30.51
653,31.75,30.51
424,31.75,30.51
656,31.75,30.51
465,31.75,30.51
541,31.75,30.51
864,31.75,30.51
325,31.75,30.51
784,31.75,30.51
263,31.75,30.51
665,31.75,30.51
451,31.75,30.51
290,31.75,30.51
486,31.75,30.57
320,31.75,30.57
681,31.75,30.57
464,31.75,30.57
294,31.75,30.57
555,31.75,30.57
520,31.75,30.57
486,31.75,30.57
677,31.75,30.57
489,31.75,30.57
372,31.75,30.57
291,31.75,30.57
748,31.75,30.57
157,31.75,30.57
619,31.75,30.57
408,31.75,30.57
508,31.75,30.57
254,31.75,30.57
212,31.75,30.57
795,31.75,30.57
209,31.75,30.57
451,31.75,30.57
461,31.75,30.57
120,31.75,30.57
402,31.75,30.57
261,31.75,30.57
534,31.75,30.57
737,31.75,30.57
283,31.75,30.57
393,31.75,30.57
379,31.75,30.57
486,31.75,30.57
442,31.75,30.57
465,31.75,30.57
278,31.75,30.57
364,31.75,30.57
762,31.75,30.57
298,31.75,30.57
845,31.75,30.57
425,31.75,30.57
619,31.75,30.57
785,31.75,30.57
332,31.75,30.57
463,31.75,30.57
339,31.75,30.57
615,31.75,30.57
582,31.75,30.57
321,31.75,30.57
681,31.75,30.57
700,31.75,30.57
384,31.75,30.57
718,31.75,30.57
287,31.75,30.57
637,31.75,30.57
185,31.75,30.57
875,31.75,30.57
341,31.75,30.57
835,31.75,30.57
705,31.75,30.57
511,31.75,30.39
879,31.75,30.39
262,31.75,30.39
878,31.75,30.39
620,31.75,30.39
630,31.75,30.39
661,31.75,30.39
539,31.75,30.39
594,31.75,30.39
574,31.75,30.39
487,31.75,30.39
666,31.75,30.39
352,31.75,30.39
553,31.75,30.39
499,31.75,30.39
589,31.75,30.39
655,31.75,30.39
618,31.75,30.39
632,31.75,30.39
426,31.75,30.39
879,31.75,30.39
124,31.75,30.39
703,31.75,30.39
240,31.75,30.39
321,31.75,30.39
758,31.75,30.39
230,31.75,30.39
668,31.75,30.39
485,31.75,30.39
454,31.75,30.39
309,31.75,30.39
661,31.75,30.39
490,31.75,30.39
308,31.75,30.39
372,31.75,30.39
780,31.75,30.39
151,31.77,30.39
813,31.77,30.39
137,31.77,30.39
543,31.77,30.39
517,31.77,30.39
229,31.77,30.39
489,31.77,30.39
122,31.77,30.39
740,31.77,30.39
406,31.77,30.39
710,31.77,30.39
163,31.77,30.39
445,31.77,30.39
606,31.77,30.39
449,31.77,30.39
469,31.77,30.39
741,31.77,30.39
224,31.77,30.39
620,31.77,30.39
175,31.77,30.39
563,31.77,30.39
741,31.77,30.39
200,31.77,30.39
612,31.77,30.39
133,31.77,30.47
543,31.77,30.47
179,31.77,30.47
784,31.77,30.47
396,31.77,30.47
805,31.77,30.47
788,31.77,30.47
541,31.77,30.47
727,31.77,30.47
341,31.77,30.47
526,31.77,30.47
438,31.77,30.47
321,31.77,30.47
562,31.77,30.47
622,31.77,30.47
557,31.77,30.47
738,31.77,30.47
449,31.77,30.47
600,31.77,30.47
349,31.77,30.47
577,31.77,30.47
800,31.77,30.47
303,31.77,30.47
698,31.77,30.47
468,31.77,30.47
802,31.77,30.47
357,31.77,30.47
877,31.77,30.47
363,31.77,30.47
786,31.77,30.47
597,31.77,30.47
517,31.77,30.47
696,31.77,30.47
315,31.77,30.47
464,31.77,30.47
560,31.73,30.47
495,31.73,30.47
619,31.73,30.47
180,31.73,30.47
636,31.73,30.47
705,31.73,30.47
197,31.73,30.47
536,31.73,30.47
408,31.73,30.47
805,31.73,30.47
616,31.73,30.47
515,31.73,30.47
749,31.73,30.47
512,31.73,30.47
705,31.73,30.47
119,31.73,30.47
570,31.73,30.47
124,31.73,30.47
648,31.73,30.47
395,31.73,30.47
171,31.73,30.47
593,31.73,30.47
669,31.73,30.47
314,31.73,30.47
637,31.73,30.59
231,31.73,30.59
746,31.73,30.59
384,31.73,30.59
742,31.73,30.59
471,31.73,30.59
