470,30.25,29.03
401,30.25,29.03
635,30.25,29.03
126,30.25,29.03
648,30.25,29.03
201,30.25,29.03
497,30.25,29.03
754,30.25,29.03
421,30.25,29.03
260,30.25,29.03
294,30.25,29.03
295,30.25,29.03
534,30.25,29.03
245,30.25,29.03
384,30.25,29.03
591,30.25,29.03
182,30.25,29.03
432,30.25,29.03
630,30.25,29.03
373,30.25,29.03
342,30.25,29.03
456,30.25,29.03
480,30.25,28.97
732,30.25,28.97
348,30.25,28.97
590,30.25,28.97
400,30.25,28.97
719,30.25,28.97
119,30.25,28.97
610,30.25,28.97
319,30.25,28.97
234,30.25,28.97
725,30.25,28.97
271,30.25,28.97
693,30.25,28.97
583,30.25,28.97
646,30.25,28.97
468,30.25,28.97
650,30.25,28.97
428,30.25,28.97
395,30.25,28.97
725,30.25,28.97
569,30.25,28.97
444,30.25,28.97
667,30.25,28.97
643,30.25,28.97
695,30.25,28.97
601,30.25,28.97
213,30.25,28.97
766,30.25,28.97
417,30.25,28.97
671,30.25,28.97
527,30.25,28.97
533,30.25,28.97
685,30.25,28.97
416,30.25,28.97
679,30.25,28.97
302,30.25,28.97
496,30.27,28.97
520,30.27,28.97
819,30.27,28.97
320,30.27,28.97
451,30.27,28.97
322,30.27,28.97
554,30.27,28.97
537,30.27,28.97
504,30.27,28.97
716,30.27,28.97
484,30.27,28.97
463,30.27,28.97
649,30.27,28.97
638,30.27,28.97
307,30.27,28.97
696,30.27,28.97
449,30.27,28.97
539,30.27,28.97
329,30.27,28.97
701,30.27,28.97
602,30.27,28.97
341,30.27,28.97
282,30.27,28.97
284,30.27,28.97
587,30.27,29.15
118,30.27,29.15
621,30.27,29.15
341,30.27,29.15
536,30.27,29.15
468,30.27,29.15
817,30.27,29.15
537,30.27,29.15
437,30.27,29.15
316,30.27,29.15
682,30.27,29.15
122,30.27,29.15
519,30.27,29.15
621,30.27,29.15
215,30.27,29.15
205,30.27,29.15
152,30.27,29.15
748,30.27,29.15
119,30.27,29.15
572,30.27,29.15
275,30.27,29.15
799,30.27,29.15
119,30.27,29.15
710,30.27,29.15
616,30.27,29.15
655,30.27,29.15
418,30.27,29.15
606,30.27,29.15
428,30.27,29.15
483,30.27,29.15
571,30.27,29.15
495,30.27,29.15
511,30.27,29.15
314,30.27,29.15
633,30.27,29.15
122,30.27,29.15
858,30.25,29.15
360,30.25,29.15
388,30.25,29.15
368,30.25,29.15
391,30.25,29.15
630,30.25,29.15
478,30.25,29.15
524,30.25,29.15
320,30.25,29.15
681,30.25,29.15
261,30.25,29.15
482,30.25,29.15
482,30.25,29.15
346,30.25,29.15
272,30.25,29.15
617,30.25,29.15
332,30.25,29.15
618,30.25,29.15
728,30.25,29.15
752,30.25,29.15
595,30.25,29.15
486,30.25,29.15
833,30.25,29.15
448,30.25,28.85
410,30.25,28.85
460,30.25,28.85
569,30.25,28.85
658,30.25,28.85
392,30.25,28.85
659,30.25,28.85
519,30.25,28.85
522,30.25,28.85
529,30.25,28.85
547,30.25,28.85
533,30.25,28.85
534,30.25,28.85
607,30.25,28.85
552,30.25,28.85
432,30.25,28.85
719,30.25,28.85
541,30.25,28.85
586,30.25,28.85
447,30.25,28.85
594,30.25,28.85
596,30.25,28.85
311,30.25,28.85
822,30.25,28.85
250,30.25,28.85
581,30.25,28.85
160,30.25,28.85
557,30.25,28.85
128,30.25,28.85
616,30.25,28.85
469,30.25,28.85
397,30.25,28.85
456,30.25,28.85
448,30.25,28.85
528,30.25,28.85
275,30.25,28.85
637,30.23,28.85
550,30.23,28.85
536,30.23,28.85
136,30.23,28.85
713,30.23,28.85
119,30.23,28.85
739,30.23,28.85
119,30.23,28.85
646,30.23,28.85
613,30.23,28.85
145,30.23,28.85
791,30.23,28.85
556,30.23,28.85
565,30.23,28.85
430,30.23,28.85
852,30.23,28.85
124,30.23,28.85
640,30.23,28.85
527,30.23,28.85
736,30.23,28.85
249,30.23,28.85
506,30.23,28.85
425,30.23,28.85
763,30.23,28.85
119,30.23,29.03
793,30.23,29.03
506,30.23,29.03
118,30.23,29.03
514,30.23,29.03
388,30.23,29.03
835,30.23,29.03
118,30.23,29.03
740,30.23,29.03
309,30.23,29.03
634,30.23,29.03
393,30.23,29.03
632,30.23,29.03
427,30.23,29.03
547,30.23,29.03
742,30.23,29.03
855,30.23,29.03
255,30.23,29.03
219,30.23,29.03
818,30.23,29.03
362,30.23,29.03
495,30.23,29.03
546,30.23,29.03
877,30.23,29.03
210,30.23,29.03
812,30.23,29.03
217,30.23,29.03
724,30.23,29.03
193,30.23,29.03
474,30.23,29.03
668,30.23,29.03
291,30.23,29.03
429,30.23,29.03
655,30.23,29.03
878,30.23,29.03
408,30.23,29.03
780,30.25,29.03
372,30.25,29.03
674,30.25,29.03
323,30.25,29.03
737,30.25,29.03
714,30.25,29.03
606,30.25,29.03
645,30.25,29.03
876,30.25,29.03
493,30.25,29.03
559,30.25,29.03
793,30.25,29.03
289,30.25,29.03
561,30.25,29.03
318,30.25,29.03
366,30.25,29.03
524,30.25,29.03
414,30.25,29.03
569,30.25,29.03
384,30.25,29.03
384,30.25,29.03
395,30.25,29.03
718,30.25,29.03
121,30.25,29.17
482,30.25,29.17
599,30.25,29.17
458,30.25,29.17
484,30.25,29.17
333,30.25,29.17
279,30.25,29.17
310,30.25,29.17
286,30.25,29.17
497,30.25,29.17
471,30.25,29.17
119,30.25,29.17
731,30.25,29.17
274,30.25,29.17
553,30.25,29.17
581,30.25,29.17
493,30.25,29.17
515,30.25,29.17
522,30.25,29.17
695,30.25,29.17
500,30.25,29.17
472,30.25,29.17
593,30.25,29.17
546,30.25,29.17
276,30.25,29.17
238,30.25,29.17
490,30.25,29.17
800,30.25,29.17
122,30.25,29.17
696,30.25,29.17
429,30.25,29.17
788,30.25,29.17
233,30.25,29.17
802,30.25,29.17
325,30.25,29.17
574,30.25,29.17
304,30.25,29.17
552,30.25,29.17
526,30.25,29.17
395,30.25,29.17
618,30.25,29.17
655,30.25,29.17
275,30.25,29.17
488,30.25,29.17
489,30.25,29.17
222,30.25,29.17
599,30.25,29.17
322,30.25,29.17
514,30.25,29.17
590,30.25,29.17
721,30.25,29.17
627,30.25,29.17
592,30.25,29.17
422,30.25,29.17
307,30.25,29.17
691,30.25,29.17
198,30.25,29.17
764,30.25,29.17
486,30.25,29.17
447,30.25,29.17
390,30.25,28.99
647,30.25,28.99
548,30.25,28.99
529,30.25,28.99
484,30.25,28.99
617,30.25,28.99
518,30.25,28.99
435,30.25,28.99
548,30.25,28.99
471,30.25,28.99
583,30.25,28.99
531,30.25,28.99
568,30.25,28.99
179,30.25,28.99
874,30.25,28.99
118,30.25,28.99
407,30.25,28.99
211,30.25,28.99
404,30.25,28.99
647,30.25,28.99
368,30.25,28.99
632,30.25,28.99
494,30.25,28.99
350,30.25,28.99
279,30.25,28.99
672,30.25,28.99
474,30.25,28.99
623,30.25,28.99
385,30.25,28.99
790,30.25,28.99
180,30.25,28.99
643,30.25,28.99
436,30.25,28.99
632,30.25,28.99
457,30.25,28.99
441,30.25,28.99
560,30.25,28.99
211,30.25,28.99
779,30.25,28.99
578,30.25,28.99
824,30.25,28.99
278,30.25,28.99
644,30.25,28.99
590,30.25,28.99
542,30.25,28.99
406,30.25,28.99
553,30.25,28.99
217,30.25,28.99
538,30.25,28.99
567,30.25,28.99
618,30.25,28.99
330,30.25,28.99
512,30.25,28.99
507,30.25,28.99
569,30.25,28.99
573,30.25,28.99
338,30.25,28.99
878,30.25,28.99
405,30.25,28.99
795,30.25,28.85
727,30.25,28.85
486,30.25,28.85
616,30.25,28.85
423,30.25,28.85
621,30.25,28.85
130,30.25,28.85
521,30.25,28.85
529,30.25,28.85
453,30.25,28.85
265,30.25,28.85
651,30.25,28.85
414,30.25,28.85
515,30.25,28.85
178,30.25,28.85
505,30.25,28.85
651,30.25,28.85
748,30.25,28.85
684,30.25,28.85
683,30.25,28.85
634,30.25,28.85
497,30.25,28.85
798,30.25,28.85
275,30.25,28.85
408,30.25,28.85
134,30.25,28.85
591,30.25,28.85
749,30.25,28.85
476,30.25,28.85
529,30.25,28.85
460,30.25,28.85
509,30.25,28.85
493,30.25,28.85
557,30.25,28.85
352,30.25,28.85
800,30.25,28.85
286,30.25,28.85
653,30.25,28.85
119,30.25,28.85
