406,30.13,28.89
716,30.13,28.89
522,30.13,28.89
122,30.13,28.89
130,30.13,28.89
873,30.13,28.89
532,30.13,28.89
570,30.13,28.89
765,30.13,28.89
176,30.13,28.89
673,30.13,28.89
254,30.13,28.89
878,30.13,28.89
419,30.13,28.89
696,30.13,28.89
427,30.13,28.89
761,30.13,28.89
474,30.13,28.89
510,30.13,28.89
347,30.13,28.89
621,30.13,28.89
531,30.13,28.89
704,30.13,28.89
574,30.13,28.97
609,30.13,28.97
533,30.13,28.97
583,30.13,28.97
774,30.13,28.97
192,30.13,28.97
809,30.13,28.97
425,30.13,28.97
699,30.13,28.97
340,30.13,28.97
555,30.13,28.97
560,30.13,28.97
452,30.13,28.97
695,30.13,28.97
832,30.13,28.97
747,30.13,28.97
451,30.13,28.97
836,30.13,28.97
422,30.13,28.97
380,30.13,28.97
342,30.13,28.97
768,30.13,28.97
406,30.13,28.97
671,30.13,28.97
594,30.13,28.97
449,30.13,28.97
485,30.13,28.97
284,30.13,28.97
693,30.13,28.97
324,30.13,28.97
730,30.13,28.97
347,30.13,28.97
562,30.13,28.97
283,30.13,28.97
591,30.13,28.97
521,30.13,28.97
381,30.13,28.97
140,30.13,28.97
480,30.13,28.97
533,30.13,28.97
124,30.13,28.97
599,30.13,28.97
413,30.13,28.97
523,30.13,28.97
516,30.13,28.97
631,30.13,28.97
218,30.13,28.97
501,30.13,28.97
259,30.13,28.97
760,30.13,28.97
120,30.13,28.97
555,30.13,28.97
464,30.13,28.97
291,30.13,28.97
429,30.13,28.97
410,30.13,28.97
541,30.13,28.97
426,30.13,28.97
128,30.13,28.97
457,30.13,28.97
468,30.13,29.03
140,30.13,29.03
393,30.13,29.03
600,30.13,29.03
460,30.13,29.03
473,30.13,29.03
835,30.13,29.03
123,30.13,29.03
381,30.13,29.03
464,30.13,29.03
201,30.13,29.03
553,30.13,29.03
297,30.13,29.03
766,30.13,29.03
325,30.13,29.03
563,30.13,29.03
372,30.13,29.03
731,30.13,29.03
679,30.13,29.03
297,30.13,29.03
494,30.13,29.03
708,30.13,29.03
583,30.13,29.03
383,30.13,29.03
561,30.13,29.03
406,30.13,29.03
651,30.13,29.03
528,30.13,29.03
672,30.13,29.03
290,30.13,29.03
864,30.13,29.03
529,30.13,29.03
700,30.13,29.03
548,30.13,29.03
443,30.13,29.03
679,30.13,29.03
223,30.13,29.03
746,30.13,29.03
374,30.13,29.03
695,30.13,29.03
206,30.13,29.03
740,30.13,29.03
671,30.13,29.03
510,30.13,29.03
493,30.13,29.03
439,30.13,29.03
338,30.13,29.03
428,30.13,29.03
561,30.13,29.03
369,30.13,29.03
539,30.13,29.03
567,30.13,29.03
697,30.13,29.03
140,30.13,29.03
801,30.13,29.03
474,30.13,29.03
680,30.13,29.03
127,30.13,29.03
585,30.13,29.03
452,30.13,28.95
131,30.13,28.95
449,30.13,28.95
425,30.13,28.95
122,30.13,28.95
496,30.13,28.95
610,30.13,28.95
386,30.13,28.95
699,30.13,28.95
345,30.13,28.95
428,30.13,28.95
411,30.13,28.95
403,30.13,28.95
241,30.13,28.95
685,30.13,28.95
195,30.13,28.95
616,30.13,28.95
362,30.13,28.95
129,30.13,28.95
580,30.13,28.95
383,30.13,28.95
636,30.13,28.95
272,30.13,28.95
308,30.13,28.95
410,30.13,28.95
562,30.13,28.95
610,30.13,28.95
764,30.13,28.95
299,30.13,28.95
545,30.13,28.95
764,30.13,28.95
561,30.13,28.95
463,30.13,28.95
593,30.13,28.95
685,30.13,28.95
481,30.13,28.95
368,30.17,28.95
184,30.17,28.95
869,30.17,28.95
304,30.17,28.95
604,30.17,28.95
655,30.17,28.95
466,30.17,28.95
568,30.17,28.95
652,30.17,28.95
529,30.17,28.95
346,30.17,28.95
654,30.17,28.95
480,30.17,28.95
720,30.17,28.95
482,30.17,28.95
746,30.17,28.95
467,30.17,28.95
578,30.17,28.95
597,30.17,28.95
663,30.17,28.95
346,30.17,28.95
476,30.17,28.95
708,30.17,28.95
553,30.17,28.95
372,30.17,28.79
625,30.17,28.79
865,30.17,28.79
437,30.17,28.79
541,30.17,28.79
367,30.17,28.79
369,30.17,28.79
580,30.17,28.79
516,30.17,28.79
500,30.17,28.79
628,30.17,28.79
357,30.17,28.79
671,30.17,28.79
733,30.17,28.79
117,30.17,28.79
827,30.17,28.79
584,30.17,28.79
340,30.17,28.79
252,30.17,28.79
696,30.17,28.79
559,30.17,28.79
430,30.17,28.79
440,30.17,28.79
480,30.17,28.79
483,30.17,28.79
321,30.17,28.79
723,30.17,28.79
265,30.17,28.79
424,30.17,28.79
122,30.17,28.79
661,30.17,28.79
175,30.17,28.79
426,30.17,28.79
414,30.17,28.79
745,30.17,28.79
198,30.17,28.79
676,30.17,28.79
485,30.17,28.79
487,30.17,28.79
288,30.17,28.79
581,30.17,28.79
294,30.17,28.79
118,30.17,28.79
796,30.17,28.79
338,30.17,28.79
782,30.17,28.79
119,30.17,28.79
552,30.17,28.79
662,30.17,28.79
418,30.17,28.79
616,30.17,28.79
465,30.17,28.79
568,30.17,28.79
258,30.17,28.79
769,30.17,28.79
399,30.17,28.79
633,30.17,28.79
374,30.17,28.79
801,30.17,28.79
319,30.17,28.95
763,30.17,28.95
229,30.17,28.95
741,30.17,28.95
415,30.17,28.95
778,30.17,28.95
187,30.17,28.95
484,30.17,28.95
575,30.17,28.95
257,30.17,28.95
865,30.17,28.95
207,30.17,28.95
624,30.17,28.95
632,30.17,28.95
602,30.17,28.95
520,30.17,28.95
796,30.17,28.95
159,30.17,28.95
673,30.17,28.95
424,30.17,28.95
798,30.17,28.95
390,30.17,28.95
634,30.17,28.95
634,30.17,28.95
534,30.17,28.95
665,30.17,28.95
309,30.17,28.95
717,30.17,28.95
329,30.17,28.95
814,30.17,28.95
380,30.17,28.95
520,30.17,28.95
628,30.17,28.95
400,30.17,28.95
622,30.17,28.95
318,30.17,28.95
421,30.13,28.95
506,30.13,28.95
274,30.13,28.95
458,30.13,28.95
726,30.13,28.95
247,30.13,28.95
698,30.13,28.95
491,30.13,28.95
877,30.13,28.95
119,30.13,28.95
680,30.13,28.95
428,30.13,28.95
621,30.13,28.95
657,30.13,28.95
294,30.13,28.95
604,30.13,28.95
222,30.13,28.95
538,30.13,28.95
388,30.13,28.95
425,30.13,28.95
272,30.13,28.95
669,30.13,28.95
683,30.13,28.95
453,30.13,28.95
471,30.13,28.85
377,30.13,28.85
314,30.13,28.85
228,30.13,28.85
727,30.13,28.85
379,30.13,28.85
624,30.13,28.85
212,30.13,28.85
692,30.13,28.85
127,30.13,28.85
605,30.13,28.85
503,30.13,28.85
493,30.13,28.85
289,30.13,28.85
433,30.13,28.85
623,30.13,28.85
157,30.13,28.85
644,30.13,28.85
538,30.13,28.85
598,30.13,28.85
356,30.13,28.85
639,30.13,28.85
659,30.13,28.85
429,30.13,28.85
266,30.13,28.85
848,30.13,28.85
362,30.13,28.85
560,30.13,28.85
556,30.13,28.85
539,30.13,28.85
620,30.13,28.85
340,30.13,28.85
733,30.13,28.85
559,30.13,28.85
739,30.13,28.85
365,30.13,28.85
878,30.11,28.85
191,30.11,28.85
586,30.11,28.85
380,30.11,28.85
576,30.11,28.85
335,30.11,28.85
626,30.11,28.85
323,30.11,28.85
429,30.11,28.85
460,30.11,28.85
381,30.11,28.85
667,30.11,28.85
132,30.11,28.85
876,30.11,28.85
629,30.11,28.85
801,30.11,28.85
428,30.11,28.85
877,30.11,28.85
487,30.11,28.85
720,30.11,28.85
735,30.11,28.85
398,30.11,28.85
375,30.11,28.85
354,30.11,28.97
478,30.11,28.97
365,30.11,28.97
544,30.11,28.97
670,30.11,28.97
599,30.11,28.97
255,30.11,28.97
377,30.11,28.97
265,30.11,28.97
660,30.11,28.97
226,30.11,28.97
221,30.11,28.97
742,30.11,28.97
323,30.11,28.97
748,30.11,28.97
409,30.11,28.97
442,30.11,28.97
119,30.11,28.97
440,30.11,28.97
480,30.11,28.97
371,30.11,28.97
790,30.11,28.97
578,30.11,28.97
671,30.11,28.97
481,30.11,28.97
548,30.11,28.97
484,30.11,28.97
705,30.11,28.97
323,30.11,28.97
428,30.11,28.97
306,30.11,28.97
467,30.11,28.97
511,30.11,28.97
642,30.11,28.97
493,30.11,28.97
571,30.11,28.97
682,30.13,28.97
279,30.13,28.97
