666,30.49,29.17
515,30.49,29.17
122,30.49,29.17
411,30.49,29.17
800,30.49,29.17
571,30.49,29.17
120,30.49,29.17
439,30.49,29.17
672,30.49,29.17
688,30.49,29.17
345,30.49,29.17
805,30.49,29.17
301,30.49,29.17
745,30.49,29.17
360,30.49,29.17
666,30.49,29.17
119,30.49,29.17
665,30.49,29.17
478,30.49,29.17
119,30.49,29.17
682,30.49,29.17
393,30.49,29.17
416,30.49,29.17
462,30.49,29.17
699,30.49,29.17
468,30.49,29.17
404,30.49,29.17
419,30.49,29.17
512,30.49,29.17
369,30.49,29.17
420,30.49,29.17
479,30.49,29.17
569,30.49,29.17
124,30.49,29.17
717,30.49,29.17
474,30.49,29.17
122,30.49,29.17
658,30.49,29.17
119,30.49,29.17
684,30.49,29.17
215,30.49,29.17
588,30.49,29.17
631,30.49,29.17
610,30.49,29.17
239,30.49,29.17
620,30.49,29.17
444,30.49,29.17
556,30.49,29.17
593,30.49,29.17
468,30.49,29.17
669,30.49,29.17
565,30.49,29.17
568,30.49,29.17
587,30.49,29.17
546,30.49,29.17
369,30.49,29.17
766,30.49,29.17
356,30.49,29.17
586,30.49,29.17
524,30.49,29.17
440,30.49,29.17
511,30.49,29.17
603,30.49,29.17
721,30.49,29.17
309,30.49,29.17
490,30.49,29.17
640,30.49,29.17
482,30.49,29.17
387,30.49,29.17
489,30.49,29.19
206,30.49,29.19
743,30.49,29.19
451,30.49,29.19
692,30.49,29.19
397,30.49,29.19
389,30.49,29.19
477,30.49,29.19
640,30.49,29.19
330,30.49,29.19
382,30.49,29.19
617,30.49,29.19
222,30.49,29.19
706,30.49,29.19
598,30.49,29.19
722,30.49,29.19
497,30.49,29.19
722,30.49,29.19
395,30.49,29.19
658,30.49,29.19
242,30.49,29.19
414,30.49,29.19
502,30.49,29.19
387,30.49,29.19
747,30.49,29.19
587,30.49,29.19
568,30.49,29.19
465,30.49,29.19
677,30.49,29.19
157,30.49,29.19
376,30.49,29.19
217,30.49,29.19
517,30.49,29.19
193,30.49,29.19
255,30.49,29.19
487,30.49,29.19
272,30.49,29.19
663,30.49,29.19
404,30.49,29.19
449,30.49,29.19
651,30.49,29.19
359,30.49,29.19
297,30.49,29.19
776,30.49,29.19
145,30.49,29.19
473,30.49,29.19
519,30.49,29.19
308,30.49,29.19
119,30.49,29.19
381,30.49,29.19
177,30.49,29.19
206,30.49,29.19
874,30.49,29.19
127,30.49,29.19
484,30.49,29.19
386,30.49,29.19
525,30.49,29.19
579,30.49,29.19
362,30.49,29.19
645,30.49,29.19
334,30.49,29.35
659,30.49,29.35
293,30.49,29.35
675,30.49,29.35
482,30.49,29.35
732,30.49,29.35
707,30.49,29.35
703,30.49,29.35
280,30.49,29.35
750,30.49,29.35
734,30.49,29.35
607,30.49,29.35
376,30.49,29.35
774,30.49,29.35
582,30.49,29.35
369,30.49,29.35
864,30.49,29.35
333,30.49,29.35
781,30.49,29.35
516,30.49,29.35
779,30.49,29.35
345,30.49,29.35
599,30.49,29.35
484,30.49,29.35
507,30.49,29.35
458,30.49,29.35
421,30.49,29.35
485,30.49,29.35
670,30.49,29.35
492,30.49,29.35
533,30.49,29.35
878,30.49,29.35
453,30.49,29.35
803,30.49,29.35
457,30.49,29.35
878,30.49,29.35
118,30.49,29.35
878,30.49,29.35
554,30.49,29.35
540,30.49,29.35
583,30.49,29.35
368,30.49,29.35
841,30.49,29.35
317,30.49,29.35
452,30.49,29.35
475,30.49,29.35
624,30.49,29.35
435,30.49,29.35
877,30.49,29.35
426,30.49,29.35
570,30.49,29.35
302,30.49,29.35
766,30.49,29.35
278,30.49,29.35
485,30.49,29.35
579,30.49,29.35
162,30.49,29.35
158,30.49,29.35
264,30.49,29.35
671,30.49,29.29
120,30.49,29.29
853,30.49,29.29
293,30.49,29.29
499,30.49,29.29
198,30.49,29.29
519,30.49,29.29
476,30.49,29.29
544,30.49,29.29
229,30.49,29.29
483,30.49,29.29
488,30.49,29.29
537,30.49,29.29
481,30.49,29.29
294,30.49,29.29
730,30.49,29.29
456,30.49,29.29
771,30.49,29.29
120,30.49,29.29
743,30.49,29.29
433,30.49,29.29
637,30.49,29.29
331,30.49,29.29
361,30.49,29.29
752,30.49,29.29
406,30.49,29.29
445,30.49,29.29
376,30.49,29.29
382,30.49,29.29
547,30.49,29.29
656,30.49,29.29
479,30.49,29.29
518,30.49,29.29
207,30.49,29.29
741,30.49,29.29
326,30.49,29.29
453,30.49,29.29
759,30.49,29.29
231,30.49,29.29
722,30.49,29.29
505,30.49,29.29
786,30.49,29.29
737,30.49,29.29
687,30.49,29.29
321,30.49,29.29
819,30.49,29.29
437,30.49,29.29
344,30.49,29.29
679,30.49,29.29
453,30.49,29.29
593,30.49,29.29
442,30.49,29.29
572,30.49,29.29
350,30.49,29.29
509,30.49,29.29
368,30.49,29.29
787,30.49,29.29
274,30.49,29.29
622,30.49,29.29
538,30.49,29.29
850,30.49,29.19
624,30.49,29.19
484,30.49,29.19
441,30.49,29.19
430,30.49,29.19
632,30.49,29.19
290,30.49,29.19
708,30.49,29.19
238,30.49,29.19
737,30.49,29.19
348,30.49,29.19
579,30.49,29.19
536,30.49,29.19
574,30.49,29.19
466,30.49,29.19
603,30.49,29.19
170,30.49,29.19
594,30.49,29.19
302,30.49,29.19
577,30.49,29.19
771,30.49,29.19
122,30.49,29.19
698,30.49,29.19
143,30.49,29.19
836,30.49,29.19
119,30.49,29.19
877,30.49,29.19
366,30.49,29.19
523,30.49,29.19
878,30.49,29.19
384,30.49,29.19
584,30.49,29.19
456,30.49,29.19
634,30.49,29.19
348,30.49,29.19
326,30.49,29.19
455,30.47,29.19
588,30.47,29.19
403,30.47,29.19
842,30.47,29.19
324,30.47,29.19
876,30.47,29.19
122,30.47,29.19
741,30.47,29.19
649,30.47,29.19
122,30.47,29.19
732,30.47,29.19
481,30.47,29.19
792,30.47,29.19
128,30.47,29.19
872,30.47,29.19
439,30.47,29.19
703,30.47,29.19
586,30.47,29.19
338,30.47,29.19
618,30.47,29.19
543,30.47,29.19
424,30.47,29.19
672,30.47,29.19
122,30.47,29.31
402,30.47,29.31
590,30.47,29.31
478,30.47,29.31
874,30.47,29.31
125,30.47,29.31
878,30.47,29.31
328,30.47,29.31
798,30.47,29.31
598,30.47,29.31
695,30.47,29.31
531,30.47,29.31
457,30.47,29.31
738,30.47,29.31
422,30.47,29.31
613,30.47,29.31
409,30.47,29.31
409,30.47,29.31
835,30.47,29.31
327,30.47,29.31
565,30.47,29.31
790,30.47,29.31
272,30.47,29.31
878,30.47,29.31
342,30.47,29.31
789,30.47,29.31
565,30.47,29.31
599,30.47,29.31
591,30.47,29.31
307,30.47,29.31
553,30.47,29.31
318,30.47,29.31
386,30.47,29.31
396,30.47,29.31
471,30.47,29.31
397,30.47,29.31
483,30.49,29.31
594,30.49,29.31
319,30.49,29.31
358,30.49,29.31
530,30.49,29.31
538,30.49,29.31
520,30.49,29.31
241,30.49,29.31
703,30.49,29.31
583,30.49,29.31
130,30.49,29.31
772,30.49,29.31
125,30.49,29.31
607,30.49,29.31
709,30.49,29.31
121,30.49,29.31
479,30.49,29.31
268,30.49,29.31
713,30.49,29.31
120,30.49,29.31
629,30.49,29.31
120,30.49,29.31
756,30.49,29.31
398,30.49,29.31
459,30.49,29.35
450,30.49,29.35
710,30.49,29.35
361,30.49,29.35
697,30.49,29.35
174,30.49,29.35
752,30.49,29.35
126,30.49,29.35
498,30.49,29.35
573,30.49,29.35
124,30.49,29.35
714,30.49,29.35
157,30.49,29.35
877,30.49,29.35
540,30.49,29.35
377,30.49,29.35
696,30.49,29.35
494,30.49,29.35
414,30.49,29.35
529,30.49,29.35
552,30.49,29.35
259,30.49,29.35
646,30.49,29.35
624,30.49,29.35
165,30.49,29.35
621,30.49,29.35
680,30.49,29.35
201,30.49,29.35
686,30.49,29.35
234,30.49,29.35
716,30.49,29.35
372,30.49,29.35
878,30.49,29.35
800,30.49,29.35
384,30.49,29.35
631,30.49,29.35
425,30.49,29.35
719,30.49,29.35
437,30.49,29.35
692,30.49,29.35
121,30.49,29.35
681,30.49,29.35
532,30.49,29.35
369,30.49,29.35
538,30.49,29.35
122,30.49,29.35
699,30.49,29.35
579,30.49,29.35
211,30.49,29.35
679,30.49,29.35
602,30.49,29.35
