309,31.83,30.51
876,31.83,30.51
120,31.83,30.51
233,31.83,30.51
697,31.83,30.51
504,31.83,30.51
210,31.83,30.51
878,31.83,30.51
703,31.83,30.51
550,31.83,30.51
824,31.83,30.51
407,31.83,30.51
879,31.83,30.51
501,31.83,30.51
520,31.83,30.51
367,31.83,30.51
350,31.83,30.51
869,31.83,30.51
879,31.83,30.51
168,31.83,30.51
877,31.83,30.51
345,31.83,30.51
651,31.83,30.51
327,31.81,30.51
476,31.81,30.51
731,31.81,30.51
643,31.81,30.51
698,31.81,30.51
261,31.81,30.51
860,31.81,30.51
139,31.81,30.51
880,31.81,30.51
310,31.81,30.51
536,31.81,30.51
687,31.81,30.51
566,31.81,30.51
252,31.81,30.51
541,31.81,30.51
160,31.81,30.51
629,31.81,30.51
266,31.81,30.51
429,31.81,30.51
744,31.81,30.51
307,31.81,30.51
495,31.81,30.51
147,31.81,30.51
805,31.81,30.57
118,31.81,30.57
636,31.81,30.57
130,31.81,30.57
770,31.81,30.57
236,31.81,30.57
205,31.81,30.57
553,31.81,30.57
367,31.81,30.57
605,31.81,30.57
547,31.81,30.57
365,31.81,30.57
460,31.81,30.57
469,31.81,30.57
524,31.81,30.57
469,31.81,30.57
337,31.81,30.57
727,31.81,30.57
473,31.81,30.57
550,31.81,30.57
418,31.81,30.57
277,31.81,30.57
629,31.81,30.57
410,31.81,30.57
516,31.81,30.57
207,31.81,30.57
703,31.81,30.57
395,31.81,30.57
554,31.81,30.57
433,31.81,30.57
273,31.81,30.57
688,31.81,30.57
326,31.81,30.57
581,31.81,30.57
483,31.81,30.57
624,31.81,30.57
639,31.83,30.57
557,31.83,30.57
686,31.83,30.57
369,31.83,30.57
398,31.83,30.57
501,31.83,30.57
372,31.83,30.57
603,31.83,30.57
585,31.83,30.57
363,31.83,30.57
796,31.83,30.57
302,31.83,30.57
791,31.83,30.57
505,31.83,30.57
746,31.83,30.57
447,31.83,30.57
773,31.83,30.57
418,31.83,30.57
656,31.83,30.57
538,31.83,30.57
679,31.83,30.57
492,31.83,30.57
450,31.83,30.57
331,31.83,30.57
388,31.83,30.81
649,31.83,30.81
453,31.83,30.81
431,31.83,30.81
410,31.83,30.81
819,31.83,30.81
563,31.83,30.81
625,31.83,30.81
543,31.83,30.81
751,31.83,30.81
125,31.83,30.81
425,31.83,30.81
594,31.83,30.81
401,31.83,30.81
471,31.83,30.81
323,31.83,30.81
666,31.83,30.81
294,31.83,30.81
512,31.83,30.81
321,31.83,30.81
421,31.83,30.81
362,31.83,30.81
383,31.83,30.81
168,31.83,30.81
656,31.83,30.81
211,31.83,30.81
574,31.83,30.81
386,31.83,30.81
359,31.83,30.81
718,31.83,30.81
262,31.83,30.81
516,31.83,30.81
439,31.83,30.81
860,31.83,30.81
300,31.83,30.81
543,31.83,30.81
439,31.81,30.81
759,31.81,30.81
606,31.81,30.81
513,31.81,30.81
567,31.81,30.81
580,31.81,30.81
536,31.81,30.81
760,31.81,30.81
584,31.81,30.81
375,31.81,30.81
557,31.81,30.81
287,31.81,30.81
810,31.81,30.81
365,31.81,30.81
655,31.81,30.81
533,31.81,30.81
569,31.81,30.81
522,31.81,30.81
470,31.81,30.81
706,31.81,30.81
587,31.81,30.81
703,31.81,30.81
552,31.81,30.81
557,31.81,30.65
721,31.81,30.65
467,31.81,30.65
426,31.81,30.65
654,31.81,30.65
500,31.81,30.65
826,31.81,30.65
382,31.81,30.65
772,31.81,30.65
539,31.81,30.65
322,31.81,30.65
391,31.81,30.65
453,31.81,30.65
610,31.81,30.65
424,31.81,30.65
631,31.81,30.65
362,31.81,30.65
559,31.81,30.65
407,31.81,30.65
571,31.81,30.65
443,31.81,30.65
306,31.81,30.65
428,31.81,30.65
449,31.81,30.65
174,31.81,30.65
698,31.81,30.65
510,31.81,30.65
344,31.81,30.65
530,31.81,30.65
361,31.81,30.65
686,31.81,30.65
380,31.81,30.65
463,31.81,30.65
289,31.81,30.65
525,31.81,30.65
299,31.81,30.65
278,31.83,30.65
700,31.83,30.65
451,31.83,30.65
405,31.83,30.65
455,31.83,30.65
302,31.83,30.65
419,31.83,30.65
624,31.83,30.65
577,31.83,30.65
425,31.83,30.65
462,31.83,30.65
477,31.83,30.65
439,31.83,30.65
557,31.83,30.65
335,31.83,30.65
536,31.83,30.65
657,31.83,30.65
383,31.83,30.65
357,31.83,30.65
464,31.83,30.65
564,31.83,30.65
362,31.83,30.65
441,31.83,30.65
365,31.83,30.65
541,31.83,30.71
599,31.83,30.71
506,31.83,30.71
476,31.83,30.71
365,31.83,30.71
635,31.83,30.71
391,31.83,30.71
432,31.83,30.71
461,31.83,30.71
667,31.83,30.71
278,31.83,30.71
647,31.83,30.71
126,31.83,30.71
610,31.83,30.71
387,31.83,30.71
613,31.83,30.71
290,31.83,30.71
382,31.83,30.71
464,31.83,30.71
628,31.83,30.71
880,31.83,30.71
581,31.83,30.71
683,31.83,30.71
713,31.83,30.71
646,31.83,30.71
554,31.83,30.71
768,31.83,30.71
513,31.83,30.71
878,31.83,30.71
422,31.83,30.71
798,31.83,30.71
659,31.83,30.71
668,31.83,30.71
205,31.83,30.71
683,31.83,30.71
497,31.83,30.71
328,31.83,30.71
593,31.83,30.71
225,31.83,30.71
681,31.83,30.71
269,31.83,30.71
665,31.83,30.71
600,31.83,30.71
591,31.83,30.71
461,31.83,30.71
817,31.83,30.71
395,31.83,30.71
455,31.83,30.71
381,31.83,30.71
414,31.83,30.71
474,31.83,30.71
257,31.83,30.71
704,31.83,30.71
432,31.83,30.71
404,31.83,30.71
483,31.83,30.71
646,31.83,30.71
552,31.83,30.71
581,31.83,30.71
432,31.83,30.59
613,31.83,30.59
537,31.83,30.59
333,31.83,30.59
628,31.83,30.59
304,31.83,30.59
342,31.83,30.59
556,31.83,30.59
487,31.83,30.59
555,31.83,30.59
574,31.83,30.59
836,31.83,30.59
337,31.83,30.59
301,31.83,30.59
823,31.83,30.59
339,31.83,30.59
454,31.83,30.59
387,31.83,30.59
149,31.83,30.59
432,31.83,30.59
118,31.83,30.59
741,31.83,30.59
426,31.83,30.59
601,31.83,30.59
231,31.83,30.59
285,31.83,30.59
800,31.83,30.59
122,31.83,30.59
624,31.83,30.59
638,31.83,30.59
502,31.83,30.59
561,31.83,30.59
556,31.83,30.59
617,31.83,30.59
396,31.83,30.59
452,31.83,30.59
511,31.85,30.59
285,31.85,30.59
730,31.85,30.59
352,31.85,30.59
569,31.85,30.59
591,31.85,30.59
255,31.85,30.59
688,31.85,30.59
399,31.85,30.59
523,31.85,30.59
465,31.85,30.59
572,31.85,30.59
126,31.85,30.59
629,31.85,30.59
616,31.85,30.59
422,31.85,30.59
819,31.85,30.59
665,31.85,30.59
431,31.85,30.59
760,31.85,30.59
633,31.85,30.59
570,31.85,30.59
623,31.85,30.59
552,31.85,30.59
572,31.85,30.65
288,31.85,30.65
807,31.85,30.65
415,31.85,30.65
658,31.85,30.65
184,31.85,30.65
525,31.85,30.65
537,31.85,30.65
319,31.85,30.65
672,31.85,30.65
556,31.85,30.65
458,31.85,30.65
335,31.85,30.65
524,31.85,30.65
476,31.85,30.65
388,31.85,30.65
383,31.85,30.65
681,31.85,30.65
333,31.85,30.65
350,31.85,30.65
410,31.85,30.65
500,31.85,30.65
615,31.85,30.65
603,31.85,30.65
506,31.85,30.65
391,31.85,30.65
879,31.85,30.65
324,31.85,30.65
674,31.85,30.65
130,31.85,30.65
636,31.85,30.65
356,31.85,30.65
465,31.85,30.65
628,31.85,30.65
682,31.85,30.65
356,31.85,30.65
448,31.79,30.65
643,31.79,30.65
540,31.79,30.65
552,31.79,30.65
439,31.79,30.65
631,31.79,30.65
235,31.79,30.65
452,31.79,30.65
291,31.79,30.65
584,31.79,30.65
122,31.79,30.65
637,31.79,30.65
373,31.79,30.65
372,31.79,30.65
569,31.79,30.65
544,31.79,30.65
879,31.79,30.65
308,31.79,30.65
657,31.79,30.65
501,31.79,30.65
784,31.79,30.65
311,31.79,30.65
486,31.79,30.65
363,31.79,30.33
513,31.79,30.33
243,31.79,30.33
667,31.79,30.33
125,31.79,30.33
481,31.79,30.33
796,31.79,30.33
401,31.79,30.33
710,31.79,30.33
356,31.79,30.33
593,31.79,30.33
264,31.79,30.33
527,31.79,30.33
514,31.79,30.33
663,31.79,30.33
