654,30.11,28.69
218,30.11,28.69
351,30.11,28.69
178,30.11,28.69
769,30.11,28.69
570,30.11,28.69
686,30.11,28.69
533,30.11,28.69
467,30.11,28.69
662,30.11,28.69
271,30.11,28.69
472,30.11,28.69
123,30.11,28.69
708,30.11,28.69
308,30.11,28.69
612,30.11,28.69
266,30.11,28.69
804,30.11,28.69
312,30.11,28.69
549,30.11,28.69
775,30.11,28.69
499,30.11,28.69
227,30.11,28.69
794,30.11,28.69
220,30.11,28.69
673,30.11,28.69
497,30.11,28.69
427,30.11,28.69
399,30.11,28.69
386,30.11,28.69
669,30.11,28.69
128,30.17,28.69
619,30.17,28.69
119,30.17,28.69
865,30.17,28.69
271,30.17,28.69
330,30.17,28.69
811,30.17,28.69
226,30.17,28.69
311,30.17,28.69
444,30.17,28.69
350,30.17,28.69
471,30.17,28.69
332,30.17,28.69
418,30.17,28.69
642,30.17,28.69
122,30.17,28.69
727,30.17,28.69
303,30.17,28.69
733,30.17,28.69
197,30.17,28.69
487,30.17,28.69
305,30.17,28.69
304,30.17,28.69
640,30.17,28.69
593,30.17,28.89
837,30.17,28.89
198,30.17,28.89
833,30.17,28.89
476,30.17,28.89
443,30.17,28.89
696,30.17,28.89
772,30.17,28.89
376,30.17,28.89
597,30.17,28.89
305,30.17,28.89
850,30.17,28.89
398,30.17,28.89
567,30.17,28.89
649,30.17,28.89
467,30.17,28.89
656,30.17,28.89
272,30.17,28.89
878,30.17,28.89
268,30.17,28.89
872,30.17,28.89
605,30.17,28.89
555,30.17,28.89
422,30.17,28.89
650,30.17,28.89
584,30.17,28.89
270,30.17,28.89
590,30.17,28.89
386,30.17,28.89
576,30.17,28.89
629,30.17,28.89
483,30.17,28.89
568,30.17,28.89
509,30.17,28.89
121,30.17,28.89
802,30.17,28.89
496,30.13,28.89
616,30.13,28.89
704,30.13,28.89
575,30.13,28.89
613,30.13,28.89
363,30.13,28.89
867,30.13,28.89
121,30.13,28.89
628,30.13,28.89
255,30.13,28.89
557,30.13,28.89
286,30.13,28.89
303,30.13,28.89
290,30.13,28.89
681,30.13,28.89
121,30.13,28.89
728,30.13,28.89
392,30.13,28.89
469,30.13,28.89
653,30.13,28.89
172,30.13,28.89
791,30.13,28.89
122,30.13,28.89
709,30.13,29.09
335,30.13,29.09
262,30.13,29.09
245,30.13,29.09
604,30.13,29.09
394,30.13,29.09
314,30.13,29.09
680,30.13,29.09
235,30.13,29.09
550,30.13,29.09
123,30.13,29.09
610,30.13,29.09
286,30.13,29.09
484,30.13,29.09
538,30.13,29.09
777,30.13,29.09
342,30.13,29.09
696,30.13,29.09
514,30.13,29.09
491,30.13,29.09
557,30.13,29.09
516,30.13,29.09
668,30.13,29.09
263,30.13,29.09
873,30.13,29.09
215,30.13,29.09
585,30.13,29.09
669,30.13,29.09
643,30.13,29.09
479,30.13,29.09
536,30.13,29.09
682,30.13,29.09
476,30.13,29.09
624,30.13,29.09
119,30.13,29.09
703,30.13,29.09
381,30.11,29.09
504,30.11,29.09
468,30.11,29.09
624,30.11,29.09
274,30.11,29.09
439,30.11,29.09
507,30.11,29.09
766,30.11,29.09
512,30.11,29.09
582,30.11,29.09
701,30.11,29.09
578,30.11,29.09
478,30.11,29.09
420,30.11,29.09
728,30.11,29.09
119,30.11,29.09
692,30.11,29.09
475,30.11,29.09
538,30.11,29.09
550,30.11,29.09
508,30.11,29.09
752,30.11,29.09
354,30.11,29.09
649,30.11,29.09
536,30.11,28.95
582,30.11,28.95
520,30.11,28.95
755,30.11,28.95
367,30.11,28.95
500,30.11,28.95
500,30.11,28.95
876,30.11,28.95
478,30.11,28.95
784,30.11,28.95
557,30.11,28.95
449,30.11,28.95
649,30.11,28.95
320,30.11,28.95
699,30.11,28.95
185,30.11,28.95
649,30.11,28.95
553,30.11,28.95
462,30.11,28.95
396,30.11,28.95
803,30.11,28.95
597,30.11,28.95
394,30.11,28.95
603,30.11,28.95
749,30.11,28.95
335,30.11,28.95
473,30.11,28.95
593,30.11,28.95
208,30.11,28.95
782,30.11,28.95
207,30.11,28.95
782,30.11,28.95
568,30.11,28.95
353,30.11,28.95
561,30.11,28.95
702,30.11,28.95
356,30.13,28.95
472,30.13,28.95
754,30.13,28.95
204,30.13,28.95
589,30.13,28.95
135,30.13,28.95
776,30.13,28.95
377,30.13,28.95
633,30.13,28.95
427,30.13,28.95
542,30.13,28.95
354,30.13,28.95
376,30.13,28.95
576,30.13,28.95
129,30.13,28.95
800,30.13,28.95
209,30.13,28.95
811,30.13,28.95
166,30.13,28.95
845,30.13,28.95
337,30.13,28.95
599,30.13,28.95
349,30.13,28.95
595,30.13,28.91
258,30.13,28.91
491,30.13,28.91
601,30.13,28.91
290,30.13,28.91
600,30.13,28.91
441,30.13,28.91
329,30.13,28.91
366,30.13,28.91
557,30.13,28.91
364,30.13,28.91
678,30.13,28.91
236,30.13,28.91
556,30.13,28.91
321,30.13,28.91
634,30.13,28.91
182,30.13,28.91
549,30.13,28.91
483,30.13,28.91
488,30.13,28.91
683,30.13,28.91
212,30.13,28.91
846,30.13,28.91
469,30.13,28.91
803,30.13,28.91
533,30.13,28.91
675,30.13,28.91
488,30.13,28.91
638,30.13,28.91
580,30.13,28.91
523,30.13,28.91
655,30.13,28.91
688,30.13,28.91
611,30.13,28.91
701,30.13,28.91
744,30.13,28.91
381,30.09,28.91
711,30.09,28.91
190,30.09,28.91
838,30.09,28.91
170,30.09,28.91
572,30.09,28.91
380,30.09,28.91
510,30.09,28.91
491,30.09,28.91
453,30.09,28.91
811,30.09,28.91
291,30.09,28.91
879,30.09,28.91
209,30.09,28.91
645,30.09,28.91
538,30.09,28.91
692,30.09,28.91
421,30.09,28.91
780,30.09,28.91
601,30.09,28.91
704,30.09,28.91
414,30.09,28.91
392,30.09,28.91
862,30.09,28.91
245,30.09,28.83
517,30.09,28.83
524,30.09,28.83
834,30.09,28.83
190,30.09,28.83
877,30.09,28.83
519,30.09,28.83
487,30.09,28.83
692,30.09,28.83
543,30.09,28.83
708,30.09,28.83
441,30.09,28.83
674,30.09,28.83
465,30.09,28.83
683,30.09,28.83
496,30.09,28.83
570,30.09,28.83
825,30.09,28.83
340,30.09,28.83
337,30.09,28.83
503,30.09,28.83
476,30.09,28.83
423,30.09,28.83
827,30.09,28.83
400,30.09,28.83
687,30.09,28.83
328,30.09,28.83
622,30.09,28.83
477,30.09,28.83
322,30.09,28.83
548,30.09,28.83
504,30.09,28.83
562,30.09,28.83
155,30.09,28.83
750,30.09,28.83
229,30.09,28.83
769,30.13,28.83
355,30.13,28.83
718,30.13,28.83
686,30.13,28.83
221,30.13,28.83
491,30.13,28.83
545,30.13,28.83
190,30.13,28.83
307,30.13,28.83
360,30.13,28.83
397,30.13,28.83
631,30.13,28.83
197,30.13,28.83
744,30.13,28.83
400,30.13,28.83
577,30.13,28.83
509,30.13,28.83
763,30.13,28.83
120,30.13,28.83
773,30.13,28.83
462,30.13,28.83
396,30.13,28.83
459,30.13,28.83
251,30.13,28.83
484,30.13,28.77
119,30.13,28.77
494,30.13,28.77
486,30.13,28.77
606,30.13,28.77
352,30.13,28.77
586,30.13,28.77
298,30.13,28.77
749,30.13,28.77
478,30.13,28.77
550,30.13,28.77
421,30.13,28.77
864,30.13,28.77
558,30.13,28.77
627,30.13,28.77
723,30.13,28.77
459,30.13,28.77
841,30.13,28.77
388,30.13,28.77
834,30.13,28.77
283,30.13,28.77
542,30.13,28.77
709,30.13,28.77
788,30.13,28.77
536,30.13,28.77
320,30.13,28.77
780,30.13,28.77
728,30.13,28.77
699,30.13,28.77
520,30.13,28.77
701,30.13,28.77
520,30.13,28.77
623,30.13,28.77
338,30.13,28.77
756,30.13,28.77
185,30.13,28.77
878,30.09,28.77
295,30.09,28.77
503,30.09,28.77
580,30.09,28.77
499,30.09,28.77
878,30.09,28.77
249,30.09,28.77
742,30.09,28.77
349,30.09,28.77
765,30.09,28.77
667,30.09,28.77
591,30.09,28.77
636,30.09,28.77
651,30.09,28.77
119,30.09,28.77
697,30.09,28.77
198,30.09,28.77
419,30.09,28.77
765,30.09,28.77
506,30.09,28.77
120,30.09,28.77
655,30.09,28.77
870,30.09,28.77
298,30.09,28.79
745,30.09,28.79
433,30.09,28.79
427,30.09,28.79
282,30.09,28.79
414,30.09,28.79
524,30.09,28.79
