506,30.87,29.59
748,30.87,29.59
183,30.87,29.59
202,30.87,29.59
635,30.87,29.59
323,30.87,29.59
809,30.87,29.59
399,30.87,29.59
547,30.87,29.59
354,30.87,29.59
877,30.87,29.59
462,30.87,29.59
693,30.87,29.59
430,30.87,29.63
310,30.87,29.63
515,30.87,29.63
292,30.87,29.63
682,30.87,29.63
409,30.87,29.63
680,30.87,29.63
725,30.87,29.63
624,30.87,29.63
614,30.87,29.63
829,30.87,29.63
486,30.87,29.63
749,30.87,29.63
260,30.87,29.63
794,30.87,29.63
638,30.87,29.63
730,30.87,29.63
475,30.87,29.63
580,30.87,29.63
619,30.87,29.63
171,30.87,29.63
878,30.87,29.63
678,30.87,29.63
699,30.87,29.63
670,30.87,29.63
513,30.87,29.63
611,30.87,29.63
740,30.87,29.63
438,30.87,29.63
604,30.87,29.63
295,30.87,29.63
547,30.87,29.63
359,30.87,29.63
521,30.87,29.63
498,30.87,29.63
238,30.87,29.63
775,30.89,29.63
218,30.89,29.63
701,30.89,29.63
268,30.89,29.63
753,30.89,29.63
319,30.89,29.63
578,30.89,29.63
605,30.89,29.63
120,30.89,29.63
662,30.89,29.63
360,30.89,29.63
549,30.89,29.63
430,30.89,29.63
470,30.89,29.63
387,30.89,29.63
576,30.89,29.63
341,30.89,29.63
878,30.89,29.63
120,30.89,29.63
538,30.89,29.63
346,30.89,29.63
652,30.89,29.63
519,30.89,29.63
121,30.89,29.65
708,30.89,29.65
120,30.89,29.65
567,30.89,29.65
154,30.89,29.65
854,30.89,29.65
139,30.89,29.65
604,30.89,29.65
586,30.89,29.65
132,30.89,29.65
377,30.89,29.65
639,30.89,29.65
472,30.89,29.65
700,30.89,29.65
120,30.89,29.65
636,30.89,29.65
608,30.89,29.65
386,30.89,29.65
635,30.89,29.65
239,30.89,29.65
459,30.89,29.65
454,30.89,29.65
759,30.89,29.65
250,30.89,29.65
534,30.89,29.65
794,30.89,29.65
368,30.89,29.65
797,30.89,29.65
122,30.89,29.65
778,30.89,29.65
710,30.89,29.65
554,30.89,29.65
723,30.89,29.65
332,30.89,29.65
394,30.89,29.65
837,30.89,29.65
686,30.89,29.65
635,30.89,29.65
411,30.89,29.65
808,30.89,29.65
361,30.89,29.65
412,30.89,29.65
666,30.89,29.65
147,30.89,29.65
859,30.89,29.65
136,30.89,29.65
804,30.89,29.65
587,30.89,29.65
484,30.89,29.65
648,30.89,29.65
671,30.89,29.65
529,30.89,29.65
120,30.89,29.65
805,30.89,29.65
704,30.89,29.65
580,30.89,29.65
677,30.89,29.65
121,30.89,29.65
472,30.89,29.65
774,30.89,29.65
472,30.89,29.51
854,30.89,29.51
351,30.89,29.51
741,30.89,29.51
743,30.89,29.51
830,30.89,29.51
689,30.89,29.51
120,30.89,29.51
578,30.89,29.51
123,30.89,29.51
622,30.89,29.51
123,30.89,29.51
875,30.89,29.51
848,30.89,29.51
749,30.89,29.51
765,30.89,29.51
122,30.89,29.51
667,30.89,29.51
612,30.89,29.51
521,30.89,29.51
643,30.89,29.51
172,30.89,29.51
398,30.89,29.51
877,30.89,29.51
329,30.89,29.51
878,30.89,29.51
330,30.89,29.51
626,30.89,29.51
438,30.89,29.51
558,30.89,29.51
543,30.89,29.51
379,30.89,29.51
695,30.89,29.51
118,30.89,29.51
579,30.89,29.51
328,30.89,29.51
548,30.89,29.51
189,30.89,29.51
770,30.89,29.51
267,30.89,29.51
620,30.89,29.51
353,30.89,29.51
473,30.89,29.51
478,30.89,29.51
144,30.89,29.51
668,30.89,29.51
430,30.89,29.51
540,30.89,29.51
213,30.89,29.51
877,30.89,29.51
119,30.89,29.51
635,30.89,29.51
475,30.89,29.51
770,30.89,29.51
838,30.89,29.51
811,30.89,29.51
384,30.89,29.51
514,30.89,29.51
265,30.89,29.51
421,30.89,29.63
807,30.89,29.63
164,30.89,29.63
534,30.89,29.63
607,30.89,29.63
812,30.89,29.63
351,30.89,29.63
700,30.89,29.63
245,30.89,29.63
511,30.89,29.63
119,30.89,29.63
737,30.89,29.63
566,30.89,29.63
263,30.89,29.63
729,30.89,29.63
492,30.89,29.63
757,30.89,29.63
397,30.89,29.63
656,30.89,29.63
254,30.89,29.63
609,30.89,29.63
308,30.89,29.63
728,30.89,29.63
677,30.89,29.63
529,30.89,29.63
781,30.89,29.63
550,30.89,29.63
423,30.89,29.63
686,30.89,29.63
593,30.89,29.63
325,30.89,29.63
696,30.89,29.63
556,30.89,29.63
627,30.89,29.63
371,30.89,29.63
845,30.89,29.63
566,30.87,29.63
488,30.87,29.63
727,30.87,29.63
382,30.87,29.63
568,30.87,29.63
118,30.87,29.63
691,30.87,29.63
398,30.87,29.63
724,30.87,29.63
294,30.87,29.63
527,30.87,29.63
658,30.87,29.63
549,30.87,29.63
479,30.87,29.63
598,30.87,29.63
497,30.87,29.63
568,30.87,29.63
546,30.87,29.63
596,30.87,29.63
650,30.87,29.63
223,30.87,29.63
639,30.87,29.63
248,30.87,29.63
724,30.87,29.63
366,30.87,29.71
575,30.87,29.71
243,30.87,29.71
545,30.87,29.71
534,30.87,29.71
265,30.87,29.71
582,30.87,29.71
472,30.87,29.71
555,30.87,29.71
118,30.87,29.71
595,30.87,29.71
553,30.87,29.71
481,30.87,29.71
260,30.87,29.71
612,30.87,29.71
134,30.87,29.71
586,30.87,29.71
376,30.87,29.71
357,30.87,29.71
582,30.87,29.71
269,30.87,29.71
692,30.87,29.71
273,30.87,29.71
772,30.87,29.71
323,30.87,29.71
749,30.87,29.71
166,30.87,29.71
509,30.87,29.71
573,30.87,29.71
437,30.87,29.71
645,30.87,29.71
314,30.87,29.71
599,30.87,29.71
326,30.87,29.71
722,30.87,29.71
622,30.87,29.71
668,30.89,29.71
315,30.89,29.71
816,30.89,29.71
217,30.89,29.71
735,30.89,29.71
405,30.89,29.71
712,30.89,29.71
293,30.89,29.71
595,30.89,29.71
726,30.89,29.71
501,30.89,29.71
533,30.89,29.71
333,30.89,29.71
861,30.89,29.71
168,30.89,29.71
598,30.89,29.71
464,30.89,29.71
323,30.89,29.71
442,30.89,29.71
340,30.89,29.71
879,30.89,29.71
443,30.89,29.71
561,30.89,29.71
878,30.89,29.63
740,30.89,29.63
616,30.89,29.63
781,30.89,29.63
289,30.89,29.63
565,30.89,29.63
406,30.89,29.63
699,30.89,29.63
630,30.89,29.63
384,30.89,29.63
575,30.89,29.63
679,30.89,29.63
645,30.89,29.63
311,30.89,29.63
647,30.89,29.63
498,30.89,29.63
842,30.89,29.63
339,30.89,29.63
438,30.89,29.63
611,30.89,29.63
525,30.89,29.63
699,30.89,29.63
536,30.89,29.63
251,30.89,29.63
558,30.89,29.63
521,30.89,29.63
215,30.89,29.63
829,30.89,29.63
419,30.89,29.63
574,30.89,29.63
269,30.89,29.63
879,30.89,29.63
239,30.89,29.63
629,30.89,29.63
351,30.89,29.63
717,30.89,29.63
456,30.87,29.63
365,30.87,29.63
624,30.87,29.63
301,30.87,29.63
581,30.87,29.63
118,30.87,29.63
674,30.87,29.63
281,30.87,29.63
196,30.87,29.63
731,30.87,29.63
651,30.87,29.63
250,30.87,29.63
679,30.87,29.63
741,30.87,29.63
504,30.87,29.63
820,30.87,29.63
361,30.87,29.63
674,30.87,29.63
139,30.87,29.63
684,30.87,29.63
118,30.87,29.63
780,30.87,29.63
215,30.87,29.63
587,30.87,29.63
538,30.87,29.59
481,30.87,29.59
642,30.87,29.59
554,30.87,29.59
650,30.87,29.59
333,30.87,29.59
591,30.87,29.59
555,30.87,29.59
409,30.87,29.59
441,30.87,29.59
645,30.87,29.59
120,30.87,29.59
840,30.87,29.59
389,30.87,29.59
748,30.87,29.59
538,30.87,29.59
489,30.87,29.59
217,30.87,29.59
427,30.87,29.59
650,30.87,29.59
337,30.87,29.59
878,30.87,29.59
376,30.87,29.59
523,30.87,29.59
457,30.87,29.59
335,30.87,29.59
555,30.87,29.59
532,30.87,29.59
566,30.87,29.59
307,30.87,29.59
492,30.87,29.59
442,30.87,29.59
364,30.87,29.59
486,30.87,29.59
710,30.87,29.59
190,30.87,29.59
859,30.89,29.59
459,30.89,29.59
879,30.89,29.59
484,30.89,29.59
877,30.89,29.59
542,30.89,29.59
803,30.89,29.59
650,30.89,29.59
391,30.89,29.59
877,30.89,29.59
314,30.89,29.59
880,30.89,29.59
341,30.89,29.59
