579,31.69,30.57
567,31.69,30.33
311,31.69,30.33
395,31.69,30.33
478,31.69,30.33
717,31.69,30.33
696,31.69,30.33
323,31.69,30.33
726,31.69,30.33
527,31.69,30.33
251,31.69,30.33
445,31.69,30.33
564,31.69,30.33
453,31.69,30.33
244,31.69,30.33
509,31.69,30.33
683,31.69,30.33
464,31.69,30.33
374,31.69,30.33
641,31.69,30.33
323,31.69,30.33
500,31.69,30.33
161,31.69,30.33
879,31.69,30.33
310,31.69,30.33
527,31.69,30.33
453,31.69,30.33
385,31.69,30.33
420,31.69,30.33
578,31.69,30.33
879,31.69,30.33
347,31.69,30.33
452,31.69,30.33
630,31.69,30.33
379,31.69,30.33
455,31.69,30.33
649,31.69,30.33
494,31.69,30.33
825,31.69,30.33
467,31.69,30.33
878,31.69,30.33
346,31.69,30.33
748,31.69,30.33
421,31.69,30.33
334,31.69,30.33
582,31.69,30.33
231,31.69,30.33
879,31.69,30.33
373,31.69,30.33
507,31.69,30.33
473,31.69,30.33
555,31.69,30.33
471,31.69,30.33
702,31.69,30.33
543,31.69,30.33
591,31.69,30.33
588,31.69,30.33
656,31.69,30.33
584,31.69,30.33
556,31.69,30.33
591,31.69,30.33
327,31.69,30.45
686,31.69,30.45
218,31.69,30.45
843,31.69,30.45
471,31.69,30.45
793,31.69,30.45
492,31.69,30.45
795,31.69,30.45
522,31.69,30.45
566,31.69,30.45
424,31.69,30.45
477,31.69,30.45
680,31.69,30.45
519,31.69,30.45
603,31.69,30.45
242,31.69,30.45
750,31.69,30.45
533,31.69,30.45
604,31.69,30.45
498,31.69,30.45
394,31.69,30.45
339,31.69,30.45
745,31.69,30.45
429,31.69,30.45
472,31.69,30.45
541,31.69,30.45
460,31.69,30.45
431,31.69,30.45
339,31.69,30.45
444,31.69,30.45
399,31.69,30.45
621,31.69,30.45
224,31.69,30.45
394,31.69,30.45
537,31.69,30.45
359,31.69,30.45
701,31.71,30.45
477,31.71,30.45
355,31.71,30.45
636,31.71,30.45
330,31.71,30.45
563,31.71,30.45
253,31.71,30.45
345,31.71,30.45
526,31.71,30.45
174,31.71,30.45
617,31.71,30.45
408,31.71,30.45
122,31.71,30.45
667,31.71,30.45
372,31.71,30.45
778,31.71,30.45
476,31.71,30.45
772,31.71,30.45
443,31.71,30.45
667,31.71,30.45
429,31.71,30.45
294,31.71,30.45
661,31.71,30.45
508,31.71,30.23
501,31.71,30.23
477,31.71,30.23
276,31.71,30.23
845,31.71,30.23
372,31.71,30.23
486,31.71,30.23
605,31.71,30.23
303,31.71,30.23
879,31.71,30.23
371,31.71,30.23
725,31.71,30.23
679,31.71,30.23
736,31.71,30.23
654,31.71,30.23
338,31.71,30.23
452,31.71,30.23
526,31.71,30.23
681,31.71,30.23
491,31.71,30.23
417,31.71,30.23
647,31.71,30.23
412,31.71,30.23
601,31.71,30.23
557,31.71,30.23
120,31.71,30.23
682,31.71,30.23
347,31.71,30.23
846,31.71,30.23
120,31.71,30.23
848,31.71,30.23
657,31.71,30.23
359,31.71,30.23
546,31.71,30.23
382,31.71,30.23
466,31.71,30.23
423,31.69,30.23
332,31.69,30.23
583,31.69,30.23
388,31.69,30.23
437,31.69,30.23
706,31.69,30.23
395,31.69,30.23
559,31.69,30.23
391,31.69,30.23
843,31.69,30.23
125,31.69,30.23
633,31.69,30.23
280,31.69,30.23
414,31.69,30.23
409,31.69,30.23
437,31.69,30.23
527,31.69,30.23
181,31.69,30.23
357,31.69,30.23
366,31.69,30.23
469,31.69,30.23
191,31.69,30.23
444,31.69,30.23
500,31.69,30.23
576,31.69,30.59
437,31.69,30.59
428,31.69,30.59
362,31.69,30.59
549,31.69,30.59
142,31.69,30.59
331,31.69,30.59
524,31.69,30.59
341,31.69,30.59
749,31.69,30.59
466,31.69,30.59
657,31.69,30.59
209,31.69,30.59
453,31.69,30.59
360,31.69,30.59
347,31.69,30.59
531,31.69,30.59
356,31.69,30.59
337,31.69,30.59
496,31.69,30.59
546,31.69,30.59
589,31.69,30.59
635,31.69,30.59
493,31.69,30.59
733,31.69,30.59
529,31.69,30.59
496,31.69,30.59
269,31.69,30.59
732,31.69,30.59
458,31.69,30.59
645,31.69,30.59
582,31.69,30.59
617,31.69,30.59
625,31.69,30.59
253,31.69,30.59
804,31.69,30.59
314,31.69,30.59
722,31.69,30.59
713,31.69,30.59
552,31.69,30.59
484,31.69,30.59
747,31.69,30.59
485,31.69,30.59
512,31.69,30.59
607,31.69,30.59
312,31.69,30.59
539,31.69,30.59
497,31.69,30.59
604,31.69,30.59
516,31.69,30.59
500,31.69,30.59
389,31.69,30.59
809,31.69,30.59
497,31.69,30.59
590,31.69,30.59
780,31.69,30.59
471,31.69,30.59
878,31.69,30.59
321,31.69,30.59
776,31.69,30.47
489,31.69,30.47
544,31.69,30.47
375,31.69,30.47
446,31.69,30.47
343,31.69,30.47
573,31.69,30.47
502,31.69,30.47
703,31.69,30.47
693,31.69,30.47
465,31.69,30.47
644,31.69,30.47
385,31.69,30.47
636,31.69,30.47
356,31.69,30.47
696,31.69,30.47
276,31.69,30.47
704,31.69,30.47
123,31.69,30.47
826,31.69,30.47
423,31.69,30.47
621,31.69,30.47
574,31.69,30.47
331,31.69,30.47
785,31.69,30.47
163,31.69,30.47
707,31.69,30.47
579,31.69,30.47
339,31.69,30.47
521,31.69,30.47
622,31.69,30.47
494,31.69,30.47
377,31.69,30.47
568,31.69,30.47
559,31.69,30.47
360,31.69,30.47
382,31.69,30.47
466,31.69,30.47
427,31.69,30.47
291,31.69,30.47
120,31.69,30.47
865,31.69,30.47
225,31.69,30.47
657,31.69,30.47
471,31.69,30.47
564,31.69,30.47
354,31.69,30.47
509,31.69,30.47
705,31.69,30.47
238,31.69,30.47
353,31.69,30.47
329,31.69,30.47
531,31.69,30.47
147,31.69,30.47
470,31.69,30.47
422,31.69,30.47
571,31.69,30.47
603,31.69,30.47
582,31.69,30.47
394,31.69,30.47
447,31.69,30.43
526,31.69,30.43
525,31.69,30.43
379,31.69,30.43
222,31.69,30.43
531,31.69,30.43
400,31.69,30.43
595,31.69,30.43
369,31.69,30.43
419,31.69,30.43
223,31.69,30.43
553,31.69,30.43
667,31.69,30.43
335,31.69,30.43
425,31.69,30.43
481,31.69,30.43
538,31.69,30.43
504,31.69,30.43
482,31.69,30.43
708,31.69,30.43
648,31.69,30.43
580,31.69,30.43
503,31.69,30.43
469,31.69,30.43
681,31.69,30.43
499,31.69,30.43
702,31.69,30.43
434,31.69,30.43
498,31.69,30.43
562,31.69,30.43
353,31.69,30.43
692,31.69,30.43
553,31.69,30.43
270,31.69,30.43
585,31.69,30.43
394,31.69,30.43
863,31.65,30.43
757,31.65,30.43
779,31.65,30.43
612,31.65,30.43
511,31.65,30.43
581,31.65,30.43
442,31.65,30.43
668,31.65,30.43
595,31.65,30.43
372,31.65,30.43
527,31.65,30.43
427,31.65,30.43
879,31.65,30.43
338,31.65,30.43
278,31.65,30.43
552,31.65,30.43
202,31.65,30.43
725,31.65,30.43
489,31.65,30.43
691,31.65,30.43
356,31.65,30.43
514,31.65,30.43
119,31.65,30.43
513,31.65,30.59
232,31.65,30.59
547,31.65,30.59
174,31.65,30.59
555,31.65,30.59
461,31.65,30.59
527,31.65,30.59
362,31.65,30.59
520,31.65,30.59
544,31.65,30.59
388,31.65,30.59
672,31.65,30.59
120,31.65,30.59
759,31.65,30.59
119,31.65,30.59
783,31.65,30.59
379,31.65,30.59
536,31.65,30.59
525,31.65,30.59
409,31.65,30.59
242,31.65,30.59
462,31.65,30.59
603,31.65,30.59
275,31.65,30.59
525,31.65,30.59
354,31.65,30.59
567,31.65,30.59
371,31.65,30.59
620,31.65,30.59
298,31.65,30.59
876,31.65,30.59
251,31.65,30.59
602,31.65,30.59
648,31.65,30.59
588,31.65,30.59
263,31.65,30.59
607,31.69,30.59
853,31.69,30.59
349,31.69,30.59
623,31.69,30.59
374,31.69,30.59
544,31.69,30.59
628,31.69,30.59
691,31.69,30.59
719,31.69,30.59
792,31.69,30.59
381,31.69,30.59
658,31.69,30.59
278,31.69,30.59
729,31.69,30.59
502,31.69,30.59
803,31.69,30.59
728,31.69,30.59
619,31.69,30.59
779,31.69,30.59
118,31.69,30.59
879,31.69,30.59
253,31.69,30.59
689,31.69,30.59
121,31.69,30.59
624,31.69,30.25
