353,30.95,29.65
681,30.95,29.65
356,30.97,29.65
248,30.97,29.65
122,30.97,29.65
428,30.97,29.65
666,30.97,29.65
637,30.97,29.65
608,30.97,29.65
624,30.97,29.65
529,30.97,29.65
618,30.97,29.65
538,30.97,29.65
393,30.97,29.65
492,30.97,29.65
663,30.97,29.65
588,30.97,29.65
122,30.97,29.65
413,30.97,29.65
397,30.97,29.65
721,30.97,29.65
171,30.97,29.65
490,30.97,29.65
387,30.97,29.65
598,30.97,29.65
264,30.97,29.89
505,30.97,29.89
591,30.97,29.89
288,30.97,29.89
730,30.97,29.89
403,30.97,29.89
512,30.97,29.89
612,30.97,29.89
712,30.97,29.89
452,30.97,29.89
396,30.97,29.89
537,30.97,29.89
878,30.97,29.89
641,30.97,29.89
719,30.97,29.89
594,30.97,29.89
436,30.97,29.89
588,30.97,29.89
487,30.97,29.89
845,30.97,29.89
121,30.97,29.89
639,30.97,29.89
646,30.97,29.89
672,30.97,29.89
387,30.97,29.89
728,30.97,29.89
702,30.97,29.89
589,30.97,29.89
743,30.97,29.89
568,30.97,29.89
585,30.97,29.89
379,30.97,29.89
563,30.97,29.89
579,30.97,29.89
603,30.97,29.89
457,30.97,29.89
481,30.95,29.89
649,30.95,29.89
204,30.95,29.89
562,30.95,29.89
423,30.95,29.89
793,30.95,29.89
202,30.95,29.89
879,30.95,29.89
173,30.95,29.89
734,30.95,29.89
368,30.95,29.89
705,30.95,29.89
371,30.95,29.89
310,30.95,29.89
485,30.95,29.89
241,30.95,29.89
701,30.95,29.89
351,30.95,29.89
697,30.95,29.89
339,30.95,29.89
574,30.95,29.89
745,30.95,29.89
541,30.95,29.89
396,30.95,29.89
482,30.95,29.75
354,30.95,29.75
701,30.95,29.75
466,30.95,29.75
348,30.95,29.75
558,30.95,29.75
268,30.95,29.75
202,30.95,29.75
129,30.95,29.75
662,30.95,29.75
120,30.95,29.75
725,30.95,29.75
214,30.95,29.75
595,30.95,29.75
222,30.95,29.75
388,30.95,29.75
530,30.95,29.75
348,30.95,29.75
352,30.95,29.75
699,30.95,29.75
399,30.95,29.75
506,30.95,29.75
425,30.95,29.75
281,30.95,29.75
758,30.95,29.75
137,30.95,29.75
685,30.95,29.75
262,30.95,29.75
764,30.95,29.75
458,30.95,29.75
574,30.95,29.75
476,30.95,29.75
407,30.95,29.75
564,30.95,29.75
372,30.95,29.75
742,30.95,29.75
229,30.97,29.75
457,30.97,29.75
604,30.97,29.75
390,30.97,29.75
579,30.97,29.75
514,30.97,29.75
331,30.97,29.75
459,30.97,29.75
476,30.97,29.75
587,30.97,29.75
696,30.97,29.75
379,30.97,29.75
769,30.97,29.75
567,30.97,29.75
733,30.97,29.75
401,30.97,29.75
878,30.97,29.75
389,30.97,29.75
612,30.97,29.75
262,30.97,29.75
463,30.97,29.75
581,30.97,29.75
329,30.97,29.75
832,30.97,29.71
494,30.97,29.71
417,30.97,29.71
580,30.97,29.71
438,30.97,29.71
811,30.97,29.71
673,30.97,29.71
516,30.97,29.71
826,30.97,29.71
465,30.97,29.71
800,30.97,29.71
540,30.97,29.71
569,30.97,29.71
548,30.97,29.71
511,30.97,29.71
879,30.97,29.71
122,30.97,29.71
782,30.97,29.71
393,30.97,29.71
633,30.97,29.71
308,30.97,29.71
707,30.97,29.71
554,30.97,29.71
500,30.97,29.71
256,30.97,29.71
594,30.97,29.71
492,30.97,29.71
684,30.97,29.71
419,30.97,29.71
616,30.97,29.71
622,30.97,29.71
243,30.97,29.71
569,30.97,29.71
118,30.97,29.71
757,30.97,29.71
283,30.97,29.71
642,30.97,29.71
196,30.97,29.71
533,30.97,29.71
691,30.97,29.71
205,30.97,29.71
463,30.97,29.71
334,30.97,29.71
757,30.97,29.71
335,30.97,29.71
437,30.97,29.71
127,30.97,29.71
547,30.97,29.71
329,30.97,29.71
612,30.97,29.71
118,30.97,29.71
747,30.97,29.71
270,30.97,29.71
588,30.97,29.71
435,30.97,29.71
176,30.97,29.71
690,30.97,29.71
271,30.97,29.71
468,30.97,29.71
601,30.97,29.71
733,30.97,29.71
276,30.97,29.71
875,30.97,29.71
630,30.97,29.71
580,30.97,29.71
565,30.97,29.71
597,30.97,29.71
219,30.97,29.71
823,30.97,29.71
302,30.97,29.71
568,30.97,29.71
501,30.97,29.71
379,30.97,29.71
647,30.97,29.71
357,30.97,29.71
612,30.97,29.71
224,30.97,29.71
698,30.97,29.71
551,30.97,29.71
563,30.97,29.71
535,30.97,29.71
764,30.97,29.71
433,30.97,29.71
409,30.97,29.71
701,30.97,29.71
310,30.97,29.71
536,30.97,29.71
672,30.97,29.71
530,30.97,29.71
400,30.97,29.71
706,30.97,29.71
366,30.97,29.71
829,30.97,29.71
289,30.97,29.71
720,30.97,29.71
237,30.97,29.71
503,30.93,29.71
653,30.93,29.71
387,30.93,29.71
736,30.93,29.71
306,30.93,29.71
532,30.93,29.71
512,30.93,29.71
453,30.93,29.71
326,30.93,29.71
572,30.93,29.71
362,30.93,29.71
512,30.93,29.71
432,30.93,29.71
445,30.93,29.71
651,30.93,29.71
408,30.93,29.71
541,30.93,29.71
419,30.93,29.71
450,30.93,29.71
263,30.93,29.71
703,30.93,29.71
231,30.93,29.71
531,30.93,29.71
514,30.93,29.57
146,30.93,29.57
392,30.93,29.57
428,30.93,29.57
586,30.93,29.57
292,30.93,29.57
702,30.93,29.57
480,30.93,29.57
709,30.93,29.57
607,30.93,29.57
242,30.93,29.57
709,30.93,29.57
631,30.93,29.57
627,30.93,29.57
878,30.93,29.57
240,30.93,29.57
766,30.93,29.57
299,30.93,29.57
631,30.93,29.57
720,30.93,29.57
121,30.93,29.57
751,30.93,29.57
122,30.93,29.57
766,30.93,29.57
716,30.93,29.57
373,30.93,29.57
405,30.93,29.57
374,30.93,29.57
585,30.93,29.57
212,30.93,29.57
722,30.93,29.57
579,30.93,29.57
579,30.93,29.57
643,30.93,29.57
154,30.93,29.57
608,30.93,29.57
740,30.99,29.57
464,30.99,29.57
878,30.99,29.57
120,30.99,29.57
674,30.99,29.57
302,30.99,29.57
783,30.99,29.57
723,30.99,29.57
275,30.99,29.57
498,30.99,29.57
223,30.99,29.57
684,30.99,29.57
411,30.99,29.57
247,30.99,29.57
407,30.99,29.57
585,30.99,29.57
437,30.99,29.57
362,30.99,29.57
603,30.99,29.57
799,30.99,29.57
819,30.99,29.57
582,30.99,29.57
172,30.99,29.57
383,30.99,29.57
691,30.99,29.85
442,30.99,29.85
719,30.99,29.85
127,30.99,29.85
608,30.99,29.85
327,30.99,29.85
695,30.99,29.85
280,30.99,29.85
362,30.99,29.85
559,30.99,29.85
266,30.99,29.85
492,30.99,29.85
785,30.99,29.85
477,30.99,29.85
539,30.99,29.85
716,30.99,29.85
495,30.99,29.85
656,30.99,29.85
593,30.99,29.85
597,30.99,29.85
190,30.99,29.85
872,30.99,29.85
120,30.99,29.85
448,30.99,29.85
187,30.99,29.85
440,30.99,29.85
763,30.99,29.85
128,30.99,29.85
494,30.99,29.85
125,30.99,29.85
441,30.99,29.85
652,30.99,29.85
195,30.99,29.85
405,30.99,29.85
678,30.99,29.85
421,30.99,29.85
623,30.93,29.85
351,30.93,29.85
231,30.93,29.85
305,30.93,29.85
430,30.93,29.85
514,30.93,29.85
389,30.93,29.85
626,30.93,29.85
555,30.93,29.85
663,30.93,29.85
410,30.93,29.85
692,30.93,29.85
351,30.93,29.85
729,30.93,29.85
452,30.93,29.85
225,30.93,29.85
531,30.93,29.85
491,30.93,29.85
680,30.93,29.85
441,30.93,29.85
453,30.93,29.85
485,30.93,29.85
439,30.93,29.85
613,30.93,29.79
346,30.93,29.79
725,30.93,29.79
131,30.93,29.79
692,30.93,29.79
449,30.93,29.79
589,30.93,29.79
719,30.93,29.79
606,30.93,29.79
569,30.93,29.79
573,30.93,29.79
349,30.93,29.79
723,30.93,29.79
247,30.93,29.79
724,30.93,29.79
496,30.93,29.79
355,30.93,29.79
428,30.93,29.79
281,30.93,29.79
874,30.93,29.79
435,30.93,29.79
631,30.93,29.79
524,30.93,29.79
631,30.93,29.79
640,30.93,29.79
790,30.93,29.79
554,30.93,29.79
602,30.93,29.79
699,30.93,29.79
641,30.93,29.79
479,30.93,29.79
465,30.93,29.79
637,30.93,29.79
448,30.93,29.79
571,30.93,29.79
296,30.93,29.79
697,30.95,29.79
