118,30.55,29.29
677,30.55,29.29
498,30.55,29.29
581,30.55,29.29
214,30.55,29.29
874,30.55,29.29
879,30.55,29.29
257,30.55,29.29
736,30.55,29.29
498,30.55,29.29
627,30.61,29.29
341,30.61,29.29
367,30.61,29.29
438,30.61,29.29
714,30.61,29.29
256,30.61,29.29
853,30.61,29.29
419,30.61,29.29
508,30.61,29.29
557,30.61,29.29
594,30.61,29.29
502,30.61,29.29
848,30.61,29.29
855,30.61,29.29
468,30.61,29.29
828,30.61,29.29
350,30.61,29.29
796,30.61,29.29
462,30.61,29.29
567,30.61,29.29
461,30.61,29.29
685,30.61,29.29
708,30.61,29.29
810,30.61,29.29
354,30.61,29.35
531,30.61,29.35
816,30.61,29.35
493,30.61,29.35
752,30.61,29.35
220,30.61,29.35
708,30.61,29.35
780,30.61,29.35
723,30.61,29.35
276,30.61,29.35
815,30.61,29.35
498,30.61,29.35
338,30.61,29.35
495,30.61,29.35
145,30.61,29.35
763,30.61,29.35
259,30.61,29.35
564,30.61,29.35
163,30.61,29.35
618,30.61,29.35
357,30.61,29.35
455,30.61,29.35
386,30.61,29.35
609,30.61,29.35
463,30.61,29.35
574,30.61,29.35
317,30.61,29.35
705,30.61,29.35
594,30.61,29.35
289,30.61,29.35
489,30.61,29.35
392,30.61,29.35
816,30.61,29.35
290,30.61,29.35
694,30.61,29.35
119,30.61,29.35
622,30.57,29.35
478,30.57,29.35
466,30.57,29.35
477,30.57,29.35
349,30.57,29.35
595,30.57,29.35
320,30.57,29.35
339,30.57,29.35
426,30.57,29.35
678,30.57,29.35
309,30.57,29.35
847,30.57,29.35
119,30.57,29.35
703,30.57,29.35
119,30.57,29.35
828,30.57,29.35
445,30.57,29.35
429,30.57,29.35
367,30.57,29.35
357,30.57,29.35
495,30.57,29.35
331,30.57,29.35
879,30.57,29.35
228,30.57,29.35
699,30.57,29.35
368,30.57,29.35
756,30.57,29.35
454,30.57,29.35
727,30.57,29.35
169,30.57,29.35
570,30.57,29.35
275,30.57,29.35
662,30.57,29.35
566,30.57,29.35
598,30.57,29.35
754,30.57,29.35
272,30.57,29.35
744,30.57,29.35
213,30.57,29.35
877,30.57,29.35
135,30.57,29.35
779,30.57,29.35
204,30.57,29.35
826,30.57,29.35
552,30.57,29.35
454,30.57,29.35
877,30.57,29.35
422,30.57,29.35
596,30.57,29.35
523,30.57,29.35
614,30.57,29.35
626,30.57,29.35
538,30.57,29.35
251,30.57,29.35
723,30.57,29.35
287,30.57,29.35
760,30.57,29.35
558,30.57,29.35
503,30.57,29.35
284,30.61,29.35
740,30.61,29.35
531,30.61,29.35
228,30.61,29.35
598,30.61,29.35
193,30.61,29.35
674,30.61,29.35
227,30.61,29.35
517,30.61,29.35
562,30.61,29.35
439,30.61,29.35
575,30.61,29.35
598,30.61,29.35
547,30.61,29.35
543,30.61,29.35
540,30.61,29.35
527,30.61,29.35
515,30.61,29.35
188,30.61,29.35
623,30.61,29.35
276,30.61,29.35
733,30.61,29.35
159,30.61,29.35
524,30.61,29.35
430,30.61,29.35
687,30.61,29.35
465,30.61,29.35
331,30.61,29.35
542,30.61,29.35
463,30.61,29.35
879,30.61,29.35
119,30.61,29.35
345,30.61,29.35
557,30.61,29.35
760,30.61,29.35
260,30.61,29.35
801,30.61,29.35
254,30.61,29.35
738,30.61,29.35
201,30.61,29.35
761,30.61,29.35
398,30.61,29.35
304,30.61,29.35
542,30.61,29.35
445,30.61,29.35
604,30.61,29.35
192,30.61,29.35
836,30.61,29.35
403,30.61,29.35
848,30.61,29.35
441,30.61,29.35
835,30.61,29.35
495,30.61,29.35
761,30.61,29.35
840,30.61,29.35
537,30.61,29.35
568,30.61,29.35
612,30.61,29.35
279,30.61,29.35
404,30.61,29.35
597,30.57,29.35
298,30.57,29.35
878,30.57,29.35
453,30.57,29.35
820,30.57,29.35
674,30.57,29.35
544,30.57,29.35
697,30.57,29.35
636,30.57,29.35
657,30.57,29.35
571,30.57,29.35
758,30.57,29.35
197,30.57,29.35
780,30.57,29.35
258,30.57,29.35
589,30.57,29.35
371,30.57,29.35
491,30.57,29.35
349,30.57,29.35
448,30.57,29.35
470,30.57,29.35
442,30.57,29.35
656,30.57,29.35
387,30.57,29.17
737,30.57,29.17
238,30.57,29.17
595,30.57,29.17
388,30.57,29.17
632,30.57,29.17
415,30.57,29.17
844,30.57,29.17
302,30.57,29.17
448,30.57,29.17
543,30.57,29.17
289,30.57,29.17
656,30.57,29.17
221,30.57,29.17
708,30.57,29.17
253,30.57,29.17
419,30.57,29.17
498,30.57,29.17
649,30.57,29.17
276,30.57,29.17
543,30.57,29.17
262,30.57,29.17
584,30.57,29.17
227,30.57,29.17
641,30.57,29.17
575,30.57,29.17
334,30.57,29.17
682,30.57,29.17
242,30.57,29.17
785,30.57,29.17
263,30.57,29.17
711,30.57,29.17
179,30.57,29.17
564,30.57,29.17
340,30.57,29.17
411,30.57,29.17
415,30.57,29.17
564,30.57,29.17
358,30.57,29.17
501,30.57,29.17
188,30.57,29.17
613,30.57,29.17
323,30.57,29.17
307,30.57,29.17
702,30.57,29.17
122,30.57,29.17
877,30.57,29.17
141,30.57,29.17
710,30.57,29.17
584,30.57,29.17
611,30.57,29.17
457,30.57,29.17
377,30.57,29.17
470,30.57,29.17
393,30.57,29.17
509,30.57,29.17
457,30.57,29.17
626,30.57,29.17
654,30.57,29.17
605,30.57,29.17
395,30.57,29.19
636,30.57,29.19
182,30.57,29.19
717,30.57,29.19
476,30.57,29.19
687,30.57,29.19
523,30.57,29.19
859,30.57,29.19
584,30.57,29.19
537,30.57,29.19
651,30.57,29.19
563,30.57,29.19
630,30.57,29.19
467,30.57,29.19
616,30.57,29.19
347,30.57,29.19
591,30.57,29.19
395,30.57,29.19
490,30.57,29.19
491,30.57,29.19
198,30.57,29.19
460,30.57,29.19
646,30.57,29.19
378,30.57,29.19
517,30.57,29.19
495,30.57,29.19
285,30.57,29.19
718,30.57,29.19
261,30.57,29.19
818,30.57,29.19
426,30.57,29.19
376,30.57,29.19
379,30.57,29.19
348,30.57,29.19
440,30.57,29.19
625,30.57,29.19
588,30.61,29.19
324,30.61,29.19
685,30.61,29.19
276,30.61,29.19
726,30.61,29.19
325,30.61,29.19
455,30.61,29.19
311,30.61,29.19
549,30.61,29.19
278,30.61,29.19
654,30.61,29.19
302,30.61,29.19
655,30.61,29.19
331,30.61,29.19
142,30.61,29.19
498,30.61,29.19
292,30.61,29.19
650,30.61,29.19
307,30.61,29.19
626,30.61,29.19
184,30.61,29.19
753,30.61,29.19
548,30.61,29.19
545,30.61,29.43
553,30.61,29.43
529,30.61,29.43
607,30.61,29.43
577,30.61,29.43
241,30.61,29.43
547,30.61,29.43
373,30.61,29.43
563,30.61,29.43
491,30.61,29.43
239,30.61,29.43
703,30.61,29.43
228,30.61,29.43
584,30.61,29.43
448,30.61,29.43
551,30.61,29.43
559,30.61,29.43
660,30.61,29.43
639,30.61,29.43
636,30.61,29.43
572,30.61,29.43
537,30.61,29.43
426,30.61,29.43
326,30.61,29.43
586,30.61,29.43
631,30.61,29.43
705,30.61,29.43
428,30.61,29.43
877,30.61,29.43
160,30.61,29.43
548,30.61,29.43
569,30.61,29.43
534,30.61,29.43
303,30.61,29.43
538,30.61,29.43
669,30.61,29.43
124,30.57,29.43
700,30.57,29.43
554,30.57,29.43
471,30.57,29.43
465,30.57,29.43
416,30.57,29.43
732,30.57,29.43
541,30.57,29.43
165,30.57,29.43
702,30.57,29.43
314,30.57,29.43
340,30.57,29.43
659,30.57,29.43
247,30.57,29.43
624,30.57,29.43
226,30.57,29.43
783,30.57,29.43
122,30.57,29.43
690,30.57,29.43
371,30.57,29.43
533,30.57,29.43
667,30.57,29.43
120,30.57,29.43
725,30.57,29.43
228,30.57,29.29
381,30.57,29.29
334,30.57,29.29
516,30.57,29.29
460,30.57,29.29
442,30.57,29.29
725,30.57,29.29
787,30.57,29.29
406,30.57,29.29
691,30.57,29.29
569,30.57,29.29
580,30.57,29.29
125,30.57,29.29
612,30.57,29.29
668,30.57,29.29
185,30.57,29.29
668,30.57,29.29
121,30.57,29.29
654,30.57,29.29
525,30.57,29.29
406,30.57,29.29
834,30.57,29.29
176,30.57,29.29
120,30.57,29.29
668,30.57,29.29
567,30.57,29.29
520,30.57,29.29
