325,30.77,29.63
647,30.77,29.63
401,30.77,29.63
331,30.77,29.63
504,30.77,29.63
578,30.77,29.63
769,30.79,29.63
631,30.79,29.63
683,30.79,29.63
529,30.79,29.63
403,30.79,29.63
356,30.79,29.63
195,30.79,29.63
708,30.79,29.63
249,30.79,29.63
739,30.79,29.63
325,30.79,29.63
382,30.79,29.63
463,30.79,29.63
311,30.79,29.63
459,30.79,29.63
285,30.79,29.63
400,30.79,29.63
436,30.79,29.63
455,30.79,29.63
413,30.79,29.63
264,30.79,29.63
438,30.79,29.63
763,30.79,29.63
118,30.79,29.63
597,30.79,29.77
119,30.79,29.77
418,30.79,29.77
233,30.79,29.77
645,30.79,29.77
527,30.79,29.77
293,30.79,29.77
686,30.79,29.77
270,30.79,29.77
425,30.79,29.77
284,30.79,29.77
556,30.79,29.77
279,30.79,29.77
422,30.79,29.77
495,30.79,29.77
760,30.79,29.77
286,30.79,29.77
553,30.79,29.77
457,30.79,29.77
442,30.79,29.77
419,30.79,29.77
500,30.79,29.77
812,30.79,29.77
580,30.79,29.77
645,30.79,29.77
262,30.79,29.77
821,30.79,29.77
452,30.79,29.77
843,30.79,29.77
459,30.79,29.77
531,30.79,29.77
571,30.79,29.77
415,30.79,29.77
716,30.79,29.77
314,30.79,29.77
634,30.79,29.77
459,30.83,29.77
774,30.83,29.77
434,30.83,29.77
847,30.83,29.77
123,30.83,29.77
829,30.83,29.77
377,30.83,29.77
757,30.83,29.77
467,30.83,29.77
824,30.83,29.77
465,30.83,29.77
520,30.83,29.77
635,30.83,29.77
230,30.83,29.77
829,30.83,29.77
361,30.83,29.77
900,30.83,29.77
384,30.83,29.77
722,30.83,29.77
661,30.83,29.77
660,30.83,29.77
611,30.83,29.77
625,30.83,29.77
227,30.83,29.55
610,30.83,29.55
411,30.83,29.55
792,30.83,29.55
803,30.83,29.55
340,30.83,29.55
703,30.83,29.55
119,30.83,29.55
824,30.83,29.55
119,30.83,29.55
782,30.83,29.55
119,30.83,29.55
584,30.83,29.55
354,30.83,29.55
525,30.83,29.55
638,30.83,29.55
347,30.83,29.55
440,30.83,29.55
520,30.83,29.55
458,30.83,29.55
383,30.83,29.55
460,30.83,29.55
295,30.83,29.55
617,30.83,29.55
265,30.83,29.55
575,30.83,29.55
392,30.83,29.55
722,30.83,29.55
608,30.83,29.55
201,30.83,29.55
753,30.83,29.55
364,30.83,29.55
722,30.83,29.55
459,30.83,29.55
816,30.83,29.55
281,30.83,29.55
558,30.77,29.55
587,30.77,29.55
502,30.77,29.55
329,30.77,29.55
177,30.77,29.55
637,30.77,29.55
464,30.77,29.55
254,30.77,29.55
557,30.77,29.55
411,30.77,29.55
418,30.77,29.55
694,30.77,29.55
401,30.77,29.55
812,30.77,29.55
295,30.77,29.55
799,30.77,29.55
682,30.77,29.55
640,30.77,29.55
395,30.77,29.55
550,30.77,29.55
713,30.77,29.55
457,30.77,29.55
523,30.77,29.55
469,30.77,29.55
693,30.77,29.57
433,30.77,29.57
375,30.77,29.57
531,30.77,29.57
381,30.77,29.57
657,30.77,29.57
489,30.77,29.57
408,30.77,29.57
833,30.77,29.57
552,30.77,29.57
747,30.77,29.57
720,30.77,29.57
407,30.77,29.57
654,30.77,29.57
383,30.77,29.57
711,30.77,29.57
190,30.77,29.57
684,30.77,29.57
375,30.77,29.57
739,30.77,29.57
604,30.77,29.57
150,30.77,29.57
662,30.77,29.57
690,30.77,29.57
364,30.77,29.57
568,30.77,29.57
595,30.77,29.57
508,30.77,29.57
565,30.77,29.57
240,30.77,29.57
695,30.77,29.57
183,30.77,29.57
631,30.77,29.57
136,30.77,29.57
499,30.77,29.57
499,30.77,29.57
505,30.77,29.57
699,30.77,29.57
494,30.77,29.57
614,30.77,29.57
435,30.77,29.57
561,30.77,29.57
242,30.77,29.57
485,30.77,29.57
340,30.77,29.57
397,30.77,29.57
506,30.77,29.57
644,30.77,29.57
244,30.77,29.57
817,30.77,29.57
368,30.77,29.57
696,30.77,29.57
307,30.77,29.57
334,30.77,29.57
557,30.77,29.57
338,30.77,29.57
702,30.77,29.57
371,30.77,29.57
456,30.77,29.57
551,30.77,29.45
769,30.77,29.45
339,30.77,29.45
430,30.77,29.45
563,30.77,29.45
468,30.77,29.45
623,30.77,29.45
644,30.77,29.45
574,30.77,29.45
689,30.77,29.45
354,30.77,29.45
429,30.77,29.45
664,30.77,29.45
265,30.77,29.45
703,30.77,29.45
358,30.77,29.45
622,30.77,29.45
543,30.77,29.45
445,30.77,29.45
393,30.77,29.45
519,30.77,29.45
659,30.77,29.45
511,30.77,29.45
655,30.77,29.45
332,30.77,29.45
649,30.77,29.45
610,30.77,29.45
563,30.77,29.45
627,30.77,29.45
716,30.77,29.45
443,30.77,29.45
460,30.77,29.45
521,30.77,29.45
713,30.77,29.45
417,30.77,29.45
590,30.77,29.45
664,30.75,29.45
307,30.75,29.45
816,30.75,29.45
396,30.75,29.45
879,30.75,29.45
387,30.75,29.45
224,30.75,29.45
625,30.75,29.45
599,30.75,29.45
519,30.75,29.45
377,30.75,29.45
819,30.75,29.45
351,30.75,29.45
628,30.75,29.45
380,30.75,29.45
658,30.75,29.45
401,30.75,29.45
441,30.75,29.45
445,30.75,29.45
556,30.75,29.45
118,30.75,29.45
621,30.75,29.45
141,30.75,29.45
247,30.75,29.45
461,30.75,29.45
317,30.75,29.45
570,30.75,29.45
128,30.75,29.45
848,30.75,29.45
422,30.75,29.45
684,30.75,29.45
319,30.75,29.45
311,30.75,29.45
371,30.75,29.45
125,30.75,29.45
594,30.75,29.45
381,30.75,29.45
406,30.75,29.45
353,30.75,29.45
492,30.75,29.45
492,30.75,29.45
369,30.75,29.45
512,30.75,29.45
698,30.75,29.45
118,30.75,29.45
688,30.75,29.45
124,30.75,29.45
411,30.75,29.45
401,30.75,29.45
489,30.75,29.45
574,30.75,29.45
396,30.75,29.45
815,30.75,29.45
339,30.75,29.45
580,30.75,29.45
122,30.75,29.45
498,30.75,29.45
400,30.75,29.45
457,30.75,29.45
559,30.75,29.45
389,30.79,29.45
343,30.79,29.45
554,30.79,29.45
539,30.79,29.45
663,30.79,29.45
520,30.79,29.45
394,30.79,29.45
582,30.79,29.45
372,30.79,29.45
742,30.79,29.45
142,30.79,29.45
792,30.79,29.45
292,30.79,29.45
531,30.79,29.45
303,30.79,29.45
462,30.79,29.45
628,30.79,29.45
699,30.79,29.45
748,30.79,29.45
486,30.79,29.45
656,30.79,29.45
714,30.79,29.45
683,30.79,29.45
505,30.79,29.59
647,30.79,29.59
466,30.79,29.59
734,30.79,29.59
363,30.79,29.59
875,30.79,29.59
328,30.79,29.59
387,30.79,29.59
610,30.79,29.59
363,30.79,29.59
734,30.79,29.59
356,30.79,29.59
815,30.79,29.59
259,30.79,29.59
565,30.79,29.59
598,30.79,29.59
623,30.79,29.59
373,30.79,29.59
635,30.79,29.59
647,30.79,29.59
391,30.79,29.59
315,30.79,29.59
571,30.79,29.59
377,30.79,29.59
386,30.79,29.59
554,30.79,29.59
496,30.79,29.59
681,30.79,29.59
138,30.79,29.59
615,30.79,29.59
602,30.79,29.59
289,30.79,29.59
295,30.79,29.59
478,30.79,29.59
538,30.79,29.59
610,30.79,29.59
712,30.79,29.59
451,30.79,29.59
674,30.79,29.59
217,30.79,29.59
645,30.79,29.59
229,30.79,29.59
177,30.79,29.59
714,30.79,29.59
621,30.79,29.59
255,30.79,29.59
754,30.79,29.59
336,30.79,29.59
599,30.79,29.59
652,30.79,29.59
382,30.79,29.59
310,30.79,29.59
268,30.79,29.59
601,30.79,29.59
247,30.79,29.59
729,30.79,29.59
232,30.79,29.59
504,30.79,29.59
392,30.79,29.59
297,30.79,29.59
745,30.79,29.43
736,30.79,29.43
265,30.79,29.43
527,30.79,29.43
634,30.79,29.43
229,30.79,29.43
477,30.79,29.43
754,30.79,29.43
559,30.79,29.43
309,30.79,29.43
419,30.79,29.43
555,30.79,29.43
772,30.79,29.43
249,30.79,29.43
601,30.79,29.43
681,30.79,29.43
119,30.79,29.43
828,30.79,29.43
436,30.79,29.43
685,30.79,29.43
526,30.79,29.43
740,30.79,29.43
703,30.79,29.43
589,30.79,29.43
471,30.79,29.43
527,30.79,29.43
879,30.79,29.43
399,30.79,29.43
769,30.79,29.43
508,30.79,29.43
742,30.79,29.43
