629,30.23,28.75
835,30.23,28.75
607,30.23,28.75
123,30.23,28.75
127,30.23,28.75
903,30.23,28.75
728,30.23,28.75
355,30.23,28.75
579,30.23,28.75
346,30.23,28.75
643,30.23,28.75
371,30.23,28.75
530,30.23,28.75
447,30.23,28.75
649,30.23,28.75
585,30.23,28.75
669,30.23,28.75
789,30.23,28.75
223,30.23,28.75
743,30.23,28.75
430,30.23,28.75
446,30.23,28.75
544,30.23,28.75
526,30.23,28.75
266,30.23,28.75
434,30.23,28.75
374,30.23,28.75
419,30.23,28.75
431,30.23,28.75
749,30.23,28.75
576,30.23,28.75
588,30.23,28.75
404,30.23,28.75
524,30.23,28.75
726,30.21,28.75
119,30.21,28.75
826,30.21,28.75
296,30.21,28.75
465,30.21,28.75
141,30.21,28.75
445,30.21,28.75
579,30.21,28.75
143,30.21,28.75
878,30.21,28.75
375,30.21,28.75
585,30.21,28.75
340,30.21,28.75
598,30.21,28.75
396,30.21,28.75
427,30.21,28.75
430,30.21,28.75
406,30.21,28.75
280,30.21,28.75
503,30.21,28.75
360,30.21,28.75
680,30.21,28.75
463,30.21,28.75
228,30.21,28.75
679,30.21,28.99
120,30.21,28.99
755,30.21,28.99
486,30.21,28.99
689,30.21,28.99
213,30.21,28.99
616,30.21,28.99
597,30.21,28.99
240,30.21,28.99
251,30.21,28.99
509,30.21,28.99
375,30.21,28.99
259,30.21,28.99
548,30.21,28.99
466,30.21,28.99
628,30.21,28.99
465,30.21,28.99
453,30.21,28.99
383,30.21,28.99
628,30.21,28.99
328,30.21,28.99
690,30.21,28.99
380,30.21,28.99
447,30.21,28.99
681,30.21,28.99
596,30.21,28.99
817,30.21,28.99
454,30.21,28.99
767,30.21,28.99
379,30.21,28.99
839,30.21,28.99
470,30.21,28.99
504,30.21,28.99
398,30.21,28.99
490,30.21,28.99
463,30.21,28.99
238,30.23,28.99
349,30.23,28.99
641,30.23,28.99
605,30.23,28.99
357,30.23,28.99
600,30.23,28.99
436,30.23,28.99
714,30.23,28.99
257,30.23,28.99
802,30.23,28.99
126,30.23,28.99
664,30.23,28.99
387,30.23,28.99
299,30.23,28.99
732,30.23,28.99
612,30.23,28.99
425,30.23,28.99
385,30.23,28.99
716,30.23,28.99
428,30.23,28.99
548,30.23,28.99
408,30.23,28.99
657,30.23,28.99
360,30.23,29.03
510,30.23,29.03
365,30.23,29.03
414,30.23,29.03
283,30.23,29.03
503,30.23,29.03
322,30.23,29.03
120,30.23,29.03
423,30.23,29.03
125,30.23,29.03
879,30.23,29.03
119,30.23,29.03
757,30.23,29.03
813,30.23,29.03
400,30.23,29.03
262,30.23,29.03
526,30.23,29.03
627,30.23,29.03
644,30.23,29.03
569,30.23,29.03
471,30.23,29.03
442,30.23,29.03
591,30.23,29.03
510,30.23,29.03
420,30.23,29.03
477,30.23,29.03
127,30.23,29.03
868,30.23,29.03
208,30.23,29.03
473,30.23,29.03
393,30.23,29.03
201,30.23,29.03
521,30.23,29.03
272,30.23,29.03
674,30.23,29.03
345,30.23,29.03
266,30.25,29.03
583,30.25,29.03
511,30.25,29.03
383,30.25,29.03
480,30.25,29.03
601,30.25,29.03
679,30.25,29.03
355,30.25,29.03
747,30.25,29.03
510,30.25,29.03
650,30.25,29.03
355,30.25,29.03
344,30.25,29.03
654,30.25,29.03
119,30.25,29.03
781,30.25,29.03
289,30.25,29.03
757,30.25,29.03
283,30.25,29.03
726,30.25,29.03
521,30.25,29.03
362,30.25,29.03
661,30.25,29.03
808,30.25,29.03
318,30.25,28.91
520,30.25,28.91
760,30.25,28.91
661,30.25,28.91
490,30.25,28.91
576,30.25,28.91
744,30.25,28.91
354,30.25,28.91
798,30.25,28.91
493,30.25,28.91
778,30.25,28.91
408,30.25,28.91
692,30.25,28.91
549,30.25,28.91
237,30.25,28.91
688,30.25,28.91
403,30.25,28.91
598,30.25,28.91
199,30.25,28.91
607,30.25,28.91
496,30.25,28.91
503,30.25,28.91
464,30.25,28.91
754,30.25,28.91
380,30.25,28.91
699,30.25,28.91
268,30.25,28.91
661,30.25,28.91
424,30.25,28.91
429,30.25,28.91
389,30.25,28.91
221,30.25,28.91
618,30.25,28.91
148,30.25,28.91
798,30.25,28.91
120,30.25,28.91
324,30.21,28.91
630,30.21,28.91
219,30.21,28.91
585,30.21,28.91
465,30.21,28.91
427,30.21,28.91
543,30.21,28.91
463,30.21,28.91
536,30.21,28.91
540,30.21,28.91
118,30.21,28.91
716,30.21,28.91
354,30.21,28.91
655,30.21,28.91
217,30.21,28.91
688,30.21,28.91
231,30.21,28.91
671,30.21,28.91
224,30.21,28.91
329,30.21,28.91
341,30.21,28.91
377,30.21,28.91
447,30.21,28.91
119,30.21,28.75
446,30.21,28.75
417,30.21,28.75
437,30.21,28.75
230,30.21,28.75
717,30.21,28.75
302,30.21,28.75
543,30.21,28.75
362,30.21,28.75
504,30.21,28.75
363,30.21,28.75
445,30.21,28.75
627,30.21,28.75
558,30.21,28.75
552,30.21,28.75
171,30.21,28.75
848,30.21,28.75
299,30.21,28.75
720,30.21,28.75
188,30.21,28.75
577,30.21,28.75
550,30.21,28.75
403,30.21,28.75
709,30.21,28.75
520,30.21,28.75
520,30.21,28.75
647,30.21,28.75
563,30.21,28.75
655,30.21,28.75
552,30.21,28.75
296,30.21,28.75
877,30.21,28.75
306,30.21,28.75
730,30.21,28.75
261,30.21,28.75
838,30.21,28.75
286,30.23,28.75
600,30.23,28.75
460,30.23,28.75
494,30.23,28.75
719,30.23,28.75
279,30.23,28.75
643,30.23,28.75
466,30.23,28.75
509,30.23,28.75
678,30.23,28.75
657,30.23,28.75
667,30.23,28.75
623,30.23,28.75
144,30.23,28.75
867,30.23,28.75
393,30.23,28.75
704,30.23,28.75
455,30.23,28.75
371,30.23,28.75
747,30.23,28.75
200,30.23,28.75
663,30.23,28.75
333,30.23,28.75
516,30.23,28.75
159,30.23,28.97
773,30.23,28.97
324,30.23,28.97
166,30.23,28.97
727,30.23,28.97
423,30.23,28.97
619,30.23,28.97
410,30.23,28.97
574,30.23,28.97
544,30.23,28.97
440,30.23,28.97
312,30.23,28.97
449,30.23,28.97
118,30.23,28.97
685,30.23,28.97
298,30.23,28.97
625,30.23,28.97
597,30.23,28.97
587,30.23,28.97
670,30.23,28.97
257,30.23,28.97
812,30.23,28.97
121,30.23,28.97
878,30.23,28.97
119,30.23,28.97
831,30.23,28.97
387,30.23,28.97
509,30.23,28.97
638,30.23,28.97
507,30.23,28.97
564,30.23,28.97
441,30.23,28.97
597,30.23,28.97
448,30.23,28.97
447,30.23,28.97
437,30.23,28.97
878,30.19,28.97
536,30.19,28.97
842,30.19,28.97
401,30.19,28.97
866,30.19,28.97
139,30.19,28.97
708,30.19,28.97
593,30.19,28.97
289,30.19,28.97
719,30.19,28.97
349,30.19,28.97
878,30.19,28.97
183,30.19,28.97
460,30.19,28.97
290,30.19,28.97
572,30.19,28.97
455,30.19,28.97
604,30.19,28.97
631,30.19,28.97
549,30.19,28.97
331,30.19,28.97
748,30.19,28.97
560,30.19,28.97
439,30.19,28.99
675,30.19,28.99
476,30.19,28.99
863,30.19,28.99
261,30.19,28.99
610,30.19,28.99
370,30.19,28.99
812,30.19,28.99
289,30.19,28.99
818,30.19,28.99
511,30.19,28.99
369,30.19,28.99
614,30.19,28.99
416,30.19,28.99
695,30.19,28.99
581,30.19,28.99
675,30.19,28.99
455,30.19,28.99
722,30.19,28.99
411,30.19,28.99
809,30.19,28.99
119,30.19,28.99
789,30.19,28.99
395,30.19,28.99
444,30.19,28.99
806,30.19,28.99
297,30.19,28.99
375,30.19,28.99
288,30.19,28.99
702,30.19,28.99
136,30.19,28.99
701,30.19,28.99
121,30.19,28.99
577,30.19,28.99
348,30.19,28.99
352,30.19,28.99
666,30.21,28.99
265,30.21,28.99
242,30.21,28.99
541,30.21,28.99
317,30.21,28.99
309,30.21,28.99
728,30.21,28.99
165,30.21,28.99
676,30.21,28.99
324,30.21,28.99
690,30.21,28.99
418,30.21,28.99
489,30.21,28.99
123,30.21,28.99
513,30.21,28.99
349,30.21,28.99
296,30.21,28.99
623,30.21,28.99
546,30.21,28.99
638,30.21,28.99
364,30.21,28.99
765,30.21,28.99
311,30.21,28.99
798,30.21,28.99
554,30.21,28.91
595,30.21,28.91
383,30.21,28.91
