118,31.65,30.43
743,31.65,30.43
546,31.65,30.43
122,31.65,30.43
700,31.65,30.43
609,31.65,30.43
880,31.65,30.43
702,31.65,30.43
879,31.65,30.43
580,31.65,30.43
688,31.65,30.43
629,31.65,30.43
419,31.65,30.43
552,31.65,30.43
508,31.65,30.43
788,31.65,30.43
446,31.65,30.43
330,31.65,30.43
610,31.65,30.43
662,31.65,30.43
181,31.65,30.43
559,31.65,30.43
290,31.65,30.43
709,31.65,30.31
301,31.65,30.31
567,31.65,30.31
372,31.65,30.31
427,31.65,30.31
605,31.65,30.31
311,31.65,30.31
556,31.65,30.31
405,31.65,30.31
513,31.65,30.31
358,31.65,30.31
490,31.65,30.31
613,31.65,30.31
510,31.65,30.31
511,31.65,30.31
167,31.65,30.31
498,31.65,30.31
559,31.65,30.31
118,31.65,30.31
602,31.65,30.31
318,31.65,30.31
535,31.65,30.31
435,31.65,30.31
499,31.65,30.31
644,31.65,30.31
299,31.65,30.31
671,31.65,30.31
321,31.65,30.31
186,31.65,30.31
580,31.65,30.31
415,31.65,30.31
709,31.65,30.31
342,31.65,30.31
288,31.65,30.31
729,31.65,30.31
540,31.65,30.31
713,31.63,30.31
678,31.63,30.31
752,31.63,30.31
421,31.63,30.31
594,31.63,30.31
855,31.63,30.31
303,31.63,30.31
677,31.63,30.31
517,31.63,30.31
418,31.63,30.31
578,31.63,30.31
328,31.63,30.31
806,31.63,30.31
395,31.63,30.31
709,31.63,30.31
468,31.63,30.31
566,31.63,30.31
460,31.63,30.31
465,31.63,30.31
755,31.63,30.31
502,31.63,30.31
301,31.63,30.31
877,31.63,30.31
344,31.63,30.43
628,31.63,30.43
631,31.63,30.43
408,31.63,30.43
816,31.63,30.43
620,31.63,30.43
653,31.63,30.43
319,31.63,30.43
793,31.63,30.43
140,31.63,30.43
493,31.63,30.43
135,31.63,30.43
662,31.63,30.43
830,31.63,30.43
275,31.63,30.43
635,31.63,30.43
328,31.63,30.43
495,31.63,30.43
215,31.63,30.43
564,31.63,30.43
469,31.63,30.43
469,31.63,30.43
255,31.63,30.43
580,31.63,30.43
434,31.63,30.43
549,31.63,30.43
400,31.63,30.43
358,31.63,30.43
391,31.63,30.43
316,31.63,30.43
533,31.63,30.43
164,31.63,30.43
634,31.63,30.43
118,31.63,30.43
761,31.63,30.43
119,31.63,30.43
495,31.69,30.43
131,31.69,30.43
752,31.69,30.43
463,31.69,30.43
727,31.69,30.43
536,31.69,30.43
494,31.69,30.43
455,31.69,30.43
532,31.69,30.43
456,31.69,30.43
236,31.69,30.43
732,31.69,30.43
331,31.69,30.43
877,31.69,30.43
317,31.69,30.43
694,31.69,30.43
238,31.69,30.43
655,31.69,30.43
315,31.69,30.43
785,31.69,30.43
409,31.69,30.43
405,31.69,30.43
827,31.69,30.43
475,31.69,30.43
635,31.69,30.47
476,31.69,30.47
733,31.69,30.47
588,31.69,30.47
841,31.69,30.47
407,31.69,30.47
795,31.69,30.47
298,31.69,30.47
550,31.69,30.47
392,31.69,30.47
609,31.69,30.47
413,31.69,30.47
456,31.69,30.47
587,31.69,30.47
191,31.69,30.47
576,31.69,30.47
611,31.69,30.47
587,31.69,30.47
520,31.69,30.47
618,31.69,30.47
620,31.69,30.47
423,31.69,30.47
372,31.69,30.47
693,31.69,30.47
225,31.69,30.47
652,31.69,30.47
369,31.69,30.47
636,31.69,30.47
872,31.69,30.47
339,31.69,30.47
663,31.69,30.47
610,31.69,30.47
706,31.69,30.47
522,31.69,30.47
499,31.69,30.47
372,31.69,30.47
640,31.65,30.47
439,31.65,30.47
468,31.65,30.47
568,31.65,30.47
267,31.65,30.47
399,31.65,30.47
432,31.65,30.47
356,31.65,30.47
443,31.65,30.47
454,31.65,30.47
428,31.65,30.47
595,31.65,30.47
377,31.65,30.47
623,31.65,30.47
648,31.65,30.47
311,31.65,30.47
475,31.65,30.47
505,31.65,30.47
367,31.65,30.47
139,31.65,30.47
689,31.65,30.47
197,31.65,30.47
457,31.65,30.47
224,31.65,30.53
303,31.65,30.53
727,31.65,30.53
118,31.65,30.53
679,31.65,30.53
233,31.65,30.53
383,31.65,30.53
519,31.65,30.53
754,31.65,30.53
452,31.65,30.53
617,31.65,30.53
340,31.65,30.53
822,31.65,30.53
119,31.65,30.53
692,31.65,30.53
286,31.65,30.53
536,31.65,30.53
410,31.65,30.53
678,31.65,30.53
741,31.65,30.53
254,31.65,30.53
787,31.65,30.53
713,31.65,30.53
780,31.65,30.53
205,31.65,30.53
505,31.65,30.53
507,31.65,30.53
558,31.65,30.53
456,31.65,30.53
604,31.65,30.53
347,31.65,30.53
707,31.65,30.53
516,31.65,30.53
630,31.65,30.53
442,31.65,30.53
246,31.65,30.53
879,31.71,30.53
243,31.71,30.53
749,31.71,30.53
430,31.71,30.53
562,31.71,30.53
412,31.71,30.53
806,31.71,30.53
328,31.71,30.53
468,31.71,30.53
648,31.71,30.53
464,31.71,30.53
619,31.71,30.53
387,31.71,30.53
562,31.71,30.53
400,31.71,30.53
561,31.71,30.53
472,31.71,30.53
698,31.71,30.53
381,31.71,30.53
630,31.71,30.53
325,31.71,30.53
722,31.71,30.53
580,31.71,30.53
750,31.71,30.45
338,31.71,30.45
523,31.71,30.45
426,31.71,30.45
414,31.71,30.45
703,31.71,30.45
157,31.71,30.45
384,31.71,30.45
207,31.71,30.45
393,31.71,30.45
416,31.71,30.45
430,31.71,30.45
552,31.71,30.45
505,31.71,30.45
396,31.71,30.45
753,31.71,30.45
576,31.71,30.45
385,31.71,30.45
665,31.71,30.45
332,31.71,30.45
483,31.71,30.45
185,31.71,30.45
612,31.71,30.45
524,31.71,30.45
425,31.71,30.45
548,31.71,30.45
615,31.71,30.45
640,31.71,30.45
299,31.71,30.45
567,31.71,30.45
422,31.71,30.45
519,31.71,30.45
372,31.71,30.45
414,31.71,30.45
510,31.71,30.45
523,31.71,30.45
592,31.63,30.45
618,31.63,30.45
430,31.63,30.45
681,31.63,30.45
412,31.63,30.45
408,31.63,30.45
804,31.63,30.45
479,31.63,30.45
754,31.63,30.45
383,31.63,30.45
833,31.63,30.45
438,31.63,30.45
592,31.63,30.45
396,31.63,30.45
676,31.63,30.45
686,31.63,30.45
569,31.63,30.45
656,31.63,30.45
482,31.63,30.45
714,31.63,30.45
524,31.63,30.45
788,31.63,30.45
561,31.63,30.45
599,31.63,30.45
444,31.63,30.39
528,31.63,30.39
235,31.63,30.39
813,31.63,30.39
366,31.63,30.39
786,31.63,30.39
537,31.63,30.39
595,31.63,30.39
606,31.63,30.39
455,31.63,30.39
851,31.63,30.39
257,31.63,30.39
879,31.63,30.39
431,31.63,30.39
879,31.63,30.39
545,31.63,30.39
458,31.63,30.39
627,31.63,30.39
417,31.63,30.39
343,31.63,30.39
574,31.63,30.39
559,31.63,30.39
455,31.63,30.39
661,31.63,30.39
261,31.63,30.39
529,31.63,30.39
167,31.63,30.39
879,31.63,30.39
265,31.63,30.39
495,31.63,30.39
415,31.63,30.39
713,31.63,30.39
140,31.63,30.39
253,31.63,30.39
624,31.63,30.39
355,31.63,30.39
677,31.69,30.39
412,31.69,30.39
709,31.69,30.39
399,31.69,30.39
336,31.69,30.39
321,31.69,30.39
680,31.69,30.39
121,31.69,30.39
733,31.69,30.39
208,31.69,30.39
697,31.69,30.39
119,31.69,30.39
482,31.69,30.39
484,31.69,30.39
298,31.69,30.39
539,31.69,30.39
413,31.69,30.39
682,31.69,30.39
118,31.69,30.39
732,31.69,30.39
557,31.69,30.39
517,31.69,30.39
342,31.69,30.39
738,31.69,30.47
581,31.69,30.47
420,31.69,30.47
405,31.69,30.47
875,31.69,30.47
366,31.69,30.47
676,31.69,30.47
684,31.69,30.47
140,31.69,30.47
503,31.69,30.47
325,31.69,30.47
879,31.69,30.47
336,31.69,30.47
487,31.69,30.47
781,31.69,30.47
352,31.69,30.47
634,31.69,30.47
647,31.69,30.47
654,31.69,30.47
530,31.69,30.47
532,31.69,30.47
687,31.69,30.47
529,31.69,30.47
328,31.69,30.47
544,31.69,30.47
470,31.69,30.47
446,31.69,30.47
309,31.69,30.47
730,31.69,30.47
425,31.69,30.47
541,31.69,30.47
671,31.69,30.47
626,31.69,30.47
774,31.69,30.47
488,31.69,30.47
799,31.69,30.47
617,31.69,30.47
388,31.69,30.47
656,31.69,30.47
631,31.69,30.47
