446,31.83,30.53
589,31.83,30.53
572,31.83,30.53
666,31.83,30.53
681,31.83,30.53
122,31.83,30.53
181,31.83,30.53
876,31.83,30.53
825,31.83,30.53
582,31.83,30.53
474,31.83,30.53
247,31.83,30.53
550,31.83,30.53
662,31.83,30.53
175,31.83,30.53
638,31.83,30.53
225,31.83,30.53
452,31.83,30.53
648,31.83,30.53
272,31.83,30.53
514,31.83,30.53
122,31.83,30.53
575,31.83,30.53
584,31.83,30.53
214,31.83,30.53
722,31.83,30.53
206,31.83,30.53
447,31.83,30.53
568,31.83,30.53
301,31.83,30.53
736,31.83,30.53
117,31.83,30.53
630,31.83,30.53
200,31.81,30.53
586,31.81,30.53
494,31.81,30.53
537,31.81,30.53
360,31.81,30.53
234,31.81,30.53
708,31.81,30.53
428,31.81,30.53
639,31.81,30.53
324,31.81,30.53
682,31.81,30.53
594,31.81,30.53
582,31.81,30.53
493,31.81,30.53
487,31.81,30.53
454,31.81,30.53
370,31.81,30.53
406,31.81,30.53
760,31.81,30.53
439,31.81,30.53
518,31.81,30.53
879,31.81,30.53
479,31.81,30.53
727,31.81,30.65
285,31.81,30.65
663,31.81,30.65
232,31.81,30.65
635,31.81,30.65
626,31.81,30.65
649,31.81,30.65
761,31.81,30.65
407,31.81,30.65
879,31.81,30.65
340,31.81,30.65
586,31.81,30.65
335,31.81,30.65
591,31.81,30.65
403,31.81,30.65
713,31.81,30.65
179,31.81,30.65
746,31.81,30.65
403,31.81,30.65
621,31.81,30.65
193,31.81,30.65
370,31.81,30.65
704,31.81,30.65
362,31.81,30.65
293,31.81,30.65
350,31.81,30.65
703,31.81,30.65
270,31.81,30.65
838,31.81,30.65
128,31.81,30.65
681,31.81,30.65
435,31.81,30.65
564,31.81,30.65
611,31.81,30.65
571,31.81,30.65
263,31.81,30.65
623,31.79,30.65
220,31.79,30.65
576,31.79,30.65
744,31.79,30.65
224,31.79,30.65
512,31.79,30.65
390,31.79,30.65
599,31.79,30.65
125,31.79,30.65
756,31.79,30.65
255,31.79,30.65
551,31.79,30.65
340,31.79,30.65
443,31.79,30.65
279,31.79,30.65
142,31.79,30.65
167,31.79,30.65
426,31.79,30.65
324,31.79,30.65
427,31.79,30.65
691,31.79,30.65
686,31.79,30.65
471,31.79,30.65
487,31.79,30.65
637,31.79,30.57
352,31.79,30.57
657,31.79,30.57
430,31.79,30.57
528,31.79,30.57
512,31.79,30.57
190,31.79,30.57
830,31.79,30.57
373,31.79,30.57
586,31.79,30.57
475,31.79,30.57
526,31.79,30.57
340,31.79,30.57
606,31.79,30.57
553,31.79,30.57
476,31.79,30.57
702,31.79,30.57
356,31.79,30.57
627,31.79,30.57
611,31.79,30.57
482,31.79,30.57
777,31.79,30.57
720,31.79,30.57
296,31.79,30.57
879,31.79,30.57
340,31.79,30.57
879,31.79,30.57
560,31.79,30.57
619,31.79,30.57
723,31.79,30.57
594,31.79,30.57
550,31.79,30.57
583,31.79,30.57
810,31.79,30.57
320,31.79,30.57
712,31.79,30.57
560,31.81,30.57
535,31.81,30.57
610,31.81,30.57
535,31.81,30.57
652,31.81,30.57
515,31.81,30.57
358,31.81,30.57
551,31.81,30.57
510,31.81,30.57
306,31.81,30.57
744,31.81,30.57
177,31.81,30.57
475,31.81,30.57
448,31.81,30.57
790,31.81,30.57
482,31.81,30.57
864,31.81,30.57
570,31.81,30.57
500,31.81,30.57
672,31.81,30.57
191,31.81,30.57
746,31.81,30.57
222,31.81,30.57
555,31.81,30.59
250,31.81,30.59
503,31.81,30.59
485,31.81,30.59
429,31.81,30.59
397,31.81,30.59
646,31.81,30.59
389,31.81,30.59
702,31.81,30.59
470,31.81,30.59
314,31.81,30.59
382,31.81,30.59
400,31.81,30.59
628,31.81,30.59
118,31.81,30.59
449,31.81,30.59
331,31.81,30.59
751,31.81,30.59
188,31.81,30.59
562,31.81,30.59
660,31.81,30.59
232,31.81,30.59
409,31.81,30.59
299,31.81,30.59
583,31.81,30.59
430,31.81,30.59
485,31.81,30.59
783,31.81,30.59
547,31.81,30.59
542,31.81,30.59
361,31.81,30.59
760,31.81,30.59
756,31.81,30.59
260,31.81,30.59
803,31.81,30.59
663,31.81,30.59
283,31.83,30.59
725,31.83,30.59
227,31.83,30.59
662,31.83,30.59
202,31.83,30.59
635,31.83,30.59
450,31.83,30.59
468,31.83,30.59
641,31.83,30.59
624,31.83,30.59
628,31.83,30.59
374,31.83,30.59
556,31.83,30.59
610,31.83,30.59
315,31.83,30.59
810,31.83,30.59
267,31.83,30.59
135,31.83,30.59
631,31.83,30.59
119,31.83,30.59
874,31.83,30.59
119,31.83,30.59
529,31.83,30.59
805,31.83,30.59
652,31.83,30.67
442,31.83,30.67
714,31.83,30.67
553,31.83,30.67
698,31.83,30.67
858,31.83,30.67
598,31.83,30.67
572,31.83,30.67
792,31.83,30.67
585,31.83,30.67
355,31.83,30.67
781,31.83,30.67
427,31.83,30.67
811,31.83,30.67
416,31.83,30.67
386,31.83,30.67
638,31.83,30.67
662,31.83,30.67
344,31.83,30.67
477,31.83,30.67
851,31.83,30.67
184,31.83,30.67
674,31.83,30.67
342,31.83,30.67
743,31.83,30.67
132,31.83,30.67
489,31.83,30.67
251,31.83,30.67
565,31.83,30.67
505,31.83,30.67
678,31.83,30.67
540,31.83,30.67
562,31.83,30.67
446,31.83,30.67
338,31.83,30.67
361,31.83,30.67
181,31.79,30.67
671,31.79,30.67
315,31.79,30.67
669,31.79,30.67
397,31.79,30.67
398,31.79,30.67
403,31.79,30.67
596,31.79,30.67
357,31.79,30.67
351,31.79,30.67
451,31.79,30.67
725,31.79,30.67
653,31.79,30.67
377,31.79,30.67
478,31.79,30.67
289,31.79,30.67
782,31.79,30.67
442,31.79,30.67
780,31.79,30.67
386,31.79,30.67
590,31.79,30.67
521,31.79,30.67
718,31.79,30.67
474,31.79,30.67
665,31.79,30.67
712,31.79,30.67
281,31.79,30.67
553,31.79,30.67
485,31.79,30.67
663,31.79,30.67
472,31.79,30.67
722,31.79,30.67
370,31.79,30.67
637,31.79,30.67
522,31.79,30.67
662,31.79,30.67
604,31.79,30.67
685,31.79,30.67
320,31.79,30.67
721,31.79,30.67
433,31.79,30.67
470,31.79,30.67
651,31.79,30.67
314,31.79,30.67
661,31.79,30.67
286,31.79,30.67
879,31.79,30.67
248,31.79,30.67
467,31.79,30.67
655,31.79,30.67
711,31.79,30.67
786,31.79,30.67
796,31.79,30.67
737,31.79,30.67
369,31.79,30.67
501,31.79,30.67
736,31.79,30.67
255,31.79,30.67
351,31.79,30.67
563,31.79,30.67
500,31.79,30.67
776,31.79,30.67
272,31.79,30.67
729,31.79,30.67
270,31.79,30.67
429,31.79,30.67
441,31.79,30.67
429,31.79,30.67
448,31.79,30.67
398,31.79,30.67
772,31.79,30.67
230,31.79,30.67
275,31.79,30.67
630,31.79,30.67
301,31.79,30.67
282,31.79,30.67
327,31.79,30.67
411,31.79,30.67
372,31.79,30.67
347,31.79,30.67
451,31.79,30.67
406,31.79,30.67
447,31.79,30.67
219,31.79,30.47
602,31.79,30.47
657,31.79,30.47
216,31.79,30.47
824,31.79,30.47
402,31.79,30.47
567,31.79,30.47
276,31.79,30.47
393,31.79,30.47
731,31.79,30.47
352,31.79,30.47
613,31.79,30.47
541,31.79,30.47
442,31.79,30.47
433,31.79,30.47
738,31.79,30.47
381,31.79,30.47
575,31.79,30.47
573,31.79,30.47
491,31.79,30.47
120,31.79,30.47
753,31.79,30.47
326,31.79,30.47
761,31.79,30.47
305,31.79,30.47
512,31.79,30.47
800,31.79,30.47
187,31.79,30.47
698,31.79,30.47
467,31.79,30.47
673,31.79,30.47
119,31.79,30.47
666,31.79,30.47
702,31.79,30.47
754,31.79,30.47
513,31.79,30.47
756,31.81,30.47
679,31.81,30.47
295,31.81,30.47
299,31.81,30.47
634,31.81,30.47
487,31.81,30.47
460,31.81,30.47
756,31.81,30.47
319,31.81,30.47
769,31.81,30.47
388,31.81,30.47
664,31.81,30.47
212,31.81,30.47
492,31.81,30.47
635,31.81,30.47
403,31.81,30.47
608,31.81,30.47
508,31.81,30.47
747,31.81,30.47
380,31.81,30.47
616,31.81,30.47
641,31.81,30.47
425,31.81,30.47
508,31.81,30.45
624,31.81,30.45
316,31.81,30.45
576,31.81,30.45
516,31.81,30.45
