516,31.71,30.57
427,31.71,30.57
124,31.71,30.57
565,31.71,30.57
516,31.71,30.57
867,31.71,30.57
593,31.71,30.57
879,31.71,30.57
293,31.71,30.57
836,31.71,30.57
669,31.71,30.57
581,31.71,30.57
769,31.71,30.57
506,31.71,30.57
590,31.71,30.57
446,31.71,30.57
497,31.71,30.57
328,31.71,30.57
799,31.71,30.57
210,31.71,30.57
736,31.71,30.57
575,31.71,30.57
581,31.71,30.57
458,31.71,30.57
775,31.71,30.57
586,31.71,30.57
560,31.71,30.57
301,31.71,30.57
414,31.71,30.57
512,31.71,30.57
531,31.71,30.57
619,31.71,30.57
379,31.71,30.57
449,31.71,30.57
519,31.71,30.57
505,31.71,30.57
187,31.71,30.57
205,31.71,30.57
595,31.71,30.57
205,31.71,30.57
406,31.71,30.57
521,31.71,30.57
676,31.71,30.45
351,31.71,30.45
509,31.71,30.45
500,31.71,30.45
381,31.71,30.45
145,31.71,30.45
599,31.71,30.45
186,31.71,30.45
572,31.71,30.45
190,31.71,30.45
682,31.71,30.45
347,31.71,30.45
591,31.71,30.45
664,31.71,30.45
700,31.71,30.45
493,31.71,30.45
537,31.71,30.45
755,31.71,30.45
300,31.71,30.45
417,31.71,30.45
550,31.71,30.45
593,31.71,30.45
448,31.71,30.45
759,31.71,30.45
130,31.71,30.45
879,31.71,30.45
172,31.71,30.45
851,31.71,30.45
253,31.71,30.45
611,31.71,30.45
676,31.71,30.45
620,31.71,30.45
877,31.71,30.45
553,31.71,30.45
878,31.71,30.45
826,31.71,30.45
572,31.71,30.45
547,31.71,30.45
610,31.71,30.45
504,31.71,30.45
519,31.71,30.45
634,31.71,30.45
447,31.71,30.45
141,31.71,30.45
739,31.71,30.45
383,31.71,30.45
448,31.71,30.45
708,31.71,30.45
422,31.71,30.45
879,31.71,30.45
205,31.71,30.45
732,31.71,30.45
422,31.71,30.45
545,31.71,30.45
667,31.71,30.45
395,31.71,30.45
147,31.71,30.45
452,31.71,30.45
645,31.71,30.45
540,31.71,30.67
345,31.71,30.67
521,31.71,30.67
492,31.71,30.67
439,31.71,30.67
263,31.71,30.67
589,31.71,30.67
472,31.71,30.67
308,31.71,30.67
649,31.71,30.67
253,31.71,30.67
635,31.71,30.67
354,31.71,30.67
397,31.71,30.67
269,31.71,30.67
118,31.71,30.67
631,31.71,30.67
330,31.71,30.67
495,31.71,30.67
397,31.71,30.67
711,31.71,30.67
396,31.71,30.67
384,31.71,30.67
424,31.71,30.67
625,31.71,30.67
377,31.71,30.67
643,31.71,30.67
286,31.71,30.67
726,31.71,30.67
297,31.71,30.67
528,31.71,30.67
543,31.71,30.67
125,31.71,30.67
487,31.71,30.67
227,31.71,30.67
667,31.71,30.67
119,31.71,30.67
524,31.71,30.67
728,31.71,30.67
423,31.71,30.67
779,31.71,30.67
773,31.71,30.67
692,31.71,30.67
577,31.71,30.67
560,31.71,30.67
642,31.71,30.67
585,31.71,30.67
528,31.71,30.67
638,31.71,30.67
239,31.71,30.67
690,31.71,30.67
241,31.71,30.67
555,31.71,30.67
418,31.71,30.67
355,31.71,30.67
718,31.71,30.67
386,31.71,30.67
710,31.71,30.67
554,31.71,30.67
880,31.71,30.67
221,31.71,30.47
645,31.71,30.47
510,31.71,30.47
544,31.71,30.47
430,31.71,30.47
645,31.71,30.47
335,31.71,30.47
392,31.71,30.47
215,31.71,30.47
791,31.71,30.47
408,31.71,30.47
523,31.71,30.47
500,31.71,30.47
626,31.71,30.47
650,31.71,30.47
413,31.71,30.47
798,31.71,30.47
442,31.71,30.47
777,31.71,30.47
703,31.71,30.47
704,31.71,30.47
686,31.71,30.47
600,31.71,30.47
681,31.71,30.47
378,31.71,30.47
324,31.71,30.47
599,31.71,30.47
547,31.71,30.47
413,31.71,30.47
401,31.71,30.47
424,31.71,30.47
763,31.71,30.47
119,31.71,30.47
572,31.71,30.47
306,31.71,30.47
471,31.71,30.47
436,31.71,30.47
550,31.71,30.47
492,31.71,30.47
218,31.71,30.47
719,31.71,30.47
123,31.71,30.47
344,31.71,30.47
493,31.71,30.47
454,31.71,30.47
467,31.71,30.47
272,31.71,30.47
638,31.71,30.47
499,31.71,30.47
481,31.71,30.47
617,31.71,30.47
493,31.71,30.47
589,31.71,30.47
330,31.71,30.47
344,31.71,30.47
498,31.71,30.47
170,31.71,30.47
483,31.71,30.47
377,31.71,30.47
344,31.71,30.47
339,31.71,30.47
283,31.71,30.47
502,31.71,30.47
181,31.71,30.47
879,31.71,30.47
415,31.71,30.47
663,31.71,30.47
605,31.71,30.47
518,31.71,30.47
741,31.71,30.47
550,31.71,30.47
352,31.71,30.47
792,31.71,30.47
523,31.71,30.47
734,31.71,30.47
719,31.71,30.47
234,31.71,30.47
784,31.71,30.47
431,31.71,30.47
764,31.71,30.47
239,31.71,30.47
878,31.71,30.47
400,31.71,30.47
728,31.71,30.47
349,31.71,30.47
517,31.71,30.47
635,31.71,30.47
742,31.71,30.47
771,31.71,30.47
506,31.71,30.47
521,31.71,30.47
489,31.71,30.47
733,31.71,30.47
493,31.71,30.47
684,31.71,30.47
313,31.75,30.47
789,31.75,30.47
126,31.75,30.47
739,31.75,30.47
263,31.75,30.47
807,31.75,30.47
288,31.75,30.47
619,31.75,30.47
444,31.75,30.47
531,31.75,30.47
695,31.75,30.47
396,31.75,30.47
622,31.75,30.47
118,31.75,30.47
729,31.75,30.47
183,31.75,30.47
664,31.75,30.47
381,31.75,30.47
382,31.75,30.47
415,31.75,30.47
836,31.75,30.47
319,31.75,30.47
671,31.75,30.47
501,31.75,30.47
545,31.75,30.51
817,31.75,30.51
118,31.75,30.51
661,31.75,30.51
224,31.75,30.51
430,31.75,30.51
193,31.75,30.51
553,31.75,30.51
324,31.75,30.51
460,31.75,30.51
349,31.75,30.51
458,31.75,30.51
654,31.75,30.51
184,31.75,30.51
393,31.75,30.51
424,31.75,30.51
353,31.75,30.51
417,31.75,30.51
508,31.75,30.51
410,31.75,30.51
482,31.75,30.51
119,31.75,30.51
516,31.75,30.51
304,31.75,30.51
440,31.75,30.51
368,31.75,30.51
482,31.75,30.51
256,31.75,30.51
340,31.75,30.51
667,31.75,30.51
382,31.75,30.51
452,31.75,30.51
428,31.75,30.51
682,31.75,30.51
492,31.75,30.51
553,31.75,30.51
625,31.69,30.51
572,31.69,30.51
295,31.69,30.51
781,31.69,30.51
317,31.69,30.51
700,31.69,30.51
818,31.69,30.51
507,31.69,30.51
703,31.69,30.51
580,31.69,30.51
662,31.69,30.51
259,31.69,30.51
411,31.69,30.51
260,31.69,30.51
593,31.69,30.51
660,31.69,30.51
239,31.69,30.51
711,31.69,30.51
312,31.69,30.51
577,31.69,30.51
339,31.69,30.51
547,31.69,30.51
554,31.69,30.51
629,31.69,30.51
530,31.69,30.45
539,31.69,30.45
633,31.69,30.45
363,31.69,30.45
335,31.69,30.45
660,31.69,30.45
499,31.69,30.45
124,31.69,30.45
879,31.69,30.45
119,31.69,30.45
878,31.69,30.45
324,31.69,30.45
762,31.69,30.45
460,31.69,30.45
430,31.69,30.45
346,31.69,30.45
344,31.69,30.45
557,31.69,30.45
317,31.69,30.45
694,31.69,30.45
313,31.69,30.45
354,31.69,30.45
708,31.69,30.45
515,31.69,30.45
517,31.69,30.45
363,31.69,30.45
147,31.69,30.45
454,31.69,30.45
118,31.69,30.45
580,31.69,30.45
504,31.69,30.45
355,31.69,30.45
374,31.69,30.45
253,31.69,30.45
526,31.69,30.45
200,31.69,30.45
879,31.69,30.45
121,31.69,30.45
702,31.69,30.45
274,31.69,30.45
380,31.69,30.45
700,31.69,30.45
395,31.69,30.45
431,31.69,30.45
462,31.69,30.45
229,31.69,30.45
645,31.69,30.45
472,31.69,30.45
494,31.69,30.45
696,31.69,30.45
217,31.69,30.45
566,31.69,30.45
148,31.69,30.45
813,31.69,30.45
473,31.69,30.45
879,31.69,30.45
324,31.69,30.45
679,31.69,30.45
479,31.69,30.45
527,31.69,30.53
781,31.69,30.53
422,31.69,30.53
718,31.69,30.53
622,31.69,30.53
424,31.69,30.53
666,31.69,30.53
745,31.69,30.53
303,31.69,30.53
703,31.69,30.53
504,31.69,30.53
816,31.69,30.53
340,31.69,30.53
548,31.69,30.53
789,31.69,30.53
691,31.69,30.53
668,31.69,30.53
302,31.69,30.53
675,31.69,30.53
118,31.69,30.53
