257,31.05,29.97
864,31.05,29.97
117,31.05,29.97
713,31.05,29.97
206,31.05,29.97
838,31.05,29.97
571,31.05,29.97
745,31.05,29.97
744,31.05,29.97
500,31.05,29.97
294,31.05,29.97
779,31.05,29.97
418,31.05,29.97
502,31.05,29.97
692,31.05,29.97
320,31.05,29.97
439,30.97,29.97
414,30.97,29.97
741,30.97,29.97
119,30.97,29.97
726,30.97,29.97
160,30.97,29.97
798,30.97,29.97
524,30.97,29.97
627,30.97,29.97
788,30.97,29.97
521,30.97,29.97
514,30.97,29.97
433,30.97,29.97
642,30.97,29.97
308,30.97,29.97
460,30.97,29.97
405,30.97,29.97
187,30.97,29.97
192,30.97,29.97
840,30.97,29.97
120,30.97,29.97
421,30.97,29.97
655,30.97,29.97
121,30.97,29.69
421,30.97,29.69
456,30.97,29.69
513,30.97,29.69
431,30.97,29.69
736,30.97,29.69
267,30.97,29.69
838,30.97,29.69
469,30.97,29.69
332,30.97,29.69
861,30.97,29.69
264,30.97,29.69
662,30.97,29.69
377,30.97,29.69
176,30.97,29.69
342,30.97,29.69
426,30.97,29.69
545,30.97,29.69
410,30.97,29.69
145,30.97,29.69
485,30.97,29.69
499,30.97,29.69
515,30.97,29.69
540,30.97,29.69
120,30.97,29.69
591,30.97,29.69
325,30.97,29.69
609,30.97,29.69
119,30.97,29.69
477,30.97,29.69
352,30.97,29.69
518,30.97,29.69
215,30.97,29.69
445,30.97,29.69
702,30.97,29.69
239,30.97,29.69
585,31.01,29.69
405,31.01,29.69
626,31.01,29.69
349,31.01,29.69
526,31.01,29.69
535,31.01,29.69
593,31.01,29.69
230,31.01,29.69
787,31.01,29.69
239,31.01,29.69
734,31.01,29.69
494,31.01,29.69
718,31.01,29.69
466,31.01,29.69
334,31.01,29.69
661,31.01,29.69
485,31.01,29.69
570,31.01,29.69
441,31.01,29.69
808,31.01,29.69
124,31.01,29.69
645,31.01,29.69
421,31.01,29.69
490,31.01,29.69
597,31.01,29.69
563,31.01,29.69
435,31.01,29.69
678,31.01,29.69
500,31.01,29.69
730,31.01,29.69
878,31.01,29.69
121,31.01,29.69
706,31.01,29.69
481,31.01,29.69
677,31.01,29.69
487,31.01,29.69
701,31.01,29.69
510,31.01,29.69
725,31.01,29.69
643,31.01,29.69
313,31.01,29.69
879,31.01,29.69
215,31.01,29.69
726,31.01,29.69
432,31.01,29.69
306,31.01,29.69
707,31.01,29.69
698,31.01,29.69
710,31.01,29.69
575,31.01,29.69
371,31.01,29.69
466,31.01,29.69
794,31.01,29.69
399,31.01,29.69
637,31.01,29.69
478,31.01,29.69
580,31.01,29.69
508,31.01,29.69
796,31.01,29.69
409,31.01,29.69
623,31.01,29.69
708,31.01,29.69
476,31.01,29.69
476,31.01,29.69
250,31.01,29.69
818,31.01,29.69
270,31.01,29.69
722,31.01,29.69
468,31.01,29.69
579,31.01,29.69
753,31.01,29.69
525,31.01,29.69
697,31.01,29.69
634,31.01,29.69
537,31.01,29.69
530,31.01,29.69
528,31.01,29.69
287,31.01,29.69
729,31.01,29.69
241,31.01,29.69
475,31.01,29.69
432,31.01,29.69
454,31.01,29.69
225,31.01,29.93
625,31.01,29.93
242,31.01,29.93
540,31.01,29.93
534,31.01,29.93
248,31.01,29.93
829,31.01,29.93
187,31.01,29.93
693,31.01,29.93
366,31.01,29.93
259,31.01,29.93
496,31.01,29.93
607,31.01,29.93
306,31.01,29.93
580,31.01,29.93
283,31.01,29.93
605,31.01,29.93
575,31.01,29.93
503,31.01,29.93
480,31.01,29.93
480,31.01,29.93
483,31.01,29.93
446,31.01,29.93
717,31.01,29.93
122,31.01,29.93
878,31.01,29.93
355,31.01,29.93
529,31.01,29.93
425,31.01,29.93
118,31.01,29.93
419,31.01,29.93
119,31.01,29.93
443,31.01,29.93
463,31.01,29.93
663,31.01,29.93
452,31.01,29.93
513,30.99,29.93
791,30.99,29.93
581,30.99,29.93
386,30.99,29.93
456,30.99,29.93
535,30.99,29.93
538,30.99,29.93
326,30.99,29.93
662,30.99,29.93
612,30.99,29.93
292,30.99,29.93
626,30.99,29.93
515,30.99,29.93
734,30.99,29.93
329,30.99,29.93
592,30.99,29.93
632,30.99,29.93
496,30.99,29.93
827,30.99,29.93
246,30.99,29.93
797,30.99,29.93
350,30.99,29.93
485,30.99,29.93
485,30.99,29.93
460,30.99,29.75
327,30.99,29.75
779,30.99,29.75
463,30.99,29.75
302,30.99,29.75
767,30.99,29.75
697,30.99,29.75
422,30.99,29.75
499,30.99,29.75
817,30.99,29.75
450,30.99,29.75
625,30.99,29.75
456,30.99,29.75
879,30.99,29.75
424,30.99,29.75
863,30.99,29.75
543,30.99,29.75
371,30.99,29.75
676,30.99,29.75
803,30.99,29.75
619,30.99,29.75
364,30.99,29.75
706,30.99,29.75
392,30.99,29.75
625,30.99,29.75
396,30.99,29.75
574,30.99,29.75
615,30.99,29.75
533,30.99,29.75
173,30.99,29.75
643,30.99,29.75
236,30.99,29.75
724,30.99,29.75
447,30.99,29.75
563,30.99,29.75
499,30.99,29.75
401,30.99,29.75
535,30.99,29.75
298,30.99,29.75
733,30.99,29.75
164,30.99,29.75
576,30.99,29.75
471,30.99,29.75
304,30.99,29.75
516,30.99,29.75
819,30.99,29.75
217,30.99,29.75
658,30.99,29.75
389,30.99,29.75
598,30.99,29.75
379,30.99,29.75
594,30.99,29.75
349,30.99,29.75
412,30.99,29.75
600,30.99,29.75
118,30.99,29.75
642,30.99,29.75
329,30.99,29.75
654,30.99,29.75
289,30.99,29.75
243,30.99,29.75
687,30.99,29.75
392,30.99,29.75
446,30.99,29.75
461,30.99,29.75
672,30.99,29.75
335,30.99,29.75
512,30.99,29.75
353,30.99,29.75
630,30.99,29.75
319,30.99,29.75
455,30.99,29.75
356,30.99,29.75
692,30.99,29.75
251,30.99,29.75
525,30.99,29.75
608,30.99,29.75
124,30.99,29.75
851,30.99,29.75
184,30.99,29.75
877,30.99,29.75
316,30.99,29.75
815,30.99,29.75
352,30.99,29.75
463,30.99,29.75
561,30.99,29.75
606,30.99,29.75
344,30.99,29.75
549,30.99,29.75
655,30.99,29.75
451,30.99,29.75
686,30.99,29.75
341,30.99,29.75
530,30.99,29.75
528,30.99,29.75
474,30.99,29.75
511,30.99,29.75
634,30.99,29.75
369,30.99,29.75
679,30.99,29.75
537,30.99,29.75
735,30.99,29.75
583,30.99,29.75
547,30.99,29.75
565,30.99,29.75
327,30.99,29.75
840,30.99,29.75
438,30.99,29.75
578,30.99,29.75
476,30.99,29.75
539,30.99,29.75
688,30.99,29.75
653,30.99,29.75
440,30.99,29.75
730,30.99,29.75
735,30.99,29.75
466,30.99,29.75
765,30.99,29.75
375,30.99,29.75
277,30.99,29.75
572,30.99,29.75
838,30.99,29.75
354,30.99,29.75
659,30.99,29.75
392,30.99,29.75
715,30.99,29.75
298,30.99,29.75
314,30.99,29.75
788,30.99,29.75
318,30.99,29.75
622,30.99,29.75
500,30.99,29.75
547,30.99,29.75
334,30.99,29.75
875,30.99,29.75
409,30.99,29.75
879,30.99,29.75
410,30.99,29.75
591,30.99,29.75
543,30.99,29.75
628,30.99,29.75
263,30.99,29.75
417,30.99,29.75
451,30.99,29.75
213,30.99,29.75
878,30.99,29.75
376,30.99,29.75
820,30.99,29.75
374,30.99,29.75
759,30.99,29.75
336,30.99,29.75
664,30.99,29.75
731,30.99,29.75
291,30.99,29.75
340,30.99,29.75
373,31.05,29.75
416,31.05,29.75
617,31.05,29.75
312,31.05,29.75
516,31.05,29.75
588,31.05,29.75
172,31.05,29.75
286,31.05,29.75
358,31.05,29.75
482,31.05,29.75
394,31.05,29.75
702,31.05,29.75
628,31.05,29.75
346,31.05,29.75
653,31.05,29.75
216,31.05,29.75
665,31.05,29.75
119,31.05,29.75
567,31.05,29.75
393,31.05,29.75
503,31.05,29.75
535,31.05,29.75
567,31.05,29.75
496,31.05,29.77
291,31.05,29.77
454,31.05,29.77
635,31.05,29.77
314,31.05,29.77
405,31.05,29.77
586,31.05,29.77
574,31.05,29.77
248,31.05,29.77
480,31.05,29.77
634,31.05,29.77
163,31.05,29.77
639,31.05,29.77
500,31.05,29.77
290,31.05,29.77
619,31.05,29.77
131,31.05,29.77
598,31.05,29.77
634,31.05,29.77
675,31.05,29.77
735,31.05,29.77
588,31.05,29.77
433,31.05,29.77
464,31.05,29.77
