285,31.43,30.33
467,31.43,30.33
331,31.43,30.33
384,31.43,30.33
129,31.43,30.33
553,31.43,30.33
383,31.43,30.33
750,31.43,30.33
588,31.43,30.33
473,31.43,30.33
605,31.43,30.33
382,31.43,30.33
866,31.43,30.33
707,31.43,30.33
347,31.43,30.33
615,31.43,30.33
661,31.43,30.33
324,31.43,30.33
387,31.43,30.33
637,31.43,30.33
380,31.43,30.33
206,31.43,30.33
616,31.43,30.33
354,31.43,30.33
406,31.43,30.33
519,31.43,30.33
216,31.43,30.33
727,31.43,30.43
279,31.43,30.43
736,31.43,30.43
674,31.43,30.43
838,31.43,30.43
536,31.43,30.43
594,31.43,30.43
539,31.43,30.43
750,31.43,30.43
543,31.43,30.43
586,31.43,30.43
485,31.43,30.43
609,31.43,30.43
704,31.43,30.43
347,31.43,30.43
747,31.43,30.43
285,31.43,30.43
719,31.43,30.43
121,31.43,30.43
592,31.43,30.43
468,31.43,30.43
630,31.43,30.43
523,31.43,30.43
475,31.43,30.43
706,31.43,30.43
528,31.43,30.43
660,31.43,30.43
447,31.43,30.43
429,31.43,30.43
430,31.43,30.43
696,31.43,30.43
491,31.43,30.43
847,31.43,30.43
360,31.43,30.43
552,31.43,30.43
250,31.43,30.43
727,31.43,30.43
413,31.43,30.43
575,31.43,30.43
732,31.43,30.43
489,31.43,30.43
780,31.43,30.43
332,31.43,30.43
487,31.43,30.43
174,31.43,30.43
609,31.43,30.43
126,31.43,30.43
308,31.43,30.43
505,31.43,30.43
424,31.43,30.43
878,31.43,30.43
521,31.43,30.43
433,31.43,30.43
517,31.43,30.43
701,31.43,30.43
323,31.43,30.43
410,31.43,30.43
551,31.43,30.43
289,31.43,30.43
335,31.43,30.17
622,31.43,30.17
350,31.43,30.17
876,31.43,30.17
271,31.43,30.17
425,31.43,30.17
686,31.43,30.17
119,31.43,30.17
678,31.43,30.17
359,31.43,30.17
575,31.43,30.17
378,31.43,30.17
493,31.43,30.17
641,31.43,30.17
539,31.43,30.17
408,31.43,30.17
668,31.43,30.17
522,31.43,30.17
458,31.43,30.17
384,31.43,30.17
726,31.43,30.17
418,31.43,30.17
244,31.43,30.17
769,31.43,30.17
224,31.43,30.17
877,31.43,30.17
332,31.43,30.17
869,31.43,30.17
375,31.43,30.17
672,31.43,30.17
663,31.43,30.17
677,31.43,30.17
745,31.43,30.17
339,31.43,30.17
511,31.43,30.17
608,31.43,30.17
505,31.43,30.17
587,31.43,30.17
574,31.43,30.17
397,31.43,30.17
776,31.43,30.17
154,31.43,30.17
879,31.43,30.17
349,31.43,30.17
853,31.43,30.17
572,31.43,30.17
710,31.43,30.17
618,31.43,30.17
500,31.43,30.17
720,31.43,30.17
575,31.43,30.17
692,31.43,30.17
366,31.43,30.17
732,31.43,30.17
460,31.43,30.17
618,31.43,30.17
400,31.43,30.17
586,31.43,30.17
362,31.43,30.17
561,31.43,30.17
244,31.43,30.25
779,31.43,30.25
538,31.43,30.25
378,31.43,30.25
606,31.43,30.25
518,31.43,30.25
764,31.43,30.25
304,31.43,30.25
523,31.43,30.25
374,31.43,30.25
620,31.43,30.25
151,31.43,30.25
402,31.43,30.25
136,31.43,30.25
347,31.43,30.25
404,31.43,30.25
262,31.43,30.25
464,31.43,30.25
683,31.43,30.25
531,31.43,30.25
566,31.43,30.25
670,31.43,30.25
160,31.43,30.25
879,31.43,30.25
118,31.43,30.25
507,31.43,30.25
191,31.43,30.25
375,31.43,30.25
266,31.43,30.25
396,31.43,30.25
422,31.43,30.25
428,31.43,30.25
498,31.43,30.25
125,31.43,30.25
644,31.43,30.25
389,31.43,30.25
463,31.47,30.25
502,31.47,30.25
558,31.47,30.25
401,31.47,30.25
612,31.47,30.25
225,31.47,30.25
582,31.47,30.25
458,31.47,30.25
479,31.47,30.25
293,31.47,30.25
500,31.47,30.25
663,31.47,30.25
258,31.47,30.25
878,31.47,30.25
118,31.47,30.25
774,31.47,30.25
454,31.47,30.25
260,31.47,30.25
659,31.47,30.25
326,31.47,30.25
653,31.47,30.25
665,31.47,30.25
460,31.47,30.25
614,31.47,30.31
685,31.47,30.31
460,31.47,30.31
543,31.47,30.31
475,31.47,30.31
399,31.47,30.31
306,31.47,30.31
566,31.47,30.31
564,31.47,30.31
632,31.47,30.31
723,31.47,30.31
574,31.47,30.31
820,31.47,30.31
392,31.47,30.31
766,31.47,30.31
465,31.47,30.31
805,31.47,30.31
500,31.47,30.31
875,31.47,30.31
604,31.47,30.31
405,31.47,30.31
548,31.47,30.31
394,31.47,30.31
707,31.47,30.31
278,31.47,30.31
428,31.47,30.31
693,31.47,30.31
255,31.47,30.31
612,31.47,30.31
736,31.47,30.31
118,31.47,30.31
689,31.47,30.31
322,31.47,30.31
511,31.47,30.31
566,31.47,30.31
586,31.47,30.31
416,31.41,30.31
124,31.41,30.31
657,31.41,30.31
280,31.41,30.31
596,31.41,30.31
129,31.41,30.31
498,31.41,30.31
706,31.41,30.31
416,31.41,30.31
350,31.41,30.31
875,31.41,30.31
575,31.41,30.31
664,31.41,30.31
651,31.41,30.31
729,31.41,30.31
419,31.41,30.31
408,31.41,30.31
590,31.41,30.31
205,31.41,30.31
697,31.41,30.31
574,31.41,30.31
608,31.41,30.31
381,31.41,30.31
571,31.41,30.29
296,31.41,30.29
641,31.41,30.29
561,31.41,30.29
411,31.41,30.29
802,31.41,30.29
643,31.41,30.29
405,31.41,30.29
734,31.41,30.29
299,31.41,30.29
481,31.41,30.29
448,31.41,30.29
218,31.41,30.29
749,31.41,30.29
508,31.41,30.29
440,31.41,30.29
532,31.41,30.29
486,31.41,30.29
692,31.41,30.29
599,31.41,30.29
650,31.41,30.29
339,31.41,30.29
676,31.41,30.29
365,31.41,30.29
612,31.41,30.29
252,31.41,30.29
703,31.41,30.29
487,31.41,30.29
621,31.41,30.29
356,31.41,30.29
714,31.41,30.29
309,31.41,30.29
585,31.41,30.29
288,31.41,30.29
665,31.41,30.29
504,31.41,30.29
486,31.41,30.29
789,31.47,30.29
549,31.47,30.29
880,31.47,30.29
245,31.47,30.29
563,31.47,30.29
240,31.47,30.29
357,31.47,30.29
433,31.47,30.29
580,31.47,30.29
582,31.47,30.29
455,31.47,30.29
371,31.47,30.29
393,31.47,30.29
478,31.47,30.29
420,31.47,30.29
513,31.47,30.29
399,31.47,30.29
337,31.47,30.29
316,31.47,30.29
631,31.47,30.29
258,31.47,30.29
701,31.47,30.29
509,31.47,30.29
321,31.47,30.29
370,31.47,30.29
126,31.47,30.29
665,31.47,30.29
322,31.47,30.29
542,31.47,30.29
379,31.47,30.29
571,31.47,30.29
319,31.47,30.29
320,31.47,30.29
679,31.47,30.29
533,31.47,30.29
836,31.47,30.29
492,31.47,30.29
481,31.47,30.29
697,31.47,30.29
512,31.47,30.29
597,31.47,30.29
737,31.47,30.29
119,31.47,30.29
626,31.47,30.29
347,31.47,30.29
645,31.47,30.29
184,31.47,30.29
564,31.47,30.29
666,31.47,30.29
251,31.47,30.29
647,31.47,30.29
358,31.47,30.29
722,31.47,30.29
428,31.47,30.29
642,31.47,30.29
533,31.47,30.29
482,31.47,30.29
593,31.47,30.29
582,31.47,30.29
262,31.41,30.29
531,31.41,30.29
298,31.41,30.29
699,31.41,30.29
129,31.41,30.29
852,31.41,30.29
542,31.41,30.29
230,31.41,30.29
756,31.41,30.29
589,31.41,30.29
875,31.41,30.29
233,31.41,30.29
674,31.41,30.29
626,31.41,30.29
749,31.41,30.29
764,31.41,30.29
313,31.41,30.29
612,31.41,30.29
740,31.41,30.29
495,31.41,30.29
659,31.41,30.29
143,31.41,30.29
507,31.41,30.29
672,31.41,30.29
334,31.41,30.19
616,31.41,30.19
120,31.41,30.19
655,31.41,30.19
169,31.41,30.19
698,31.41,30.19
733,31.41,30.19
320,31.41,30.19
370,31.41,30.19
492,31.41,30.19
354,31.41,30.19
518,31.41,30.19
592,31.41,30.19
418,31.41,30.19
161,31.41,30.19
230,31.41,30.19
254,31.41,30.19
515,31.41,30.19
669,31.41,30.19
213,31.41,30.19
800,31.41,30.19
122,31.41,30.19
645,31.41,30.19
408,31.41,30.19
445,31.41,30.19
647,31.41,30.19
179,31.41,30.19
646,31.41,30.19
454,31.41,30.19
586,31.41,30.19
519,31.41,30.19
213,31.41,30.19
618,31.41,30.19
875,31.41,30.19
