406,31.39,30.31
441,31.39,30.31
123,31.39,30.31
390,31.39,30.31
248,31.39,30.31
749,31.39,30.31
373,31.39,30.31
431,31.39,30.31
396,31.39,30.31
543,31.39,30.31
720,31.39,30.31
557,31.39,30.31
379,31.39,30.31
784,31.39,30.31
515,31.39,30.31
415,31.39,30.31
706,31.39,30.31
338,31.39,30.31
655,31.39,30.31
482,31.39,30.31
476,31.39,30.31
500,31.39,30.31
141,31.39,30.31
694,31.39,30.31
337,31.39,30.31
346,31.39,30.31
725,31.39,30.31
749,31.39,30.31
515,31.39,30.31
694,31.39,30.31
198,31.39,30.31
735,31.39,30.31
460,31.39,30.31
704,31.39,30.31
646,31.39,30.31
722,31.39,30.31
342,31.39,30.31
482,31.39,30.31
582,31.39,30.31
271,31.39,30.31
727,31.39,30.31
462,31.39,30.31
510,31.39,30.31
664,31.39,30.31
506,31.39,30.31
538,31.39,30.31
506,31.39,30.31
441,31.39,30.31
566,31.39,30.15
461,31.39,30.15
873,31.39,30.15
421,31.39,30.15
619,31.39,30.15
629,31.39,30.15
118,31.39,30.15
689,31.39,30.15
187,31.39,30.15
631,31.39,30.15
404,31.39,30.15
439,31.39,30.15
347,31.39,30.15
626,31.39,30.15
589,31.39,30.15
231,31.39,30.15
370,31.39,30.15
655,31.39,30.15
594,31.39,30.15
376,31.39,30.15
433,31.39,30.15
333,31.39,30.15
427,31.39,30.15
147,31.39,30.15
632,31.39,30.15
203,31.39,30.15
656,31.39,30.15
287,31.39,30.15
650,31.39,30.15
593,31.39,30.15
165,31.39,30.15
721,31.39,30.15
217,31.39,30.15
468,31.39,30.15
121,31.39,30.15
593,31.39,30.15
118,31.39,30.15
659,31.39,30.15
470,31.39,30.15
550,31.39,30.15
517,31.39,30.15
555,31.39,30.15
344,31.39,30.15
721,31.39,30.15
346,31.39,30.15
450,31.39,30.15
777,31.39,30.15
390,31.39,30.15
727,31.39,30.15
390,31.39,30.15
786,31.39,30.15
493,31.39,30.15
675,31.39,30.15
443,31.39,30.15
597,31.39,30.15
482,31.39,30.15
839,31.39,30.15
735,31.39,30.15
426,31.39,30.15
701,31.39,29.91
355,31.39,29.91
599,31.39,29.91
800,31.39,29.91
753,31.39,29.91
446,31.39,29.91
679,31.39,29.91
470,31.39,29.91
637,31.39,29.91
407,31.39,29.91
826,31.39,29.91
495,31.39,29.91
440,31.39,29.91
376,31.39,29.91
235,31.39,29.91
588,31.39,29.91
326,31.39,29.91
535,31.39,29.91
271,31.39,29.91
770,31.39,29.91
127,31.39,29.91
718,31.39,29.91
585,31.39,29.91
591,31.39,29.91
729,31.39,29.91
509,31.39,29.91
527,31.39,29.91
858,31.39,29.91
446,31.39,29.91
726,31.39,29.91
620,31.39,29.91
211,31.39,29.91
649,31.39,29.91
127,31.39,29.91
707,31.39,29.91
544,31.39,29.91
205,31.37,29.91
539,31.37,29.91
352,31.37,29.91
720,31.37,29.91
387,31.37,29.91
719,31.37,29.91
185,31.37,29.91
879,31.37,29.91
130,31.37,29.91
434,31.37,29.91
201,31.37,29.91
336,31.37,29.91
430,31.37,29.91
278,31.37,29.91
129,31.37,29.91
702,31.37,29.91
315,31.37,29.91
462,31.37,29.91
758,31.37,29.91
120,31.37,29.91
662,31.37,29.91
410,31.37,29.91
374,31.37,29.91
431,31.37,29.91
671,31.37,30.15
124,31.37,30.15
606,31.37,30.15
132,31.37,30.15
254,31.37,30.15
514,31.37,30.15
401,31.37,30.15
480,31.37,30.15
527,31.37,30.15
402,31.37,30.15
429,31.37,30.15
546,31.37,30.15
648,31.37,30.15
597,31.37,30.15
187,31.37,30.15
749,31.37,30.15
348,31.37,30.15
692,31.37,30.15
393,31.37,30.15
567,31.37,30.15
452,31.37,30.15
537,31.37,30.15
453,31.37,30.15
655,31.37,30.15
793,31.37,30.15
244,31.37,30.15
764,31.37,30.15
704,31.37,30.15
228,31.37,30.15
597,31.37,30.15
536,31.37,30.15
544,31.37,30.15
673,31.37,30.15
393,31.37,30.15
673,31.37,30.15
483,31.37,30.15
483,31.37,30.15
597,31.37,30.15
121,31.37,30.15
627,31.37,30.15
249,31.37,30.15
791,31.37,30.15
448,31.37,30.15
490,31.37,30.15
663,31.37,30.15
342,31.37,30.15
709,31.37,30.15
600,31.37,30.15
618,31.37,30.15
432,31.37,30.15
735,31.37,30.15
476,31.37,30.15
467,31.37,30.15
627,31.37,30.15
649,31.37,30.15
369,31.37,30.15
566,31.37,30.15
239,31.37,30.15
723,31.37,30.15
269,31.37,30.11
531,31.37,30.11
671,31.37,30.11
366,31.37,30.11
560,31.37,30.11
553,31.37,30.11
548,31.37,30.11
428,31.37,30.11
333,31.37,30.11
527,31.37,30.11
303,31.37,30.11
209,31.37,30.11
441,31.37,30.11
583,31.37,30.11
336,31.37,30.11
348,31.37,30.11
759,31.37,30.11
237,31.37,30.11
182,31.37,30.11
520,31.37,30.11
318,31.37,30.11
625,31.37,30.11
125,31.37,30.11
862,31.37,30.11
454,31.37,30.11
587,31.37,30.11
249,31.37,30.11
735,31.37,30.11
657,31.37,30.11
537,31.37,30.11
450,31.37,30.11
841,31.37,30.11
533,31.37,30.11
512,31.37,30.11
525,31.37,30.11
534,31.37,30.11
696,31.41,30.11
508,31.41,30.11
739,31.41,30.11
392,31.41,30.11
752,31.41,30.11
379,31.41,30.11
877,31.41,30.11
381,31.41,30.11
522,31.41,30.11
569,31.41,30.11
309,31.41,30.11
658,31.41,30.11
390,31.41,30.11
574,31.41,30.11
445,31.41,30.11
570,31.41,30.11
698,31.41,30.11
528,31.41,30.11
442,31.41,30.11
602,31.41,30.11
543,31.41,30.11
542,31.41,30.11
525,31.41,30.11
432,31.41,30.29
598,31.41,30.29
272,31.41,30.29
559,31.41,30.29
267,31.41,30.29
669,31.41,30.29
126,31.41,30.29
628,31.41,30.29
458,31.41,30.29
455,31.41,30.29
389,31.41,30.29
520,31.41,30.29
791,31.41,30.29
566,31.41,30.29
443,31.41,30.29
650,31.41,30.29
433,31.41,30.29
342,31.41,30.29
572,31.41,30.29
336,31.41,30.29
337,31.41,30.29
532,31.41,30.29
512,31.41,30.29
205,31.41,30.29
395,31.41,30.29
336,31.41,30.29
696,31.41,30.29
399,31.41,30.29
323,31.41,30.29
879,31.41,30.29
285,31.41,30.29
466,31.41,30.29
516,31.41,30.29
442,31.41,30.29
391,31.41,30.29
566,31.41,30.29
451,31.39,30.29
305,31.39,30.29
224,31.39,30.29
300,31.39,30.29
538,31.39,30.29
402,31.39,30.29
594,31.39,30.29
494,31.39,30.29
562,31.39,30.29
116,31.39,30.29
760,31.39,30.29
160,31.39,30.29
858,31.39,30.29
273,31.39,30.29
710,31.39,30.29
361,31.39,30.29
506,31.39,30.29
723,31.39,30.29
295,31.39,30.29
749,31.39,30.29
119,31.39,30.29
639,31.39,30.29
316,31.39,30.29
419,31.39,30.29
514,31.39,30.15
820,31.39,30.15
288,31.39,30.15
605,31.39,30.15
525,31.39,30.15
707,31.39,30.15
368,31.39,30.15
532,31.39,30.15
787,31.39,30.15
192,31.39,30.15
879,31.39,30.15
278,31.39,30.15
651,31.39,30.15
370,31.39,30.15
730,31.39,30.15
518,31.39,30.15
410,31.39,30.15
607,31.39,30.15
790,31.39,30.15
662,31.39,30.15
719,31.39,30.15
156,31.39,30.15
759,31.39,30.15
559,31.39,30.15
424,31.39,30.15
458,31.39,30.15
633,31.39,30.15
661,31.39,30.15
240,31.39,30.15
854,31.39,30.15
121,31.39,30.15
834,31.39,30.15
637,31.39,30.15
613,31.39,30.15
687,31.39,30.15
125,31.39,30.15
583,31.37,30.15
702,31.37,30.15
407,31.37,30.15
783,31.37,30.15
655,31.37,30.15
358,31.37,30.15
844,31.37,30.15
453,31.37,30.15
664,31.37,30.15
120,31.37,30.15
553,31.37,30.15
226,31.37,30.15
501,31.37,30.15
383,31.37,30.15
362,31.37,30.15
580,31.37,30.15
146,31.37,30.15
809,31.37,30.15
309,31.37,30.15
632,31.37,30.15
502,31.37,30.15
658,31.37,30.15
596,31.37,30.15
120,31.37,30.31
706,31.37,30.31
523,31.37,30.31
384,31.37,30.31
582,31.37,30.31
122,31.37,30.31
459,31.37,30.31
787,31.37,30.31
282,31.37,30.31
670,31.37,30.31
333,31.37,30.31
766,31.37,30.31
162,31.37,30.31
626,31.37,30.31
