636,31.01,29.77
681,31.01,29.77
210,31.01,29.77
488,31.01,29.77
700,31.01,29.77
362,31.01,29.77
388,31.01,29.77
878,31.01,29.77
655,31.01,29.77
628,31.01,29.77
877,31.01,29.77
441,31.01,29.77
648,31.01,29.77
399,31.01,29.77
133,31.01,29.77
601,31.01,29.77
486,31.01,29.77
501,31.01,29.77
566,31.01,29.77
637,31.01,29.77
536,31.01,29.77
762,31.01,29.77
532,31.01,29.77
618,31.01,29.77
221,31.01,29.77
613,31.01,29.77
351,31.01,29.77
794,31.01,29.77
372,31.01,29.77
227,31.01,29.77
627,31.01,29.77
121,31.01,29.77
656,31.01,29.77
313,31.01,29.77
526,31.01,29.77
507,31.01,29.77
759,31.01,29.77
353,31.01,29.77
459,31.01,29.77
276,31.01,29.77
344,31.01,29.77
377,31.01,29.77
615,31.01,29.77
511,31.01,29.77
379,31.01,29.77
363,31.01,29.77
598,31.01,29.77
732,31.01,29.77
308,31.01,29.77
756,31.01,29.77
288,31.01,29.77
557,31.01,29.77
523,31.01,29.77
378,31.01,29.77
756,31.01,29.77
304,31.01,29.77
725,31.01,29.89
264,31.01,29.89
763,31.01,29.89
363,31.01,29.89
782,31.01,29.89
441,31.01,29.89
438,31.01,29.89
705,31.01,29.89
378,31.01,29.89
501,31.01,29.89
152,31.01,29.89
541,31.01,29.89
338,31.01,29.89
634,31.01,29.89
422,31.01,29.89
750,31.01,29.89
539,31.01,29.89
735,31.01,29.89
304,31.01,29.89
736,31.01,29.89
488,31.01,29.89
506,31.01,29.89
702,31.01,29.89
501,31.01,29.89
558,31.01,29.89
229,31.01,29.89
667,31.01,29.89
280,31.01,29.89
745,31.01,29.89
118,31.01,29.89
660,31.01,29.89
398,31.01,29.89
475,31.01,29.89
661,31.01,29.89
634,31.01,29.89
516,31.01,29.89
396,30.99,29.89
496,30.99,29.89
465,30.99,29.89
520,30.99,29.89
202,30.99,29.89
775,30.99,29.89
279,30.99,29.89
795,30.99,29.89
309,30.99,29.89
703,30.99,29.89
367,30.99,29.89
547,30.99,29.89
727,30.99,29.89
346,30.99,29.89
632,30.99,29.89
316,30.99,29.89
879,30.99,29.89
191,30.99,29.89
524,30.99,29.89
409,30.99,29.89
745,30.99,29.89
444,30.99,29.89
748,30.99,29.89
532,30.99,29.89
372,30.99,29.69
587,30.99,29.69
478,30.99,29.69
788,30.99,29.69
296,30.99,29.69
495,30.99,29.69
397,30.99,29.69
723,30.99,29.69
330,30.99,29.69
803,30.99,29.69
314,30.99,29.69
616,30.99,29.69
641,30.99,29.69
354,30.99,29.69
635,30.99,29.69
354,30.99,29.69
716,30.99,29.69
208,30.99,29.69
527,30.99,29.69
533,30.99,29.69
674,30.99,29.69
793,30.99,29.69
523,30.99,29.69
418,30.99,29.69
551,30.99,29.69
478,30.99,29.69
579,30.99,29.69
634,30.99,29.69
735,30.99,29.69
604,30.99,29.69
654,30.99,29.69
619,30.99,29.69
318,30.99,29.69
732,30.99,29.69
329,30.99,29.69
383,30.99,29.69
644,30.97,29.69
279,30.97,29.69
709,30.97,29.69
121,30.97,29.69
812,30.97,29.69
876,30.97,29.69
284,30.97,29.69
765,30.97,29.69
267,30.97,29.69
738,30.97,29.69
333,30.97,29.69
249,30.97,29.69
525,30.97,29.69
297,30.97,29.69
140,30.97,29.69
534,30.97,29.69
430,30.97,29.69
480,30.97,29.69
372,30.97,29.69
674,30.97,29.69
123,30.97,29.69
675,30.97,29.69
336,30.97,29.69
572,30.97,29.89
878,30.97,29.89
120,30.97,29.89
878,30.97,29.89
123,30.97,29.89
672,30.97,29.89
492,30.97,29.89
282,30.97,29.89
179,30.97,29.89
465,30.97,29.89
440,30.97,29.89
658,30.97,29.89
451,30.97,29.89
581,30.97,29.89
143,30.97,29.89
612,30.97,29.89
310,30.97,29.89
411,30.97,29.89
668,30.97,29.89
298,30.97,29.89
879,30.97,29.89
138,30.97,29.89
752,30.97,29.89
308,30.97,29.89
814,30.97,29.89
270,30.97,29.89
418,30.97,29.89
496,30.97,29.89
418,30.97,29.89
536,30.97,29.89
760,30.97,29.89
644,30.97,29.89
429,30.97,29.89
403,30.97,29.89
422,30.97,29.89
879,30.97,29.89
123,30.99,29.89
876,30.99,29.89
220,30.99,29.89
717,30.99,29.89
122,30.99,29.89
709,30.99,29.89
613,30.99,29.89
499,30.99,29.89
786,30.99,29.89
345,30.99,29.89
875,30.99,29.89
121,30.99,29.89
867,30.99,29.89
751,30.99,29.89
162,30.99,29.89
631,30.99,29.89
331,30.99,29.89
572,30.99,29.89
642,30.99,29.89
393,30.99,29.89
552,30.99,29.89
299,30.99,29.89
546,30.99,29.89
844,30.99,29.89
312,30.99,29.75
785,30.99,29.75
578,30.99,29.75
871,30.99,29.75
284,30.99,29.75
705,30.99,29.75
839,30.99,29.75
609,30.99,29.75
608,30.99,29.75
565,30.99,29.75
878,30.99,29.75
266,30.99,29.75
685,30.99,29.75
501,30.99,29.75
601,30.99,29.75
122,30.99,29.75
741,30.99,29.75
686,30.99,29.75
390,30.99,29.75
779,30.99,29.75
489,30.99,29.75
525,30.99,29.75
389,30.99,29.75
510,30.99,29.75
480,30.99,29.75
633,30.99,29.75
393,30.99,29.75
816,30.99,29.75
397,30.99,29.75
846,30.99,29.75
376,30.99,29.75
722,30.99,29.75
320,30.99,29.75
359,30.99,29.75
488,30.99,29.75
188,30.99,29.75
822,30.99,29.75
399,30.99,29.75
711,30.99,29.75
257,30.99,29.75
507,30.99,29.75
493,30.99,29.75
562,30.99,29.75
324,30.99,29.75
808,30.99,29.75
506,30.99,29.75
602,30.99,29.75
216,30.99,29.75
366,30.99,29.75
231,30.99,29.75
370,30.99,29.75
463,30.99,29.75
137,30.99,29.75
818,30.99,29.75
118,30.99,29.75
538,30.99,29.75
538,30.99,29.75
394,30.99,29.75
638,30.99,29.75
374,30.99,29.89
544,30.99,29.89
440,30.99,29.89
423,30.99,29.89
123,30.99,29.89
664,30.99,29.89
308,30.99,29.89
330,30.99,29.89
453,30.99,29.89
820,30.99,29.89
586,30.99,29.89
478,30.99,29.89
614,30.99,29.89
586,30.99,29.89
539,30.99,29.89
423,30.99,29.89
516,30.99,29.89
299,30.99,29.89
766,30.99,29.89
249,30.99,29.89
782,30.99,29.89
430,30.99,29.89
375,30.99,29.89
608,30.99,29.89
470,30.99,29.89
431,30.99,29.89
426,30.99,29.89
406,30.99,29.89
420,30.99,29.89
434,30.99,29.89
623,30.99,29.89
564,30.99,29.89
495,30.99,29.89
502,30.99,29.89
640,30.99,29.89
505,30.99,29.89
427,31.01,29.89
688,31.01,29.89
578,31.01,29.89
878,31.01,29.89
552,31.01,29.89
367,31.01,29.89
633,31.01,29.89
129,31.01,29.89
877,31.01,29.89
384,31.01,29.89
381,31.01,29.89
497,31.01,29.89
744,31.01,29.89
531,31.01,29.89
623,31.01,29.89
631,31.01,29.89
672,31.01,29.89
576,31.01,29.89
718,31.01,29.89
397,31.01,29.89
542,31.01,29.89
614,31.01,29.89
683,31.01,29.89
705,31.01,29.89
480,31.01,29.83
700,31.01,29.83
411,31.01,29.83
482,31.01,29.83
347,31.01,29.83
697,31.01,29.83
645,31.01,29.83
145,31.01,29.83
803,31.01,29.83
543,31.01,29.83
521,31.01,29.83
462,31.01,29.83
545,31.01,29.83
480,31.01,29.83
376,31.01,29.83
461,31.01,29.83
685,31.01,29.83
542,31.01,29.83
603,31.01,29.83
430,31.01,29.83
546,31.01,29.83
226,31.01,29.83
582,31.01,29.83
549,31.01,29.83
558,31.01,29.83
462,31.01,29.83
402,31.01,29.83
824,31.01,29.83
454,31.01,29.83
434,31.01,29.83
623,31.01,29.83
218,31.01,29.83
738,31.01,29.83
312,31.01,29.83
431,31.01,29.83
263,31.01,29.83
305,31.01,29.83
539,31.01,29.83
575,31.01,29.83
425,31.01,29.83
470,31.01,29.83
833,31.01,29.83
258,31.01,29.83
578,31.01,29.83
455,31.01,29.83
451,31.01,29.83
431,31.01,29.83
465,31.01,29.83
153,31.01,29.83
876,31.01,29.83
236,31.01,29.83
654,31.01,29.83
447,31.01,29.83
582,31.01,29.83
340,31.01,29.83
491,31.01,29.83
580,31.01,29.83
656,31.01,29.83
738,31.01,29.83
438,31.01,29.83
652,31.01,29.65
507,31.01,29.65
465,31.01,29.65
287,31.01,29.65
627,31.01,29.65
