526,31.41,30.05
454,31.41,30.05
225,31.41,30.05
448,31.41,30.05
222,31.41,30.05
270,31.41,30.05
877,31.41,30.05
749,31.41,30.05
594,31.41,30.05
515,31.41,30.05
877,31.41,30.31
445,31.41,30.31
837,31.41,30.31
648,31.41,30.31
772,31.41,30.31
499,31.41,30.31
589,31.41,30.31
477,31.41,30.31
508,31.41,30.31
600,31.41,30.31
406,31.41,30.31
601,31.41,30.31
702,31.41,30.31
799,31.41,30.31
434,31.41,30.31
543,31.41,30.31
509,31.41,30.31
659,31.41,30.31
522,31.41,30.31
629,31.41,30.31
491,31.41,30.31
400,31.41,30.31
615,31.41,30.31
258,31.41,30.31
602,31.41,30.31
169,31.41,30.31
702,31.41,30.31
512,31.41,30.31
476,31.41,30.31
485,31.41,30.31
389,31.41,30.31
433,31.41,30.31
487,31.41,30.31
748,31.41,30.31
317,31.41,30.31
578,31.41,30.31
592,31.41,30.31
755,31.41,30.31
661,31.41,30.31
520,31.41,30.31
537,31.41,30.31
707,31.41,30.31
135,31.41,30.31
879,31.41,30.31
385,31.41,30.31
293,31.41,30.31
364,31.41,30.31
410,31.41,30.31
616,31.41,30.31
119,31.41,30.31
879,31.41,30.31
122,31.41,30.31
791,31.41,30.31
333,31.41,30.31
763,31.41,30.31
501,31.41,30.31
459,31.41,30.31
122,31.41,30.31
697,31.41,30.31
120,31.41,30.31
555,31.41,30.09
133,31.41,30.09
418,31.41,30.09
495,31.41,30.09
120,31.41,30.09
863,31.41,30.09
118,31.41,30.09
455,31.41,30.09
526,31.41,30.09
575,31.41,30.09
211,31.41,30.09
638,31.41,30.09
450,31.41,30.09
426,31.41,30.09
504,31.41,30.09
458,31.41,30.09
525,31.41,30.09
484,31.41,30.09
402,31.41,30.09
248,31.41,30.09
582,31.41,30.09
313,31.41,30.09
600,31.41,30.09
501,31.41,30.09
418,31.41,30.09
470,31.41,30.09
700,31.41,30.09
466,31.41,30.09
354,31.41,30.09
879,31.41,30.09
420,31.41,30.09
755,31.41,30.09
328,31.41,30.09
709,31.41,30.09
273,31.41,30.09
725,31.41,30.09
511,31.41,30.09
749,31.41,30.09
388,31.41,30.09
418,31.41,30.09
535,31.41,30.09
437,31.41,30.09
494,31.41,30.09
567,31.41,30.09
624,31.41,30.09
361,31.41,30.09
792,31.41,30.09
274,31.41,30.09
797,31.41,30.09
362,31.41,30.09
632,31.41,30.09
496,31.41,30.09
558,31.41,30.09
449,31.41,30.09
562,31.41,30.09
469,31.41,30.09
383,31.41,30.09
657,31.41,30.09
124,31.41,30.09
633,31.41,30.09
461,31.41,30.05
733,31.41,30.05
683,31.41,30.05
522,31.41,30.05
608,31.41,30.05
782,31.41,30.05
208,31.41,30.05
742,31.41,30.05
505,31.41,30.05
593,31.41,30.05
539,31.41,30.05
326,31.41,30.05
675,31.41,30.05
445,31.41,30.05
659,31.41,30.05
453,31.41,30.05
671,31.41,30.05
508,31.41,30.05
449,31.41,30.05
542,31.41,30.05
529,31.41,30.05
712,31.41,30.05
470,31.41,30.05
661,31.41,30.05
439,31.41,30.05
591,31.41,30.05
540,31.41,30.05
359,31.41,30.05
311,31.41,30.05
348,31.41,30.05
451,31.41,30.05
617,31.41,30.05
723,31.41,30.05
565,31.41,30.05
667,31.41,30.05
466,31.41,30.05
811,31.41,30.05
123,31.41,30.05
862,31.41,30.05
491,31.41,30.05
677,31.41,30.05
159,31.41,30.05
878,31.41,30.05
579,31.41,30.05
426,31.41,30.05
436,31.41,30.05
311,31.41,30.05
742,31.41,30.05
121,31.41,30.05
685,31.41,30.05
322,31.41,30.05
431,31.41,30.05
192,31.41,30.05
548,31.41,30.05
122,31.41,30.05
878,31.41,30.05
604,31.41,30.05
697,31.41,30.05
119,31.41,30.05
351,31.41,30.19
415,31.41,30.19
203,31.41,30.19
423,31.41,30.19
781,31.41,30.19
719,31.41,30.19
118,31.41,30.19
536,31.41,30.19
635,31.41,30.19
483,31.41,30.19
610,31.41,30.19
513,31.41,30.19
417,31.41,30.19
375,31.41,30.19
120,31.41,30.19
682,31.41,30.19
477,31.41,30.19
326,31.41,30.19
699,31.41,30.19
282,31.41,30.19
635,31.41,30.19
509,31.41,30.19
786,31.41,30.19
462,31.41,30.19
337,31.41,30.19
706,31.41,30.19
546,31.41,30.19
148,31.41,30.19
610,31.41,30.19
658,31.41,30.19
517,31.41,30.19
353,31.41,30.19
867,31.41,30.19
532,31.41,30.19
415,31.41,30.19
681,31.41,30.19
445,31.41,30.19
734,31.41,30.19
313,31.41,30.19
757,31.41,30.19
624,31.41,30.19
460,31.41,30.19
558,31.41,30.19
580,31.41,30.19
720,31.41,30.19
321,31.41,30.19
764,31.41,30.19
755,31.41,30.19
417,31.41,30.19
422,31.41,30.19
625,31.41,30.19
526,31.41,30.19
338,31.41,30.19
630,31.41,30.19
323,31.41,30.19
550,31.41,30.19
570,31.41,30.19
562,31.41,30.19
590,31.41,30.19
690,31.41,30.19
447,31.41,30.15
879,31.41,30.15
247,31.41,30.15
766,31.41,30.15
400,31.41,30.15
434,31.41,30.15
390,31.41,30.15
389,31.41,30.15
682,31.41,30.15
121,31.41,30.15
599,31.41,30.15
415,31.41,30.15
567,31.41,30.15
292,31.41,30.15
550,31.41,30.15
249,31.41,30.15
278,31.41,30.15
468,31.41,30.15
537,31.41,30.15
184,31.41,30.15
648,31.41,30.15
306,31.41,30.15
671,31.41,30.15
198,31.41,30.15
336,31.41,30.15
732,31.41,30.15
218,31.41,30.15
753,31.41,30.15
451,31.41,30.15
167,31.41,30.15
545,31.41,30.15
652,31.41,30.15
558,31.41,30.15
308,31.41,30.15
633,31.41,30.15
256,31.41,30.15
512,31.47,30.15
226,31.47,30.15
612,31.47,30.15
465,31.47,30.15
536,31.47,30.15
405,31.47,30.15
660,31.47,30.15
154,31.47,30.15
758,31.47,30.15
286,31.47,30.15
727,31.47,30.15
308,31.47,30.15
704,31.47,30.15
667,31.47,30.15
318,31.47,30.15
823,31.47,30.15
475,31.47,30.15
742,31.47,30.15
388,31.47,30.15
860,31.47,30.15
394,31.47,30.15
659,31.47,30.15
647,31.47,30.15
687,31.47,30.23
621,31.47,30.23
780,31.47,30.23
451,31.47,30.23
631,31.47,30.23
422,31.47,30.23
606,31.47,30.23
660,31.47,30.23
391,31.47,30.23
857,31.47,30.23
330,31.47,30.23
879,31.47,30.23
121,31.47,30.23
811,31.47,30.23
699,31.47,30.23
598,31.47,30.23
295,31.47,30.23
876,31.47,30.23
465,31.47,30.23
360,31.47,30.23
503,31.47,30.23
554,31.47,30.23
336,31.47,30.23
478,31.47,30.23
681,31.47,30.23
344,31.47,30.23
447,31.47,30.23
387,31.47,30.23
837,31.47,30.23
125,31.47,30.23
529,31.47,30.23
550,31.47,30.23
437,31.47,30.23
217,31.47,30.23
361,31.47,30.23
639,31.47,30.23
340,31.39,30.23
279,31.39,30.23
533,31.39,30.23
479,31.39,30.23
434,31.39,30.23
585,31.39,30.23
517,31.39,30.23
246,31.39,30.23
369,31.39,30.23
506,31.39,30.23
238,31.39,30.23
331,31.39,30.23
318,31.39,30.23
342,31.39,30.23
335,31.39,30.23
283,31.39,30.23
383,31.39,30.23
187,31.39,30.23
516,31.39,30.23
403,31.39,30.23
536,31.39,30.23
537,31.39,30.23
303,31.39,30.23
657,31.39,30.23
722,31.39,30.15
299,31.39,30.15
675,31.39,30.15
605,31.39,30.15
484,31.39,30.15
391,31.39,30.15
497,31.39,30.15
506,31.39,30.15
550,31.39,30.15
600,31.39,30.15
314,31.39,30.15
220,31.39,30.15
432,31.39,30.15
520,31.39,30.15
795,31.39,30.15
258,31.39,30.15
859,31.39,30.15
498,31.39,30.15
551,31.39,30.15
383,31.39,30.15
715,31.39,30.15
704,31.39,30.15
628,31.39,30.15
522,31.39,30.15
679,31.39,30.15
316,31.39,30.15
714,31.39,30.15
536,31.39,30.15
325,31.39,30.15
556,31.39,30.15
463,31.39,30.15
637,31.39,30.15
399,31.39,30.15
735,31.39,30.15
398,31.39,30.15
693,31.39,30.15
472,31.41,30.15
673,31.41,30.15
761,31.41,30.15
322,31.41,30.15
690,31.41,30.15
412,31.41,30.15
278,31.41,30.15
404,31.41,30.15
661,31.41,30.15
346,31.41,30.15
596,31.41,30.15
175,31.41,30.15
583,31.41,30.15
135,31.41,30.15
415,31.41,30.15
