488,30.63,29.39
153,30.63,29.39
502,30.63,29.39
120,30.63,29.39
647,30.63,29.39
873,30.63,29.37
709,30.63,29.37
405,30.63,29.37
779,30.63,29.37
586,30.63,29.37
746,30.63,29.37
561,30.63,29.37
647,30.63,29.37
470,30.63,29.37
336,30.63,29.37
609,30.63,29.37
318,30.63,29.37
845,30.63,29.37
368,30.63,29.37
776,30.63,29.37
281,30.63,29.37
319,30.63,29.37
122,30.63,29.37
649,30.63,29.37
622,30.63,29.37
647,30.63,29.37
718,30.63,29.37
389,30.63,29.37
638,30.63,29.37
656,30.63,29.37
412,30.63,29.37
590,30.63,29.37
490,30.63,29.37
333,30.63,29.37
552,30.63,29.37
118,30.63,29.37
860,30.63,29.37
438,30.63,29.37
595,30.63,29.37
640,30.63,29.37
485,30.63,29.37
558,30.63,29.37
445,30.63,29.37
519,30.63,29.37
517,30.63,29.37
693,30.63,29.37
417,30.63,29.37
820,30.63,29.37
633,30.63,29.37
585,30.63,29.37
789,30.63,29.37
631,30.63,29.37
284,30.63,29.37
715,30.63,29.37
460,30.63,29.37
439,30.63,29.37
875,30.63,29.37
380,30.63,29.37
598,30.63,29.37
593,30.63,29.37
691,30.63,29.37
287,30.63,29.37
629,30.63,29.37
253,30.63,29.37
719,30.63,29.57
702,30.63,29.57
455,30.63,29.57
784,30.63,29.57
440,30.63,29.57
527,30.63,29.57
407,30.63,29.57
242,30.63,29.57
523,30.63,29.57
679,30.63,29.57
257,30.63,29.57
271,30.63,29.57
295,30.63,29.57
673,30.63,29.57
446,30.63,29.57
611,30.63,29.57
335,30.63,29.57
297,30.63,29.57
623,30.63,29.57
121,30.63,29.57
721,30.63,29.57
545,30.63,29.57
609,30.63,29.57
526,30.63,29.57
722,30.63,29.57
266,30.63,29.57
661,30.63,29.57
550,30.63,29.57
483,30.63,29.57
450,30.63,29.57
439,30.63,29.57
487,30.63,29.57
559,30.63,29.57
578,30.63,29.57
632,30.63,29.57
638,30.63,29.57
253,30.61,29.57
758,30.61,29.57
294,30.61,29.57
665,30.61,29.57
421,30.61,29.57
727,30.61,29.57
562,30.61,29.57
287,30.61,29.57
502,30.61,29.57
687,30.61,29.57
654,30.61,29.57
343,30.61,29.57
873,30.61,29.57
533,30.61,29.57
816,30.61,29.57
549,30.61,29.57
837,30.61,29.57
118,30.61,29.57
874,30.61,29.57
223,30.61,29.57
688,30.61,29.57
269,30.61,29.57
595,30.61,29.57
450,30.61,29.57
366,30.61,29.43
405,30.61,29.43
443,30.61,29.43
692,30.61,29.43
169,30.61,29.43
507,30.61,29.43
536,30.61,29.43
860,30.61,29.43
428,30.61,29.43
660,30.61,29.43
539,30.61,29.43
511,30.61,29.43
212,30.61,29.43
463,30.61,29.43
383,30.61,29.43
554,30.61,29.43
415,30.61,29.43
327,30.61,29.43
868,30.61,29.43
285,30.61,29.43
720,30.61,29.43
495,30.61,29.43
526,30.61,29.43
480,30.61,29.43
558,30.61,29.43
544,30.61,29.43
551,30.61,29.43
535,30.61,29.43
324,30.61,29.43
272,30.61,29.43
120,30.61,29.43
375,30.61,29.43
389,30.61,29.43
283,30.61,29.43
460,30.61,29.43
457,30.61,29.43
309,30.63,29.43
788,30.63,29.43
446,30.63,29.43
694,30.63,29.43
425,30.63,29.43
211,30.63,29.43
479,30.63,29.43
147,30.63,29.43
407,30.63,29.43
368,30.63,29.43
240,30.63,29.43
357,30.63,29.43
456,30.63,29.43
713,30.63,29.43
510,30.63,29.43
373,30.63,29.43
403,30.63,29.43
709,30.63,29.43
470,30.63,29.43
564,30.63,29.43
643,30.63,29.43
696,30.63,29.43
397,30.63,29.43
511,30.63,29.39
331,30.63,29.39
734,30.63,29.39
331,30.63,29.39
789,30.63,29.39
820,30.63,29.39
207,30.63,29.39
554,30.63,29.39
414,30.63,29.39
878,30.63,29.39
119,30.63,29.39
581,30.63,29.39
193,30.63,29.39
523,30.63,29.39
634,30.63,29.39
742,30.63,29.39
491,30.63,29.39
620,30.63,29.39
715,30.63,29.39
565,30.63,29.39
439,30.63,29.39
615,30.63,29.39
544,30.63,29.39
537,30.63,29.39
640,30.63,29.39
261,30.63,29.39
879,30.63,29.39
149,30.63,29.39
779,30.63,29.39
584,30.63,29.39
401,30.63,29.39
604,30.63,29.39
398,30.63,29.39
646,30.63,29.39
693,30.63,29.39
439,30.63,29.39
604,30.61,29.39
535,30.61,29.39
549,30.61,29.39
472,30.61,29.39
264,30.61,29.39
709,30.61,29.39
118,30.61,29.39
765,30.61,29.39
573,30.61,29.39
450,30.61,29.39
350,30.61,29.39
860,30.61,29.39
232,30.61,29.39
508,30.61,29.39
646,30.61,29.39
255,30.61,29.39
834,30.61,29.39
381,30.61,29.39
330,30.61,29.39
573,30.61,29.39
623,30.61,29.39
199,30.61,29.39
775,30.61,29.39
260,30.61,29.39
456,30.61,29.45
580,30.61,29.45
403,30.61,29.45
247,30.61,29.45
561,30.61,29.45
677,30.61,29.45
301,30.61,29.45
586,30.61,29.45
228,30.61,29.45
743,30.61,29.45
119,30.61,29.45
750,30.61,29.45
215,30.61,29.45
402,30.61,29.45
345,30.61,29.45
447,30.61,29.45
381,30.61,29.45
675,30.61,29.45
380,30.61,29.45
676,30.61,29.45
360,30.61,29.45
375,30.61,29.45
646,30.61,29.45
559,30.61,29.45
651,30.61,29.45
637,30.61,29.45
804,30.61,29.45
121,30.61,29.45
877,30.61,29.45
391,30.61,29.45
383,30.61,29.45
425,30.61,29.45
604,30.61,29.45
638,30.61,29.45
476,30.61,29.45
612,30.61,29.45
441,30.61,29.45
788,30.61,29.45
364,30.61,29.45
474,30.61,29.45
338,30.61,29.45
741,30.61,29.45
191,30.61,29.45
870,30.61,29.45
122,30.61,29.45
792,30.61,29.45
377,30.61,29.45
536,30.61,29.45
370,30.61,29.45
310,30.61,29.45
543,30.61,29.45
438,30.61,29.45
697,30.61,29.45
371,30.61,29.45
730,30.61,29.45
707,30.61,29.45
600,30.61,29.45
429,30.61,29.45
554,30.61,29.45
502,30.61,29.43
519,30.61,29.43
193,30.61,29.43
548,30.61,29.43
686,30.61,29.43
119,30.61,29.43
735,30.61,29.43
300,30.61,29.43
520,30.61,29.43
244,30.61,29.43
476,30.61,29.43
570,30.61,29.43
703,30.61,29.43
197,30.61,29.43
468,30.61,29.43
691,30.61,29.43
121,30.61,29.43
664,30.61,29.43
123,30.61,29.43
269,30.61,29.43
245,30.61,29.43
231,30.61,29.43
453,30.61,29.43
496,30.61,29.43
442,30.61,29.43
570,30.61,29.43
330,30.61,29.43
241,30.61,29.43
726,30.61,29.43
119,30.61,29.43
596,30.61,29.43
361,30.61,29.43
696,30.61,29.43
446,30.61,29.43
693,30.61,29.43
447,30.61,29.43
611,30.61,29.43
312,30.61,29.43
283,30.61,29.43
543,30.61,29.43
229,30.61,29.43
361,30.61,29.43
365,30.61,29.43
550,30.61,29.43
207,30.61,29.43
719,30.61,29.43
517,30.61,29.43
841,30.61,29.43
137,30.61,29.43
739,30.61,29.43
382,30.61,29.43
878,30.61,29.43
307,30.61,29.43
819,30.61,29.43
598,30.61,29.43
283,30.61,29.43
725,30.61,29.43
301,30.61,29.43
813,30.61,29.43
374,30.61,29.43
630,30.61,29.29
193,30.61,29.29
527,30.61,29.29
496,30.61,29.29
632,30.61,29.29
445,30.61,29.29
672,30.61,29.29
448,30.61,29.29
613,30.61,29.29
615,30.61,29.29
794,30.61,29.29
720,30.61,29.29
293,30.61,29.29
877,30.61,29.29
205,30.61,29.29
794,30.61,29.29
202,30.61,29.29
877,30.61,29.29
347,30.61,29.29
582,30.61,29.29
543,30.61,29.29
522,30.61,29.29
583,30.61,29.29
581,30.61,29.29
518,30.61,29.29
120,30.61,29.29
541,30.61,29.29
653,30.61,29.29
584,30.61,29.29
341,30.61,29.29
660,30.61,29.29
284,30.61,29.29
757,30.61,29.29
161,30.61,29.29
662,30.61,29.29
735,30.61,29.29
372,30.61,29.29
378,30.61,29.29
484,30.61,29.29
621,30.61,29.29
192,30.61,29.29
607,30.61,29.29
207,30.61,29.29
478,30.61,29.29
371,30.61,29.29
492,30.61,29.29
389,30.61,29.29
425,30.61,29.29
668,30.61,29.29
208,30.61,29.29
218,30.61,29.29
462,30.61,29.29
480,30.61,29.29
609,30.61,29.29
608,30.61,29.29
232,30.61,29.29
690,30.61,29.29
