666,31.49,30.23
512,31.49,30.23
500,31.49,30.23
371,31.49,30.23
627,31.49,30.23
560,31.49,30.23
764,31.49,30.23
436,31.49,30.23
585,31.49,30.23
382,31.49,30.23
764,31.49,30.23
613,31.49,30.23
708,31.49,30.23
745,31.49,30.23
440,31.49,30.23
747,31.49,30.23
290,31.49,30.23
778,31.49,30.23
154,31.49,30.23
697,31.49,30.23
506,31.49,30.23
671,31.49,30.23
301,31.49,30.23
519,31.49,30.23
327,31.49,30.23
736,31.49,30.23
451,31.47,30.23
473,31.47,30.23
661,31.47,30.23
564,31.47,30.23
392,31.47,30.23
400,31.47,30.23
617,31.47,30.23
291,31.47,30.23
539,31.47,30.23
432,31.47,30.23
347,31.47,30.23
393,31.47,30.23
428,31.47,30.23
577,31.47,30.23
503,31.47,30.23
293,31.47,30.23
439,31.47,30.23
673,31.47,30.23
267,31.47,30.23
351,31.47,30.23
694,31.47,30.23
529,31.47,30.23
236,31.47,30.23
606,31.47,30.17
546,31.47,30.17
552,31.47,30.17
267,31.47,30.17
691,31.47,30.17
123,31.47,30.17
436,31.47,30.17
773,31.47,30.17
369,31.47,30.17
394,31.47,30.17
402,31.47,30.17
393,31.47,30.17
580,31.47,30.17
443,31.47,30.17
641,31.47,30.17
746,31.47,30.17
445,31.47,30.17
609,31.47,30.17
384,31.47,30.17
658,31.47,30.17
539,31.47,30.17
629,31.47,30.17
499,31.47,30.17
164,31.47,30.17
648,31.47,30.17
410,31.47,30.17
340,31.47,30.17
373,31.47,30.17
658,31.47,30.17
420,31.47,30.17
610,31.47,30.17
663,31.47,30.17
643,31.47,30.17
611,31.47,30.17
372,31.47,30.17
651,31.47,30.17
429,31.47,30.17
402,31.47,30.17
641,31.47,30.17
753,31.47,30.17
321,31.47,30.17
620,31.47,30.17
472,31.47,30.17
818,31.47,30.17
452,31.47,30.17
596,31.47,30.17
284,31.47,30.17
589,31.47,30.17
605,31.47,30.17
464,31.47,30.17
764,31.47,30.17
443,31.47,30.17
878,31.47,30.17
546,31.47,30.17
333,31.47,30.17
671,31.47,30.17
369,31.47,30.17
373,31.47,30.17
489,31.47,30.17
341,31.47,30.17
659,31.47,30.23
403,31.47,30.23
554,31.47,30.23
683,31.47,30.23
485,31.47,30.23
639,31.47,30.23
298,31.47,30.23
545,31.47,30.23
118,31.47,30.23
785,31.47,30.23
312,31.47,30.23
564,31.47,30.23
467,31.47,30.23
296,31.47,30.23
283,31.47,30.23
128,31.47,30.23
606,31.47,30.23
283,31.47,30.23
519,31.47,30.23
251,31.47,30.23
595,31.47,30.23
314,31.47,30.23
526,31.47,30.23
274,31.47,30.23
798,31.47,30.23
342,31.47,30.23
600,31.47,30.23
499,31.47,30.23
332,31.47,30.23
388,31.47,30.23
517,31.47,30.23
632,31.47,30.23
123,31.47,30.23
774,31.47,30.23
259,31.47,30.23
768,31.47,30.23
399,31.47,30.23
761,31.47,30.23
744,31.47,30.23
376,31.47,30.23
604,31.47,30.23
470,31.47,30.23
639,31.47,30.23
445,31.47,30.23
666,31.47,30.23
518,31.47,30.23
680,31.47,30.23
169,31.47,30.23
796,31.47,30.23
359,31.47,30.23
878,31.47,30.23
587,31.47,30.23
776,31.47,30.23
120,31.47,30.23
538,31.47,30.23
671,31.47,30.23
481,31.47,30.23
797,31.47,30.23
712,31.47,30.23
716,31.47,30.23
393,31.47,30.23
521,31.47,30.23
632,31.47,30.23
876,31.47,30.23
362,31.47,30.23
877,31.47,30.23
289,31.47,30.23
788,31.47,30.23
461,31.47,30.23
579,31.47,30.23
389,31.47,30.23
555,31.47,30.23
491,31.47,30.23
287,31.47,30.23
804,31.47,30.23
364,31.47,30.23
757,31.47,30.23
406,31.47,30.23
723,31.47,30.23
339,31.47,30.23
496,31.47,30.23
351,31.47,30.23
582,31.47,30.23
254,31.47,30.23
506,31.47,30.23
479,31.47,30.23
559,31.47,30.23
632,31.47,30.23
321,31.47,30.23
575,31.47,30.23
442,31.47,30.23
385,31.47,30.23
193,31.47,30.23
737,31.47,30.23
492,31.47,30.23
272,31.47,30.23
619,31.47,30.23
286,31.47,30.23
320,31.47,30.23
492,31.47,30.23
495,31.47,30.23
304,31.47,30.23
489,31.47,30.23
366,31.47,30.23
548,31.47,30.23
498,31.47,30.23
380,31.47,30.23
398,31.47,30.23
758,31.47,30.23
120,31.47,30.23
784,31.47,30.23
431,31.47,30.23
366,31.47,30.23
346,31.47,30.23
279,31.47,30.23
540,31.47,30.23
355,31.47,30.23
627,31.47,30.23
666,31.47,30.23
512,31.47,30.25
483,31.47,30.25
216,31.47,30.25
597,31.47,30.25
419,31.47,30.25
644,31.47,30.25
469,31.47,30.25
437,31.47,30.25
722,31.47,30.25
593,31.47,30.25
589,31.47,30.25
652,31.47,30.25
457,31.47,30.25
713,31.47,30.25
414,31.47,30.25
842,31.47,30.25
770,31.47,30.25
394,31.47,30.25
559,31.47,30.25
452,31.47,30.25
757,31.47,30.25
456,31.47,30.25
722,31.47,30.25
316,31.47,30.25
814,31.47,30.25
350,31.47,30.25
537,31.47,30.25
694,31.47,30.25
550,31.47,30.25
626,31.47,30.25
553,31.47,30.25
421,31.47,30.25
488,31.47,30.25
490,31.47,30.25
475,31.47,30.25
699,31.47,30.25
274,31.49,30.25
473,31.49,30.25
119,31.49,30.25
661,31.49,30.25
277,31.49,30.25
423,31.49,30.25
419,31.49,30.25
670,31.49,30.25
668,31.49,30.25
194,31.49,30.25
748,31.49,30.25
120,31.49,30.25
488,31.49,30.25
361,31.49,30.25
413,31.49,30.25
303,31.49,30.25
552,31.49,30.25
497,31.49,30.25
795,31.49,30.25
359,31.49,30.25
588,31.49,30.25
584,31.49,30.25
382,31.49,30.25
165,31.49,30.47
520,31.49,30.47
500,31.49,30.47
220,31.49,30.47
783,31.49,30.47
457,31.49,30.47
437,31.49,30.47
510,31.49,30.47
649,31.49,30.47
569,31.49,30.47
710,31.49,30.47
514,31.49,30.47
517,31.49,30.47
574,31.49,30.47
230,31.49,30.47
370,31.49,30.47
741,31.49,30.47
391,31.49,30.47
326,31.49,30.47
517,31.49,30.47
329,31.49,30.47
794,31.49,30.47
334,31.49,30.47
715,31.49,30.47
470,31.49,30.47
417,31.49,30.47
669,31.49,30.47
397,31.49,30.47
432,31.49,30.47
674,31.49,30.47
760,31.49,30.47
485,31.49,30.47
690,31.49,30.47
398,31.49,30.47
571,31.49,30.47
496,31.49,30.47
633,31.43,30.47
486,31.43,30.47
856,31.43,30.47
371,31.43,30.47
680,31.43,30.47
612,31.43,30.47
237,31.43,30.47
682,31.43,30.47
142,31.43,30.47
783,31.43,30.47
309,31.43,30.47
736,31.43,30.47
551,31.43,30.47
661,31.43,30.47
571,31.43,30.47
624,31.43,30.47
541,31.43,30.47
347,31.43,30.47
749,31.43,30.47
312,31.43,30.47
522,31.43,30.47
371,31.43,30.47
300,31.43,30.47
534,31.43,30.47
707,31.43,30.31
186,31.43,30.31
878,31.43,30.31
381,31.43,30.31
571,31.43,30.31
308,31.43,30.31
121,31.43,30.31
477,31.43,30.31
340,31.43,30.31
546,31.43,30.31
498,31.43,30.31
572,31.43,30.31
219,31.43,30.31
409,31.43,30.31
476,31.43,30.31
387,31.43,30.31
384,31.43,30.31
331,31.43,30.31
473,31.43,30.31
224,31.43,30.31
531,31.43,30.31
348,31.43,30.31
431,31.43,30.31
453,31.43,30.31
620,31.43,30.31
141,31.43,30.31
753,31.43,30.31
118,31.43,30.31
764,31.43,30.31
152,31.43,30.31
461,31.43,30.31
466,31.43,30.31
514,31.43,30.31
632,31.43,30.31
283,31.43,30.31
528,31.43,30.31
362,31.49,30.31
546,31.49,30.31
350,31.49,30.31
570,31.49,30.31
362,31.49,30.31
679,31.49,30.31
170,31.49,30.31
533,31.49,30.31
118,31.49,30.31
855,31.49,30.31
323,31.49,30.31
683,31.49,30.31
365,31.49,30.31
822,31.49,30.31
737,31.49,30.31
254,31.49,30.31
879,31.49,30.31
405,31.49,30.31
651,31.49,30.31
273,31.49,30.31
640,31.49,30.31
381,31.49,30.31
835,31.49,30.31
616,31.49,30.29
863,31.49,30.29
538,31.49,30.29
668,31.49,30.29
536,31.49,30.29
713,31.49,30.29
555,31.49,30.29
586,31.49,30.29
813,31.49,30.29
134,31.49,30.29
801,31.49,30.29
319,31.49,30.29
