387,30.29,29.51
359,30.29,29.51
851,30.29,29.51
256,30.29,29.51
633,30.29,29.51
601,30.29,29.51
468,30.29,29.51
708,30.29,29.51
378,30.29,29.51
299,30.29,29.51
272,30.27,29.51
624,30.27,29.51
605,30.27,29.51
713,30.27,29.51
869,30.27,29.51
891,30.27,29.51
515,30.27,29.51
511,30.27,29.51
459,30.27,29.51
335,30.27,29.51
542,30.27,29.51
165,30.27,29.51
674,30.27,29.51
337,30.27,29.51
651,30.27,29.51
459,30.27,29.51
528,30.27,29.51
559,30.27,29.51
523,30.27,29.51
515,30.27,29.51
130,30.27,29.51
453,30.27,29.51
580,30.27,29.51
410,30.27,29.51
627,30.27,29.51
771,30.27,29.51
401,30.27,29.51
893,30.27,29.51
443,30.27,29.51
674,30.27,29.51
498,30.27,29.51
485,30.27,29.51
758,30.27,29.51
130,30.27,29.51
717,30.27,29.51
330,30.27,29.51
462,30.27,29.51
279,30.27,29.51
446,30.27,29.51
393,30.27,29.51
588,30.27,29.51
513,30.27,29.51
533,30.27,29.51
465,30.27,29.51
485,30.27,29.51
684,30.27,29.51
368,30.27,29.51
571,30.27,29.51
372,30.27,29.51
582,30.27,29.51
131,30.27,29.51
709,30.27,29.51
259,30.27,29.51
762,30.27,29.51
455,30.27,29.51
853,30.27,29.51
130,30.27,29.51
419,30.27,29.51
435,30.27,29.51
131,30.27,29.51
574,30.27,29.51
254,30.27,29.51
716,30.27,29.51
346,30.27,29.51
360,30.27,29.51
606,30.27,29.51
668,30.27,29.51
272,30.27,29.51
620,30.27,29.51
484,30.27,29.51
254,30.27,29.51
491,30.27,29.51
703,30.27,29.51
894,30.27,29.51
612,30.27,29.51
742,30.27,29.51
492,30.27,29.51
799,30.27,29.51
328,30.27,29.51
268,30.27,29.51
524,30.27,29.51
339,30.27,29.51
327,30.27,29.51
648,30.27,29.55
435,30.27,29.55
279,30.27,29.55
894,30.27,29.55
556,30.27,29.55
849,30.27,29.55
128,30.27,29.55
893,30.27,29.55
130,30.27,29.55
401,30.27,29.55
448,30.27,29.55
734,30.27,29.55
438,30.27,29.55
506,30.27,29.55
477,30.27,29.55
694,30.27,29.55
563,30.27,29.55
301,30.27,29.55
812,30.27,29.55
268,30.27,29.55
745,30.27,29.55
133,30.27,29.55
564,30.27,29.55
547,30.27,29.55
671,30.27,29.55
881,30.27,29.55
128,30.27,29.55
515,30.27,29.55
849,30.27,29.55
236,30.27,29.55
668,30.27,29.55
738,30.27,29.55
361,30.27,29.55
824,30.27,29.55
214,30.27,29.55
892,30.27,29.55
315,30.29,29.55
659,30.29,29.55
602,30.29,29.55
495,30.29,29.55
625,30.29,29.55
416,30.29,29.55
449,30.29,29.55
508,30.29,29.55
645,30.29,29.55
410,30.29,29.55
551,30.29,29.55
483,30.29,29.55
893,30.29,29.55
465,30.29,29.55
608,30.29,29.55
454,30.29,29.55
480,30.29,29.55
204,30.29,29.55
516,30.29,29.55
308,30.29,29.55
132,30.29,29.55
426,30.29,29.55
276,30.29,29.55
302,30.29,29.55
182,30.29,29.29
827,30.29,29.29
437,30.29,29.29
552,30.29,29.29
548,30.29,29.29
773,30.29,29.29
484,30.29,29.29
744,30.29,29.29
215,30.29,29.29
364,30.29,29.29
675,30.29,29.29
491,30.29,29.29
481,30.29,29.29
475,30.29,29.29
658,30.29,29.29
338,30.29,29.29
661,30.29,29.29
389,30.29,29.29
808,30.29,29.29
504,30.29,29.29
327,30.29,29.29
597,30.29,29.29
257,30.29,29.29
380,30.29,29.29
517,30.29,29.29
309,30.29,29.29
198,30.29,29.29
836,30.29,29.29
410,30.29,29.29
133,30.29,29.29
278,30.29,29.29
428,30.29,29.29
178,30.29,29.29
496,30.29,29.29
381,30.29,29.29
696,30.29,29.29
272,30.27,29.29
728,30.27,29.29
768,30.27,29.29
285,30.27,29.29
601,30.27,29.29
131,30.27,29.29
894,30.27,29.29
522,30.27,29.29
419,30.27,29.29
539,30.27,29.29
516,30.27,29.29
812,30.27,29.29
893,30.27,29.29
345,30.27,29.29
752,30.27,29.29
137,30.27,29.29
622,30.27,29.29
131,30.27,29.29
256,30.27,29.29
841,30.27,29.29
283,30.27,29.29
894,30.27,29.29
131,30.27,29.29
635,30.27,29.55
683,30.27,29.55
406,30.27,29.55
421,30.27,29.55
130,30.27,29.55
235,30.27,29.55
131,30.27,29.55
395,30.27,29.55
373,30.27,29.55
131,30.27,29.55
498,30.27,29.55
616,30.27,29.55
555,30.27,29.55
894,30.27,29.55
229,30.27,29.55
644,30.27,29.55
761,30.27,29.55
417,30.27,29.55
239,30.27,29.55
486,30.27,29.55
322,30.27,29.55
412,30.27,29.55
366,30.27,29.55
133,30.27,29.55
873,30.27,29.55
763,30.27,29.55
721,30.27,29.55
482,30.27,29.55
492,30.27,29.55
614,30.27,29.55
467,30.27,29.55
654,30.27,29.55
310,30.27,29.55
130,30.27,29.55
694,30.27,29.55
187,30.27,29.55
809,30.29,29.55
347,30.29,29.55
621,30.29,29.55
727,30.29,29.55
252,30.29,29.55
610,30.29,29.55
131,30.29,29.55
525,30.29,29.55
704,30.29,29.55
804,30.29,29.55
733,30.29,29.55
506,30.29,29.55
529,30.29,29.55
755,30.29,29.55
417,30.29,29.55
567,30.29,29.55
368,30.29,29.55
253,30.29,29.55
619,30.29,29.55
286,30.29,29.55
321,30.29,29.55
131,30.29,29.55
539,30.29,29.55
398,30.29,29.55
538,30.29,29.59
135,30.29,29.59
894,30.29,29.59
350,30.29,29.59
498,30.29,29.59
630,30.29,29.59
130,30.29,29.59
743,30.29,29.59
263,30.29,29.59
894,30.29,29.59
894,30.29,29.59
133,30.29,29.59
868,30.29,29.59
237,30.29,29.59
679,30.29,29.59
871,30.29,29.59
131,30.29,29.59
785,30.29,29.59
418,30.29,29.59
857,30.29,29.59
247,30.29,29.59
389,30.29,29.59
894,30.29,29.59
140,30.29,29.59
894,30.29,29.59
131,30.29,29.59
615,30.29,29.59
821,30.29,29.59
130,30.29,29.59
538,30.29,29.59
130,30.29,29.59
629,30.29,29.59
614,30.29,29.59
129,30.29,29.59
652,30.29,29.59
131,30.29,29.59
666,30.25,29.59
642,30.25,29.59
426,30.25,29.59
722,30.25,29.59
130,30.25,29.59
833,30.25,29.59
572,30.25,29.59
128,30.25,29.59
490,30.25,29.59
339,30.25,29.59
398,30.25,29.59
253,30.25,29.59
723,30.25,29.59
424,30.25,29.59
355,30.25,29.59
616,30.25,29.59
354,30.25,29.59
355,30.25,29.59
199,30.25,29.59
670,30.25,29.59
822,30.25,29.59
450,30.25,29.59
714,30.25,29.59
137,30.25,29.59
365,30.25,29.51
630,30.25,29.51
519,30.25,29.51
182,30.25,29.51
286,30.25,29.51
894,30.25,29.51
349,30.25,29.51
744,30.25,29.51
348,30.25,29.51
894,30.25,29.51
406,30.25,29.51
601,30.25,29.51
600,30.25,29.51
328,30.25,29.51
634,30.25,29.51
585,30.25,29.51
317,30.25,29.51
628,30.25,29.51
132,30.25,29.51
738,30.25,29.51
894,30.25,29.51
381,30.25,29.51
895,30.25,29.51
133,30.25,29.51
894,30.25,29.51
514,30.25,29.51
584,30.25,29.51
541,30.25,29.51
578,30.25,29.51
880,30.25,29.51
263,30.25,29.51
830,30.25,29.51
130,30.25,29.51
362,30.25,29.51
553,30.25,29.51
239,30.25,29.51
754,30.27,29.51
618,30.27,29.51
751,30.27,29.51
671,30.27,29.51
129,30.27,29.51
687,30.27,29.51
130,30.27,29.51
546,30.27,29.51
604,30.27,29.51
159,30.27,29.51
838,30.27,29.51
433,30.27,29.51
778,30.27,29.51
649,30.27,29.51
496,30.27,29.51
590,30.27,29.51
229,30.27,29.51
357,30.27,29.51
297,30.27,29.51
271,30.27,29.51
175,30.27,29.51
685,30.27,29.51
613,30.27,29.51
436,30.27,29.51
450,30.27,29.51
492,30.27,29.51
605,30.27,29.51
557,30.27,29.51
481,30.27,29.51
535,30.27,29.51
358,30.27,29.51
706,30.27,29.51
339,30.27,29.51
740,30.27,29.51
455,30.27,29.51
434,30.27,29.51
888,30.27,29.51
499,30.27,29.51
894,30.27,29.51
233,30.27,29.51
553,30.27,29.51
682,30.27,29.51
569,30.27,29.51
578,30.27,29.51
663,30.27,29.51
452,30.27,29.51
894,30.27,29.51
405,30.27,29.51
355,30.27,29.51
741,30.27,29.51
