590,30.03,29.05
581,30.03,29.05
418,30.03,29.05
871,30.03,29.05
319,30.03,29.05
592,30.03,29.05
133,30.03,29.05
429,30.03,29.23
891,30.03,29.23
372,30.03,29.23
894,30.03,29.23
221,30.03,29.23
642,30.03,29.23
508,30.03,29.23
132,30.03,29.23
203,30.03,29.23
183,30.03,29.23
666,30.03,29.23
881,30.03,29.23
270,30.03,29.23
891,30.03,29.23
209,30.03,29.23
640,30.03,29.23
133,30.03,29.23
469,30.03,29.23
520,30.03,29.23
816,30.03,29.23
132,30.03,29.23
244,30.03,29.23
317,30.03,29.23
130,30.03,29.23
774,30.03,29.23
311,30.03,29.23
516,30.03,29.23
783,30.03,29.23
425,30.03,29.23
548,30.03,29.23
370,30.03,29.23
548,30.03,29.23
549,30.03,29.23
296,30.03,29.23
755,30.03,29.23
520,30.03,29.23
131,30.03,29.23
717,30.05,29.23
638,30.05,29.23
570,30.05,29.23
437,30.05,29.23
544,30.05,29.23
451,30.05,29.23
671,30.05,29.23
469,30.05,29.23
546,30.05,29.23
371,30.05,29.23
515,30.05,29.23
686,30.05,29.23
302,30.05,29.23
266,30.05,29.23
704,30.05,29.23
772,30.05,29.23
378,30.05,29.23
848,30.05,29.23
328,30.05,29.23
833,30.05,29.23
767,30.05,29.23
612,30.05,29.23
786,30.05,29.23
452,30.05,29.39
321,30.05,29.39
413,30.05,29.39
442,30.05,29.39
548,30.05,29.39
674,30.05,29.39
227,30.05,29.39
829,30.05,29.39
343,30.05,29.39
448,30.05,29.39
290,30.05,29.39
390,30.05,29.39
893,30.05,29.39
344,30.05,29.39
535,30.05,29.39
383,30.05,29.39
691,30.05,29.39
426,30.05,29.39
712,30.05,29.39
203,30.05,29.39
894,30.05,29.39
381,30.05,29.39
647,30.05,29.39
388,30.05,29.39
673,30.05,29.39
607,30.05,29.39
619,30.05,29.39
377,30.05,29.39
274,30.05,29.39
894,30.05,29.39
739,30.05,29.39
750,30.05,29.39
130,30.05,29.39
894,30.05,29.39
348,30.05,29.39
277,30.05,29.39
893,30.01,29.39
331,30.01,29.39
894,30.01,29.39
429,30.01,29.39
348,30.01,29.39
850,30.01,29.39
658,30.01,29.39
502,30.01,29.39
473,30.01,29.39
215,30.01,29.39
757,30.01,29.39
182,30.01,29.39
559,30.01,29.39
250,30.01,29.39
391,30.01,29.39
719,30.01,29.39
130,30.01,29.39
879,30.01,29.39
401,30.01,29.39
643,30.01,29.39
458,30.01,29.39
405,30.01,29.39
608,30.01,29.39
394,30.01,29.39
458,30.01,29.31
607,30.01,29.31
632,30.01,29.31
894,30.01,29.31
767,30.01,29.31
570,30.01,29.31
893,30.01,29.31
230,30.01,29.31
676,30.01,29.31
396,30.01,29.31
749,30.01,29.31
506,30.01,29.31
521,30.01,29.31
437,30.01,29.31
685,30.01,29.31
360,30.01,29.31
131,30.01,29.31
645,30.01,29.31
130,30.01,29.31
726,30.01,29.31
130,30.01,29.31
508,30.01,29.31
303,30.01,29.31
419,30.01,29.31
537,30.01,29.31
534,30.01,29.31
619,30.01,29.31
681,30.01,29.31
643,30.01,29.31
767,30.01,29.31
365,30.01,29.31
494,30.01,29.31
267,30.01,29.31
407,30.01,29.31
730,30.01,29.31
163,30.01,29.31
753,30.03,29.31
251,30.03,29.31
629,30.03,29.31
521,30.03,29.31
306,30.03,29.31
847,30.03,29.31
703,30.03,29.31
627,30.03,29.31
709,30.03,29.31
554,30.03,29.31
156,30.03,29.31
537,30.03,29.31
128,30.03,29.31
590,30.03,29.31
400,30.03,29.31
475,30.03,29.31
234,30.03,29.31
489,30.03,29.31
175,30.03,29.31
300,30.03,29.31
372,30.03,29.31
325,30.03,29.31
465,30.03,29.31
354,30.03,29.31
547,30.03,29.19
482,30.03,29.19
735,30.03,29.19
199,30.03,29.19
514,30.03,29.19
512,30.03,29.19
222,30.03,29.19
634,30.03,29.19
556,30.03,29.19
526,30.03,29.19
590,30.03,29.19
632,30.03,29.19
759,30.03,29.19
541,30.03,29.19
314,30.03,29.19
534,30.03,29.19
475,30.03,29.19
590,30.03,29.19
427,30.03,29.19
633,30.03,29.19
215,30.03,29.19
523,30.03,29.19
289,30.03,29.19
378,30.03,29.19
750,30.03,29.19
353,30.03,29.19
590,30.03,29.19
604,30.03,29.19
569,30.03,29.19
709,30.03,29.19
340,30.03,29.19
437,30.03,29.19
529,30.03,29.19
239,30.03,29.19
585,30.03,29.19
270,30.03,29.19
639,30.05,29.19
279,30.05,29.19
560,30.05,29.19
137,30.05,29.19
322,30.05,29.19
769,30.05,29.19
649,30.05,29.19
505,30.05,29.19
412,30.05,29.19
270,30.05,29.19
542,30.05,29.19
347,30.05,29.19
450,30.05,29.19
633,30.05,29.19
334,30.05,29.19
641,30.05,29.19
601,30.05,29.19
891,30.05,29.19
763,30.05,29.19
499,30.05,29.19
719,30.05,29.19
313,30.05,29.19
561,30.05,29.19
520,30.05,29.19
742,30.05,29.19
128,30.05,29.19
894,30.05,29.19
130,30.05,29.19
541,30.05,29.19
507,30.05,29.19
402,30.05,29.19
460,30.05,29.19
400,30.05,29.19
535,30.05,29.19
294,30.05,29.19
693,30.05,29.19
318,30.05,29.19
578,30.05,29.19
469,30.05,29.19
550,30.05,29.19
366,30.05,29.19
451,30.05,29.19
129,30.05,29.19
326,30.05,29.19
363,30.05,29.19
331,30.05,29.19
538,30.05,29.19
448,30.05,29.19
675,30.05,29.19
173,30.05,29.19
831,30.05,29.19
354,30.05,29.19
901,30.05,29.19
630,30.05,29.19
640,30.05,29.19
559,30.05,29.19
335,30.05,29.19
357,30.05,29.19
529,30.05,29.19
355,30.05,29.19
894,30.05,29.19
740,30.05,29.19
636,30.05,29.19
878,30.05,29.19
465,30.05,29.19
845,30.05,29.19
419,30.05,29.19
633,30.05,29.19
533,30.05,29.19
366,30.05,29.19
507,30.05,29.19
455,30.05,29.19
755,30.05,29.19
556,30.05,29.19
741,30.05,29.19
311,30.05,29.19
709,30.05,29.19
544,30.05,29.19
428,30.05,29.19
417,30.05,29.19
670,30.05,29.19
386,30.05,29.19
137,30.05,29.19
433,30.05,29.23
747,30.05,29.23
714,30.05,29.23
321,30.05,29.23
548,30.05,29.23
296,30.05,29.23
789,30.05,29.23
492,30.05,29.23
700,30.05,29.23
370,30.05,29.23
833,30.05,29.23
696,30.05,29.23
451,30.05,29.23
627,30.05,29.23
193,30.05,29.23
894,30.05,29.23
130,30.05,29.23
567,30.05,29.23
379,30.05,29.23
336,30.05,29.23
399,30.05,29.23
505,30.05,29.23
657,30.05,29.23
637,30.05,29.23
468,30.05,29.23
448,30.05,29.23
593,30.05,29.23
326,30.05,29.23
603,30.05,29.23
303,30.05,29.23
490,30.05,29.23
180,30.05,29.23
820,30.05,29.23
437,30.05,29.23
645,30.05,29.23
439,30.05,29.23
841,30.05,29.23
516,30.05,29.23
409,30.05,29.23
648,30.05,29.23
157,30.05,29.23
537,30.05,29.23
445,30.05,29.23
739,30.05,29.23
895,30.05,29.23
762,30.05,29.23
460,30.05,29.23
605,30.05,29.23
132,30.05,29.23
627,30.05,29.23
507,30.05,29.23
723,30.05,29.23
878,30.05,29.23
515,30.05,29.23
374,30.05,29.23
597,30.05,29.23
646,30.05,29.23
130,30.05,29.23
481,30.05,29.23
218,30.05,29.23
149,30.05,29.29
417,30.05,29.29
468,30.05,29.29
894,30.05,29.29
489,30.05,29.29
519,30.05,29.29
494,30.05,29.29
466,30.05,29.29
515,30.05,29.29
548,30.05,29.29
258,30.05,29.29
840,30.05,29.29
550,30.05,29.29
702,30.05,29.29
731,30.05,29.29
447,30.05,29.29
356,30.05,29.29
707,30.05,29.29
830,30.05,29.29
378,30.05,29.29
853,30.05,29.29
360,30.05,29.29
715,30.05,29.29
511,30.05,29.29
537,30.05,29.29
587,30.05,29.29
722,30.05,29.29
674,30.05,29.29
566,30.05,29.29
720,30.05,29.29
162,30.05,29.29
406,30.05,29.29
725,30.05,29.29
485,30.05,29.29
425,30.05,29.29
594,30.05,29.29
318,30.05,29.29
602,30.05,29.29
306,30.05,29.29
644,30.05,29.29
519,30.05,29.29
547,30.05,29.29
666,30.05,29.29
477,30.05,29.29
715,30.05,29.29
685,30.05,29.29
526,30.05,29.29
390,30.05,29.29
514,30.05,29.29
148,30.05,29.29
353,30.05,29.29
453,30.05,29.29
273,30.05,29.29
