369,30.33,29.69
472,30.33,29.69
382,30.33,29.69
133,30.33,29.69
527,30.33,29.69
699,30.33,29.69
346,30.33,29.69
649,30.33,29.69
563,30.33,29.69
444,30.33,29.69
163,30.33,29.69
255,30.33,29.69
418,30.33,29.69
658,30.33,29.69
892,30.33,29.69
647,30.33,29.69
290,30.33,29.69
431,30.33,29.69
894,30.33,29.69
450,30.33,29.69
395,30.35,29.69
330,30.35,29.69
892,30.35,29.69
662,30.35,29.69
635,30.35,29.69
471,30.35,29.69
340,30.35,29.69
467,30.35,29.69
527,30.35,29.69
605,30.35,29.69
393,30.35,29.69
624,30.35,29.69
475,30.35,29.69
256,30.35,29.69
306,30.35,29.69
773,30.35,29.69
452,30.35,29.69
891,30.35,29.69
195,30.35,29.69
606,30.35,29.69
580,30.35,29.69
640,30.35,29.69
703,30.35,29.69
278,30.35,29.63
450,30.35,29.63
534,30.35,29.63
226,30.35,29.63
145,30.35,29.63
311,30.35,29.63
313,30.35,29.63
362,30.35,29.63
249,30.35,29.63
397,30.35,29.63
515,30.35,29.63
750,30.35,29.63
478,30.35,29.63
505,30.35,29.63
530,30.35,29.63
136,30.35,29.63
895,30.35,29.63
131,30.35,29.63
590,30.35,29.63
199,30.35,29.63
269,30.35,29.63
627,30.35,29.63
646,30.35,29.63
310,30.35,29.63
870,30.35,29.63
247,30.35,29.63
589,30.35,29.63
478,30.35,29.63
515,30.35,29.63
547,30.35,29.63
525,30.35,29.63
565,30.35,29.63
320,30.35,29.63
785,30.35,29.63
417,30.35,29.63
535,30.35,29.63
518,30.29,29.63
697,30.29,29.63
662,30.29,29.63
806,30.29,29.63
318,30.29,29.63
648,30.29,29.63
548,30.29,29.63
324,30.29,29.63
689,30.29,29.63
566,30.29,29.63
605,30.29,29.63
409,30.29,29.63
414,30.29,29.63
659,30.29,29.63
181,30.29,29.63
205,30.29,29.63
691,30.29,29.63
185,30.29,29.63
516,30.29,29.63
263,30.29,29.63
464,30.29,29.63
842,30.29,29.63
344,30.29,29.63
540,30.29,29.63
315,30.29,29.51
742,30.29,29.51
496,30.29,29.51
422,30.29,29.51
576,30.29,29.51
318,30.29,29.51
435,30.29,29.51
327,30.29,29.51
367,30.29,29.51
804,30.29,29.51
436,30.29,29.51
790,30.29,29.51
492,30.29,29.51
276,30.29,29.51
503,30.29,29.51
440,30.29,29.51
706,30.29,29.51
339,30.29,29.51
631,30.29,29.51
548,30.29,29.51
661,30.29,29.51
354,30.29,29.51
599,30.29,29.51
758,30.29,29.51
320,30.29,29.51
598,30.29,29.51
162,30.29,29.51
345,30.29,29.51
388,30.29,29.51
217,30.29,29.51
351,30.29,29.51
677,30.29,29.51
229,30.29,29.51
622,30.29,29.51
525,30.29,29.51
726,30.29,29.51
271,30.31,29.51
815,30.31,29.51
647,30.31,29.51
298,30.31,29.51
702,30.31,29.51
221,30.31,29.51
712,30.31,29.51
666,30.31,29.51
256,30.31,29.51
556,30.31,29.51
215,30.31,29.51
614,30.31,29.51
492,30.31,29.51
165,30.31,29.51
672,30.31,29.51
323,30.31,29.51
597,30.31,29.51
169,30.31,29.51
480,30.31,29.51
556,30.31,29.51
401,30.31,29.51
590,30.31,29.51
384,30.31,29.51
454,30.31,29.51
177,30.31,29.57
202,30.31,29.57
233,30.31,29.57
479,30.31,29.57
788,30.31,29.57
482,30.31,29.57
327,30.31,29.57
419,30.31,29.57
654,30.31,29.57
357,30.31,29.57
129,30.31,29.57
745,30.31,29.57
647,30.31,29.57
576,30.31,29.57
680,30.31,29.57
340,30.31,29.57
774,30.31,29.57
469,30.31,29.57
478,30.31,29.57
723,30.31,29.57
618,30.31,29.57
512,30.31,29.57
510,30.31,29.57
661,30.31,29.57
567,30.31,29.57
278,30.31,29.57
794,30.31,29.57
440,30.31,29.57
841,30.31,29.57
276,30.31,29.57
481,30.31,29.57
640,30.31,29.57
515,30.31,29.57
894,30.31,29.57
315,30.31,29.57
958,30.31,29.57
604,30.31,29.57
895,30.31,29.57
751,30.31,29.57
130,30.31,29.57
404,30.31,29.57
344,30.31,29.57
710,30.31,29.57
404,30.31,29.57
259,30.31,29.57
645,30.31,29.57
328,30.31,29.57
684,30.31,29.57
483,30.31,29.57
309,30.31,29.57
352,30.31,29.57
136,30.31,29.57
779,30.31,29.57
520,30.31,29.57
785,30.31,29.57
702,30.31,29.57
252,30.31,29.57
895,30.31,29.57
290,30.31,29.57
894,30.31,29.49
668,30.31,29.49
657,30.31,29.49
571,30.31,29.49
366,30.31,29.49
706,30.31,29.49
131,30.31,29.49
245,30.31,29.49
873,30.31,29.49
222,30.31,29.49
136,30.31,29.49
274,30.31,29.49
387,30.31,29.49
744,30.31,29.49
323,30.31,29.49
491,30.31,29.49
321,30.31,29.49
364,30.31,29.49
237,30.31,29.49
823,30.31,29.49
506,30.31,29.49
767,30.31,29.49
696,30.31,29.49
416,30.31,29.49
694,30.31,29.49
442,30.31,29.49
704,30.31,29.49
736,30.31,29.49
840,30.31,29.49
659,30.31,29.49
355,30.31,29.49
594,30.31,29.49
515,30.31,29.49
273,30.31,29.49
483,30.31,29.49
130,30.31,29.49
882,30.33,29.49
271,30.33,29.49
775,30.33,29.49
351,30.33,29.49
130,30.33,29.49
894,30.33,29.49
129,30.33,29.49
894,30.33,29.49
539,30.33,29.49
516,30.33,29.49
880,30.33,29.49
339,30.33,29.49
745,30.33,29.49
175,30.33,29.49
535,30.33,29.49
843,30.33,29.49
297,30.33,29.49
643,30.33,29.49
522,30.33,29.49
139,30.33,29.49
766,30.33,29.49
129,30.33,29.49
786,30.33,29.49
150,30.33,29.49
586,30.33,29.63
685,30.33,29.63
582,30.33,29.63
610,30.33,29.63
347,30.33,29.63
651,30.33,29.63
315,30.33,29.63
636,30.33,29.63
579,30.33,29.63
813,30.33,29.63
560,30.33,29.63
690,30.33,29.63
709,30.33,29.63
702,30.33,29.63
439,30.33,29.63
765,30.33,29.63
349,30.33,29.63
747,30.33,29.63
734,30.33,29.63
268,30.33,29.63
894,30.33,29.63
406,30.33,29.63
733,30.33,29.63
130,30.33,29.63
515,30.33,29.63
450,30.33,29.63
870,30.33,29.63
755,30.33,29.63
130,30.33,29.63
576,30.33,29.63
272,30.33,29.63
575,30.33,29.63
537,30.33,29.63
359,30.33,29.63
522,30.33,29.63
314,30.33,29.63
130,30.33,29.63
725,30.33,29.63
130,30.33,29.63
790,30.33,29.63
130,30.33,29.63
404,30.33,29.63
893,30.33,29.63
389,30.33,29.63
337,30.33,29.63
839,30.33,29.63
692,30.33,29.63
427,30.33,29.63
636,30.33,29.63
642,30.33,29.63
893,30.33,29.63
568,30.33,29.63
615,30.33,29.63
635,30.33,29.63
883,30.33,29.63
861,30.33,29.63
654,30.33,29.63
467,30.33,29.63
530,30.33,29.63
798,30.33,29.63
450,30.33,29.43
763,30.33,29.43
269,30.33,29.43
699,30.33,29.43
399,30.33,29.43
582,30.33,29.43
253,30.33,29.43
624,30.33,29.43
457,30.33,29.43
766,30.33,29.43
435,30.33,29.43
589,30.33,29.43
866,30.33,29.43
130,30.33,29.43
557,30.33,29.43
128,30.33,29.43
255,30.33,29.43
197,30.33,29.43
508,30.33,29.43
615,30.33,29.43
636,30.33,29.43
537,30.33,29.43
836,30.33,29.43
626,30.33,29.43
917,30.33,29.43
696,30.33,29.43
320,30.33,29.43
678,30.33,29.43
562,30.33,29.43
781,30.33,29.43
129,30.33,29.43
824,30.33,29.43
679,30.33,29.43
213,30.33,29.43
488,30.33,29.43
623,30.33,29.43
579,30.29,29.43
569,30.29,29.43
378,30.29,29.43
552,30.29,29.43
149,30.29,29.43
543,30.29,29.43
402,30.29,29.43
128,30.29,29.43
636,30.29,29.43
132,30.29,29.43
565,30.29,29.43
204,30.29,29.43
589,30.29,29.43
690,30.29,29.43
279,30.29,29.43
570,30.29,29.43
440,30.29,29.43
421,30.29,29.43
432,30.29,29.43
550,30.29,29.43
672,30.29,29.43
642,30.29,29.43
375,30.29,29.43
311,30.29,29.69
894,30.29,29.69
893,30.29,29.69
636,30.29,29.69
606,30.29,29.69
487,30.29,29.69
505,30.29,29.69
260,30.29,29.69
777,30.29,29.69
776,30.29,29.69
475,30.29,29.69
648,30.29,29.69
279,30.29,29.69
678,30.29,29.69
131,30.29,29.69
811,30.29,29.69
434,30.29,29.69
129,30.29,29.69
248,30.29,29.69
