423,30.13,29.37
507,30.13,29.37
392,30.13,29.37
715,30.13,29.37
377,30.13,29.37
622,30.13,29.37
341,30.13,29.37
718,30.13,29.37
381,30.13,29.37
783,30.13,29.37
594,30.13,29.37
751,30.13,29.37
476,30.13,29.37
659,30.13,29.37
282,30.13,29.37
315,30.13,29.37
318,30.13,29.37
194,30.13,29.37
887,30.13,29.37
287,30.13,29.31
814,30.13,29.31
675,30.13,29.31
555,30.13,29.31
578,30.13,29.31
640,30.13,29.31
140,30.13,29.31
422,30.13,29.31
356,30.13,29.31
895,30.13,29.31
820,30.13,29.31
734,30.13,29.31
883,30.13,29.31
530,30.13,29.31
552,30.13,29.31
556,30.13,29.31
893,30.13,29.31
129,30.13,29.31
685,30.13,29.31
307,30.13,29.31
505,30.13,29.31
299,30.13,29.31
480,30.13,29.31
439,30.13,29.31
515,30.13,29.31
406,30.13,29.31
542,30.13,29.31
452,30.13,29.31
354,30.13,29.31
701,30.13,29.31
268,30.13,29.31
408,30.13,29.31
385,30.13,29.31
889,30.13,29.31
450,30.13,29.31
457,30.13,29.31
543,30.13,29.31
620,30.13,29.31
576,30.13,29.31
342,30.13,29.31
646,30.13,29.31
234,30.13,29.31
499,30.13,29.31
712,30.13,29.31
746,30.13,29.31
769,30.13,29.31
530,30.13,29.31
402,30.13,29.31
697,30.13,29.31
423,30.13,29.31
710,30.13,29.31
754,30.13,29.31
622,30.13,29.31
527,30.13,29.31
432,30.13,29.31
592,30.13,29.31
287,30.13,29.31
703,30.13,29.31
490,30.13,29.31
313,30.13,29.31
388,30.13,29.39
673,30.13,29.39
817,30.13,29.39
546,30.13,29.39
745,30.13,29.39
606,30.13,29.39
473,30.13,29.39
590,30.13,29.39
140,30.13,29.39
560,30.13,29.39
535,30.13,29.39
321,30.13,29.39
531,30.13,29.39
130,30.13,29.39
653,30.13,29.39
466,30.13,29.39
655,30.13,29.39
136,30.13,29.39
617,30.13,29.39
619,30.13,29.39
496,30.13,29.39
677,30.13,29.39
331,30.13,29.39
383,30.13,29.39
716,30.13,29.39
190,30.13,29.39
652,30.13,29.39
471,30.13,29.39
616,30.13,29.39
784,30.13,29.39
129,30.13,29.39
768,30.13,29.39
406,30.13,29.39
686,30.13,29.39
537,30.13,29.39
523,30.13,29.39
882,30.13,29.39
539,30.13,29.39
581,30.13,29.39
629,30.13,29.39
421,30.13,29.39
486,30.13,29.39
454,30.13,29.39
498,30.13,29.39
611,30.13,29.39
296,30.13,29.39
771,30.13,29.39
520,30.13,29.39
737,30.13,29.39
777,30.13,29.39
532,30.13,29.39
722,30.13,29.39
568,30.13,29.39
215,30.13,29.39
385,30.13,29.39
333,30.13,29.39
513,30.13,29.39
584,30.13,29.39
321,30.13,29.39
881,30.13,29.39
854,30.13,29.39
561,30.13,29.39
719,30.13,29.39
472,30.13,29.39
505,30.13,29.39
534,30.13,29.39
491,30.13,29.39
617,30.13,29.39
137,30.13,29.39
630,30.13,29.39
649,30.13,29.39
660,30.13,29.39
514,30.13,29.39
640,30.13,29.39
840,30.13,29.39
288,30.13,29.39
594,30.13,29.39
597,30.13,29.39
635,30.13,29.39
721,30.13,29.39
499,30.13,29.39
439,30.13,29.39
400,30.13,29.39
180,30.13,29.39
496,30.13,29.39
552,30.13,29.39
515,30.13,29.39
854,30.13,29.39
428,30.13,29.39
812,30.13,29.39
312,30.13,29.39
795,30.13,29.39
633,30.13,29.39
430,30.13,29.39
576,30.13,29.39
845,30.13,29.39
346,30.17,29.39
570,30.17,29.39
632,30.17,29.39
319,30.17,29.39
746,30.17,29.39
233,30.17,29.39
596,30.17,29.39
535,30.17,29.39
580,30.17,29.39
391,30.17,29.39
598,30.17,29.39
582,30.17,29.39
713,30.17,29.39
567,30.17,29.39
717,30.17,29.39
504,30.17,29.39
524,30.17,29.39
643,30.17,29.39
415,30.17,29.39
635,30.17,29.39
205,30.17,29.39
548,30.17,29.39
169,30.17,29.39
233,30.17,29.37
479,30.17,29.37
672,30.17,29.37
789,30.17,29.37
721,30.17,29.37
596,30.17,29.37
468,30.17,29.37
400,30.17,29.37
470,30.17,29.37
564,30.17,29.37
512,30.17,29.37
673,30.17,29.37
221,30.17,29.37
679,30.17,29.37
820,30.17,29.37
690,30.17,29.37
828,30.17,29.37
611,30.17,29.37
523,30.17,29.37
557,30.17,29.37
477,30.17,29.37
128,30.17,29.37
611,30.17,29.37
485,30.17,29.37
676,30.17,29.37
374,30.17,29.37
715,30.17,29.37
624,30.17,29.37
581,30.17,29.37
136,30.17,29.37
334,30.17,29.37
462,30.17,29.37
602,30.17,29.37
536,30.17,29.37
304,30.17,29.37
893,30.17,29.37
497,30.11,29.37
616,30.11,29.37
234,30.11,29.37
701,30.11,29.37
272,30.11,29.37
454,30.11,29.37
442,30.11,29.37
662,30.11,29.37
512,30.11,29.37
488,30.11,29.37
633,30.11,29.37
129,30.11,29.37
823,30.11,29.37
310,30.11,29.37
351,30.11,29.37
131,30.11,29.37
235,30.11,29.37
732,30.11,29.37
154,30.11,29.37
398,30.11,29.37
895,30.11,29.37
469,30.11,29.37
710,30.11,29.37
682,30.11,29.37
627,30.11,29.19
669,30.11,29.19
186,30.11,29.19
726,30.11,29.19
132,30.11,29.19
695,30.11,29.19
428,30.11,29.19
570,30.11,29.19
152,30.11,29.19
424,30.11,29.19
624,30.11,29.19
604,30.11,29.19
512,30.11,29.19
623,30.11,29.19
683,30.11,29.19
363,30.11,29.19
588,30.11,29.19
310,30.11,29.19
752,30.11,29.19
194,30.11,29.19
451,30.11,29.19
649,30.11,29.19
413,30.11,29.19
400,30.11,29.19
393,30.11,29.19
228,30.11,29.19
374,30.11,29.19
322,30.11,29.19
298,30.11,29.19
399,30.11,29.19
362,30.11,29.19
802,30.11,29.19
406,30.11,29.19
614,30.11,29.19
638,30.11,29.19
676,30.11,29.19
649,30.13,29.19
139,30.13,29.19
803,30.13,29.19
632,30.13,29.19
453,30.13,29.19
711,30.13,29.19
453,30.13,29.19
644,30.13,29.19
549,30.13,29.19
143,30.13,29.19
759,30.13,29.19
131,30.13,29.19
727,30.13,29.19
468,30.13,29.19
347,30.13,29.19
810,30.13,29.19
129,30.13,29.19
589,30.13,29.19
665,30.13,29.19
464,30.13,29.19
633,30.13,29.19
379,30.13,29.19
371,30.13,29.19
616,30.13,29.23
393,30.13,29.23
357,30.13,29.23
227,30.13,29.23
733,30.13,29.23
370,30.13,29.23
382,30.13,29.23
581,30.13,29.23
562,30.13,29.23
816,30.13,29.23
506,30.13,29.23
713,30.13,29.23
471,30.13,29.23
735,30.13,29.23
408,30.13,29.23
753,30.13,29.23
409,30.13,29.23
813,30.13,29.23
895,30.13,29.23
486,30.13,29.23
317,30.13,29.23
621,30.13,29.23
382,30.13,29.23
749,30.13,29.23
415,30.13,29.23
564,30.13,29.23
554,30.13,29.23
250,30.13,29.23
894,30.13,29.23
219,30.13,29.23
570,30.13,29.23
335,30.13,29.23
132,30.13,29.23
404,30.13,29.23
138,30.13,29.23
520,30.13,29.23
338,30.13,29.23
749,30.17,29.23
618,30.17,29.23
314,30.17,29.23
587,30.17,29.23
223,30.17,29.23
730,30.17,29.23
398,30.17,29.23
256,30.17,29.23
681,30.17,29.23
326,30.17,29.23
686,30.17,29.23
373,30.17,29.23
436,30.17,29.23
812,30.17,29.23
603,30.17,29.23
754,30.17,29.23
517,30.17,29.23
229,30.17,29.23
305,30.17,29.23
533,30.17,29.23
604,30.17,29.23
341,30.17,29.23
708,30.17,29.23
489,30.17,29.31
642,30.17,29.31
536,30.17,29.31
377,30.17,29.31
361,30.17,29.31
187,30.17,29.31
384,30.17,29.31
235,30.17,29.31
356,30.17,29.31
337,30.17,29.31
487,30.17,29.31
518,30.17,29.31
529,30.17,29.31
609,30.17,29.31
753,30.17,29.31
464,30.17,29.31
683,30.17,29.31
289,30.17,29.31
348,30.17,29.31
514,30.17,29.31
483,30.17,29.31
805,30.17,29.31
368,30.17,29.31
871,30.17,29.31
677,30.17,29.31
612,30.17,29.31
427,30.17,29.31
330,30.17,29.31
636,30.17,29.31
128,30.17,29.31
895,30.17,29.31
510,30.17,29.31
636,30.17,29.31
698,30.17,29.31
707,30.17,29.31
639,30.17,29.31
694,30.13,29.31
420,30.13,29.31
542,30.13,29.31
450,30.13,29.31
819,30.13,29.31
581,30.13,29.31
