655,30.03,29.23
527,30.03,29.23
272,30.03,29.23
203,30.03,29.23
133,30.03,29.23
894,30.03,29.23
728,30.03,29.23
893,30.03,29.23
485,30.03,29.23
819,30.03,29.23
867,30.03,29.23
494,30.03,29.23
328,30.03,29.23
776,30.03,29.23
492,30.03,29.23
424,30.03,29.23
646,30.03,29.23
651,30.03,29.23
553,30.03,29.23
455,30.03,29.23
284,30.03,29.23
470,30.03,29.23
892,30.03,29.23
548,30.03,29.23
656,30.03,29.23
183,30.03,29.23
538,30.03,29.23
872,30.03,29.23
543,30.03,29.23
527,30.03,29.23
298,30.03,29.23
881,30.03,29.23
129,30.03,29.23
617,30.03,29.23
378,30.03,29.23
520,30.03,29.23
822,30.03,29.23
138,30.03,29.23
520,30.03,29.23
142,30.03,29.23
241,30.03,29.23
591,30.03,29.23
413,30.03,29.23
787,30.03,29.15
447,30.03,29.15
198,30.03,29.15
558,30.03,29.15
145,30.03,29.15
704,30.03,29.15
429,30.03,29.15
536,30.03,29.15
804,30.03,29.15
134,30.03,29.15
563,30.03,29.15
372,30.03,29.15
783,30.03,29.15
375,30.03,29.15
198,30.03,29.15
468,30.03,29.15
133,30.03,29.15
812,30.03,29.15
445,30.03,29.15
129,30.03,29.15
711,30.03,29.15
471,30.03,29.15
367,30.03,29.15
776,30.03,29.15
348,30.03,29.15
366,30.03,29.15
636,30.03,29.15
427,30.03,29.15
842,30.03,29.15
294,30.03,29.15
620,30.03,29.15
524,30.03,29.15
557,30.03,29.15
717,30.03,29.15
599,30.03,29.15
460,30.03,29.15
594,30.03,29.15
456,30.03,29.15
440,30.03,29.15
696,30.03,29.15
132,30.03,29.15
826,30.03,29.15
484,30.03,29.15
576,30.03,29.15
383,30.03,29.15
297,30.03,29.15
388,30.03,29.15
306,30.03,29.15
359,30.03,29.15
129,30.03,29.15
630,30.03,29.15
539,30.03,29.15
222,30.03,29.15
545,30.03,29.15
725,30.03,29.15
584,30.03,29.15
466,30.03,29.15
410,30.03,29.15
722,30.03,29.15
257,30.03,29.15
748,30.03,29.31
392,30.03,29.31
334,30.03,29.31
670,30.03,29.31
374,30.03,29.31
670,30.03,29.31
699,30.03,29.31
690,30.03,29.31
636,30.03,29.31
661,30.03,29.31
828,30.03,29.31
371,30.03,29.31
545,30.03,29.31
438,30.03,29.31
323,30.03,29.31
815,30.03,29.31
437,30.03,29.31
830,30.03,29.31
282,30.03,29.31
450,30.03,29.31
463,30.03,29.31
237,30.03,29.31
366,30.03,29.31
309,30.03,29.31
428,30.03,29.31
234,30.03,29.31
288,30.03,29.31
725,30.03,29.31
532,30.03,29.31
715,30.03,29.31
767,30.03,29.31
505,30.03,29.31
776,30.03,29.31
553,30.03,29.31
425,30.03,29.31
323,30.03,29.31
200,30.07,29.31
856,30.07,29.31
423,30.07,29.31
550,30.07,29.31
765,30.07,29.31
542,30.07,29.31
400,30.07,29.31
449,30.07,29.31
339,30.07,29.31
344,30.07,29.31
441,30.07,29.31
457,30.07,29.31
769,30.07,29.31
350,30.07,29.31
489,30.07,29.31
428,30.07,29.31
517,30.07,29.31
354,30.07,29.31
422,30.07,29.31
431,30.07,29.31
408,30.07,29.31
698,30.07,29.31
603,30.07,29.31
804,30.07,29.31
386,30.07,29.19
729,30.07,29.19
303,30.07,29.19
759,30.07,29.19
360,30.07,29.19
617,30.07,29.19
313,30.07,29.19
424,30.07,29.19
750,30.07,29.19
130,30.07,29.19
627,30.07,29.19
474,30.07,29.19
467,30.07,29.19
176,30.07,29.19
505,30.07,29.19
756,30.07,29.19
669,30.07,29.19
812,30.07,29.19
757,30.07,29.19
237,30.07,29.19
872,30.07,29.19
396,30.07,29.19
496,30.07,29.19
544,30.07,29.19
399,30.07,29.19
494,30.07,29.19
306,30.07,29.19
602,30.07,29.19
519,30.07,29.19
891,30.07,29.19
246,30.07,29.19
895,30.07,29.19
139,30.07,29.19
357,30.07,29.19
325,30.07,29.19
270,30.07,29.19
793,30.05,29.19
131,30.05,29.19
729,30.05,29.19
881,30.05,29.19
645,30.05,29.19
894,30.05,29.19
524,30.05,29.19
259,30.05,29.19
505,30.05,29.19
138,30.05,29.19
647,30.05,29.19
345,30.05,29.19
311,30.05,29.19
545,30.05,29.19
479,30.05,29.19
408,30.05,29.19
193,30.05,29.19
894,30.05,29.19
137,30.05,29.19
545,30.05,29.19
590,30.05,29.19
222,30.05,29.19
493,30.05,29.19
240,30.05,29.09
666,30.05,29.09
496,30.05,29.09
684,30.05,29.09
826,30.05,29.09
448,30.05,29.09
238,30.05,29.09
765,30.05,29.09
144,30.05,29.09
305,30.05,29.09
323,30.05,29.09
654,30.05,29.09
595,30.05,29.09
131,30.05,29.09
720,30.05,29.09
456,30.05,29.09
748,30.05,29.09
243,30.05,29.09
866,30.05,29.09
133,30.05,29.09
277,30.05,29.09
215,30.05,29.09
241,30.05,29.09
665,30.05,29.09
698,30.05,29.09
848,30.05,29.09
372,30.05,29.09
551,30.05,29.09
480,30.05,29.09
781,30.05,29.09
400,30.05,29.09
353,30.05,29.09
758,30.05,29.09
211,30.05,29.09
533,30.05,29.09
534,30.05,29.09
558,30.05,29.09
782,30.03,29.09
683,30.03,29.09
288,30.03,29.09
706,30.03,29.09
369,30.03,29.09
741,30.03,29.09
129,30.03,29.09
695,30.03,29.09
241,30.03,29.09
448,30.03,29.09
499,30.03,29.09
206,30.03,29.09
895,30.03,29.09
479,30.03,29.09
512,30.03,29.09
448,30.03,29.09
210,30.03,29.09
353,30.03,29.09
319,30.03,29.09
488,30.03,29.09
734,30.03,29.09
895,30.03,29.09
857,30.03,29.09
537,30.03,29.05
685,30.03,29.05
460,30.03,29.05
369,30.03,29.05
730,30.03,29.05
129,30.03,29.05
657,30.03,29.05
171,30.03,29.05
774,30.03,29.05
492,30.03,29.05
734,30.03,29.05
567,30.03,29.05
196,30.03,29.05
800,30.03,29.05
545,30.03,29.05
744,30.03,29.05
232,30.03,29.05
731,30.03,29.05
321,30.03,29.05
396,30.03,29.05
661,30.03,29.05
618,30.03,29.05
683,30.03,29.05
467,30.03,29.05
463,30.03,29.05
328,30.03,29.05
516,30.03,29.05
129,30.03,29.05
606,30.03,29.05
553,30.03,29.05
581,30.03,29.05
640,30.03,29.05
719,30.03,29.05
466,30.03,29.05
607,30.03,29.05
654,30.03,29.05
305,30.03,29.05
502,30.07,29.05
449,30.07,29.05
562,30.07,29.05
178,30.07,29.05
894,30.07,29.05
300,30.07,29.05
757,30.07,29.05
585,30.07,29.05
129,30.07,29.05
783,30.07,29.05
287,30.07,29.05
618,30.07,29.05
294,30.07,29.05
469,30.07,29.05
770,30.07,29.05
447,30.07,29.05
509,30.07,29.05
705,30.07,29.05
579,30.07,29.05
831,30.07,29.05
272,30.07,29.05
520,30.07,29.05
560,30.07,29.05
189,30.07,29.23
598,30.07,29.23
436,30.07,29.23
470,30.07,29.23
130,30.07,29.23
565,30.07,29.23
549,30.07,29.23
483,30.07,29.23
692,30.07,29.23
476,30.07,29.23
451,30.07,29.23
547,30.07,29.23
499,30.07,29.23
134,30.07,29.23
650,30.07,29.23
206,30.07,29.23
437,30.07,29.23
660,30.07,29.23
570,30.07,29.23
776,30.07,29.23
652,30.07,29.23
545,30.07,29.23
473,30.07,29.23
398,30.07,29.23
551,30.07,29.23
177,30.07,29.23
241,30.07,29.23
416,30.07,29.23
394,30.07,29.23
731,30.07,29.23
337,30.07,29.23
653,30.07,29.23
492,30.07,29.23
453,30.07,29.23
666,30.07,29.23
384,30.07,29.23
368,30.07,29.23
345,30.05,29.23
129,30.05,29.23
453,30.05,29.23
596,30.05,29.23
446,30.05,29.23
680,30.05,29.23
153,30.05,29.23
834,30.05,29.23
595,30.05,29.23
332,30.05,29.23
458,30.05,29.23
533,30.05,29.23
430,30.05,29.23
667,30.05,29.23
310,30.05,29.23
555,30.05,29.23
883,30.05,29.23
425,30.05,29.23
683,30.05,29.23
129,30.05,29.23
219,30.05,29.23
448,30.05,29.23
258,30.05,29.23
510,30.05,29.19
581,30.05,29.19
830,30.05,29.19
584,30.05,29.19
565,30.05,29.19
894,30.05,29.19
488,30.05,29.19
528,30.05,29.19
215,30.05,29.19
622,30.05,29.19
825,30.05,29.19
259,30.05,29.19
817,30.05,29.19
382,30.05,29.19
893,30.05,29.19
466,30.05,29.19
298,30.05,29.19
