516,30.29,29.55
704,30.29,29.55
514,30.29,29.55
219,30.29,29.55
192,30.29,29.55
318,30.29,29.55
569,30.29,29.55
478,30.29,29.55
302,30.29,29.55
803,30.29,29.55
892,30.29,29.55
350,30.29,29.55
569,30.31,29.55
133,30.31,29.55
525,30.31,29.55
892,30.31,29.55
586,30.31,29.55
645,30.31,29.55
211,30.31,29.55
402,30.31,29.55
406,30.31,29.55
135,30.31,29.55
799,30.31,29.55
603,30.31,29.55
279,30.31,29.55
814,30.31,29.55
240,30.31,29.55
677,30.31,29.55
134,30.31,29.55
559,30.31,29.55
892,30.31,29.55
760,30.31,29.55
650,30.31,29.55
355,30.31,29.55
437,30.31,29.55
680,30.31,29.51
425,30.31,29.51
375,30.31,29.51
637,30.31,29.51
422,30.31,29.51
604,30.31,29.51
694,30.31,29.51
366,30.31,29.51
890,30.31,29.51
814,30.31,29.51
279,30.31,29.51
697,30.31,29.51
311,30.31,29.51
749,30.31,29.51
258,30.31,29.51
484,30.31,29.51
634,30.31,29.51
318,30.31,29.51
463,30.31,29.51
405,30.31,29.51
588,30.31,29.51
735,30.31,29.51
286,30.31,29.51
554,30.31,29.51
536,30.31,29.51
559,30.31,29.51
417,30.31,29.51
321,30.31,29.51
892,30.31,29.51
206,30.31,29.51
611,30.31,29.51
407,30.31,29.51
452,30.31,29.51
766,30.31,29.51
203,30.31,29.51
134,30.31,29.51
761,30.31,29.51
600,30.29,29.51
783,30.29,29.51
451,30.29,29.51
771,30.29,29.51
482,30.29,29.51
395,30.29,29.51
879,30.29,29.51
230,30.29,29.51
836,30.29,29.51
601,30.29,29.51
456,30.29,29.51
550,30.29,29.51
512,30.29,29.51
547,30.29,29.51
669,30.29,29.51
376,30.29,29.51
334,30.29,29.51
705,30.29,29.51
486,30.29,29.51
538,30.29,29.51
130,30.29,29.51
888,30.29,29.51
352,30.29,29.51
459,30.29,29.45
445,30.29,29.45
759,30.29,29.45
382,30.29,29.45
628,30.29,29.45
595,30.29,29.45
892,30.29,29.45
775,30.29,29.45
272,30.29,29.45
785,30.29,29.45
130,30.29,29.45
882,30.29,29.45
656,30.29,29.45
791,30.29,29.45
129,30.29,29.45
759,30.29,29.45
570,30.29,29.45
137,30.29,29.45
762,30.29,29.45
577,30.29,29.45
629,30.29,29.45
403,30.29,29.45
662,30.29,29.45
388,30.29,29.45
857,30.29,29.45
153,30.29,29.45
691,30.29,29.45
136,30.29,29.45
894,30.29,29.45
130,30.29,29.45
547,30.29,29.45
304,30.29,29.45
614,30.29,29.45
289,30.29,29.45
490,30.29,29.45
569,30.29,29.45
429,30.31,29.45
667,30.31,29.45
491,30.31,29.45
711,30.31,29.45
509,30.31,29.45
638,30.31,29.45
894,30.31,29.45
263,30.31,29.45
523,30.31,29.45
659,30.31,29.45
400,30.31,29.45
378,30.31,29.45
443,30.31,29.45
326,30.31,29.45
869,30.31,29.45
305,30.31,29.45
895,30.31,29.45
331,30.31,29.45
660,30.31,29.45
413,30.31,29.45
843,30.31,29.45
598,30.31,29.45
128,30.31,29.45
684,30.31,29.45
700,30.31,29.59
810,30.31,29.59
461,30.31,29.59
525,30.31,29.59
852,30.31,29.59
893,30.31,29.59
687,30.31,29.59
769,30.31,29.59
247,30.31,29.59
448,30.31,29.59
260,30.31,29.59
700,30.31,29.59
485,30.31,29.59
288,30.31,29.59
652,30.31,29.59
400,30.31,29.59
464,30.31,29.59
169,30.31,29.59
869,30.31,29.59
292,30.31,29.59
603,30.31,29.59
374,30.31,29.59
281,30.31,29.59
549,30.31,29.59
446,30.31,29.59
458,30.31,29.59
340,30.31,29.59
492,30.31,29.59
827,30.31,29.59
640,30.31,29.59
412,30.31,29.59
832,30.31,29.59
532,30.31,29.59
894,30.31,29.59
391,30.31,29.59
529,30.31,29.59
382,30.25,29.59
602,30.25,29.59
642,30.25,29.59
342,30.25,29.59
660,30.25,29.59
749,30.25,29.59
686,30.25,29.59
622,30.25,29.59
599,30.25,29.59
287,30.25,29.59
498,30.25,29.59
573,30.25,29.59
683,30.25,29.59
583,30.25,29.59
658,30.25,29.59
552,30.25,29.59
495,30.25,29.59
635,30.25,29.59
704,30.25,29.59
336,30.25,29.59
237,30.25,29.59
708,30.25,29.59
373,30.25,29.59
355,30.25,29.43
405,30.25,29.43
882,30.25,29.43
665,30.25,29.43
566,30.25,29.43
485,30.25,29.43
718,30.25,29.43
542,30.25,29.43
318,30.25,29.43
445,30.25,29.43
386,30.25,29.43
394,30.25,29.43
737,30.25,29.43
329,30.25,29.43
218,30.25,29.43
539,30.25,29.43
135,30.25,29.43
529,30.25,29.43
313,30.25,29.43
619,30.25,29.43
567,30.25,29.43
142,30.25,29.43
673,30.25,29.43
621,30.25,29.43
629,30.25,29.43
570,30.25,29.43
348,30.25,29.43
623,30.25,29.43
668,30.25,29.43
335,30.25,29.43
204,30.25,29.43
584,30.25,29.43
786,30.25,29.43
367,30.25,29.43
368,30.25,29.43
371,30.25,29.43
807,30.25,29.43
633,30.27,29.43
458,30.27,29.43
522,30.27,29.43
601,30.27,29.43
515,30.27,29.43
596,30.27,29.43
690,30.27,29.43
615,30.27,29.43
761,30.27,29.43
549,30.27,29.43
484,30.27,29.43
449,30.27,29.43
313,30.27,29.43
570,30.27,29.43
568,30.27,29.43
256,30.27,29.43
802,30.27,29.43
207,30.27,29.43
734,30.27,29.43
719,30.27,29.43
430,30.27,29.43
354,30.27,29.43
170,30.27,29.43
503,30.27,29.59
470,30.27,29.59
128,30.27,29.59
353,30.27,29.59
665,30.27,29.59
552,30.27,29.59
831,30.27,29.59
517,30.27,29.59
392,30.27,29.59
593,30.27,29.59
569,30.27,29.59
275,30.27,29.59
576,30.27,29.59
424,30.27,29.59
566,30.27,29.59
893,30.27,29.59
475,30.27,29.59
637,30.27,29.59
405,30.27,29.59
573,30.27,29.59
200,30.27,29.59
560,30.27,29.59
446,30.27,29.59
289,30.27,29.59
611,30.27,29.59
334,30.27,29.59
165,30.27,29.59
341,30.27,29.59
339,30.27,29.59
496,30.27,29.59
653,30.27,29.59
135,30.27,29.59
480,30.27,29.59
341,30.27,29.59
366,30.27,29.59
658,30.27,29.59
647,30.27,29.59
522,30.27,29.59
894,30.27,29.59
894,30.27,29.59
475,30.27,29.59
643,30.27,29.59
492,30.27,29.59
717,30.27,29.59
179,30.27,29.59
682,30.27,29.59
636,30.27,29.59
669,30.27,29.59
611,30.27,29.59
690,30.27,29.59
175,30.27,29.59
464,30.27,29.59
167,30.27,29.59
383,30.27,29.59
483,30.27,29.59
379,30.27,29.59
518,30.27,29.59
575,30.27,29.59
515,30.27,29.59
192,30.27,29.59
894,30.27,29.51
142,30.27,29.51
737,30.27,29.51
497,30.27,29.51
392,30.27,29.51
711,30.27,29.51
200,30.27,29.51
895,30.27,29.51
532,30.27,29.51
629,30.27,29.51
714,30.27,29.51
528,30.27,29.51
541,30.27,29.51
894,30.27,29.51
508,30.27,29.51
880,30.27,29.51
182,30.27,29.51
611,30.27,29.51
382,30.27,29.51
741,30.27,29.51
526,30.27,29.51
577,30.27,29.51
745,30.27,29.51
197,30.27,29.51
751,30.27,29.51
281,30.27,29.51
537,30.27,29.51
295,30.27,29.51
506,30.27,29.51
327,30.27,29.51
542,30.27,29.51
430,30.27,29.51
530,30.27,29.51
245,30.27,29.51
318,30.27,29.51
557,30.27,29.51
497,30.33,29.51
708,30.33,29.51
525,30.33,29.51
461,30.33,29.51
576,30.33,29.51
894,30.33,29.51
218,30.33,29.51
582,30.33,29.51
583,30.33,29.51
550,30.33,29.51
715,30.33,29.51
842,30.33,29.51
894,30.33,29.51
766,30.33,29.51
752,30.33,29.51
685,30.33,29.51
601,30.33,29.51
558,30.33,29.51
396,30.33,29.51
565,30.33,29.51
697,30.33,29.51
278,30.33,29.51
895,30.33,29.51
405,30.33,29.69
844,30.33,29.69
597,30.33,29.69
619,30.33,29.69
471,30.33,29.69
231,30.33,29.69
656,30.33,29.69
290,30.33,29.69
550,30.33,29.69
563,30.33,29.69
720,30.33,29.69
408,30.33,29.69
633,30.33,29.69
452,30.33,29.69
622,30.33,29.69
515,30.33,29.69
290,30.33,29.69
467,30.33,29.69
755,30.33,29.69
678,30.33,29.69
578,30.33,29.69
210,30.33,29.69
128,30.33,29.69
529,30.33,29.69
129,30.33,29.69
