550,29.97,29.11
449,29.97,29.11
892,29.97,29.11
379,29.97,29.11
791,29.97,29.11
496,29.97,29.11
621,29.97,29.11
229,29.97,29.11
418,29.97,29.11
740,29.97,29.11
542,29.97,29.11
795,29.97,29.11
547,29.97,29.11
338,29.97,29.11
496,29.97,29.11
404,29.97,29.11
131,29.97,29.11
603,29.97,29.11
616,29.97,29.11
739,29.97,29.11
346,29.97,29.11
405,29.97,29.11
646,29.97,29.11
316,29.97,29.11
560,29.97,29.11
498,29.97,29.11
355,29.97,29.11
275,29.97,29.11
550,29.97,29.11
279,29.97,29.11
396,29.97,29.11
569,29.97,29.11
507,29.97,29.11
140,29.97,29.11
616,29.97,29.11
493,29.97,29.11
473,29.97,29.11
562,29.97,29.11
628,29.97,29.11
774,29.97,29.11
447,29.97,29.11
641,29.97,29.11
568,29.97,29.11
467,29.97,29.11
373,29.97,29.11
570,29.97,29.11
328,29.91,29.11
448,29.91,29.11
427,29.91,29.11
551,29.91,29.11
609,29.91,29.11
656,29.91,29.11
659,29.91,29.11
356,29.91,29.11
778,29.91,29.11
130,29.91,29.11
530,29.91,29.11
372,29.91,29.11
326,29.91,29.11
133,29.91,29.11
630,29.91,29.11
361,29.91,29.11
681,29.91,29.11
135,29.91,29.11
216,29.91,29.11
363,29.91,29.11
240,29.91,29.11
447,29.91,29.11
356,29.91,29.11
485,29.91,29.11
495,29.91,29.11
877,29.91,29.11
515,29.91,29.11
615,29.91,29.11
486,29.91,29.11
129,29.91,29.11
366,29.91,29.11
400,29.91,29.11
523,29.91,29.11
770,29.91,29.11
248,29.91,29.11
893,29.91,29.11
545,29.91,29.11
130,29.91,29.11
893,29.91,29.11
241,29.91,29.11
693,29.91,29.11
380,29.91,29.11
577,29.91,29.11
729,29.91,29.11
401,29.91,29.11
670,29.91,29.11
674,29.91,29.11
504,29.91,29.11
513,29.91,29.11
329,29.91,29.11
714,29.91,29.11
270,29.91,29.11
402,29.91,29.11
700,29.91,29.11
390,29.91,29.11
618,29.91,29.11
463,29.91,29.11
556,29.91,29.11
653,29.91,29.11
456,29.91,29.11
520,29.89,29.11
528,29.89,29.11
375,29.89,29.11
453,29.89,29.11
440,29.89,29.11
488,29.89,29.11
448,29.89,29.11
892,29.89,29.11
893,29.89,29.11
631,29.89,29.11
593,29.89,29.11
698,29.89,29.11
446,29.89,29.11
334,29.89,29.11
660,29.89,29.11
276,29.89,29.11
634,29.89,29.11
767,29.89,29.11
674,29.89,29.11
894,29.89,29.11
402,29.89,29.11
501,29.89,29.11
265,29.89,29.11
286,29.89,29.11
343,29.89,29.17
322,29.89,29.17
644,29.89,29.17
703,29.89,29.17
662,29.89,29.17
605,29.89,29.17
498,29.89,29.17
733,29.89,29.17
252,29.89,29.17
556,29.89,29.17
624,29.89,29.17
365,29.89,29.17
489,29.89,29.17
384,29.89,29.17
635,29.89,29.17
280,29.89,29.17
861,29.89,29.17
228,29.89,29.17
473,29.89,29.17
197,29.89,29.17
471,29.89,29.17
370,29.89,29.17
130,29.89,29.17
278,29.89,29.17
541,29.89,29.17
613,29.89,29.17
689,29.89,29.17
618,29.89,29.17
535,29.89,29.17
679,29.89,29.17
424,29.89,29.17
613,29.89,29.17
395,29.89,29.17
422,29.89,29.17
155,29.89,29.17
401,29.89,29.17
168,29.91,29.17
506,29.91,29.17
714,29.91,29.17
215,29.91,29.17
804,29.91,29.17
448,29.91,29.17
318,29.91,29.17
581,29.91,29.17
359,29.91,29.17
501,29.91,29.17
633,29.91,29.17
381,29.91,29.17
811,29.91,29.17
132,29.91,29.17
565,29.91,29.17
553,29.91,29.17
299,29.91,29.17
705,29.91,29.17
740,29.91,29.17
371,29.91,29.17
300,29.91,29.17
891,29.91,29.17
369,29.91,29.17
719,29.91,29.17
521,29.91,29.03
713,29.91,29.03
660,29.91,29.03
624,29.91,29.03
259,29.91,29.03
656,29.91,29.03
800,29.91,29.03
891,29.91,29.03
289,29.91,29.03
599,29.91,29.03
642,29.91,29.03
280,29.91,29.03
649,29.91,29.03
134,29.91,29.03
894,29.91,29.03
523,29.91,29.03
848,29.91,29.03
424,29.91,29.03
853,29.91,29.03
351,29.91,29.03
212,29.91,29.03
598,29.91,29.03
133,29.91,29.03
690,29.91,29.03
634,29.91,29.03
664,29.91,29.03
517,29.91,29.03
893,29.91,29.03
648,29.91,29.03
464,29.91,29.03
314,29.91,29.03
359,29.91,29.03
416,29.91,29.03
668,29.91,29.03
479,29.91,29.03
658,29.91,29.03
743,29.87,29.03
336,29.87,29.03
692,29.87,29.03
130,29.87,29.03
647,29.87,29.03
130,29.87,29.03
824,29.87,29.03
555,29.87,29.03
493,29.87,29.03
568,29.87,29.03
130,29.87,29.03
895,29.87,29.03
335,29.87,29.03
687,29.87,29.03
752,29.87,29.03
493,29.87,29.03
572,29.87,29.03
576,29.87,29.03
231,29.87,29.03
353,29.87,29.03
135,29.87,29.03
557,29.87,29.03
550,29.87,29.03
129,29.87,29.17
589,29.87,29.17
307,29.87,29.17
578,29.87,29.17
130,29.87,29.17
680,29.87,29.17
454,29.87,29.17
445,29.87,29.17
412,29.87,29.17
457,29.87,29.17
659,29.87,29.17
472,29.87,29.17
801,29.87,29.17
586,29.87,29.17
526,29.87,29.17
661,29.87,29.17
790,29.87,29.17
529,29.87,29.17
893,29.87,29.17
496,29.87,29.17
421,29.87,29.17
704,29.87,29.17
394,29.87,29.17
697,29.87,29.17
416,29.87,29.17
352,29.87,29.17
481,29.87,29.17
494,29.87,29.17
509,29.87,29.17
563,29.87,29.17
129,29.87,29.17
689,29.87,29.17
274,29.87,29.17
648,29.87,29.17
862,29.87,29.17
703,29.87,29.17
851,29.87,29.17
423,29.91,29.17
685,29.91,29.17
551,29.91,29.17
539,29.91,29.17
525,29.91,29.17
599,29.91,29.17
206,29.91,29.17
822,29.91,29.17
224,29.91,29.17
882,29.91,29.17
130,29.91,29.17
582,29.91,29.17
322,29.91,29.17
399,29.91,29.17
893,29.91,29.17
333,29.91,29.17
893,29.91,29.17
399,29.91,29.17
551,29.91,29.17
233,29.91,29.17
465,29.91,29.17
470,29.91,29.17
847,29.91,29.17
347,29.91,29.11
708,29.91,29.11
624,29.91,29.11
473,29.91,29.11
403,29.91,29.11
522,29.91,29.11
847,29.91,29.11
135,29.91,29.11
766,29.91,29.11
219,29.91,29.11
581,29.91,29.11
511,29.91,29.11
595,29.91,29.11
469,29.91,29.11
657,29.91,29.11
651,29.91,29.11
428,29.91,29.11
672,29.91,29.11
151,29.91,29.11
521,29.91,29.11
170,29.91,29.11
423,29.91,29.11
494,29.91,29.11
526,29.91,29.11
414,29.91,29.11
409,29.91,29.11
130,29.91,29.11
492,29.91,29.11
249,29.91,29.11
476,29.91,29.11
518,29.91,29.11
255,29.91,29.11
729,29.91,29.11
129,29.91,29.11
850,29.91,29.11
536,29.91,29.11
724,29.87,29.11
343,29.87,29.11
612,29.87,29.11
755,29.87,29.11
548,29.87,29.11
688,29.87,29.11
611,29.87,29.11
576,29.87,29.11
796,29.87,29.11
424,29.87,29.11
282,29.87,29.11
768,29.87,29.11
511,29.87,29.11
893,29.87,29.11
464,29.87,29.11
648,29.87,29.11
497,29.87,29.11
590,29.87,29.11
580,29.87,29.11
800,29.87,29.11
626,29.87,29.11
578,29.87,29.11
774,29.87,29.11
372,29.87,29.11
652,29.87,29.09
893,29.87,29.09
649,29.87,29.09
396,29.87,29.09
641,29.87,29.09
424,29.87,29.09
647,29.87,29.09
241,29.87,29.09
561,29.87,29.09
679,29.87,29.09
318,29.87,29.09
753,29.87,29.09
527,29.87,29.09
558,29.87,29.09
516,29.87,29.09
363,29.87,29.09
138,29.87,29.09
645,29.87,29.09
508,29.87,29.09
697,29.87,29.09
141,29.87,29.09
675,29.87,29.09
871,29.87,29.09
224,29.87,29.09
676,29.87,29.09
358,29.87,29.09
583,29.87,29.09
336,29.87,29.09
382,29.87,29.09
781,29.87,29.09
432,29.87,29.09
881,29.87,29.09
476,29.87,29.09
530,29.87,29.09
356,29.87,29.09
319,29.87,29.09
257,29.89,29.09
333,29.89,29.09
173,29.89,29.09
627,29.89,29.09
130,29.89,29.09
548,29.89,29.09
548,29.89,29.09
570,29.89,29.09
577,29.89,29.09
324,29.89,29.09
770,29.89,29.09
131,29.89,29.09
626,29.89,29.09
436,29.89,29.09
