133,30.35,29.55
362,30.35,29.55
458,30.35,29.55
310,30.35,29.55
145,30.39,29.55
544,30.39,29.55
472,30.39,29.55
280,30.39,29.55
274,30.39,29.55
176,30.39,29.55
475,30.39,29.55
374,30.39,29.55
752,30.39,29.55
283,30.39,29.55
440,30.39,29.55
363,30.39,29.55
801,30.39,29.55
590,30.39,29.55
893,30.39,29.55
584,30.39,29.55
759,30.39,29.55
790,30.39,29.55
352,30.39,29.55
594,30.39,29.55
429,30.39,29.55
729,30.39,29.55
261,30.39,29.55
622,30.39,29.57
608,30.39,29.57
630,30.39,29.57
541,30.39,29.57
616,30.39,29.57
721,30.39,29.57
556,30.39,29.57
537,30.39,29.57
892,30.39,29.57
380,30.39,29.57
574,30.39,29.57
346,30.39,29.57
231,30.39,29.57
533,30.39,29.57
453,30.39,29.57
751,30.39,29.57
470,30.39,29.57
791,30.39,29.57
698,30.39,29.57
797,30.39,29.57
141,30.39,29.57
434,30.39,29.57
573,30.39,29.57
245,30.39,29.57
418,30.39,29.57
389,30.39,29.57
528,30.39,29.57
388,30.39,29.57
485,30.39,29.57
132,30.39,29.57
610,30.39,29.57
709,30.39,29.57
862,30.39,29.57
461,30.39,29.57
430,30.39,29.57
523,30.39,29.57
233,30.39,29.57
533,30.39,29.57
396,30.39,29.57
349,30.39,29.57
360,30.39,29.57
611,30.39,29.57
398,30.39,29.57
832,30.39,29.57
371,30.39,29.57
420,30.39,29.57
397,30.39,29.57
495,30.39,29.57
624,30.39,29.57
486,30.39,29.57
585,30.39,29.57
339,30.39,29.57
676,30.39,29.57
377,30.39,29.57
746,30.39,29.57
474,30.39,29.57
687,30.39,29.57
474,30.39,29.57
596,30.39,29.57
186,30.39,29.57
573,30.39,29.71
648,30.39,29.71
442,30.39,29.71
855,30.39,29.71
569,30.39,29.71
742,30.39,29.71
229,30.39,29.71
334,30.39,29.71
617,30.39,29.71
487,30.39,29.71
372,30.39,29.71
428,30.39,29.71
462,30.39,29.71
701,30.39,29.71
366,30.39,29.71
801,30.39,29.71
637,30.39,29.71
641,30.39,29.71
550,30.39,29.71
542,30.39,29.71
413,30.39,29.71
156,30.39,29.71
450,30.39,29.71
511,30.39,29.71
302,30.39,29.71
894,30.39,29.71
630,30.39,29.71
446,30.39,29.71
718,30.39,29.71
449,30.39,29.71
772,30.39,29.71
419,30.39,29.71
497,30.39,29.71
857,30.39,29.71
644,30.39,29.71
427,30.39,29.71
561,30.33,29.71
462,30.33,29.71
506,30.33,29.71
681,30.33,29.71
154,30.33,29.71
508,30.33,29.71
227,30.33,29.71
129,30.33,29.71
447,30.33,29.71
133,30.33,29.71
374,30.33,29.71
570,30.33,29.71
305,30.33,29.71
848,30.33,29.71
213,30.33,29.71
608,30.33,29.71
538,30.33,29.71
423,30.33,29.71
808,30.33,29.71
454,30.33,29.71
694,30.33,29.71
473,30.33,29.71
891,30.33,29.71
648,30.33,29.71
139,30.33,29.71
622,30.33,29.71
403,30.33,29.71
608,30.33,29.71
633,30.33,29.71
346,30.33,29.71
809,30.33,29.71
410,30.33,29.71
273,30.33,29.71
567,30.33,29.71
323,30.33,29.71
414,30.33,29.71
531,30.33,29.71
728,30.33,29.71
435,30.33,29.71
128,30.33,29.71
377,30.33,29.71
353,30.33,29.71
132,30.33,29.71
131,30.33,29.71
632,30.33,29.71
365,30.33,29.71
581,30.33,29.71
538,30.33,29.71
353,30.33,29.71
561,30.33,29.71
654,30.33,29.71
639,30.33,29.71
547,30.33,29.71
544,30.33,29.71
876,30.33,29.71
383,30.33,29.71
770,30.33,29.71
355,30.33,29.71
440,30.33,29.71
564,30.33,29.71
129,30.35,29.71
754,30.35,29.71
856,30.35,29.71
718,30.35,29.71
483,30.35,29.71
560,30.35,29.71
564,30.35,29.71
442,30.35,29.71
434,30.35,29.71
494,30.35,29.71
684,30.35,29.71
722,30.35,29.71
716,30.35,29.71
386,30.35,29.71
264,30.35,29.71
290,30.35,29.71
556,30.35,29.71
309,30.35,29.71
702,30.35,29.71
289,30.35,29.71
659,30.35,29.71
472,30.35,29.71
722,30.35,29.71
665,30.35,29.59
317,30.35,29.59
482,30.35,29.59
377,30.35,29.59
862,30.35,29.59
349,30.35,29.59
606,30.35,29.59
671,30.35,29.59
662,30.35,29.59
695,30.35,29.59
304,30.35,29.59
598,30.35,29.59
889,30.35,29.59
292,30.35,29.59
792,30.35,29.59
448,30.35,29.59
599,30.35,29.59
611,30.35,29.59
129,30.35,29.59
798,30.35,29.59
129,30.35,29.59
584,30.35,29.59
332,30.35,29.59
697,30.35,29.59
729,30.35,29.59
658,30.35,29.59
778,30.35,29.59
345,30.35,29.59
295,30.35,29.59
609,30.35,29.59
694,30.35,29.59
344,30.35,29.59
430,30.35,29.59
507,30.35,29.59
648,30.35,29.59
243,30.35,29.59
199,30.35,29.59
418,30.35,29.59
865,30.35,29.59
493,30.35,29.59
635,30.35,29.59
183,30.35,29.59
401,30.35,29.59
328,30.35,29.59
401,30.35,29.59
679,30.35,29.59
466,30.35,29.59
895,30.35,29.59
343,30.35,29.59
533,30.35,29.59
392,30.35,29.59
527,30.35,29.59
695,30.35,29.59
358,30.35,29.59
453,30.35,29.59
889,30.35,29.59
491,30.35,29.59
884,30.35,29.59
508,30.35,29.59
660,30.35,29.59
829,30.35,29.43
132,30.35,29.43
846,30.35,29.43
417,30.35,29.43
637,30.35,29.43
570,30.35,29.43
373,30.35,29.43
747,30.35,29.43
246,30.35,29.43
483,30.35,29.43
667,30.35,29.43
474,30.35,29.43
383,30.35,29.43
311,30.35,29.43
390,30.35,29.43
758,30.35,29.43
399,30.35,29.43
592,30.35,29.43
256,30.35,29.43
791,30.35,29.43
598,30.35,29.43
272,30.35,29.43
803,30.35,29.43
444,30.35,29.43
731,30.35,29.43
370,30.35,29.43
490,30.35,29.43
316,30.35,29.43
445,30.35,29.43
167,30.35,29.43
402,30.35,29.43
527,30.35,29.43
285,30.35,29.43
842,30.35,29.43
587,30.35,29.43
309,30.35,29.43
652,30.35,29.43
269,30.35,29.43
480,30.35,29.43
768,30.35,29.43
480,30.35,29.43
725,30.35,29.43
131,30.35,29.43
733,30.35,29.43
171,30.35,29.43
448,30.35,29.43
408,30.35,29.43
321,30.35,29.43
815,30.35,29.43
461,30.35,29.43
865,30.35,29.43
459,30.35,29.43
555,30.35,29.43
544,30.35,29.43
412,30.35,29.43
398,30.35,29.43
466,30.35,29.43
704,30.35,29.43
520,30.35,29.43
714,30.35,29.51
851,30.35,29.51
307,30.35,29.51
350,30.35,29.51
795,30.35,29.51
479,30.35,29.51
704,30.35,29.51
231,30.35,29.51
489,30.35,29.51
131,30.35,29.51
804,30.35,29.51
537,30.35,29.51
177,30.35,29.51
666,30.35,29.51
332,30.35,29.51
849,30.35,29.51
482,30.35,29.51
569,30.35,29.51
715,30.35,29.51
740,30.35,29.51
356,30.35,29.51
806,30.35,29.51
678,30.35,29.51
817,30.35,29.51
567,30.35,29.51
716,30.35,29.51
322,30.35,29.51
507,30.35,29.51
446,30.35,29.51
608,30.35,29.51
593,30.35,29.51
236,30.35,29.51
546,30.35,29.51
532,30.35,29.51
334,30.35,29.51
436,30.35,29.51
256,30.35,29.51
522,30.39,29.51
709,30.39,29.51
641,30.39,29.51
734,30.39,29.51
510,30.39,29.51
306,30.39,29.51
695,30.39,29.51
494,30.39,29.51
398,30.39,29.51
666,30.39,29.51
330,30.39,29.51
524,30.39,29.51
364,30.39,29.51
585,30.39,29.51
481,30.39,29.51
342,30.39,29.51
461,30.39,29.51
283,30.39,29.51
438,30.39,29.51
640,30.39,29.51
893,30.39,29.51
868,30.39,29.51
737,30.39,29.51
396,30.39,29.65
893,30.39,29.65
196,30.39,29.65
624,30.39,29.65
424,30.39,29.65
724,30.39,29.65
625,30.39,29.65
342,30.39,29.65
596,30.39,29.65
386,30.39,29.65
637,30.39,29.65
487,30.39,29.65
653,30.39,29.65
620,30.39,29.65
382,30.39,29.65
462,30.39,29.65
780,30.39,29.65
139,30.39,29.65
655,30.39,29.65
368,30.39,29.65
677,30.39,29.65
538,30.39,29.65
594,30.39,29.65
751,30.39,29.65
413,30.39,29.65
776,30.39,29.65
357,30.39,29.65
550,30.39,29.65
201,30.39,29.65
755,30.39,29.65
247,30.39,29.65
894,30.39,29.65
434,30.39,29.65
644,30.39,29.65
