371,30.33,29.55
406,30.33,29.55
240,30.33,29.55
482,30.33,29.55
571,30.33,29.55
590,30.33,29.55
550,30.33,29.55
234,30.33,29.55
809,30.33,29.55
184,30.33,29.55
689,30.33,29.55
161,30.33,29.55
147,30.33,29.55
716,30.33,29.55
293,30.33,29.55
621,30.33,29.55
604,30.33,29.55
656,30.33,29.55
455,30.33,29.55
717,30.33,29.59
429,30.33,29.59
831,30.33,29.59
572,30.33,29.59
741,30.33,29.59
260,30.33,29.59
670,30.33,29.59
443,30.33,29.59
370,30.33,29.59
794,30.33,29.59
406,30.33,29.59
886,30.33,29.59
355,30.33,29.59
743,30.33,29.59
158,30.33,29.59
653,30.33,29.59
317,30.33,29.59
495,30.33,29.59
825,30.33,29.59
700,30.33,29.59
133,30.33,29.59
426,30.33,29.59
393,30.33,29.59
133,30.33,29.59
579,30.33,29.59
742,30.33,29.59
776,30.33,29.59
154,30.33,29.59
891,30.33,29.59
702,30.33,29.59
751,30.33,29.59
188,30.33,29.59
371,30.33,29.59
686,30.33,29.59
348,30.33,29.59
878,30.33,29.59
504,30.33,29.59
590,30.29,29.59
818,30.29,29.59
502,30.29,29.59
218,30.29,29.59
834,30.29,29.59
134,30.29,29.59
489,30.29,29.59
738,30.29,29.59
680,30.29,29.59
583,30.29,29.59
439,30.29,29.59
134,30.29,29.59
522,30.29,29.59
892,30.29,29.59
332,30.29,29.59
894,30.29,29.59
725,30.29,29.59
485,30.29,29.59
478,30.29,29.59
529,30.29,29.59
645,30.29,29.59
131,30.29,29.59
367,30.29,29.59
141,30.29,29.45
746,30.29,29.45
434,30.29,29.45
724,30.29,29.45
396,30.29,29.45
220,30.29,29.45
831,30.29,29.45
380,30.29,29.45
292,30.29,29.45
832,30.29,29.45
599,30.29,29.45
894,30.29,29.45
464,30.29,29.45
468,30.29,29.45
814,30.29,29.45
667,30.29,29.45
894,30.29,29.45
514,30.29,29.45
130,30.29,29.45
341,30.29,29.45
362,30.29,29.45
616,30.29,29.45
352,30.29,29.45
326,30.29,29.45
824,30.29,29.45
321,30.29,29.45
575,30.29,29.45
322,30.29,29.45
559,30.29,29.45
443,30.29,29.45
417,30.29,29.45
413,30.29,29.45
133,30.29,29.45
414,30.29,29.45
586,30.29,29.45
379,30.29,29.45
887,30.31,29.45
406,30.31,29.45
374,30.31,29.45
799,30.31,29.45
789,30.31,29.45
480,30.31,29.45
550,30.31,29.45
518,30.31,29.45
787,30.31,29.45
236,30.31,29.45
355,30.31,29.45
459,30.31,29.45
640,30.31,29.45
786,30.31,29.45
512,30.31,29.45
436,30.31,29.45
634,30.31,29.45
489,30.31,29.45
862,30.31,29.45
230,30.31,29.45
894,30.31,29.45
673,30.31,29.45
352,30.31,29.45
711,30.31,29.45
477,30.31,29.55
457,30.31,29.55
767,30.31,29.55
338,30.31,29.55
745,30.31,29.55
571,30.31,29.55
801,30.31,29.55
700,30.31,29.55
490,30.31,29.55
892,30.31,29.55
401,30.31,29.55
664,30.31,29.55
724,30.31,29.55
750,30.31,29.55
423,30.31,29.55
452,30.31,29.55
635,30.31,29.55
669,30.31,29.55
518,30.31,29.55
527,30.31,29.55
375,30.31,29.55
383,30.31,29.55
474,30.31,29.55
380,30.31,29.55
725,30.31,29.55
152,30.31,29.55
877,30.31,29.55
601,30.31,29.55
687,30.31,29.55
336,30.31,29.55
800,30.31,29.55
339,30.31,29.55
576,30.31,29.55
395,30.31,29.55
315,30.31,29.55
770,30.31,29.55
215,30.33,29.55
758,30.33,29.55
414,30.33,29.55
500,30.33,29.55
538,30.33,29.55
426,30.33,29.55
654,30.33,29.55
432,30.33,29.55
272,30.33,29.55
685,30.33,29.55
144,30.33,29.55
420,30.33,29.55
504,30.33,29.55
597,30.33,29.55
474,30.33,29.55
507,30.33,29.55
760,30.33,29.55
341,30.33,29.55
462,30.33,29.55
201,30.33,29.55
493,30.33,29.55
203,30.33,29.55
266,30.33,29.55
316,30.33,29.49
128,30.33,29.49
479,30.33,29.49
282,30.33,29.49
318,30.33,29.49
415,30.33,29.49
729,30.33,29.49
503,30.33,29.49
894,30.33,29.49
351,30.33,29.49
472,30.33,29.49
284,30.33,29.49
582,30.33,29.49
212,30.33,29.49
678,30.33,29.49
405,30.33,29.49
408,30.33,29.49
859,30.33,29.49
299,30.33,29.49
893,30.33,29.49
136,30.33,29.49
615,30.33,29.49
175,30.33,29.49
710,30.33,29.49
555,30.33,29.49
740,30.33,29.49
143,30.33,29.49
638,30.33,29.49
534,30.33,29.49
767,30.33,29.49
283,30.33,29.49
291,30.33,29.49
894,30.33,29.49
200,30.33,29.49
546,30.33,29.49
217,30.33,29.49
852,30.33,29.49
287,30.35,29.49
776,30.35,29.49
177,30.35,29.49
764,30.35,29.49
668,30.35,29.49
767,30.35,29.49
485,30.35,29.49
133,30.35,29.49
638,30.35,29.49
127,30.35,29.49
404,30.35,29.49
608,30.35,29.49
499,30.35,29.49
730,30.35,29.49
808,30.35,29.49
594,30.35,29.49
894,30.35,29.49
473,30.35,29.49
639,30.35,29.49
557,30.35,29.49
555,30.35,29.49
309,30.35,29.49
397,30.35,29.49
809,30.35,29.63
442,30.35,29.63
696,30.35,29.63
323,30.35,29.63
458,30.35,29.63
692,30.35,29.63
277,30.35,29.63
445,30.35,29.63
542,30.35,29.63
193,30.35,29.63
702,30.35,29.63
371,30.35,29.63
398,30.35,29.63
743,30.35,29.63
629,30.35,29.63
894,30.35,29.63
314,30.35,29.63
640,30.35,29.63
530,30.35,29.63
711,30.35,29.63
457,30.35,29.63
620,30.35,29.63
196,30.35,29.63
893,30.35,29.63
882,30.35,29.63
128,30.35,29.63
782,30.35,29.63
374,30.35,29.63
327,30.35,29.63
506,30.35,29.63
385,30.35,29.63
485,30.35,29.63
388,30.35,29.63
383,30.35,29.63
781,30.35,29.63
149,30.35,29.63
815,30.33,29.63
417,30.33,29.63
167,30.33,29.63
839,30.33,29.63
251,30.33,29.63
369,30.33,29.63
128,30.33,29.63
808,30.33,29.63
357,30.33,29.63
299,30.33,29.63
352,30.33,29.63
561,30.33,29.63
775,30.33,29.63
359,30.33,29.63
717,30.33,29.63
655,30.33,29.63
569,30.33,29.63
442,30.33,29.63
552,30.33,29.63
511,30.33,29.63
547,30.33,29.63
259,30.33,29.63
492,30.33,29.63
401,30.33,29.63
767,30.33,29.57
324,30.33,29.57
562,30.33,29.57
704,30.33,29.57
758,30.33,29.57
666,30.33,29.57
466,30.33,29.57
515,30.33,29.57
179,30.33,29.57
649,30.33,29.57
390,30.33,29.57
279,30.33,29.57
893,30.33,29.57
737,30.33,29.57
679,30.33,29.57
466,30.33,29.57
437,30.33,29.57
850,30.33,29.57
304,30.33,29.57
534,30.33,29.57
555,30.33,29.57
272,30.33,29.57
563,30.33,29.57
461,30.33,29.57
796,30.33,29.57
609,30.33,29.57
755,30.33,29.57
481,30.33,29.57
396,30.33,29.57
674,30.33,29.57
532,30.33,29.57
541,30.33,29.57
524,30.33,29.57
322,30.33,29.57
407,30.33,29.57
478,30.33,29.57
580,30.33,29.57
480,30.33,29.57
564,30.33,29.57
374,30.33,29.57
577,30.33,29.57
621,30.33,29.57
405,30.33,29.57
673,30.33,29.57
467,30.33,29.57
758,30.33,29.57
893,30.33,29.57
546,30.33,29.57
729,30.33,29.57
280,30.33,29.57
675,30.33,29.57
596,30.33,29.57
672,30.33,29.57
736,30.33,29.57
483,30.33,29.57
836,30.33,29.57
505,30.33,29.57
520,30.33,29.57
791,30.33,29.57
380,30.33,29.57
847,30.33,29.65
340,30.33,29.65
493,30.33,29.65
405,30.33,29.65
218,30.33,29.65
621,30.33,29.65
131,30.33,29.65
179,30.33,29.65
637,30.33,29.65
175,30.33,29.65
519,30.33,29.65
559,30.33,29.65
461,30.33,29.65
737,30.33,29.65
880,30.33,29.65
749,30.33,29.65
552,30.33,29.65
385,30.33,29.65
701,30.33,29.65
753,30.33,29.65
170,30.33,29.65
568,30.33,29.65
680,30.33,29.65
311,30.33,29.65
746,30.33,29.65
658,30.33,29.65
895,30.33,29.65
346,30.33,29.65
662,30.33,29.65
636,30.33,29.65
569,30.33,29.65
434,30.33,29.65
435,30.33,29.65
337,30.33,29.65
393,30.33,29.65
128,30.33,29.65
686,30.33,29.65
506,30.33,29.65
398,30.33,29.65
540,30.33,29.65
