894,30.13,29.19
440,30.13,29.19
455,30.13,29.19
141,30.13,29.19
483,30.13,29.19
432,30.13,29.19
719,30.13,29.19
579,30.13,29.19
509,30.13,29.19
271,30.13,29.19
462,30.13,29.19
296,30.13,29.19
798,30.13,29.19
874,30.13,29.19
398,30.13,29.19
631,30.13,29.19
419,30.13,29.19
824,30.13,29.19
260,30.13,29.19
230,30.13,29.51
480,30.13,29.51
343,30.13,29.51
601,30.13,29.51
640,30.13,29.51
449,30.13,29.51
826,30.13,29.51
461,30.13,29.51
672,30.13,29.51
551,30.13,29.51
130,30.13,29.51
739,30.13,29.51
129,30.13,29.51
362,30.13,29.51
487,30.13,29.51
444,30.13,29.51
344,30.13,29.51
490,30.13,29.51
619,30.13,29.51
750,30.13,29.51
327,30.13,29.51
628,30.13,29.51
625,30.13,29.51
439,30.13,29.51
402,30.13,29.51
134,30.13,29.51
743,30.13,29.51
446,30.13,29.51
769,30.13,29.51
363,30.13,29.51
137,30.13,29.51
654,30.13,29.51
524,30.13,29.51
504,30.13,29.51
729,30.13,29.51
642,30.13,29.51
451,30.17,29.51
675,30.17,29.51
572,30.17,29.51
765,30.17,29.51
504,30.17,29.51
553,30.17,29.51
402,30.17,29.51
410,30.17,29.51
462,30.17,29.51
222,30.17,29.51
446,30.17,29.51
129,30.17,29.51
570,30.17,29.51
739,30.17,29.51
228,30.17,29.51
802,30.17,29.51
892,30.17,29.51
498,30.17,29.51
529,30.17,29.51
227,30.17,29.51
756,30.17,29.51
200,30.17,29.51
499,30.17,29.51
350,30.17,29.51
717,30.17,29.23
830,30.17,29.23
280,30.17,29.23
825,30.17,29.23
619,30.17,29.23
652,30.17,29.23
489,30.17,29.23
600,30.17,29.23
701,30.17,29.23
289,30.17,29.23
737,30.17,29.23
496,30.17,29.23
160,30.17,29.23
869,30.17,29.23
366,30.17,29.23
673,30.17,29.23
508,30.17,29.23
292,30.17,29.23
556,30.17,29.23
513,30.17,29.23
350,30.17,29.23
134,30.17,29.23
846,30.17,29.23
145,30.17,29.23
608,30.17,29.23
652,30.17,29.23
368,30.17,29.23
619,30.17,29.23
669,30.17,29.23
577,30.17,29.23
670,30.17,29.23
316,30.17,29.23
506,30.17,29.23
606,30.17,29.23
549,30.17,29.23
445,30.17,29.23
226,30.13,29.23
916,30.13,29.23
753,30.13,29.23
741,30.13,29.23
598,30.13,29.23
619,30.13,29.23
301,30.13,29.23
650,30.13,29.23
609,30.13,29.23
219,30.13,29.23
684,30.13,29.23
379,30.13,29.23
443,30.13,29.23
355,30.13,29.23
325,30.13,29.23
658,30.13,29.23
425,30.13,29.23
420,30.13,29.23
190,30.13,29.23
302,30.13,29.23
841,30.13,29.23
174,30.13,29.23
492,30.13,29.23
515,30.13,29.57
307,30.13,29.57
894,30.13,29.57
434,30.13,29.57
591,30.13,29.57
458,30.13,29.57
463,30.13,29.57
678,30.13,29.57
389,30.13,29.57
429,30.13,29.57
578,30.13,29.57
431,30.13,29.57
607,30.13,29.57
380,30.13,29.57
684,30.13,29.57
446,30.13,29.57
626,30.13,29.57
318,30.13,29.57
317,30.13,29.57
428,30.13,29.57
669,30.13,29.57
635,30.13,29.57
452,30.13,29.57
830,30.13,29.57
378,30.13,29.57
632,30.13,29.57
412,30.13,29.57
617,30.13,29.57
446,30.13,29.57
606,30.13,29.57
633,30.13,29.57
373,30.13,29.57
563,30.13,29.57
530,30.13,29.57
425,30.13,29.57
893,30.13,29.57
562,30.13,29.57
173,30.13,29.57
797,30.13,29.57
129,30.13,29.57
894,30.13,29.57
270,30.13,29.57
727,30.13,29.57
444,30.13,29.57
129,30.13,29.57
894,30.13,29.57
323,30.13,29.57
129,30.13,29.57
872,30.13,29.57
736,30.13,29.57
130,30.13,29.57
421,30.13,29.57
589,30.13,29.57
839,30.13,29.57
516,30.13,29.57
549,30.13,29.57
371,30.13,29.57
627,30.13,29.57
130,30.13,29.57
484,30.13,29.57
599,30.13,29.25
734,30.13,29.25
823,30.13,29.25
634,30.13,29.25
846,30.13,29.25
716,30.13,29.25
492,30.13,29.25
211,30.13,29.25
651,30.13,29.25
141,30.13,29.25
666,30.13,29.25
720,30.13,29.25
129,30.13,29.25
800,30.13,29.25
365,30.13,29.25
391,30.13,29.25
589,30.13,29.25
487,30.13,29.25
894,30.13,29.25
488,30.13,29.25
424,30.13,29.25
749,30.13,29.25
129,30.13,29.25
529,30.13,29.25
132,30.13,29.25
608,30.13,29.25
246,30.13,29.25
401,30.13,29.25
576,30.13,29.25
419,30.13,29.25
368,30.13,29.25
348,30.13,29.25
418,30.13,29.25
469,30.13,29.25
300,30.13,29.25
539,30.13,29.25
255,30.17,29.25
148,30.17,29.25
686,30.17,29.25
433,30.17,29.25
574,30.17,29.25
440,30.17,29.25
853,30.17,29.25
761,30.17,29.25
357,30.17,29.25
801,30.17,29.25
252,30.17,29.25
894,30.17,29.25
497,30.17,29.25
609,30.17,29.25
403,30.17,29.25
404,30.17,29.25
392,30.17,29.25
614,30.17,29.25
226,30.17,29.25
589,30.17,29.25
678,30.17,29.25
381,30.17,29.25
384,30.17,29.25
437,30.17,29.25
609,30.17,29.37
434,30.17,29.37
558,30.17,29.37
629,30.17,29.37
694,30.17,29.37
130,30.17,29.37
748,30.17,29.37
485,30.17,29.37
823,30.17,29.37
711,30.17,29.37
362,30.17,29.37
894,30.17,29.37
579,30.17,29.37
423,30.17,29.37
363,30.17,29.37
698,30.17,29.37
363,30.17,29.37
661,30.17,29.37
599,30.17,29.37
564,30.17,29.37
565,30.17,29.37
833,30.17,29.37
281,30.17,29.37
582,30.17,29.37
211,30.17,29.37
712,30.17,29.37
622,30.17,29.37
128,30.17,29.37
894,30.17,29.37
227,30.17,29.37
587,30.17,29.37
131,30.17,29.37
617,30.17,29.37
549,30.17,29.37
427,30.17,29.37
654,30.17,29.37
645,30.17,29.37
304,30.17,29.37
839,30.17,29.37
276,30.17,29.37
663,30.17,29.37
756,30.17,29.37
371,30.17,29.37
624,30.17,29.37
210,30.17,29.37
857,30.17,29.37
133,30.17,29.37
696,30.17,29.37
366,30.17,29.37
219,30.17,29.37
686,30.17,29.37
466,30.17,29.37
767,30.17,29.37
578,30.17,29.37
491,30.17,29.37
450,30.17,29.37
611,30.17,29.37
252,30.17,29.37
709,30.17,29.37
527,30.17,29.29
735,30.17,29.29
447,30.17,29.29
894,30.17,29.29
452,30.17,29.29
262,30.17,29.29
629,30.17,29.29
458,30.17,29.29
458,30.17,29.29
427,30.17,29.29
675,30.17,29.29
138,30.17,29.29
658,30.17,29.29
406,30.17,29.29
732,30.17,29.29
399,30.17,29.29
357,30.17,29.29
703,30.17,29.29
131,30.17,29.29
698,30.17,29.29
414,30.17,29.29
667,30.17,29.29
668,30.17,29.29
173,30.17,29.29
468,30.17,29.29
517,30.17,29.29
151,30.17,29.29
621,30.17,29.29
364,30.17,29.29
888,30.17,29.29
549,30.17,29.29
366,30.17,29.29
606,30.17,29.29
405,30.17,29.29
685,30.17,29.29
516,30.17,29.29
571,30.17,29.29
136,30.17,29.29
654,30.17,29.29
667,30.17,29.29
204,30.17,29.29
495,30.17,29.29
883,30.17,29.29
655,30.17,29.29
470,30.17,29.29
645,30.17,29.29
668,30.17,29.29
478,30.17,29.29
518,30.17,29.29
587,30.17,29.29
360,30.17,29.29
569,30.17,29.29
570,30.17,29.29
722,30.17,29.29
181,30.17,29.29
445,30.17,29.29
223,30.17,29.29
439,30.17,29.29
609,30.17,29.29
586,30.17,29.29
673,30.17,29.37
523,30.17,29.37
394,30.17,29.37
759,30.17,29.37
401,30.17,29.37
492,30.17,29.37
180,30.17,29.37
249,30.17,29.37
845,30.17,29.37
627,30.17,29.37
748,30.17,29.37
225,30.17,29.37
591,30.17,29.37
129,30.17,29.37
434,30.17,29.37
683,30.17,29.37
575,30.17,29.37
772,30.17,29.37
644,30.17,29.37
640,30.17,29.37
451,30.17,29.37
325,30.17,29.37
552,30.17,29.37
402,30.17,29.37
464,30.17,29.37
577,30.17,29.37
437,30.17,29.37
753,30.17,29.37
886,30.17,29.37
893,30.17,29.37
488,30.17,29.37
344,30.17,29.37
683,30.17,29.37
433,30.17,29.37
465,30.17,29.37
188,30.17,29.37
630,30.17,29.37
357,30.17,29.37
572,30.17,29.37
333,30.17,29.37
566,30.17,29.37
