321,30.11,29.25
444,30.11,29.25
287,30.11,29.25
403,30.11,29.25
527,30.11,29.25
308,30.11,29.25
784,30.11,29.25
585,30.11,29.25
304,30.13,29.25
893,30.13,29.25
340,30.13,29.25
255,30.13,29.25
607,30.13,29.25
341,30.13,29.25
567,30.13,29.25
394,30.13,29.25
543,30.13,29.25
389,30.13,29.25
322,30.13,29.25
597,30.13,29.25
255,30.13,29.25
654,30.13,29.25
132,30.13,29.25
298,30.13,29.25
287,30.13,29.25
320,30.13,29.25
608,30.13,29.25
510,30.13,29.25
472,30.13,29.25
604,30.13,29.25
523,30.13,29.25
265,30.13,29.25
639,30.13,29.19
432,30.13,29.19
333,30.13,29.19
612,30.13,29.19
406,30.13,29.19
505,30.13,29.19
694,30.13,29.19
607,30.13,29.19
554,30.13,29.19
437,30.13,29.19
724,30.13,29.19
339,30.13,29.19
130,30.13,29.19
581,30.13,29.19
537,30.13,29.19
767,30.13,29.19
784,30.13,29.19
675,30.13,29.19
865,30.13,29.19
307,30.13,29.19
692,30.13,29.19
414,30.13,29.19
129,30.13,29.19
523,30.13,29.19
130,30.13,29.19
331,30.13,29.19
265,30.13,29.19
737,30.13,29.19
629,30.13,29.19
225,30.13,29.19
890,30.13,29.19
581,30.13,29.19
541,30.13,29.19
715,30.13,29.19
275,30.13,29.19
582,30.13,29.19
433,30.09,29.19
449,30.09,29.19
674,30.09,29.19
778,30.09,29.19
702,30.09,29.19
447,30.09,29.19
687,30.09,29.19
393,30.09,29.19
389,30.09,29.19
282,30.09,29.19
236,30.09,29.19
478,30.09,29.19
380,30.09,29.19
368,30.09,29.19
707,30.09,29.19
712,30.09,29.19
389,30.09,29.19
561,30.09,29.19
440,30.09,29.19
132,30.09,29.19
505,30.09,29.19
131,30.09,29.19
530,30.09,29.19
835,30.09,29.19
746,30.09,29.15
892,30.09,29.15
343,30.09,29.15
646,30.09,29.15
742,30.09,29.15
128,30.09,29.15
697,30.09,29.15
517,30.09,29.15
717,30.09,29.15
136,30.09,29.15
265,30.09,29.15
630,30.09,29.15
491,30.09,29.15
848,30.09,29.15
459,30.09,29.15
703,30.09,29.15
725,30.09,29.15
809,30.09,29.15
604,30.09,29.15
274,30.09,29.15
433,30.09,29.15
409,30.09,29.15
464,30.09,29.15
194,30.09,29.15
576,30.09,29.15
528,30.09,29.15
734,30.09,29.15
646,30.09,29.15
766,30.09,29.15
598,30.09,29.15
804,30.09,29.15
365,30.09,29.15
514,30.09,29.15
237,30.09,29.15
509,30.09,29.15
487,30.09,29.15
134,30.09,29.15
894,30.09,29.15
178,30.09,29.15
692,30.09,29.15
770,30.09,29.15
641,30.09,29.15
373,30.09,29.15
666,30.09,29.15
428,30.09,29.15
527,30.09,29.15
416,30.09,29.15
376,30.09,29.15
707,30.09,29.15
311,30.09,29.15
704,30.09,29.15
357,30.09,29.15
646,30.09,29.15
131,30.09,29.15
641,30.09,29.15
232,30.09,29.15
600,30.09,29.15
630,30.09,29.15
334,30.09,29.15
422,30.09,29.23
609,30.09,29.23
802,30.09,29.23
522,30.09,29.23
252,30.09,29.23
148,30.09,29.23
854,30.09,29.23
654,30.09,29.23
602,30.09,29.23
725,30.09,29.23
232,30.09,29.23
892,30.09,29.23
130,30.09,29.23
711,30.09,29.23
734,30.09,29.23
547,30.09,29.23
723,30.09,29.23
420,30.09,29.23
295,30.09,29.23
354,30.09,29.23
167,30.09,29.23
549,30.09,29.23
444,30.09,29.23
230,30.09,29.23
781,30.09,29.23
129,30.09,29.23
895,30.09,29.23
128,30.09,29.23
545,30.09,29.23
218,30.09,29.23
289,30.09,29.23
368,30.09,29.23
504,30.09,29.23
800,30.09,29.23
448,30.09,29.23
635,30.09,29.23
543,30.09,29.23
372,30.11,29.23
482,30.11,29.23
571,30.11,29.23
708,30.11,29.23
836,30.11,29.23
129,30.11,29.23
673,30.11,29.23
538,30.11,29.23
559,30.11,29.23
292,30.11,29.23
556,30.11,29.23
894,30.11,29.23
691,30.11,29.23
681,30.11,29.23
428,30.11,29.23
499,30.11,29.23
134,30.11,29.23
641,30.11,29.23
306,30.11,29.23
308,30.11,29.23
370,30.11,29.23
129,30.11,29.23
591,30.11,29.23
293,30.11,29.29
349,30.11,29.29
827,30.11,29.29
132,30.11,29.29
842,30.11,29.29
809,30.11,29.29
130,30.11,29.29
891,30.11,29.29
472,30.11,29.29
894,30.11,29.29
500,30.11,29.29
507,30.11,29.29
538,30.11,29.29
697,30.11,29.29
875,30.11,29.29
471,30.11,29.29
241,30.11,29.29
306,30.11,29.29
733,30.11,29.29
263,30.11,29.29
381,30.11,29.29
451,30.11,29.29
853,30.11,29.29
478,30.11,29.29
674,30.11,29.29
450,30.11,29.29
701,30.11,29.29
732,30.11,29.29
401,30.11,29.29
894,30.11,29.29
278,30.11,29.29
808,30.11,29.29
714,30.11,29.29
597,30.11,29.29
458,30.11,29.29
446,30.11,29.29
129,30.09,29.29
654,30.09,29.29
138,30.09,29.29
494,30.09,29.29
353,30.09,29.29
368,30.09,29.29
894,30.09,29.29
257,30.09,29.29
526,30.09,29.29
309,30.09,29.29
403,30.09,29.29
214,30.09,29.29
129,30.09,29.29
174,30.09,29.29
498,30.09,29.29
259,30.09,29.29
667,30.09,29.29
134,30.09,29.29
240,30.09,29.29
881,30.09,29.29
368,30.09,29.29
733,30.09,29.29
223,30.09,29.29
871,30.09,29.29
477,30.09,29.23
707,30.09,29.23
324,30.09,29.23
460,30.09,29.23
894,30.09,29.23
422,30.09,29.23
405,30.09,29.23
400,30.09,29.23
328,30.09,29.23
687,30.09,29.23
250,30.09,29.23
536,30.09,29.23
569,30.09,29.23
395,30.09,29.23
501,30.09,29.23
466,30.09,29.23
538,30.09,29.23
612,30.09,29.23
435,30.09,29.23
505,30.09,29.23
494,30.09,29.23
589,30.09,29.23
510,30.09,29.23
230,30.09,29.23
559,30.09,29.23
571,30.09,29.23
366,30.09,29.23
489,30.09,29.23
664,30.09,29.23
305,30.09,29.23
409,30.09,29.23
433,30.09,29.23
597,30.09,29.23
571,30.09,29.23
691,30.09,29.23
539,30.09,29.23
282,30.13,29.23
405,30.13,29.23
518,30.13,29.23
347,30.13,29.23
764,30.13,29.23
893,30.13,29.23
859,30.13,29.23
343,30.13,29.23
676,30.13,29.23
388,30.13,29.23
500,30.13,29.23
687,30.13,29.23
260,30.13,29.23
778,30.13,29.23
136,30.13,29.23
791,30.13,29.23
205,30.13,29.23
324,30.13,29.23
894,30.13,29.23
413,30.13,29.23
618,30.13,29.23
696,30.13,29.23
612,30.13,29.23
754,30.13,29.23
227,30.13,29.39
202,30.13,29.39
512,30.13,29.39
343,30.13,29.39
881,30.13,29.39
417,30.13,29.39
841,30.13,29.39
251,30.13,29.39
635,30.13,29.39
340,30.13,29.39
129,30.13,29.39
559,30.13,29.39
449,30.13,29.39
376,30.13,29.39
455,30.13,29.39
351,30.13,29.39
259,30.13,29.39
573,30.13,29.39
382,30.13,29.39
371,30.13,29.39
173,30.13,29.39
849,30.13,29.39
687,30.13,29.39
528,30.13,29.39
655,30.13,29.39
313,30.13,29.39
276,30.13,29.39
606,30.13,29.39
511,30.13,29.39
308,30.13,29.39
832,30.13,29.39
531,30.13,29.39
654,30.13,29.39
151,30.13,29.39
479,30.13,29.39
441,30.13,29.39
406,30.11,29.39
775,30.11,29.39
399,30.11,29.39
424,30.11,29.39
645,30.11,29.39
284,30.11,29.39
649,30.11,29.39
336,30.11,29.39
336,30.11,29.39
647,30.11,29.39
131,30.11,29.39
519,30.11,29.39
314,30.11,29.39
796,30.11,29.39
795,30.11,29.39
776,30.11,29.39
468,30.11,29.39
364,30.11,29.39
724,30.11,29.39
619,30.11,29.39
767,30.11,29.39
874,30.11,29.39
679,30.11,29.39
516,30.11,29.35
524,30.11,29.35
224,30.11,29.35
511,30.11,29.35
176,30.11,29.35
504,30.11,29.35
509,30.11,29.35
558,30.11,29.35
789,30.11,29.35
600,30.11,29.35
411,30.11,29.35
556,30.11,29.35
627,30.11,29.35
289,30.11,29.35
895,30.11,29.35
249,30.11,29.35
641,30.11,29.35
716,30.11,29.35
381,30.11,29.35
684,30.11,29.35
270,30.11,29.35
306,30.11,29.35
560,30.11,29.35
263,30.11,29.35
894,30.11,29.35
589,30.11,29.35
450,30.11,29.35
340,30.11,29.35
481,30.11,29.35
641,30.11,29.35
