224,30.25,29.65
566,30.25,29.65
348,30.25,29.65
455,30.25,29.65
661,30.25,29.65
528,30.25,29.65
760,30.25,29.65
476,30.25,29.65
239,30.25,29.65
672,30.25,29.65
662,30.25,29.65
725,30.25,29.65
822,30.25,29.65
336,30.25,29.65
830,30.25,29.65
534,30.25,29.65
755,30.25,29.65
423,30.25,29.65
883,30.25,29.65
669,30.25,29.43
705,30.25,29.43
554,30.25,29.43
498,30.25,29.43
396,30.25,29.43
621,30.25,29.43
320,30.25,29.43
454,30.25,29.43
495,30.25,29.43
365,30.25,29.43
712,30.25,29.43
624,30.25,29.43
712,30.25,29.43
670,30.25,29.43
208,30.25,29.43
448,30.25,29.43
643,30.25,29.43
329,30.25,29.43
472,30.25,29.43
322,30.25,29.43
556,30.25,29.43
541,30.25,29.43
472,30.25,29.43
525,30.25,29.43
130,30.25,29.43
487,30.25,29.43
131,30.25,29.43
569,30.25,29.43
456,30.25,29.43
808,30.25,29.43
751,30.25,29.43
131,30.25,29.43
464,30.25,29.43
658,30.25,29.43
202,30.25,29.43
893,30.25,29.43
403,30.29,29.43
588,30.29,29.43
442,30.29,29.43
590,30.29,29.43
559,30.29,29.43
623,30.29,29.43
420,30.29,29.43
624,30.29,29.43
892,30.29,29.43
510,30.29,29.43
795,30.29,29.43
230,30.29,29.43
639,30.29,29.43
511,30.29,29.43
706,30.29,29.43
204,30.29,29.43
756,30.29,29.43
499,30.29,29.43
815,30.29,29.43
419,30.29,29.43
312,30.29,29.43
439,30.29,29.43
144,30.29,29.43
341,30.29,29.43
556,30.29,29.57
771,30.29,29.57
891,30.29,29.57
758,30.29,29.57
390,30.29,29.57
890,30.29,29.57
481,30.29,29.57
654,30.29,29.57
382,30.29,29.57
677,30.29,29.57
656,30.29,29.57
553,30.29,29.57
671,30.29,29.57
210,30.29,29.57
347,30.29,29.57
128,30.29,29.57
591,30.29,29.57
288,30.29,29.57
431,30.29,29.57
519,30.29,29.57
734,30.29,29.57
291,30.29,29.57
768,30.29,29.57
746,30.29,29.57
372,30.29,29.57
808,30.29,29.57
362,30.29,29.57
657,30.29,29.57
572,30.29,29.57
532,30.29,29.57
603,30.29,29.57
486,30.29,29.57
480,30.29,29.57
716,30.29,29.57
129,30.29,29.57
637,30.29,29.57
394,30.29,29.57
569,30.29,29.57
383,30.29,29.57
142,30.29,29.57
685,30.29,29.57
128,30.29,29.57
626,30.29,29.57
186,30.29,29.57
509,30.29,29.57
718,30.29,29.57
289,30.29,29.57
725,30.29,29.57
316,30.29,29.57
207,30.29,29.57
804,30.29,29.57
657,30.29,29.57
814,30.29,29.57
892,30.29,29.57
129,30.29,29.57
894,30.29,29.57
136,30.29,29.57
780,30.29,29.57
269,30.29,29.57
600,30.29,29.49
709,30.29,29.49
576,30.29,29.49
319,30.29,29.49
363,30.29,29.49
201,30.29,29.49
345,30.29,29.49
407,30.29,29.49
519,30.29,29.49
688,30.29,29.49
703,30.29,29.49
894,30.29,29.49
456,30.29,29.49
415,30.29,29.49
185,30.29,29.49
521,30.29,29.49
350,30.29,29.49
478,30.29,29.49
359,30.29,29.49
491,30.29,29.49
562,30.29,29.49
490,30.29,29.49
606,30.29,29.49
407,30.29,29.49
894,30.29,29.49
143,30.29,29.49
754,30.29,29.49
129,30.29,29.49
461,30.29,29.49
761,30.29,29.49
201,30.29,29.49
489,30.29,29.49
325,30.29,29.49
626,30.29,29.49
802,30.29,29.49
354,30.29,29.49
464,30.29,29.49
216,30.27,29.49
128,30.27,29.49
417,30.27,29.49
260,30.27,29.49
576,30.27,29.49
129,30.27,29.49
359,30.27,29.49
487,30.27,29.49
130,30.27,29.49
629,30.27,29.49
358,30.27,29.49
618,30.27,29.49
473,30.27,29.49
896,30.27,29.49
128,30.27,29.49
813,30.27,29.49
416,30.27,29.49
634,30.27,29.49
749,30.27,29.49
238,30.27,29.49
802,30.27,29.49
646,30.27,29.49
669,30.27,29.49
767,30.27,29.57
226,30.27,29.57
273,30.27,29.57
556,30.27,29.57
129,30.27,29.57
895,30.27,29.57
253,30.27,29.57
752,30.27,29.57
608,30.27,29.57
595,30.27,29.57
894,30.27,29.57
130,30.27,29.57
766,30.27,29.57
458,30.27,29.57
677,30.27,29.57
726,30.27,29.57
140,30.27,29.57
540,30.27,29.57
436,30.27,29.57
607,30.27,29.57
774,30.27,29.57
130,30.27,29.57
812,30.27,29.57
129,30.27,29.57
526,30.27,29.57
466,30.27,29.57
131,30.27,29.57
920,30.27,29.57
132,30.27,29.57
805,30.27,29.57
694,30.27,29.57
815,30.27,29.57
778,30.27,29.57
491,30.27,29.57
483,30.27,29.57
139,30.27,29.57
334,30.27,29.57
603,30.27,29.57
128,30.27,29.57
412,30.27,29.57
229,30.27,29.57
589,30.27,29.57
406,30.27,29.57
767,30.27,29.57
365,30.27,29.57
227,30.27,29.57
730,30.27,29.57
617,30.27,29.57
681,30.27,29.57
553,30.27,29.57
238,30.27,29.57
480,30.27,29.57
536,30.27,29.57
258,30.27,29.57
131,30.27,29.57
436,30.27,29.57
547,30.27,29.57
461,30.27,29.57
265,30.27,29.57
207,30.27,29.57
732,30.27,29.45
480,30.27,29.45
527,30.27,29.45
458,30.27,29.45
142,30.27,29.45
855,30.27,29.45
686,30.27,29.45
639,30.27,29.45
894,30.27,29.45
804,30.27,29.45
806,30.27,29.45
332,30.27,29.45
799,30.27,29.45
231,30.27,29.45
339,30.27,29.45
646,30.27,29.45
329,30.27,29.45
666,30.27,29.45
131,30.27,29.45
611,30.27,29.45
449,30.27,29.45
133,30.27,29.45
627,30.27,29.45
131,30.27,29.45
343,30.27,29.45
131,30.27,29.45
204,30.27,29.45
827,30.27,29.45
130,30.27,29.45
851,30.27,29.45
531,30.27,29.45
397,30.27,29.45
892,30.27,29.45
131,30.27,29.45
891,30.27,29.45
652,30.27,29.45
311,30.27,29.45
555,30.27,29.45
361,30.27,29.45
733,30.27,29.45
131,30.27,29.45
150,30.27,29.45
329,30.27,29.45
178,30.27,29.45
658,30.27,29.45
250,30.27,29.45
469,30.27,29.45
366,30.27,29.45
160,30.27,29.45
660,30.27,29.45
400,30.27,29.45
665,30.27,29.45
480,30.27,29.45
488,30.27,29.45
861,30.27,29.45
377,30.27,29.45
713,30.27,29.45
293,30.27,29.45
827,30.27,29.45
893,30.27,29.63
595,30.27,29.63
549,30.27,29.63
855,30.27,29.63
709,30.27,29.63
291,30.27,29.63
848,30.27,29.63
444,30.27,29.63
895,30.27,29.63
730,30.27,29.63
321,30.27,29.63
894,30.27,29.63
131,30.27,29.63
524,30.27,29.63
623,30.27,29.63
130,30.27,29.63
197,30.27,29.63
131,30.27,29.63
775,30.27,29.63
892,30.27,29.63
251,30.27,29.63
893,30.27,29.63
147,30.27,29.63
893,30.27,29.63
131,30.27,29.63
334,30.27,29.63
737,30.27,29.63
477,30.27,29.63
767,30.27,29.63
233,30.27,29.63
492,30.27,29.63
719,30.27,29.63
541,30.27,29.63
553,30.27,29.63
131,30.27,29.63
250,30.27,29.63
261,30.27,29.63
277,30.25,29.63
543,30.25,29.63
131,30.25,29.63
604,30.25,29.63
502,30.25,29.63
524,30.25,29.63
796,30.25,29.63
231,30.25,29.63
577,30.25,29.63
518,30.25,29.63
663,30.25,29.63
130,30.25,29.63
885,30.25,29.63
233,30.25,29.63
473,30.25,29.63
484,30.25,29.63
130,30.25,29.63
562,30.25,29.63
450,30.25,29.63
575,30.25,29.63
843,30.25,29.63
131,30.25,29.63
776,30.25,29.63
509,30.25,29.59
528,30.25,29.59
894,30.25,29.59
131,30.25,29.59
594,30.25,29.59
640,30.25,29.59
530,30.25,29.59
398,30.25,29.59
212,30.25,29.59
228,30.25,29.59
411,30.25,29.59
629,30.25,29.59
282,30.25,29.59
696,30.25,29.59
522,30.25,29.59
597,30.25,29.59
473,30.25,29.59
557,30.25,29.59
264,30.25,29.59
770,30.25,29.59
363,30.25,29.59
289,30.25,29.59
283,30.25,29.59
343,30.25,29.59
228,30.25,29.59
756,30.25,29.59
894,30.25,29.59
773,30.25,29.59
436,30.25,29.59
458,30.25,29.59
592,30.25,29.59
129,30.25,29.59
587,30.25,29.59
544,30.25,29.59
706,30.25,29.59
547,30.25,29.59
418,30.25,29.59
745,30.25,29.59
491,30.25,29.59
662,30.25,29.59
541,30.25,29.59
249,30.25,29.59
