275,30.33,29.43
708,30.33,29.43
168,30.33,29.43
189,30.33,29.43
208,30.33,29.43
666,30.33,29.43
203,30.33,29.43
613,30.33,29.43
676,30.33,29.43
458,30.33,29.43
550,30.33,29.43
805,30.35,29.43
370,30.35,29.43
874,30.35,29.43
673,30.35,29.43
614,30.35,29.43
669,30.35,29.43
358,30.35,29.43
133,30.35,29.43
440,30.35,29.43
182,30.35,29.43
204,30.35,29.43
492,30.35,29.43
132,30.35,29.43
482,30.35,29.43
456,30.35,29.43
833,30.35,29.43
888,30.35,29.43
426,30.35,29.43
627,30.35,29.43
464,30.35,29.43
619,30.35,29.43
349,30.35,29.43
206,30.35,29.43
532,30.35,29.55
760,30.35,29.55
678,30.35,29.55
754,30.35,29.55
676,30.35,29.55
784,30.35,29.55
643,30.35,29.55
852,30.35,29.55
195,30.35,29.55
531,30.35,29.55
891,30.35,29.55
130,30.35,29.55
808,30.35,29.55
516,30.35,29.55
416,30.35,29.55
714,30.35,29.55
338,30.35,29.55
276,30.35,29.55
133,30.35,29.55
280,30.35,29.55
740,30.35,29.55
401,30.35,29.55
767,30.35,29.55
324,30.35,29.55
273,30.35,29.55
709,30.35,29.55
254,30.35,29.55
723,30.35,29.55
606,30.35,29.55
718,30.35,29.55
722,30.35,29.55
424,30.35,29.55
383,30.35,29.55
817,30.35,29.55
577,30.35,29.55
675,30.35,29.55
612,30.33,29.55
525,30.33,29.55
869,30.33,29.55
293,30.33,29.55
319,30.33,29.55
724,30.33,29.55
406,30.33,29.55
454,30.33,29.55
694,30.33,29.55
509,30.33,29.55
605,30.33,29.55
380,30.33,29.55
691,30.33,29.55
575,30.33,29.55
284,30.33,29.55
487,30.33,29.55
230,30.33,29.55
400,30.33,29.55
521,30.33,29.55
233,30.33,29.55
663,30.33,29.55
347,30.33,29.55
695,30.33,29.55
542,30.33,29.55
427,30.33,29.65
791,30.33,29.65
299,30.33,29.65
680,30.33,29.65
196,30.33,29.65
595,30.33,29.65
514,30.33,29.65
361,30.33,29.65
776,30.33,29.65
130,30.33,29.65
319,30.33,29.65
779,30.33,29.65
455,30.33,29.65
585,30.33,29.65
211,30.33,29.65
782,30.33,29.65
844,30.33,29.65
130,30.33,29.65
813,30.33,29.65
457,30.33,29.65
572,30.33,29.65
355,30.33,29.65
351,30.33,29.65
385,30.33,29.65
130,30.33,29.65
280,30.33,29.65
270,30.33,29.65
272,30.33,29.65
572,30.33,29.65
628,30.33,29.65
406,30.33,29.65
644,30.33,29.65
505,30.33,29.65
631,30.33,29.65
342,30.33,29.65
406,30.33,29.65
559,30.39,29.65
475,30.39,29.65
369,30.39,29.65
651,30.39,29.65
629,30.39,29.65
831,30.39,29.65
540,30.39,29.65
404,30.39,29.65
659,30.39,29.65
584,30.39,29.65
476,30.39,29.65
385,30.39,29.65
404,30.39,29.65
656,30.39,29.65
641,30.39,29.65
507,30.39,29.65
654,30.39,29.65
660,30.39,29.65
581,30.39,29.65
647,30.39,29.65
339,30.39,29.65
389,30.39,29.65
467,30.39,29.65
344,30.39,29.65
129,30.39,29.65
316,30.39,29.65
133,30.39,29.65
594,30.39,29.65
550,30.39,29.65
707,30.39,29.65
742,30.39,29.65
746,30.39,29.65
428,30.39,29.65
286,30.39,29.65
886,30.39,29.65
476,30.39,29.65
390,30.39,29.65
568,30.39,29.65
663,30.39,29.65
591,30.39,29.65
381,30.39,29.65
495,30.39,29.65
873,30.39,29.65
673,30.39,29.65
731,30.39,29.65
444,30.39,29.65
368,30.39,29.65
568,30.39,29.65
352,30.39,29.65
496,30.39,29.65
312,30.39,29.65
780,30.39,29.65
308,30.39,29.65
518,30.39,29.65
377,30.39,29.65
632,30.39,29.65
471,30.39,29.65
267,30.39,29.65
895,30.39,29.65
610,30.39,29.65
670,30.35,29.65
523,30.35,29.65
587,30.35,29.65
462,30.35,29.65
742,30.35,29.65
554,30.35,29.65
520,30.35,29.65
604,30.35,29.65
474,30.35,29.65
332,30.35,29.65
239,30.35,29.65
394,30.35,29.65
494,30.35,29.65
518,30.35,29.65
133,30.35,29.65
377,30.35,29.65
135,30.35,29.65
695,30.35,29.65
167,30.35,29.65
128,30.35,29.65
180,30.35,29.65
276,30.35,29.65
698,30.35,29.65
489,30.35,29.55
259,30.35,29.55
429,30.35,29.55
465,30.35,29.55
371,30.35,29.55
337,30.35,29.55
246,30.35,29.55
645,30.35,29.55
894,30.35,29.55
578,30.35,29.55
396,30.35,29.55
534,30.35,29.55
513,30.35,29.55
438,30.35,29.55
419,30.35,29.55
522,30.35,29.55
527,30.35,29.55
379,30.35,29.55
772,30.35,29.55
330,30.35,29.55
498,30.35,29.55
132,30.35,29.55
415,30.35,29.55
534,30.35,29.55
484,30.35,29.55
331,30.35,29.55
709,30.35,29.55
889,30.35,29.55
867,30.35,29.55
636,30.35,29.55
499,30.35,29.55
439,30.35,29.55
821,30.35,29.55
658,30.35,29.55
141,30.35,29.55
895,30.35,29.55
371,30.35,29.55
803,30.35,29.55
303,30.35,29.55
131,30.35,29.55
694,30.35,29.55
231,30.35,29.55
515,30.35,29.55
656,30.35,29.55
143,30.35,29.55
580,30.35,29.55
576,30.35,29.55
225,30.35,29.55
606,30.35,29.55
326,30.35,29.55
826,30.35,29.55
663,30.35,29.55
650,30.35,29.55
582,30.35,29.55
370,30.35,29.55
535,30.35,29.55
349,30.35,29.55
375,30.35,29.55
129,30.35,29.55
767,30.35,29.55
507,30.35,29.79
895,30.35,29.79
856,30.35,29.79
515,30.35,29.79
305,30.35,29.79
727,30.35,29.79
384,30.35,29.79
544,30.35,29.79
667,30.35,29.79
399,30.35,29.79
484,30.35,29.79
204,30.35,29.79
228,30.35,29.79
657,30.35,29.79
713,30.35,29.79
677,30.35,29.79
889,30.35,29.79
351,30.35,29.79
761,30.35,29.79
164,30.35,29.79
488,30.35,29.79
272,30.35,29.79
466,30.35,29.79
894,30.35,29.79
328,30.35,29.79
728,30.35,29.79
542,30.35,29.79
349,30.35,29.79
613,30.35,29.79
386,30.35,29.79
461,30.35,29.79
584,30.35,29.79
436,30.35,29.79
670,30.35,29.79
292,30.35,29.79
858,30.35,29.79
235,30.35,29.79
477,30.35,29.79
624,30.35,29.79
883,30.35,29.79
650,30.35,29.79
217,30.35,29.79
885,30.35,29.79
221,30.35,29.79
483,30.35,29.79
310,30.35,29.79
537,30.35,29.79
449,30.35,29.79
549,30.35,29.79
416,30.35,29.79
349,30.35,29.79
424,30.35,29.79
841,30.35,29.79
486,30.35,29.79
202,30.35,29.79
875,30.35,29.79
288,30.35,29.79
323,30.35,29.79
398,30.35,29.79
548,30.35,29.79
647,30.35,29.55
571,30.35,29.55
271,30.35,29.55
752,30.35,29.55
722,30.35,29.55
578,30.35,29.55
812,30.35,29.55
544,30.35,29.55
892,30.35,29.55
552,30.35,29.55
591,30.35,29.55
437,30.35,29.55
488,30.35,29.55
625,30.35,29.55
437,30.35,29.55
512,30.35,29.55
533,30.35,29.55
549,30.35,29.55
693,30.35,29.55
235,30.35,29.55
752,30.35,29.55
529,30.35,29.55
340,30.35,29.55
621,30.35,29.55
508,30.35,29.55
894,30.35,29.55
317,30.35,29.55
509,30.35,29.55
845,30.35,29.55
416,30.35,29.55
654,30.35,29.55
307,30.35,29.55
538,30.35,29.55
688,30.35,29.55
314,30.35,29.55
754,30.35,29.55
160,30.35,29.55
371,30.35,29.55
749,30.35,29.55
160,30.35,29.55
630,30.35,29.55
387,30.35,29.55
691,30.35,29.55
520,30.35,29.55
636,30.35,29.55
145,30.35,29.55
469,30.35,29.55
424,30.35,29.55
686,30.35,29.55
580,30.35,29.55
811,30.35,29.55
457,30.35,29.55
671,30.35,29.55
892,30.35,29.55
129,30.35,29.55
202,30.35,29.55
375,30.35,29.55
400,30.35,29.55
129,30.35,29.55
505,30.35,29.55
737,30.35,29.55
837,30.35,29.55
594,30.35,29.55
632,30.35,29.55
376,30.35,29.55
401,30.35,29.55
729,30.35,29.55
433,30.35,29.55
401,30.35,29.55
146,30.35,29.55
424,30.35,29.55
530,30.35,29.55
356,30.35,29.55
649,30.35,29.55
566,30.35,29.55
523,30.35,29.55
639,30.35,29.55
360,30.35,29.55
879,30.35,29.55
266,30.35,29.55
375,30.35,29.55
579,30.35,29.55
129,30.35,29.55
720,30.35,29.55
449,30.35,29.55
