431,30.35,29.63
553,30.39,29.63
646,30.39,29.63
302,30.39,29.63
728,30.39,29.63
658,30.39,29.63
522,30.39,29.63
251,30.39,29.63
248,30.39,29.63
280,30.39,29.63
130,30.39,29.63
141,30.39,29.63
709,30.39,29.63
850,30.39,29.63
542,30.39,29.63
627,30.39,29.63
454,30.39,29.63
893,30.39,29.63
479,30.39,29.63
623,30.39,29.63
390,30.39,29.63
340,30.39,29.63
522,30.39,29.63
644,30.39,29.63
868,30.39,29.69
354,30.39,29.69
569,30.39,29.69
646,30.39,29.69
557,30.39,29.69
518,30.39,29.69
501,30.39,29.69
464,30.39,29.69
393,30.39,29.69
549,30.39,29.69
259,30.39,29.69
609,30.39,29.69
486,30.39,29.69
551,30.39,29.69
532,30.39,29.69
478,30.39,29.69
267,30.39,29.69
603,30.39,29.69
434,30.39,29.69
428,30.39,29.69
142,30.39,29.69
551,30.39,29.69
647,30.39,29.69
267,30.39,29.69
437,30.39,29.69
331,30.39,29.69
664,30.39,29.69
784,30.39,29.69
588,30.39,29.69
562,30.39,29.69
636,30.39,29.69
465,30.39,29.69
680,30.39,29.69
128,30.39,29.69
645,30.39,29.69
650,30.39,29.69
517,30.39,29.69
474,30.39,29.69
476,30.39,29.69
684,30.39,29.69
132,30.39,29.69
502,30.39,29.69
754,30.39,29.69
669,30.39,29.69
394,30.39,29.69
494,30.39,29.69
205,30.39,29.69
849,30.39,29.69
242,30.39,29.69
670,30.39,29.69
598,30.39,29.69
308,30.39,29.69
632,30.39,29.69
264,30.39,29.69
476,30.39,29.69
134,30.39,29.69
662,30.39,29.69
178,30.39,29.69
349,30.39,29.69
856,30.39,29.69
869,30.39,29.57
462,30.39,29.57
895,30.39,29.57
586,30.39,29.57
661,30.39,29.57
614,30.39,29.57
139,30.39,29.57
893,30.39,29.57
129,30.39,29.57
315,30.39,29.57
433,30.39,29.57
338,30.39,29.57
579,30.39,29.57
499,30.39,29.57
258,30.39,29.57
637,30.39,29.57
580,30.39,29.57
868,30.39,29.57
469,30.39,29.57
324,30.39,29.57
755,30.39,29.57
144,30.39,29.57
853,30.39,29.57
129,30.39,29.57
564,30.39,29.57
279,30.39,29.57
231,30.39,29.57
455,30.39,29.57
602,30.39,29.57
780,30.39,29.57
509,30.39,29.57
340,30.39,29.57
392,30.39,29.57
494,30.39,29.57
349,30.39,29.57
581,30.39,29.57
630,30.35,29.57
797,30.35,29.57
390,30.35,29.57
894,30.35,29.57
280,30.35,29.57
728,30.35,29.57
311,30.35,29.57
634,30.35,29.57
449,30.35,29.57
509,30.35,29.57
679,30.35,29.57
243,30.35,29.57
724,30.35,29.57
430,30.35,29.57
734,30.35,29.57
575,30.35,29.57
662,30.35,29.57
436,30.35,29.57
455,30.35,29.57
588,30.35,29.57
322,30.35,29.57
129,30.35,29.57
862,30.35,29.57
634,30.35,29.43
747,30.35,29.43
494,30.35,29.43
534,30.35,29.43
764,30.35,29.43
129,30.35,29.43
678,30.35,29.43
494,30.35,29.43
263,30.35,29.43
209,30.35,29.43
729,30.35,29.43
500,30.35,29.43
470,30.35,29.43
658,30.35,29.43
521,30.35,29.43
174,30.35,29.43
640,30.35,29.43
431,30.35,29.43
221,30.35,29.43
361,30.35,29.43
653,30.35,29.43
478,30.35,29.43
463,30.35,29.43
718,30.35,29.43
375,30.35,29.43
473,30.35,29.43
545,30.35,29.43
391,30.35,29.43
733,30.35,29.43
523,30.35,29.43
801,30.35,29.43
362,30.35,29.43
836,30.35,29.43
265,30.35,29.43
466,30.35,29.43
611,30.35,29.43
598,30.35,29.43
895,30.35,29.43
842,30.35,29.43
643,30.35,29.43
501,30.35,29.43
255,30.35,29.43
641,30.35,29.43
522,30.35,29.43
221,30.35,29.43
660,30.35,29.43
331,30.35,29.43
643,30.35,29.43
702,30.35,29.43
729,30.35,29.43
613,30.35,29.43
529,30.35,29.43
606,30.35,29.43
411,30.35,29.43
560,30.35,29.43
701,30.35,29.43
492,30.35,29.43
362,30.35,29.43
377,30.35,29.43
479,30.35,29.43
678,30.35,29.45
470,30.35,29.45
880,30.35,29.45
662,30.35,29.45
312,30.35,29.45
443,30.35,29.45
385,30.35,29.45
244,30.35,29.45
213,30.35,29.45
472,30.35,29.45
687,30.35,29.45
747,30.35,29.45
697,30.35,29.45
575,30.35,29.45
467,30.35,29.45
515,30.35,29.45
443,30.35,29.45
454,30.35,29.45
801,30.35,29.45
347,30.35,29.45
584,30.35,29.45
569,30.35,29.45
575,30.35,29.45
517,30.35,29.45
427,30.35,29.45
715,30.35,29.45
258,30.35,29.45
424,30.35,29.45
496,30.35,29.45
382,30.35,29.45
739,30.35,29.45
406,30.35,29.45
379,30.35,29.45
581,30.35,29.45
470,30.35,29.45
606,30.35,29.45
341,30.35,29.45
556,30.35,29.45
603,30.35,29.45
636,30.35,29.45
436,30.35,29.45
724,30.35,29.45
618,30.35,29.45
144,30.35,29.45
814,30.35,29.45
550,30.35,29.45
657,30.35,29.45
836,30.35,29.45
136,30.35,29.45
892,30.35,29.45
408,30.35,29.45
453,30.35,29.45
894,30.35,29.45
358,30.35,29.45
579,30.35,29.45
621,30.35,29.45
133,30.35,29.45
447,30.35,29.45
475,30.35,29.45
730,30.35,29.45
538,30.35,29.43
582,30.35,29.43
772,30.35,29.43
484,30.35,29.43
673,30.35,29.43
263,30.35,29.43
772,30.35,29.43
470,30.35,29.43
501,30.35,29.43
706,30.35,29.43
410,30.35,29.43
524,30.35,29.43
443,30.35,29.43
503,30.35,29.43
691,30.35,29.43
128,30.35,29.43
240,30.35,29.43
305,30.35,29.43
135,30.35,29.43
810,30.35,29.43
300,30.35,29.43
294,30.35,29.43
489,30.35,29.43
689,30.35,29.43
521,30.35,29.43
338,30.35,29.43
667,30.35,29.43
563,30.35,29.43
481,30.35,29.43
291,30.35,29.43
661,30.35,29.43
222,30.35,29.43
895,30.35,29.43
689,30.35,29.43
781,30.35,29.43
148,30.35,29.43
722,30.35,29.43
562,30.35,29.43
417,30.35,29.43
340,30.35,29.43
836,30.35,29.43
659,30.35,29.43
512,30.35,29.43
859,30.35,29.43
468,30.35,29.43
454,30.35,29.43
231,30.35,29.43
805,30.35,29.43
367,30.35,29.43
840,30.35,29.43
500,30.35,29.43
628,30.35,29.43
521,30.35,29.43
596,30.35,29.43
449,30.35,29.43
393,30.35,29.43
782,30.35,29.43
267,30.35,29.43
567,30.35,29.43
391,30.35,29.43
624,30.35,29.45
413,30.35,29.45
613,30.35,29.45
524,30.35,29.45
495,30.35,29.45
621,30.35,29.45
889,30.35,29.45
238,30.35,29.45
426,30.35,29.45
463,30.35,29.45
174,30.35,29.45
764,30.35,29.45
467,30.35,29.45
895,30.35,29.45
130,30.35,29.45
894,30.35,29.45
683,30.35,29.45
585,30.35,29.45
894,30.35,29.45
456,30.35,29.45
445,30.35,29.45
591,30.35,29.45
556,30.35,29.45
890,30.35,29.45
350,30.35,29.45
129,30.35,29.45
892,30.35,29.45
136,30.35,29.45
426,30.35,29.45
191,30.35,29.45
601,30.35,29.45
256,30.35,29.45
613,30.35,29.45
250,30.35,29.45
629,30.35,29.45
781,30.35,29.45
246,30.35,29.45
732,30.35,29.45
435,30.35,29.45
316,30.35,29.45
294,30.35,29.45
724,30.35,29.45
558,30.35,29.45
433,30.35,29.45
404,30.35,29.45
739,30.35,29.45
301,30.35,29.45
770,30.35,29.45
453,30.35,29.45
746,30.35,29.45
604,30.35,29.45
592,30.35,29.45
513,30.35,29.45
311,30.35,29.45
566,30.35,29.45
128,30.35,29.45
444,30.35,29.45
129,30.35,29.45
278,30.35,29.45
647,30.35,29.55
262,30.35,29.55
436,30.35,29.55
412,30.35,29.55
228,30.35,29.55
658,30.35,29.55
405,30.35,29.55
540,30.35,29.55
607,30.35,29.55
468,30.35,29.55
678,30.35,29.55
334,30.35,29.55
887,30.35,29.55
504,30.35,29.55
618,30.35,29.55
453,30.35,29.55
476,30.35,29.55
178,30.35,29.55
330,30.35,29.55
811,30.35,29.55
131,30.35,29.55
171,30.35,29.55
198,30.35,29.55
493,30.35,29.55
574,30.35,29.55
663,30.35,29.55
573,30.35,29.55
548,30.35,29.55
512,30.35,29.55
709,30.35,29.55
165,30.35,29.55
599,30.35,29.55
627,30.35,29.55
435,30.35,29.55
649,30.35,29.55
392,30.35,29.55
682,30.39,29.55
