723,30.35,29.45
692,30.35,29.45
459,30.35,29.45
473,30.35,29.45
258,30.35,29.45
707,30.35,29.45
399,30.35,29.45
555,30.35,29.45
601,30.35,29.45
639,30.35,29.45
678,30.35,29.45
858,30.35,29.45
735,30.35,29.45
468,30.35,29.45
487,30.35,29.45
157,30.35,29.45
670,30.35,29.45
628,30.35,29.45
607,30.35,29.45
444,30.35,29.45
680,30.35,29.45
703,30.35,29.45
724,30.35,29.45
424,30.35,29.45
463,30.35,29.45
516,30.35,29.45
337,30.35,29.45
473,30.35,29.45
131,30.35,29.45
420,30.35,29.45
503,30.35,29.45
623,30.35,29.45
496,30.35,29.45
387,30.35,29.45
377,30.31,29.45
365,30.31,29.45
554,30.31,29.45
574,30.31,29.45
406,30.31,29.45
369,30.31,29.45
777,30.31,29.45
400,30.31,29.45
652,30.31,29.45
637,30.31,29.45
621,30.31,29.45
582,30.31,29.45
350,30.31,29.45
573,30.31,29.45
449,30.31,29.45
378,30.31,29.45
841,30.31,29.45
361,30.31,29.45
512,30.31,29.45
530,30.31,29.45
811,30.31,29.45
450,30.31,29.45
527,30.31,29.45
441,30.31,29.45
393,30.31,29.51
452,30.31,29.51
444,30.31,29.51
764,30.31,29.51
542,30.31,29.51
752,30.31,29.51
137,30.31,29.51
580,30.31,29.51
141,30.31,29.51
865,30.31,29.51
271,30.31,29.51
466,30.31,29.51
581,30.31,29.51
536,30.31,29.51
414,30.31,29.51
451,30.31,29.51
490,nan,29.51
739,30.31,29.51
409,30.31,29.51
895,30.31,29.51
384,30.31,29.51
525,30.31,29.51
239,30.31,29.51
467,30.31,29.51
290,30.31,29.51
542,30.31,29.51
730,30.31,29.51
537,30.31,29.51
649,30.31,29.51
508,30.31,29.51
852,30.31,29.51
693,30.31,29.51
594,30.31,29.51
318,30.31,29.51
455,30.31,29.51
356,30.31,29.51
490,30.33,29.51
191,30.33,29.51
556,30.33,29.51
802,30.33,29.51
892,30.33,29.51
447,30.33,29.51
667,30.33,29.51
466,30.33,29.51
683,30.33,29.51
413,30.33,29.51
546,30.33,29.51
887,30.33,29.51
130,30.33,29.51
837,30.33,29.51
155,30.33,29.51
529,30.33,29.51
695,30.33,29.51
524,30.33,29.51
625,30.33,29.51
509,30.33,29.51
892,30.33,29.51
252,30.33,29.51
563,30.33,29.51
481,30.33,29.51
365,30.33,29.43
369,30.33,29.43
609,30.33,29.43
340,30.33,29.43
688,30.33,29.43
275,30.33,29.43
510,30.33,29.43
611,30.33,29.43
173,30.33,29.43
804,30.33,29.43
186,30.33,29.43
486,30.33,29.43
392,30.33,29.43
894,30.33,29.43
228,30.33,29.43
819,30.33,29.43
667,30.33,29.43
576,30.33,29.43
582,30.33,29.43
427,30.33,29.43
589,30.33,29.43
649,30.33,29.43
422,30.33,29.43
515,30.33,29.43
755,30.33,29.43
567,30.33,29.43
518,30.33,29.43
465,30.33,29.43
581,30.33,29.43
288,30.33,29.43
662,30.33,29.43
599,30.33,29.43
352,30.33,29.43
565,30.33,29.43
738,30.33,29.43
436,30.33,29.43
424,30.35,29.43
590,30.35,29.43
438,30.35,29.43
205,30.35,29.43
552,30.35,29.43
618,30.35,29.43
612,30.35,29.43
354,30.35,29.43
409,30.35,29.43
688,30.35,29.43
698,30.35,29.43
696,30.35,29.43
716,30.35,29.43
734,30.35,29.43
513,30.35,29.43
556,30.35,29.43
573,30.35,29.43
612,30.35,29.43
743,30.35,29.43
309,30.35,29.43
654,30.35,29.43
383,30.35,29.43
459,30.35,29.43
483,30.35,29.43
168,30.35,29.63
369,30.35,29.63
589,30.35,29.63
482,30.35,29.63
653,30.35,29.63
426,30.35,29.63
743,30.35,29.63
546,30.35,29.63
286,30.35,29.63
696,30.35,29.63
350,30.35,29.63
880,30.35,29.63
455,30.35,29.63
879,30.35,29.63
366,30.35,29.63
283,30.35,29.63
712,30.35,29.63
149,30.35,29.63
814,30.35,29.63
428,30.35,29.63
713,30.35,29.63
395,30.35,29.63
468,30.35,29.63
518,30.35,29.63
640,30.35,29.63
742,30.35,29.63
869,30.35,29.63
383,30.35,29.63
813,30.35,29.63
249,30.35,29.63
514,30.35,29.63
139,30.35,29.63
190,30.35,29.63
527,30.35,29.63
294,30.35,29.63
670,30.35,29.63
254,30.31,29.63
495,30.31,29.63
327,30.31,29.63
627,30.31,29.63
396,30.31,29.63
599,30.31,29.63
550,30.31,29.63
293,30.31,29.63
639,30.31,29.63
412,30.31,29.63
500,30.31,29.63
484,30.31,29.63
500,30.31,29.63
419,30.31,29.63
384,30.31,29.63
367,30.31,29.63
743,30.31,29.63
358,30.31,29.63
662,30.31,29.63
576,30.31,29.63
360,30.31,29.63
135,30.31,29.63
569,30.31,29.63
732,30.31,29.57
351,30.31,29.57
521,30.31,29.57
739,30.31,29.57
390,30.31,29.57
365,30.31,29.57
436,30.31,29.57
323,30.31,29.57
619,30.31,29.57
763,30.31,29.57
542,30.31,29.57
131,30.31,29.57
153,30.31,29.57
563,30.31,29.57
446,30.31,29.57
366,30.31,29.57
453,30.31,29.57
728,30.31,29.57
540,30.31,29.57
895,30.31,29.57
130,30.31,29.57
675,30.31,29.57
294,30.31,29.57
507,30.31,29.57
686,30.31,29.57
201,30.31,29.57
154,30.31,29.57
636,30.31,29.57
307,30.31,29.57
133,30.31,29.57
252,30.31,29.57
404,30.31,29.57
476,30.31,29.57
340,30.31,29.57
821,30.31,29.57
235,30.31,29.57
894,30.29,29.57
436,30.29,29.57
712,30.29,29.57
800,30.29,29.57
129,30.29,29.57
846,30.29,29.57
128,30.29,29.57
230,30.29,29.57
263,30.29,29.57
311,30.29,29.57
194,30.29,29.57
489,30.29,29.57
733,30.29,29.57
529,30.29,29.57
451,30.29,29.57
775,30.29,29.57
290,30.29,29.57
366,30.29,29.57
414,30.29,29.57
214,30.29,29.57
697,30.29,29.57
283,30.29,29.57
710,30.29,29.57
710,30.29,29.57
897,30.29,29.57
490,30.29,29.57
704,30.29,29.57
592,30.29,29.57
308,30.29,29.57
567,30.29,29.57
399,30.29,29.57
669,30.29,29.57
409,30.29,29.57
684,30.29,29.57
639,30.29,29.57
684,30.29,29.57
484,30.29,29.57
470,30.29,29.57
415,30.29,29.57
623,30.29,29.57
411,30.29,29.57
506,30.29,29.57
430,30.29,29.57
556,30.29,29.57
868,30.29,29.57
589,30.29,29.57
516,30.29,29.57
633,30.29,29.57
894,30.29,29.57
691,30.29,29.57
640,30.29,29.57
742,30.29,29.57
400,30.29,29.57
398,30.29,29.57
627,30.29,29.57
528,30.29,29.57
617,30.29,29.57
530,30.29,29.57
439,30.29,29.57
556,30.29,29.57
295,30.31,29.57
245,30.31,29.57
720,30.31,29.57
399,30.31,29.57
558,30.31,29.57
774,30.31,29.57
136,30.31,29.57
895,30.31,29.57
455,30.31,29.57
544,30.31,29.57
575,30.31,29.57
560,30.31,29.57
338,30.31,29.57
517,30.31,29.57
522,30.31,29.57
546,30.31,29.57
427,30.31,29.57
580,30.31,29.57
794,30.31,29.57
470,30.31,29.57
482,30.31,29.57
412,30.31,29.57
550,30.31,29.57
406,30.31,29.57
496,30.31,29.57
523,30.31,29.57
579,30.31,29.57
434,30.31,29.57
469,30.31,29.57
508,30.31,29.57
218,30.31,29.57
588,30.31,29.57
630,30.31,29.57
470,30.31,29.57
560,30.31,29.57
758,30.31,29.57
484,30.31,29.57
443,30.31,29.57
326,30.31,29.57
576,30.31,29.57
320,30.31,29.57
322,30.31,29.57
208,30.31,29.57
726,30.31,29.57
498,30.31,29.57
645,30.31,29.57
737,30.31,29.57
559,30.31,29.57
617,30.31,29.57
610,30.31,29.57
601,30.31,29.57
342,30.31,29.57
571,30.31,29.57
349,30.31,29.57
368,30.31,29.57
471,30.31,29.57
694,30.31,29.57
764,30.31,29.57
794,30.31,29.57
375,30.31,29.57
859,30.31,29.57
494,30.31,29.57
377,30.31,29.57
535,30.31,29.57
520,30.31,29.57
695,30.31,29.57
329,30.31,29.57
872,30.31,29.57
482,30.31,29.57
376,30.31,29.57
130,30.31,29.57
734,30.31,29.57
326,30.31,29.57
668,30.31,29.57
640,30.31,29.57
540,30.31,29.57
456,30.31,29.57
558,30.31,29.57
544,30.31,29.57
558,30.31,29.57
335,30.31,29.57
470,30.31,29.57
751,30.31,29.57
504,30.31,29.55
592,30.31,29.55
893,30.31,29.55
