730,30.39,29.63
858,30.39,29.63
343,30.39,29.63
670,30.39,29.63
271,30.39,29.63
598,30.39,29.63
489,30.39,29.63
785,30.39,29.63
737,30.39,29.63
554,30.39,29.63
411,30.39,29.63
891,30.39,29.63
426,30.39,29.63
891,30.39,29.63
662,30.39,29.63
653,30.39,29.63
504,30.39,29.63
413,30.35,29.63
467,30.35,29.63
300,30.35,29.63
760,30.35,29.63
365,30.35,29.63
780,30.35,29.63
131,30.35,29.63
353,30.35,29.63
436,30.35,29.63
641,30.35,29.63
521,30.35,29.63
301,30.35,29.63
409,30.35,29.63
371,30.35,29.63
379,30.35,29.63
527,30.35,29.63
718,30.35,29.63
350,30.35,29.63
690,30.35,29.63
383,30.35,29.63
649,30.35,29.63
230,30.35,29.63
891,30.35,29.63
558,30.35,29.63
892,30.35,29.63
458,30.35,29.63
229,30.35,29.63
891,30.35,29.63
132,30.35,29.63
659,30.35,29.63
348,30.35,29.63
412,30.35,29.63
604,30.35,29.63
431,30.35,29.63
629,30.35,29.63
471,30.35,29.63
130,30.35,29.63
621,30.35,29.63
522,30.35,29.63
743,30.35,29.63
627,30.35,29.63
503,30.35,29.63
892,30.35,29.63
273,30.35,29.63
546,30.35,29.63
332,30.35,29.63
220,30.35,29.63
474,30.35,29.63
476,30.35,29.63
646,30.35,29.63
583,30.35,29.63
502,30.35,29.63
774,30.35,29.63
579,30.35,29.63
354,30.35,29.63
768,30.35,29.63
508,30.35,29.63
892,30.35,29.63
403,30.35,29.63
607,30.35,29.63
812,30.41,29.63
785,30.41,29.63
274,30.41,29.63
823,30.41,29.63
697,30.41,29.63
824,30.41,29.63
604,30.41,29.63
267,30.41,29.63
543,30.41,29.63
131,30.41,29.63
701,30.41,29.63
222,30.41,29.63
131,30.41,29.63
306,30.41,29.63
243,30.41,29.63
629,30.41,29.63
386,30.41,29.63
489,30.41,29.63
778,30.41,29.63
133,30.41,29.63
718,30.41,29.63
512,30.41,29.63
196,30.41,29.63
889,30.41,29.57
339,30.41,29.57
748,30.41,29.57
406,30.41,29.57
624,30.41,29.57
783,30.41,29.57
591,30.41,29.57
628,30.41,29.57
762,30.41,29.57
461,30.41,29.57
448,30.41,29.57
258,30.41,29.57
272,30.41,29.57
371,30.41,29.57
530,30.41,29.57
794,30.41,29.57
486,30.41,29.57
592,30.41,29.57
648,30.41,29.57
509,30.41,29.57
526,30.41,29.57
711,30.41,29.57
563,30.41,29.57
570,30.41,29.57
718,30.41,29.57
782,30.41,29.57
237,30.41,29.57
655,30.41,29.57
289,30.41,29.57
130,30.41,29.57
760,30.41,29.57
294,30.41,29.57
715,30.41,29.57
622,30.41,29.57
302,30.41,29.57
647,30.41,29.57
315,30.35,29.57
361,30.35,29.57
691,30.35,29.57
469,30.35,29.57
873,30.35,29.57
325,30.35,29.57
385,30.35,29.57
380,30.35,29.57
363,30.35,29.57
510,30.35,29.57
211,30.35,29.57
726,30.35,29.57
249,30.35,29.57
338,30.35,29.57
665,30.35,29.57
438,30.35,29.57
848,30.35,29.57
494,30.35,29.57
357,30.35,29.57
522,30.35,29.57
653,30.35,29.57
666,30.35,29.57
535,30.35,29.57
310,30.35,29.57
611,30.35,29.51
130,30.35,29.51
596,30.35,29.51
447,30.35,29.51
564,30.35,29.51
509,30.35,29.51
405,30.35,29.51
461,30.35,29.51
544,30.35,29.51
629,30.35,29.51
557,30.35,29.51
394,30.35,29.51
631,30.35,29.51
338,30.35,29.51
851,30.35,29.51
329,30.35,29.51
646,30.35,29.51
891,30.35,29.51
870,30.35,29.51
599,30.35,29.51
795,30.35,29.51
369,30.35,29.51
231,30.35,29.51
760,30.35,29.51
413,30.35,29.51
774,30.35,29.51
462,30.35,29.51
497,30.35,29.51
795,30.35,29.51
639,30.35,29.51
624,30.35,29.51
285,30.35,29.51
600,30.35,29.51
236,30.35,29.51
293,30.35,29.51
253,30.35,29.51
228,30.35,29.51
704,30.35,29.51
715,30.35,29.51
354,30.35,29.51
894,30.35,29.51
617,30.35,29.51
894,30.35,29.51
303,30.35,29.51
290,30.35,29.51
814,30.35,29.51
266,30.35,29.51
644,30.35,29.51
461,30.35,29.51
291,30.35,29.51
131,30.35,29.51
287,30.35,29.51
512,30.35,29.51
730,30.35,29.51
402,30.35,29.51
830,30.35,29.51
458,30.35,29.51
846,30.35,29.51
408,30.35,29.51
382,30.35,29.51
663,30.35,29.35
287,30.35,29.35
727,30.35,29.35
293,30.35,29.35
619,30.35,29.35
528,30.35,29.35
894,30.35,29.35
893,30.35,29.35
784,30.35,29.35
667,30.35,29.35
373,30.35,29.35
202,30.35,29.35
174,30.35,29.35
387,30.35,29.35
512,30.35,29.35
903,30.35,29.35
607,30.35,29.35
667,30.35,29.35
873,30.35,29.35
186,30.35,29.35
391,30.35,29.35
609,30.35,29.35
431,30.35,29.35
422,30.35,29.35
507,30.35,29.35
219,30.35,29.35
392,30.35,29.35
408,30.35,29.35
864,30.35,29.35
130,30.35,29.35
624,30.35,29.35
300,30.35,29.35
687,30.35,29.35
738,30.35,29.35
426,30.35,29.35
706,30.35,29.35
503,30.35,29.35
322,30.35,29.35
710,30.35,29.35
547,30.35,29.35
539,30.35,29.35
557,30.35,29.35
399,30.35,29.35
894,30.35,29.35
130,30.35,29.35
684,30.35,29.35
552,30.35,29.35
615,30.35,29.35
461,30.35,29.35
792,30.35,29.35
783,30.35,29.35
860,30.35,29.35
549,30.35,29.35
440,30.35,29.35
353,30.35,29.35
131,30.35,29.35
887,30.35,29.35
358,30.35,29.35
612,30.35,29.35
564,30.35,29.57
733,30.35,29.57
129,30.35,29.57
366,30.35,29.57
306,30.35,29.57
866,30.35,29.57
496,30.35,29.57
483,30.35,29.57
797,30.35,29.57
518,30.35,29.57
869,30.35,29.57
307,30.35,29.57
782,30.35,29.57
128,30.35,29.57
643,30.35,29.57
521,30.35,29.57
153,30.35,29.57
575,30.35,29.57
307,30.35,29.57
448,30.35,29.57
341,30.35,29.57
536,30.35,29.57
664,30.35,29.57
387,30.35,29.57
715,30.35,29.57
808,30.35,29.57
445,30.35,29.57
801,30.35,29.57
288,30.35,29.57
701,30.35,29.57
402,30.35,29.57
623,30.35,29.57
517,30.35,29.57
267,30.35,29.57
769,30.35,29.57
266,30.35,29.57
574,30.39,29.57
274,30.39,29.57
893,30.39,29.57
804,30.39,29.57
707,30.39,29.57
681,30.39,29.57
572,30.39,29.57
231,30.39,29.57
667,30.39,29.57
251,30.39,29.57
694,30.39,29.57
566,30.39,29.57
606,30.39,29.57
482,30.39,29.57
606,30.39,29.57
750,30.39,29.57
568,30.39,29.57
861,30.39,29.57
583,30.39,29.57
893,30.39,29.57
452,30.39,29.57
395,30.39,29.57
426,30.39,29.57
794,30.39,29.57
406,30.39,29.57
751,30.39,29.57
278,30.39,29.57
892,30.39,29.57
710,30.39,29.57
274,30.39,29.57
596,30.39,29.57
649,30.39,29.57
796,30.39,29.57
283,30.39,29.57
733,30.39,29.57
242,30.39,29.57
668,30.39,29.57
296,30.39,29.57
527,30.39,29.57
499,30.39,29.57
523,30.39,29.57
511,30.39,29.57
489,30.39,29.57
191,30.39,29.57
128,30.39,29.57
265,30.39,29.57
283,30.39,29.57
368,30.39,29.57
618,30.39,29.57
494,30.39,29.57
397,30.39,29.57
801,30.39,29.57
215,30.39,29.57
661,30.39,29.57
474,30.39,29.57
500,30.39,29.57
818,30.39,29.57
129,30.39,29.57
894,30.39,29.57
224,30.39,29.57
413,30.41,29.57
626,30.41,29.57
363,30.41,29.57
560,30.41,29.57
615,30.41,29.57
682,30.41,29.57
864,30.41,29.57
368,30.41,29.57
303,30.41,29.57
318,30.41,29.57
437,30.41,29.57
499,30.41,29.57
424,30.41,29.57
835,30.41,29.57
269,30.41,29.57
727,30.41,29.57
690,30.41,29.57
488,30.41,29.57
393,30.41,29.57
571,30.41,29.57
310,30.41,29.57
221,30.41,29.57
329,30.41,29.57
341,30.41,29.57
653,30.41,29.65
251,30.41,29.65
486,30.41,29.65
585,30.41,29.65
635,30.41,29.65
717,30.41,29.65
465,30.41,29.65
615,30.41,29.65
292,30.41,29.65
214,30.41,29.65
770,30.41,29.65
320,30.41,29.65
793,30.41,29.65
682,30.41,29.65
146,30.41,29.65
893,30.41,29.65
445,30.41,29.65
573,30.41,29.65
141,30.41,29.65
210,30.41,29.65
