630,30.39,29.69
663,30.39,29.69
691,30.39,29.69
167,30.39,29.69
725,30.39,29.69
357,30.39,29.69
564,30.39,29.69
826,30.39,29.69
537,30.39,29.69
579,30.39,29.69
132,30.39,29.69
184,30.39,29.69
403,30.39,29.69
318,30.39,29.69
222,30.39,29.69
719,30.39,29.69
594,30.39,29.69
474,30.39,29.69
716,30.39,29.69
799,30.39,29.69
196,30.39,29.69
763,30.39,29.69
369,30.39,29.69
260,30.39,29.69
680,30.39,29.69
404,30.39,29.69
605,30.35,29.69
673,30.35,29.69
847,30.35,29.69
700,30.35,29.69
707,30.35,29.69
833,30.35,29.69
234,30.35,29.69
860,30.35,29.69
372,30.35,29.69
385,30.35,29.69
693,30.35,29.69
146,30.35,29.69
765,30.35,29.69
249,30.35,29.69
482,30.35,29.69
773,30.35,29.69
454,30.35,29.69
744,30.35,29.69
748,30.35,29.69
717,30.35,29.69
748,30.35,29.69
428,30.35,29.69
892,30.35,29.69
347,30.35,29.63
399,30.35,29.63
508,30.35,29.63
442,30.35,29.63
769,30.35,29.63
510,30.35,29.63
419,30.35,29.63
617,30.35,29.63
462,30.35,29.63
364,30.35,29.63
302,30.35,29.63
587,30.35,29.63
465,30.35,29.63
373,30.35,29.63
578,30.35,29.63
567,30.35,29.63
669,30.35,29.63
671,30.35,29.63
461,30.35,29.63
507,30.35,29.63
481,30.35,29.63
465,30.35,29.63
797,30.35,29.63
610,30.35,29.63
273,30.35,29.63
573,30.35,29.63
202,30.35,29.63
854,30.35,29.63
717,30.35,29.63
550,30.35,29.63
624,30.35,29.63
130,30.35,29.63
391,30.35,29.63
167,30.35,29.63
462,30.35,29.63
791,30.35,29.63
560,30.35,29.63
894,30.35,29.63
456,30.35,29.63
406,30.35,29.63
778,30.35,29.63
336,30.35,29.63
299,30.35,29.63
736,30.35,29.63
343,30.35,29.63
393,30.35,29.63
129,30.35,29.63
783,30.35,29.63
546,30.35,29.63
427,30.35,29.63
523,30.35,29.63
129,30.35,29.63
784,30.35,29.63
413,30.35,29.63
609,30.35,29.63
617,30.35,29.63
494,30.35,29.63
517,30.35,29.63
530,30.35,29.63
294,30.35,29.63
498,30.35,29.39
530,30.35,29.39
505,30.35,29.39
131,30.35,29.39
135,30.35,29.39
395,30.35,29.39
424,30.35,29.39
603,30.35,29.39
244,30.35,29.39
760,30.35,29.39
261,30.35,29.39
738,30.35,29.39
416,30.35,29.39
251,30.35,29.39
469,30.35,29.39
212,30.35,29.39
461,30.35,29.39
132,30.35,29.39
873,30.35,29.39
324,30.35,29.39
405,30.35,29.39
723,30.35,29.39
368,30.35,29.39
379,30.35,29.39
646,30.35,29.39
761,30.35,29.39
894,30.35,29.39
130,30.35,29.39
744,30.35,29.39
372,30.35,29.39
528,30.35,29.39
330,30.35,29.39
270,30.35,29.39
468,30.35,29.39
722,30.35,29.39
897,30.35,29.39
740,30.33,29.39
234,30.33,29.39
779,30.33,29.39
582,30.33,29.39
530,30.33,29.39
225,30.33,29.39
611,30.33,29.39
894,30.33,29.39
381,30.33,29.39
644,30.33,29.39
486,30.33,29.39
539,30.33,29.39
566,30.33,29.39
343,30.33,29.39
438,30.33,29.39
418,30.33,29.39
562,30.33,29.39
532,30.33,29.39
894,30.33,29.39
828,30.33,29.39
829,30.33,29.39
343,30.33,29.39
458,30.33,29.39
601,30.33,29.39
674,30.33,29.57
411,30.33,29.57
441,30.33,29.57
716,30.33,29.57
484,30.33,29.57
499,30.33,29.57
303,30.33,29.57
402,30.33,29.57
222,30.33,29.57
348,30.33,29.57
466,30.33,29.57
664,30.33,29.57
610,30.33,29.57
557,30.33,29.57
130,30.33,29.57
733,30.33,29.57
694,30.33,29.57
128,30.33,29.57
671,30.33,29.57
289,30.33,29.57
835,30.33,29.57
562,30.33,29.57
439,30.33,29.57
719,30.33,29.57
650,30.33,29.57
702,30.33,29.57
644,30.33,29.57
494,30.33,29.57
781,30.33,29.57
536,30.33,29.57
589,30.33,29.57
297,30.33,29.57
128,30.33,29.57
887,30.33,29.57
313,30.33,29.57
684,30.33,29.57
372,30.35,29.57
293,30.35,29.57
572,30.35,29.57
280,30.35,29.57
612,30.35,29.57
484,30.35,29.57
282,30.35,29.57
824,30.35,29.57
848,30.35,29.57
801,30.35,29.57
666,30.35,29.57
306,30.35,29.57
893,30.35,29.57
574,30.35,29.57
472,30.35,29.57
680,30.35,29.57
752,30.35,29.57
490,30.35,29.57
577,30.35,29.57
558,30.35,29.57
155,30.35,29.57
497,30.35,29.57
297,30.35,29.57
635,30.35,29.55
315,30.35,29.55
559,30.35,29.55
230,30.35,29.55
756,30.35,29.55
369,30.35,29.55
147,30.35,29.55
492,30.35,29.55
272,30.35,29.55
522,30.35,29.55
472,30.35,29.55
484,30.35,29.55
859,30.35,29.55
571,30.35,29.55
583,30.35,29.55
386,30.35,29.55
222,30.35,29.55
657,30.35,29.55
129,30.35,29.55
809,30.35,29.55
136,30.35,29.55
551,30.35,29.55
894,30.35,29.55
458,30.35,29.55
757,30.35,29.55
517,30.35,29.55
478,30.35,29.55
678,30.35,29.55
656,30.35,29.55
608,30.35,29.55
302,30.35,29.55
297,30.35,29.55
317,30.35,29.55
361,30.35,29.55
505,30.35,29.55
401,30.35,29.55
823,30.33,29.55
662,30.33,29.55
385,30.33,29.55
380,30.33,29.55
505,30.33,29.55
511,30.33,29.55
472,30.33,29.55
766,30.33,29.55
489,30.33,29.55
570,30.33,29.55
210,30.33,29.55
597,30.33,29.55
739,30.33,29.55
493,30.33,29.55
306,30.33,29.55
470,30.33,29.55
758,30.33,29.55
355,30.33,29.55
590,30.33,29.55
893,30.33,29.55
597,30.33,29.55
328,30.33,29.55
549,30.33,29.55
129,30.33,29.55
750,30.33,29.59
374,30.33,29.59
450,30.33,29.59
228,30.33,29.59
232,30.33,29.59
509,30.33,29.59
265,30.33,29.59
716,30.33,29.59
415,30.33,29.59
509,30.33,29.59
590,30.33,29.59
605,30.33,29.59
879,30.33,29.59
775,30.33,29.59
199,30.33,29.59
577,30.33,29.59
470,30.33,29.59
451,30.33,29.59
367,30.33,29.59
334,30.33,29.59
591,30.33,29.59
262,30.33,29.59
318,30.33,29.59
254,30.33,29.59
858,30.33,29.59
738,30.33,29.59
631,30.33,29.59
499,30.33,29.59
419,30.33,29.59
659,30.33,29.59
362,30.33,29.59
166,30.33,29.59
592,30.33,29.59
527,30.33,29.59
549,30.33,29.59
686,30.33,29.59
650,30.35,29.59
894,30.35,29.59
514,30.35,29.59
419,30.35,29.59
779,30.35,29.59
305,30.35,29.59
257,30.35,29.59
482,30.35,29.59
128,30.35,29.59
582,30.35,29.59
360,30.35,29.59
451,30.35,29.59
643,30.35,29.59
666,30.35,29.59
572,30.35,29.59
383,30.35,29.59
379,30.35,29.59
643,30.35,29.59
150,30.35,29.59
506,30.35,29.59
351,30.35,29.59
439,30.35,29.59
894,30.35,29.59
668,30.35,29.59
805,30.35,29.65
129,30.35,29.65
735,30.35,29.65
187,30.35,29.65
520,30.35,29.65
456,30.35,29.65
359,30.35,29.65
609,30.35,29.65
218,30.35,29.65
535,30.35,29.65
793,30.35,29.65
203,30.35,29.65
623,30.35,29.65
674,30.35,29.65
349,30.35,29.65
646,30.35,29.65
129,30.35,29.65
751,30.35,29.65
496,30.35,29.65
709,30.35,29.65
509,30.35,29.65
129,30.35,29.65
895,30.35,29.65
489,30.35,29.65
712,30.35,29.65
457,30.35,29.65
716,30.35,29.65
684,30.35,29.65
725,30.35,29.65
482,30.35,29.65
666,30.35,29.65
286,30.35,29.65
640,30.35,29.65
525,30.35,29.65
243,30.35,29.65
490,30.35,29.65
422,30.35,29.65
517,30.35,29.65
487,30.35,29.65
262,30.35,29.65
748,30.35,29.65
595,30.35,29.65
335,30.35,29.65
819,30.35,29.65
305,30.35,29.65
893,30.35,29.65
579,30.35,29.65
327,30.35,29.65
727,30.35,29.65
334,30.35,29.65
569,30.35,29.65
130,30.35,29.65
524,30.35,29.65
360,30.35,29.65
243,30.35,29.65
828,30.35,29.65
626,30.35,29.65
188,30.35,29.65
894,30.35,29.65
156,30.35,29.63
894,30.35,29.63
493,30.35,29.63
378,30.35,29.63
470,30.35,29.63
128,30.35,29.63
592,30.35,29.63
129,30.35,29.63
679,30.35,29.63
261,30.35,29.63
274,30.35,29.63
516,30.35,29.63
