529,30.09,29.29
734,30.09,29.29
134,30.09,29.29
358,30.09,29.29
135,30.09,29.29
518,30.09,29.29
269,30.09,29.29
596,30.09,29.29
131,30.09,29.29
703,30.09,29.29
857,30.09,29.29
400,30.09,29.29
478,30.09,29.29
605,30.09,29.29
551,30.09,29.35
186,30.09,29.35
766,30.09,29.35
790,30.09,29.35
629,30.09,29.35
339,30.09,29.35
436,30.09,29.35
285,30.09,29.35
577,30.09,29.35
130,30.09,29.35
484,30.09,29.35
892,30.09,29.35
544,30.09,29.35
895,30.09,29.35
283,30.09,29.35
894,30.09,29.35
502,30.09,29.35
809,30.09,29.35
657,30.09,29.35
696,30.09,29.35
757,30.09,29.35
531,30.09,29.35
654,30.09,29.35
533,30.09,29.35
585,30.09,29.35
859,30.09,29.35
756,30.09,29.35
169,30.09,29.35
130,30.09,29.35
604,30.09,29.35
442,30.09,29.35
130,30.09,29.35
200,30.09,29.35
654,30.09,29.35
280,30.09,29.35
890,30.09,29.35
278,30.07,29.35
894,30.07,29.35
350,30.07,29.35
849,30.07,29.35
891,30.07,29.35
226,30.07,29.35
459,30.07,29.35
378,30.07,29.35
192,30.07,29.35
130,30.07,29.35
211,30.07,29.35
326,30.07,29.35
831,30.07,29.35
566,30.07,29.35
735,30.07,29.35
395,30.07,29.35
758,30.07,29.35
474,30.07,29.35
561,30.07,29.35
504,30.07,29.35
386,30.07,29.35
482,30.07,29.35
438,30.07,29.35
541,30.07,29.35
582,30.07,29.23
894,30.07,29.23
543,30.07,29.23
891,30.07,29.23
511,30.07,29.23
679,30.07,29.23
479,30.07,29.23
344,30.07,29.23
799,30.07,29.23
240,30.07,29.23
894,30.07,29.23
385,30.07,29.23
652,30.07,29.23
887,30.07,29.23
192,30.07,29.23
578,30.07,29.23
655,30.07,29.23
375,30.07,29.23
142,30.07,29.23
147,30.07,29.23
602,30.07,29.23
755,30.07,29.23
589,30.07,29.23
800,30.07,29.23
214,30.07,29.23
894,30.07,29.23
439,30.07,29.23
535,30.07,29.23
581,30.07,29.23
406,30.07,29.23
281,30.07,29.23
606,30.07,29.23
561,30.07,29.23
553,30.07,29.23
796,30.07,29.23
224,30.07,29.23
653,30.07,29.23
131,30.07,29.23
468,30.07,29.23
480,30.07,29.23
450,30.07,29.23
243,30.07,29.23
491,30.07,29.23
475,30.07,29.23
740,30.07,29.23
504,30.07,29.23
619,30.07,29.23
735,30.07,29.23
131,30.07,29.23
703,30.07,29.23
132,30.07,29.23
887,30.07,29.23
196,30.07,29.23
650,30.07,29.23
252,30.07,29.23
408,30.07,29.23
606,30.07,29.23
351,30.07,29.23
811,30.07,29.23
733,30.07,29.23
431,30.07,29.29
641,30.07,29.29
449,30.07,29.29
540,30.07,29.29
779,30.07,29.29
289,30.07,29.29
733,30.07,29.29
255,30.07,29.29
603,30.07,29.29
463,30.07,29.29
591,30.07,29.29
481,30.07,29.29
558,30.07,29.29
697,30.07,29.29
136,30.07,29.29
723,30.07,29.29
255,30.07,29.29
544,30.07,29.29
281,30.07,29.29
515,30.07,29.29
524,30.07,29.29
428,30.07,29.29
322,30.07,29.29
454,30.07,29.29
908,30.07,29.29
475,30.07,29.29
457,30.07,29.29
227,30.07,29.29
728,30.07,29.29
201,30.07,29.29
503,30.07,29.29
230,30.07,29.29
788,30.07,29.29
691,30.07,29.29
321,30.07,29.29
650,30.07,29.29
673,30.05,29.29
420,30.05,29.29
492,30.05,29.29
529,30.05,29.29
384,30.05,29.29
645,30.05,29.29
136,30.05,29.29
893,30.05,29.29
462,30.05,29.29
576,30.05,29.29
628,30.05,29.29
179,30.05,29.29
689,30.05,29.29
271,30.05,29.29
501,30.05,29.29
432,30.05,29.29
637,30.05,29.29
479,30.05,29.29
618,30.05,29.29
236,30.05,29.29
810,30.05,29.29
307,30.05,29.29
784,30.05,29.29
512,30.05,29.29
254,30.05,29.25
650,30.05,29.25
631,30.05,29.25
819,30.05,29.25
129,30.05,29.25
894,30.05,29.25
456,30.05,29.25
203,30.05,29.25
734,30.05,29.25
273,30.05,29.25
895,30.05,29.25
612,30.05,29.25
280,30.05,29.25
523,30.05,29.25
503,30.05,29.25
493,30.05,29.25
478,30.05,29.25
279,30.05,29.25
898,30.05,29.25
328,30.05,29.25
533,30.05,29.25
376,30.05,29.25
465,30.05,29.25
330,30.05,29.25
265,30.05,29.25
367,30.05,29.25
364,30.05,29.25
689,30.05,29.25
349,30.05,29.25
646,30.05,29.25
588,30.05,29.25
616,30.05,29.25
334,30.05,29.25
563,30.05,29.25
656,30.05,29.25
892,30.05,29.25
663,30.09,29.25
389,30.09,29.25
602,30.09,29.25
601,30.09,29.25
238,30.09,29.25
771,30.09,29.25
772,30.09,29.25
668,30.09,29.25
484,30.09,29.25
662,30.09,29.25
270,30.09,29.25
128,30.09,29.25
619,30.09,29.25
212,30.09,29.25
444,30.09,29.25
469,30.09,29.25
637,30.09,29.25
774,30.09,29.25
217,30.09,29.25
550,30.09,29.25
438,30.09,29.25
212,30.09,29.25
610,30.09,29.25
545,30.09,29.23
666,30.09,29.23
767,30.09,29.23
402,30.09,29.23
775,30.09,29.23
163,30.09,29.23
610,30.09,29.23
368,30.09,29.23
130,30.09,29.23
210,30.09,29.23
441,30.09,29.23
535,30.09,29.23
348,30.09,29.23
462,30.09,29.23
238,30.09,29.23
718,30.09,29.23
608,30.09,29.23
695,30.09,29.23
602,30.09,29.23
689,30.09,29.23
353,30.09,29.23
335,30.09,29.23
399,30.09,29.23
224,30.09,29.23
420,30.09,29.23
382,30.09,29.23
233,30.09,29.23
664,30.09,29.23
894,30.09,29.23
349,30.09,29.23
611,30.09,29.23
314,30.09,29.23
730,30.09,29.23
331,30.09,29.23
608,30.09,29.23
664,30.09,29.23
494,30.09,29.23
894,30.07,29.23
700,30.07,29.23
764,30.07,29.23
230,30.07,29.23
308,30.07,29.23
867,30.07,29.23
232,30.07,29.23
262,30.07,29.23
428,30.07,29.23
393,30.07,29.23
486,30.07,29.23
425,30.07,29.23
888,30.07,29.23
735,30.07,29.23
316,30.07,29.23
689,30.07,29.23
408,30.07,29.23
415,30.07,29.23
330,30.07,29.23
371,30.07,29.23
457,30.07,29.23
127,30.07,29.23
666,30.07,29.23
251,30.07,29.37
442,30.07,29.37
128,30.07,29.37
689,30.07,29.37
131,30.07,29.37
486,30.07,29.37
569,30.07,29.37
703,30.07,29.37
598,30.07,29.37
263,30.07,29.37
567,30.07,29.37
542,30.07,29.37
134,30.07,29.37
250,30.07,29.37
890,30.07,29.37
774,30.07,29.37
702,30.07,29.37
880,30.07,29.37
579,30.07,29.37
509,30.07,29.37
626,30.07,29.37
401,30.07,29.37
626,30.07,29.37
665,30.07,29.37
732,30.07,29.37
432,30.07,29.37
287,30.07,29.37
818,30.07,29.37
131,30.07,29.37
698,30.07,29.37
414,30.07,29.37
355,30.07,29.37
872,30.07,29.37
678,30.07,29.37
628,30.07,29.37
854,30.07,29.37
612,30.07,29.37
455,30.07,29.37
202,30.07,29.37
735,30.07,29.37
477,30.07,29.37
603,30.07,29.37
566,30.07,29.37
349,30.07,29.37
894,30.07,29.37
233,30.07,29.37
863,30.07,29.37
311,30.07,29.37
254,30.07,29.37
563,30.07,29.37
130,30.07,29.37
778,30.07,29.37
392,30.07,29.37
625,30.07,29.37
394,30.07,29.37
149,30.07,29.37
639,30.07,29.37
785,30.07,29.37
129,30.07,29.37
858,30.07,29.37
582,30.07,29.25
744,30.07,29.25
584,30.07,29.25
296,30.07,29.25
627,30.07,29.25
340,30.07,29.25
682,30.07,29.25
374,30.07,29.25
893,30.07,29.25
538,30.07,29.25
820,30.07,29.25
178,30.07,29.25
498,30.07,29.25
314,30.07,29.25
464,30.07,29.25
663,30.07,29.25
374,30.07,29.25
845,30.07,29.25
128,30.07,29.25
789,30.07,29.25
301,30.07,29.25
528,30.07,29.25
772,30.07,29.25
224,30.07,29.25
565,30.07,29.25
785,30.07,29.25
598,30.07,29.25
788,30.07,29.25
129,30.07,29.25
605,30.07,29.25
619,30.07,29.25
128,30.07,29.25
893,30.07,29.25
269,30.07,29.25
895,30.07,29.25
422,30.07,29.25
342,30.07,29.25
674,30.07,29.25
261,30.07,29.25
657,30.07,29.25
366,30.07,29.25
293,30.07,29.25
770,30.07,29.25
512,30.07,29.25
618,30.07,29.25
475,30.07,29.25
