607,30.35,29.63
892,30.35,29.63
386,30.35,29.63
443,30.35,29.63
684,30.35,29.63
246,30.35,29.63
875,30.35,29.63
243,30.35,29.63
730,30.35,29.63
414,30.35,29.63
845,30.35,29.63
520,30.35,29.63
423,30.35,29.63
695,30.35,29.63
391,30.35,29.63
168,30.35,29.63
451,30.35,29.63
215,30.35,29.63
185,30.35,29.63
666,30.35,29.63
545,30.35,29.63
791,30.35,29.63
177,30.35,29.63
652,30.35,29.63
318,30.35,29.63
758,30.35,29.63
813,30.35,29.63
376,30.35,29.63
266,30.35,29.63
544,30.35,29.63
570,30.35,29.63
535,30.35,29.63
130,30.35,29.63
384,30.31,29.63
817,30.31,29.63
133,30.31,29.63
829,30.31,29.63
587,30.31,29.63
582,30.31,29.63
469,30.31,29.63
629,30.31,29.63
136,30.31,29.63
138,30.31,29.63
269,30.31,29.63
517,30.31,29.63
130,30.31,29.63
467,30.31,29.63
436,30.31,29.63
630,30.31,29.63
591,30.31,29.63
777,30.31,29.63
860,30.31,29.63
130,30.31,29.63
845,30.31,29.63
456,30.31,29.63
557,30.31,29.63
480,30.31,29.63
392,30.31,29.43
405,30.31,29.43
544,30.31,29.43
360,30.31,29.43
535,30.31,29.43
535,30.31,29.43
436,30.31,29.43
884,30.31,29.43
131,30.31,29.43
587,30.31,29.43
189,30.31,29.43
892,30.31,29.43
373,30.31,29.43
766,30.31,29.43
427,30.31,29.43
877,30.31,29.43
530,30.31,29.43
539,30.31,29.43
650,30.31,29.43
363,30.31,29.43
366,30.31,29.43
595,30.31,29.43
893,30.31,29.43
753,30.31,29.43
807,30.31,29.43
259,30.31,29.43
893,30.31,29.43
174,30.31,29.43
697,30.31,29.43
292,30.31,29.43
654,30.31,29.43
615,30.31,29.43
697,30.31,29.43
563,30.31,29.43
566,30.31,29.43
616,30.31,29.43
328,30.35,29.43
399,30.35,29.43
132,30.35,29.43
448,30.35,29.43
129,30.35,29.43
790,30.35,29.43
358,30.35,29.43
445,30.35,29.43
624,30.35,29.43
243,30.35,29.43
608,30.35,29.43
423,30.35,29.43
566,30.35,29.43
798,30.35,29.43
450,30.35,29.43
212,30.35,29.43
524,30.35,29.43
234,30.35,29.43
759,30.35,29.43
530,30.35,29.43
728,30.35,29.43
432,30.35,29.43
432,30.35,29.43
624,30.35,29.43
249,30.35,29.51
700,30.35,29.51
521,30.35,29.51
804,30.35,29.51
591,30.35,29.51
547,30.35,29.51
591,30.35,29.51
401,30.35,29.51
364,30.35,29.51
265,30.35,29.51
545,30.35,29.51
320,30.35,29.51
139,30.35,29.51
204,30.35,29.51
716,30.35,29.51
393,30.35,29.51
749,30.35,29.51
219,30.35,29.51
604,30.35,29.51
322,30.35,29.51
736,30.35,29.51
180,30.35,29.51
671,30.35,29.51
317,30.35,29.51
586,30.35,29.51
814,30.35,29.51
371,30.35,29.51
721,30.35,29.51
561,30.35,29.51
753,30.35,29.51
129,30.35,29.51
457,30.35,29.51
530,30.35,29.51
321,30.35,29.51
270,30.35,29.51
636,30.35,29.51
269,30.33,29.51
720,30.33,29.51
336,30.33,29.51
596,30.33,29.51
843,30.33,29.51
390,30.33,29.51
597,30.33,29.51
296,30.33,29.51
370,30.33,29.51
208,30.33,29.51
464,30.33,29.51
347,30.33,29.51
756,30.33,29.51
739,30.33,29.51
776,30.33,29.51
575,30.33,29.51
807,30.33,29.51
747,30.33,29.51
132,30.33,29.51
603,30.33,29.51
431,30.33,29.51
461,30.33,29.51
506,30.33,29.51
442,30.33,29.55
453,30.33,29.55
894,30.33,29.55
462,30.33,29.55
804,30.33,29.55
128,30.33,29.55
486,30.33,29.55
411,30.33,29.55
142,30.33,29.55
592,30.33,29.55
221,30.33,29.55
895,30.33,29.55
512,30.33,29.55
599,30.33,29.55
894,30.33,29.55
387,30.33,29.55
723,30.33,29.55
290,30.33,29.55
472,30.33,29.55
808,30.33,29.55
243,30.33,29.55
832,30.33,29.55
385,30.33,29.55
694,30.33,29.55
576,30.33,29.55
283,30.33,29.55
685,30.33,29.55
430,30.33,29.55
597,30.33,29.55
547,30.33,29.55
515,30.33,29.55
564,30.33,29.55
339,30.33,29.55
686,30.33,29.55
442,30.33,29.55
583,30.33,29.55
624,30.33,29.55
384,30.33,29.55
350,30.33,29.55
199,30.33,29.55
631,30.33,29.55
487,30.33,29.55
160,30.33,29.55
787,30.33,29.55
278,30.33,29.55
372,30.33,29.55
784,30.33,29.55
452,30.33,29.55
781,30.33,29.55
669,30.33,29.55
563,30.33,29.55
539,30.33,29.55
769,30.33,29.55
448,30.33,29.55
735,30.33,29.55
549,30.33,29.55
130,30.33,29.55
515,30.33,29.55
425,30.33,29.55
224,30.33,29.55
779,30.33,29.43
507,30.33,29.43
451,30.33,29.43
648,30.33,29.43
575,30.33,29.43
558,30.33,29.43
530,30.33,29.43
352,30.33,29.43
294,30.33,29.43
699,30.33,29.43
778,30.33,29.43
459,30.33,29.43
531,30.33,29.43
678,30.33,29.43
819,30.33,29.43
131,30.33,29.43
640,30.33,29.43
529,30.33,29.43
404,30.33,29.43
849,30.33,29.43
131,30.33,29.43
894,30.33,29.43
493,30.33,29.43
767,30.33,29.43
651,30.33,29.43
188,30.33,29.43
611,30.33,29.43
505,30.33,29.43
485,30.33,29.43
398,30.33,29.43
241,30.33,29.43
623,30.33,29.43
238,30.33,29.43
696,30.33,29.43
382,30.33,29.43
310,30.33,29.43
682,30.35,29.43
352,30.35,29.43
894,30.35,29.43
576,30.35,29.43
476,30.35,29.43
883,30.35,29.43
445,30.35,29.43
597,30.35,29.43
323,30.35,29.43
299,30.35,29.43
128,30.35,29.43
486,30.35,29.43
471,30.35,29.43
647,30.35,29.43
509,30.35,29.43
636,30.35,29.43
698,30.35,29.43
867,30.35,29.43
325,30.35,29.43
768,30.35,29.43
681,30.35,29.43
162,30.35,29.43
584,30.35,29.43
508,30.35,29.43
423,30.35,29.59
618,30.35,29.59
576,30.35,29.59
375,30.35,29.59
673,30.35,29.59
128,30.35,29.59
552,30.35,29.59
241,30.35,29.59
446,30.35,29.59
808,30.35,29.59
281,30.35,29.59
894,30.35,29.59
380,30.35,29.59
544,30.35,29.59
622,30.35,29.59
312,30.35,29.59
365,30.35,29.59
508,30.35,29.59
546,30.35,29.59
192,30.35,29.59
445,30.35,29.59
730,30.35,29.59
491,30.35,29.59
745,30.35,29.59
296,30.35,29.59
264,30.35,29.59
782,30.35,29.59
226,30.35,29.59
894,30.35,29.59
277,30.35,29.59
162,30.35,29.59
476,30.35,29.59
260,30.35,29.59
570,30.35,29.59
425,30.35,29.59
893,30.35,29.59
746,30.39,29.59
726,30.39,29.59
374,30.39,29.59
327,30.39,29.59
132,30.39,29.59
640,30.39,29.59
619,30.39,29.59
329,30.39,29.59
394,30.39,29.59
894,30.39,29.59
455,30.39,29.59
895,30.39,29.59
303,30.39,29.59
208,30.39,29.59
876,30.39,29.59
128,30.39,29.59
489,30.39,29.59
222,30.39,29.59
413,30.39,29.59
563,30.39,29.59
702,30.39,29.59
407,30.39,29.59
403,30.39,29.59
473,30.39,29.55
893,30.39,29.55
237,30.39,29.55
809,30.39,29.55
575,30.39,29.55
489,30.39,29.55
814,30.39,29.55
232,30.39,29.55
673,30.39,29.55
128,30.39,29.55
553,30.39,29.55
234,30.39,29.55
484,30.39,29.55
186,30.39,29.55
381,30.39,29.55
518,30.39,29.55
239,30.39,29.55
821,30.39,29.55
558,30.39,29.55
299,30.39,29.55
597,30.39,29.55
506,30.39,29.55
391,30.39,29.55
479,30.39,29.55
271,30.39,29.55
839,30.39,29.55
549,30.39,29.55
720,30.39,29.55
575,30.39,29.55
649,30.39,29.55
894,30.39,29.55
405,30.39,29.55
341,30.39,29.55
505,30.39,29.55
895,30.39,29.55
426,30.39,29.55
744,30.39,29.55
554,30.33,29.55
614,30.33,29.55
543,30.33,29.55
434,30.33,29.55
487,30.33,29.55
307,30.33,29.55
156,30.33,29.55
406,30.33,29.55
379,30.33,29.55
569,30.33,29.55
654,30.33,29.55
643,30.33,29.55
430,30.33,29.55
812,30.33,29.55
790,30.33,29.55
581,30.33,29.55
689,30.33,29.55
291,30.33,29.55
760,30.33,29.55
135,30.33,29.55
516,30.33,29.55
787,30.33,29.55
864,30.33,29.55
893,30.33,29.45
536,30.33,29.45
296,30.33,29.45
515,30.33,29.45
