660,30.39,29.65
354,30.39,29.65
356,30.39,29.65
646,30.39,29.65
210,30.39,29.65
460,30.39,29.65
395,30.39,29.65
714,30.39,29.65
327,30.39,29.65
735,30.39,29.65
603,30.39,29.65
891,30.39,29.65
343,30.39,29.65
486,30.39,29.65
448,30.39,29.65
130,30.39,29.65
187,30.39,29.65
195,30.39,29.65
681,30.39,29.65
382,30.39,29.65
892,30.39,29.65
501,30.39,29.65
288,30.39,29.65
551,30.39,29.65
530,30.39,29.65
175,30.39,29.65
884,30.39,29.65
268,30.39,29.65
703,30.39,29.65
447,30.39,29.65
345,30.39,29.65
690,30.39,29.65
298,30.39,29.65
740,30.39,29.65
271,30.39,29.65
894,30.39,29.65
654,30.39,29.65
373,30.39,29.65
683,30.39,29.65
713,30.39,29.65
436,30.39,29.65
557,30.39,29.65
259,30.39,29.65
880,30.39,29.65
499,30.39,29.65
582,30.39,29.65
603,30.39,29.65
130,30.39,29.65
752,30.39,29.65
137,30.39,29.65
634,30.39,29.65
271,30.39,29.65
682,30.39,29.65
892,30.39,29.65
813,30.39,29.65
466,30.39,29.65
670,30.39,29.65
499,30.39,29.65
292,30.39,29.65
687,30.39,29.65
384,30.39,29.65
668,30.39,29.65
395,30.39,29.65
606,30.39,29.65
434,30.39,29.65
277,30.39,29.65
365,30.39,29.65
509,30.39,29.65
438,30.39,29.65
168,30.39,29.65
233,30.39,29.65
402,30.39,29.65
343,30.39,29.65
131,30.39,29.65
892,30.39,29.65
157,30.39,29.65
771,30.39,29.65
351,30.39,29.65
578,30.39,29.65
475,30.39,29.65
421,30.39,29.65
835,30.39,29.65
134,30.39,29.65
687,30.39,29.65
505,30.39,29.65
248,30.39,29.65
726,30.39,29.65
858,30.39,29.65
132,30.39,29.65
649,30.39,29.65
158,30.39,29.65
710,30.41,29.65
220,30.41,29.65
701,30.41,29.65
558,30.41,29.65
130,30.41,29.65
751,30.41,29.65
550,30.41,29.65
767,30.41,29.65
535,30.41,29.65
497,30.41,29.65
540,30.41,29.65
420,30.41,29.65
263,30.41,29.65
599,30.41,29.65
435,30.41,29.65
538,30.41,29.65
420,30.41,29.65
687,30.41,29.65
484,30.41,29.65
616,30.41,29.65
353,30.41,29.65
631,30.41,29.65
463,30.41,29.65
577,30.41,29.65
899,30.41,29.77
189,30.41,29.77
700,30.41,29.77
727,30.41,29.77
435,30.41,29.77
575,30.41,29.77
694,30.41,29.77
533,30.41,29.77
621,30.41,29.77
530,30.41,29.77
894,30.41,29.77
794,30.41,29.77
675,30.41,29.77
481,30.41,29.77
574,30.41,29.77
345,30.41,29.77
485,30.41,29.77
594,30.41,29.77
201,30.41,29.77
790,30.41,29.77
631,30.41,29.77
482,30.41,29.77
837,30.41,29.77
316,30.41,29.77
772,30.41,29.77
329,30.41,29.77
235,30.41,29.77
589,30.41,29.77
405,30.41,29.77
699,30.41,29.77
530,30.41,29.77
562,30.41,29.77
799,30.41,29.77
569,30.41,29.77
214,30.41,29.77
206,30.41,29.77
758,30.39,29.77
398,30.39,29.77
589,30.39,29.77
491,30.39,29.77
373,30.39,29.77
457,30.39,29.77
356,30.39,29.77
674,30.39,29.77
505,30.39,29.77
401,30.39,29.77
606,30.39,29.77
177,30.39,29.77
579,30.39,29.77
435,30.39,29.77
191,30.39,29.77
291,30.39,29.77
431,30.39,29.77
641,30.39,29.77
442,30.39,29.77
733,30.39,29.77
457,30.39,29.77
895,30.39,29.77
499,30.39,29.77
515,30.39,29.77
527,30.39,29.59
526,30.39,29.59
494,30.39,29.59
382,30.39,29.59
343,30.39,29.59
622,30.39,29.59
698,30.39,29.59
490,30.39,29.59
623,30.39,29.59
399,30.39,29.59
851,30.39,29.59
204,30.39,29.59
366,30.39,29.59
687,30.39,29.59
602,30.39,29.59
674,30.39,29.59
378,30.39,29.59
553,30.39,29.59
293,30.39,29.59
861,30.39,29.59
153,30.39,29.59
868,30.39,29.59
702,30.39,29.59
371,30.39,29.59
825,30.39,29.59
132,30.39,29.59
330,30.39,29.59
244,30.39,29.59
316,30.39,29.59
720,30.39,29.59
297,30.39,29.59
436,30.39,29.59
747,30.39,29.59
132,30.39,29.59
723,30.39,29.59
130,30.39,29.59
540,30.41,29.59
340,30.41,29.59
506,30.41,29.59
583,30.41,29.59
340,30.41,29.59
582,30.41,29.59
336,30.41,29.59
743,30.41,29.59
515,30.41,29.59
508,30.41,29.59
225,30.41,29.59
732,30.41,29.59
396,30.41,29.59
182,30.41,29.59
436,30.41,29.59
480,30.41,29.59
223,30.41,29.59
455,30.41,29.59
722,30.41,29.59
825,30.41,29.59
545,30.41,29.59
361,30.41,29.59
559,30.41,29.59
175,30.41,29.65
858,30.41,29.65
424,30.41,29.65
692,30.41,29.65
334,30.41,29.65
774,30.41,29.65
733,30.41,29.65
128,30.41,29.65
506,30.41,29.65
443,30.41,29.65
574,30.41,29.65
373,30.41,29.65
622,30.41,29.65
807,30.41,29.65
348,30.41,29.65
436,30.41,29.65
651,30.41,29.65
440,30.41,29.65
894,30.41,29.65
130,30.41,29.65
686,30.41,29.65
421,30.41,29.65
130,30.41,29.65
564,30.41,29.65
353,30.41,29.65
577,30.41,29.65
603,30.41,29.65
422,30.41,29.65
433,30.41,29.65
829,30.41,29.65
363,30.41,29.65
639,30.41,29.65
651,30.41,29.65
464,30.41,29.65
488,30.41,29.65
564,30.41,29.65
538,30.39,29.65
527,30.39,29.65
284,30.39,29.65
205,30.39,29.65
581,30.39,29.65
138,30.39,29.65
674,30.39,29.65
174,30.39,29.65
626,30.39,29.65
725,30.39,29.65
808,30.39,29.65
585,30.39,29.65
697,30.39,29.65
322,30.39,29.65
755,30.39,29.65
643,30.39,29.65
128,30.39,29.65
786,30.39,29.65
626,30.39,29.65
774,30.39,29.65
565,30.39,29.65
483,30.39,29.65
221,30.39,29.65
483,30.39,29.65
404,30.39,29.57
477,30.39,29.57
295,30.39,29.57
408,30.39,29.57
525,30.39,29.57
575,30.39,29.57
700,30.39,29.57
309,30.39,29.57
511,30.39,29.57
466,30.39,29.57
601,30.39,29.57
183,30.39,29.57
131,30.39,29.57
421,30.39,29.57
757,30.39,29.57
483,30.39,29.57
318,30.39,29.57
484,30.39,29.57
642,30.39,29.57
758,30.39,29.57
323,30.39,29.57
590,30.39,29.57
406,30.39,29.57
894,30.39,29.57
264,30.39,29.57
533,30.39,29.57
326,30.39,29.57
495,30.39,29.57
566,30.39,29.57
532,30.39,29.57
895,30.39,29.57
403,30.39,29.57
582,30.39,29.57
712,30.39,29.57
458,30.39,29.57
507,30.39,29.57
606,30.43,29.57
357,30.43,29.57
774,30.43,29.57
361,30.43,29.57
631,30.43,29.57
190,30.43,29.57
813,30.43,29.57
588,30.43,29.57
682,30.43,29.57
536,30.43,29.57
334,30.43,29.57
483,30.43,29.57
347,30.43,29.57
358,30.43,29.57
130,30.43,29.57
664,30.43,29.57
556,30.43,29.57
542,30.43,29.57
521,30.43,29.57
343,30.43,29.57
861,30.43,29.57
358,30.43,29.57
757,30.43,29.57
394,30.43,29.57
374,30.43,29.63
664,30.43,29.63
329,30.43,29.63
181,30.43,29.63
130,30.43,29.63
301,30.43,29.63
757,30.43,29.63
288,30.43,29.63
605,30.43,29.63
329,30.43,29.63
426,30.43,29.63
688,30.43,29.63
398,30.43,29.63
649,30.43,29.63
476,30.43,29.63
256,30.43,29.63
845,30.43,29.63
388,30.43,29.63
187,30.43,29.63
575,30.43,29.63
640,30.43,29.63
810,30.43,29.63
851,30.43,29.63
564,30.43,29.63
497,30.43,29.63
564,30.43,29.63
633,30.43,29.63
418,30.43,29.63
599,30.43,29.63
598,30.43,29.63
556,30.43,29.63
627,30.43,29.63
477,30.43,29.63
568,30.43,29.63
670,30.43,29.63
319,30.43,29.63
499,30.41,29.63
128,30.41,29.63
382,30.41,29.63
530,30.41,29.63
252,30.41,29.63
291,30.41,29.63
441,30.41,29.63
445,30.41,29.63
700,30.41,29.63
471,30.41,29.63
678,30.41,29.63
435,30.41,29.63
466,30.41,29.63
621,30.41,29.63
129,30.41,29.63
543,30.41,29.63
282,30.41,29.63
407,30.41,29.63
485,30.41,29.63
678,30.41,29.63
758,30.41,29.63
343,30.41,29.63
359,30.41,29.63
652,30.41,29.75
347,30.41,29.75
606,30.41,29.75
612,30.41,29.75
637,30.41,29.75
597,30.41,29.75
