514,30.33,29.75
840,30.33,29.75
504,30.33,29.75
130,30.33,29.75
552,30.35,29.75
579,30.35,29.75
790,30.35,29.75
223,30.35,29.75
670,30.35,29.75
692,30.35,29.75
565,30.35,29.75
274,30.35,29.75
653,30.35,29.75
352,30.35,29.75
706,30.35,29.75
686,30.35,29.75
735,30.35,29.75
538,30.35,29.75
471,30.35,29.75
509,30.35,29.75
439,30.35,29.75
440,30.35,29.75
427,30.35,29.75
390,30.35,29.75
530,30.35,29.75
371,30.35,29.75
451,30.35,29.75
802,30.35,29.65
200,30.35,29.65
757,30.35,29.65
720,30.35,29.65
130,30.35,29.65
892,30.35,29.65
330,30.35,29.65
776,30.35,29.65
484,30.35,29.65
316,30.35,29.65
725,30.35,29.65
577,30.35,29.65
697,30.35,29.65
528,30.35,29.65
253,30.35,29.65
473,30.35,29.65
494,30.35,29.65
132,30.35,29.65
316,30.35,29.65
310,30.35,29.65
695,30.35,29.65
442,30.35,29.65
457,30.35,29.65
430,30.35,29.65
519,30.35,29.65
450,30.35,29.65
755,30.35,29.65
367,30.35,29.65
358,30.35,29.65
605,30.35,29.65
378,30.35,29.65
208,30.35,29.65
131,30.35,29.65
606,30.35,29.65
131,30.35,29.65
669,30.35,29.65
699,30.35,29.65
308,30.35,29.65
403,30.35,29.65
644,30.35,29.65
524,30.35,29.65
669,30.35,29.65
597,30.35,29.65
337,30.35,29.65
560,30.35,29.65
462,30.35,29.65
555,30.35,29.65
522,30.35,29.65
326,30.35,29.65
132,30.35,29.65
661,30.35,29.65
132,30.35,29.65
236,30.35,29.65
310,30.35,29.65
761,30.35,29.65
665,30.35,29.65
464,30.35,29.65
574,30.35,29.65
519,30.35,29.65
533,30.35,29.65
380,30.35,29.63
695,30.35,29.63
571,30.35,29.63
502,30.35,29.63
499,30.35,29.63
570,30.35,29.63
665,30.35,29.63
677,30.35,29.63
426,30.35,29.63
605,30.35,29.63
485,30.35,29.63
398,30.35,29.63
794,30.35,29.63
276,30.35,29.63
598,30.35,29.63
748,30.35,29.63
158,30.35,29.63
639,30.35,29.63
469,30.35,29.63
502,30.35,29.63
560,30.35,29.63
834,30.35,29.63
890,30.35,29.63
312,30.35,29.63
604,30.35,29.63
131,30.35,29.63
368,30.35,29.63
133,30.35,29.63
509,30.35,29.63
589,30.35,29.63
860,30.35,29.63
708,30.35,29.63
645,30.35,29.63
489,30.35,29.63
450,30.35,29.63
237,30.35,29.63
375,30.35,29.63
547,30.35,29.63
548,30.35,29.63
489,30.35,29.63
527,30.35,29.63
748,30.35,29.63
340,30.35,29.63
814,30.35,29.63
411,30.35,29.63
735,30.35,29.63
768,30.35,29.63
478,30.35,29.63
851,30.35,29.63
164,30.35,29.63
894,30.35,29.63
138,30.35,29.63
271,30.35,29.63
675,30.35,29.63
186,30.35,29.63
439,30.35,29.63
571,30.35,29.63
861,30.35,29.63
893,30.35,29.63
560,30.35,29.45
370,30.35,29.45
508,30.35,29.45
313,30.35,29.45
640,30.35,29.45
588,30.35,29.45
697,30.35,29.45
626,30.35,29.45
866,30.35,29.45
251,30.35,29.45
328,30.35,29.45
685,30.35,29.45
549,30.35,29.45
500,30.35,29.45
882,30.35,29.45
532,30.35,29.45
613,30.35,29.45
769,30.35,29.45
573,30.35,29.45
864,30.35,29.45
448,30.35,29.45
742,30.35,29.45
699,30.35,29.45
411,30.35,29.45
450,30.35,29.45
212,30.35,29.45
531,30.35,29.45
744,30.35,29.45
132,30.35,29.45
549,30.35,29.45
674,30.35,29.45
139,30.35,29.45
788,30.35,29.45
129,30.35,29.45
470,30.35,29.45
230,30.35,29.45
397,30.35,29.45
335,30.39,29.45
199,30.39,29.45
620,30.39,29.45
384,30.39,29.45
401,30.39,29.45
649,30.39,29.45
548,30.39,29.45
769,30.39,29.45
460,30.39,29.45
272,30.39,29.45
703,30.39,29.45
129,30.39,29.45
729,30.39,29.45
429,30.39,29.45
719,30.39,29.45
289,30.39,29.45
672,30.39,29.45
737,30.39,29.45
450,30.39,29.45
757,30.39,29.45
393,30.39,29.45
442,30.39,29.45
321,30.39,29.45
534,30.39,29.59
448,30.39,29.59
613,30.39,29.59
414,30.39,29.59
428,30.39,29.59
307,30.39,29.59
683,30.39,29.59
415,30.39,29.59
524,30.39,29.59
599,30.39,29.59
553,30.39,29.59
640,30.39,29.59
197,30.39,29.59
884,30.39,29.59
177,30.39,29.59
810,30.39,29.59
130,30.39,29.59
546,30.39,29.59
659,30.39,29.59
322,30.39,29.59
574,30.39,29.59
364,30.39,29.59
680,30.39,29.59
783,30.39,29.59
197,30.39,29.59
725,30.39,29.59
635,30.39,29.59
273,30.39,29.59
894,30.39,29.59
433,30.39,29.59
832,30.39,29.59
571,30.39,29.59
498,30.39,29.59
390,30.39,29.59
340,30.39,29.59
294,30.39,29.59
222,30.35,29.59
606,30.35,29.59
129,30.35,29.59
786,30.35,29.59
534,30.35,29.59
442,30.35,29.59
485,30.35,29.59
847,30.35,29.59
343,30.35,29.59
576,30.35,29.59
441,30.35,29.59
569,30.35,29.59
423,30.35,29.59
609,30.35,29.59
655,30.35,29.59
294,30.35,29.59
636,30.35,29.59
373,30.35,29.59
760,30.35,29.59
533,30.35,29.59
804,30.35,29.59
327,30.35,29.59
851,30.35,29.59
454,30.35,29.59
198,30.35,29.57
681,30.35,29.57
522,30.35,29.57
581,30.35,29.57
830,30.35,29.57
660,30.35,29.57
763,30.35,29.57
345,30.35,29.57
277,30.35,29.57
595,30.35,29.57
131,30.35,29.57
652,30.35,29.57
730,30.35,29.57
895,30.35,29.57
742,30.35,29.57
583,30.35,29.57
567,30.35,29.57
371,30.35,29.57
893,30.35,29.57
218,30.35,29.57
671,30.35,29.57
655,30.35,29.57
474,30.35,29.57
465,30.35,29.57
233,30.35,29.57
302,30.35,29.57
594,30.35,29.57
458,30.35,29.57
570,30.35,29.57
497,30.35,29.57
681,30.35,29.57
331,30.35,29.57
537,30.35,29.57
277,30.35,29.57
134,30.35,29.57
893,30.35,29.57
374,30.33,29.57
830,30.33,29.57
382,30.33,29.57
554,30.33,29.57
782,30.33,29.57
461,30.33,29.57
763,30.33,29.57
309,30.33,29.57
524,30.33,29.57
784,30.33,29.57
694,30.33,29.57
643,30.33,29.57
193,30.33,29.57
745,30.33,29.57
341,30.33,29.57
454,30.33,29.57
681,30.33,29.57
300,30.33,29.57
893,30.33,29.57
239,30.33,29.57
725,30.33,29.57
563,30.33,29.57
148,30.33,29.57
628,30.33,29.63
433,30.33,29.63
373,30.33,29.63
719,30.33,29.63
482,30.33,29.63
529,30.33,29.63
893,30.33,29.63
675,30.33,29.63
392,30.33,29.63
757,30.33,29.63
643,30.33,29.63
601,30.33,29.63
645,30.33,29.63
347,30.33,29.63
783,30.33,29.63
256,30.33,29.63
385,30.33,29.63
256,30.33,29.63
473,30.33,29.63
752,30.33,29.63
456,30.33,29.63
681,30.33,29.63
730,30.33,29.63
452,30.33,29.63
602,30.33,29.63
458,30.33,29.63
478,30.33,29.63
549,30.33,29.63
602,30.33,29.63
862,30.33,29.63
508,30.33,29.63
863,30.33,29.63
484,30.33,29.63
358,30.33,29.63
333,30.33,29.63
286,30.33,29.63
775,30.33,29.63
527,30.35,29.63
638,30.35,29.63
727,30.35,29.63
785,30.35,29.63
622,30.35,29.63
255,30.35,29.63
597,30.35,29.63
583,30.35,29.63
276,30.35,29.63
707,30.35,29.63
290,30.35,29.63
733,30.35,29.63
133,30.35,29.63
684,30.35,29.63
610,30.35,29.63
863,30.35,29.63
893,30.35,29.63
394,30.35,29.63
429,30.35,29.63
451,30.35,29.63
293,30.35,29.63
335,30.35,29.63
320,30.35,29.63
467,30.35,29.63
555,30.35,29.63
253,30.35,29.63
739,30.35,29.63
320,30.35,29.63
559,30.35,29.63
265,30.35,29.63
672,30.35,29.63
504,30.35,29.63
315,30.35,29.63
894,30.35,29.63
299,30.35,29.63
517,30.35,29.63
847,30.35,29.63
726,30.35,29.63
249,30.35,29.63
830,30.35,29.63
621,30.35,29.63
554,30.35,29.63
417,30.35,29.63
418,30.35,29.63
650,30.35,29.63
221,30.35,29.63
406,30.35,29.63
395,30.35,29.63
316,30.35,29.63
211,30.35,29.63
558,30.35,29.63
397,30.35,29.63
641,30.35,29.63
497,30.35,29.63
892,30.35,29.63
233,30.35,29.63
886,30.35,29.63
