758,30.33,29.51
422,30.33,29.51
712,30.33,29.51
311,30.33,29.51
772,30.33,29.51
763,30.33,29.51
608,30.33,29.51
547,30.33,29.51
629,30.33,29.51
696,30.33,29.51
133,30.33,29.51
397,30.33,29.51
768,30.33,29.51
392,30.33,29.51
749,30.33,29.51
305,30.33,29.51
535,30.33,29.51
471,30.33,29.51
276,30.33,29.51
467,30.33,29.51
489,30.33,29.59
578,30.33,29.59
811,30.33,29.59
876,30.33,29.59
824,30.33,29.59
494,30.33,29.59
499,30.33,29.59
308,30.33,29.59
291,30.33,29.59
739,30.33,29.59
472,30.33,29.59
745,30.33,29.59
294,30.33,29.59
623,30.33,29.59
667,30.33,29.59
293,30.33,29.59
414,30.33,29.59
291,30.33,29.59
518,30.33,29.59
391,30.33,29.59
447,30.33,29.59
654,30.33,29.59
612,30.33,29.59
344,30.33,29.59
694,30.33,29.59
311,30.33,29.59
576,30.33,29.59
643,30.33,29.59
654,30.33,29.59
607,30.33,29.59
603,30.33,29.59
492,30.33,29.59
496,30.33,29.59
559,30.33,29.59
389,30.33,29.59
697,30.33,29.59
793,30.35,29.59
473,30.35,29.59
568,30.35,29.59
483,30.35,29.59
223,30.35,29.59
519,30.35,29.59
703,30.35,29.59
641,30.35,29.59
507,30.35,29.59
542,30.35,29.59
658,30.35,29.59
574,30.35,29.59
194,30.35,29.59
364,30.35,29.59
787,30.35,29.59
464,30.35,29.59
621,30.35,29.59
313,30.35,29.59
894,30.35,29.59
708,30.35,29.59
677,30.35,29.59
320,30.35,29.59
151,30.35,29.59
492,30.35,29.59
805,30.35,29.65
151,30.35,29.65
589,30.35,29.65
693,30.35,29.65
400,30.35,29.65
685,30.35,29.65
719,30.35,29.65
540,30.35,29.65
675,30.35,29.65
895,30.35,29.65
319,30.35,29.65
930,30.35,29.65
479,30.35,29.65
883,30.35,29.65
467,30.35,29.65
739,30.35,29.65
572,30.35,29.65
530,30.35,29.65
655,30.35,29.65
131,30.35,29.65
641,30.35,29.65
301,30.35,29.65
452,30.35,29.65
646,30.35,29.65
409,30.35,29.65
586,30.35,29.65
692,30.35,29.65
547,30.35,29.65
811,30.35,29.65
886,30.35,29.65
528,30.35,29.65
235,30.35,29.65
551,30.35,29.65
362,30.35,29.65
176,30.35,29.65
718,30.35,29.65
333,30.31,29.65
895,30.31,29.65
156,30.31,29.65
393,30.31,29.65
602,30.31,29.65
509,30.31,29.65
736,30.31,29.65
281,30.31,29.65
422,30.31,29.65
687,30.31,29.65
356,30.31,29.65
486,30.31,29.65
397,30.31,29.65
201,30.31,29.65
816,30.31,29.65
199,30.31,29.65
689,30.31,29.65
540,30.31,29.65
672,30.31,29.65
250,30.31,29.65
366,30.31,29.65
397,30.31,29.65
575,30.31,29.65
419,30.31,29.63
369,30.31,29.63
788,30.31,29.63
412,30.31,29.63
771,30.31,29.63
264,30.31,29.63
592,30.31,29.63
282,30.31,29.63
402,30.31,29.63
142,30.31,29.63
787,30.31,29.63
491,30.31,29.63
784,30.31,29.63
536,30.31,29.63
180,30.31,29.63
389,30.31,29.63
261,30.31,29.63
431,30.31,29.63
129,30.31,29.63
892,30.31,29.63
496,30.31,29.63
860,30.31,29.63
456,30.31,29.63
842,30.31,29.63
539,30.31,29.63
467,30.31,29.63
649,30.31,29.63
719,30.31,29.63
408,30.31,29.63
598,30.31,29.63
639,30.31,29.63
552,30.31,29.63
768,30.31,29.63
128,30.31,29.63
730,30.31,29.63
128,30.31,29.63
487,30.31,29.63
655,30.31,29.63
353,30.31,29.63
389,30.31,29.63
673,30.31,29.63
821,30.31,29.63
338,30.31,29.63
827,30.31,29.63
321,30.31,29.63
737,30.31,29.63
374,30.31,29.63
336,30.31,29.63
720,30.31,29.63
531,30.31,29.63
215,30.31,29.63
716,30.31,29.63
247,30.31,29.63
462,30.31,29.63
351,30.31,29.63
372,30.31,29.63
702,30.31,29.63
136,30.31,29.63
706,30.31,29.63
141,30.31,29.63
879,30.31,29.63
510,30.31,29.63
766,30.31,29.63
475,30.31,29.63
310,30.31,29.63
297,30.31,29.63
205,30.31,29.63
480,30.31,29.63
484,30.31,29.63
894,30.31,29.63
574,30.31,29.63
699,30.31,29.63
443,30.31,29.63
796,30.31,29.63
350,30.31,29.63
457,30.31,29.63
642,30.31,29.63
822,30.31,29.63
370,30.31,29.63
408,30.31,29.63
409,30.31,29.63
554,30.31,29.63
708,30.31,29.63
421,30.31,29.63
851,30.31,29.63
130,30.31,29.63
894,30.31,29.63
133,30.31,29.63
382,30.31,29.63
695,30.31,29.63
259,30.31,29.63
736,30.31,29.63
512,30.31,29.63
513,30.31,29.63
838,30.31,29.63
214,30.31,29.63
878,30.33,29.63
441,30.33,29.63
526,30.33,29.63
329,30.33,29.63
387,30.33,29.63
843,30.33,29.63
615,30.33,29.63
517,30.33,29.63
560,30.33,29.63
475,30.33,29.63
541,30.33,29.63
136,30.33,29.63
703,30.33,29.63
603,30.33,29.63
683,30.33,29.63
536,30.33,29.63
424,30.33,29.63
678,30.33,29.63
420,30.33,29.63
355,30.33,29.63
350,30.33,29.63
351,30.33,29.63
574,30.33,29.63
743,30.33,29.63
393,30.33,29.49
480,30.33,29.49
473,30.33,29.49
358,30.33,29.49
587,30.33,29.49
369,30.33,29.49
173,30.33,29.49
612,30.33,29.49
411,30.33,29.49
691,30.33,29.49
501,30.33,29.49
266,30.33,29.49
894,30.33,29.49
286,30.33,29.49
549,30.33,29.49
386,30.33,29.49
150,30.33,29.49
470,30.33,29.49
230,30.33,29.49
606,30.33,29.49
429,30.33,29.49
189,30.33,29.49
707,30.33,29.49
652,30.33,29.49
467,30.33,29.49
439,30.33,29.49
614,30.33,29.49
429,30.33,29.49
394,30.33,29.49
746,30.33,29.49
246,30.33,29.49
443,30.33,29.49
742,30.33,29.49
705,30.33,29.49
632,30.33,29.49
298,30.33,29.49
758,30.31,29.49
433,30.31,29.49
466,30.31,29.49
586,30.31,29.49
385,30.31,29.49
564,30.31,29.49
574,30.31,29.49
895,30.31,29.49
565,30.31,29.49
626,30.31,29.49
551,30.31,29.49
470,30.31,29.49
434,30.31,29.49
722,30.31,29.49
129,30.31,29.49
483,30.31,29.49
424,30.31,29.49
806,30.31,29.49
360,30.31,29.49
312,30.31,29.49
487,30.31,29.49
591,30.31,29.49
685,30.31,29.49
439,30.31,29.51
862,30.31,29.51
379,30.31,29.51
666,30.31,29.51
379,30.31,29.51
369,30.31,29.51
800,30.31,29.51
652,30.31,29.51
622,30.31,29.51
864,30.31,29.51
675,30.31,29.51
330,30.31,29.51
534,30.31,29.51
481,30.31,29.51
367,30.31,29.51
382,30.31,29.51
616,30.31,29.51
702,30.31,29.51
756,30.31,29.51
293,30.31,29.51
710,30.31,29.51
129,30.31,29.51
545,30.31,29.51
335,30.31,29.51
128,30.31,29.51
459,30.31,29.51
129,30.31,29.51
550,30.31,29.51
256,30.31,29.51
228,30.31,29.51
592,30.31,29.51
289,30.31,29.51
466,30.31,29.51
633,30.31,29.51
387,30.31,29.51
829,30.31,29.51
392,30.33,29.51
657,30.33,29.51
653,30.33,29.51
549,30.33,29.51
470,30.33,29.51
205,30.33,29.51
667,30.33,29.51
260,30.33,29.51
709,30.33,29.51
335,30.33,29.51
380,30.33,29.51
488,30.33,29.51
411,30.33,29.51
474,30.33,29.51
613,30.33,29.51
600,30.33,29.51
576,30.33,29.51
568,30.33,29.51
560,30.33,29.51
783,30.33,29.51
282,30.33,29.51
880,30.33,29.51
355,30.33,29.51
308,30.33,29.51
587,30.33,29.59
782,30.33,29.59
422,30.33,29.59
547,30.33,29.59
400,30.33,29.59
284,30.33,29.59
733,30.33,29.59
262,30.33,29.59
779,30.33,29.59
174,30.33,29.59
521,30.33,29.59
554,30.33,29.59
692,30.33,29.59
592,30.33,29.59
649,30.33,29.59
848,30.33,29.59
394,30.33,29.59
441,30.33,29.59
724,30.33,29.59
429,30.33,29.59
239,30.33,29.59
480,30.33,29.59
256,30.33,29.59
821,30.33,29.59
236,30.33,29.59
757,30.33,29.59
260,30.33,29.59
653,30.33,29.59
566,30.33,29.59
392,30.33,29.59
491,30.33,29.59
277,30.33,29.59
689,30.33,29.59
574,30.33,29.59
744,30.33,29.59
347,30.33,29.59
691,30.35,29.59
457,30.35,29.59
723,30.35,29.59
632,30.35,29.59
638,30.35,29.59
