895,30.33,29.31
322,30.33,29.31
894,30.33,29.31
131,30.33,29.31
431,30.33,29.31
366,30.33,29.31
564,30.33,29.31
812,30.33,29.31
604,30.33,29.31
295,30.33,29.31
874,30.33,29.31
375,30.33,29.31
506,30.33,29.31
477,30.35,29.31
371,30.35,29.31
706,30.35,29.31
137,30.35,29.31
594,30.35,29.31
343,30.35,29.31
455,30.35,29.31
532,30.35,29.31
640,30.35,29.31
623,30.35,29.31
346,30.35,29.31
353,30.35,29.31
132,30.35,29.31
446,30.35,29.31
140,30.35,29.31
207,30.35,29.31
341,30.35,29.31
515,30.35,29.31
402,30.35,29.31
821,30.35,29.31
350,30.35,29.31
516,30.35,29.31
448,30.35,29.31
404,30.35,29.31
437,30.35,29.55
131,30.35,29.55
519,30.35,29.55
429,30.35,29.55
867,30.35,29.55
759,30.35,29.55
864,30.35,29.55
225,30.35,29.55
710,30.35,29.55
416,30.35,29.55
549,30.35,29.55
570,30.35,29.55
471,30.35,29.55
795,30.35,29.55
407,30.35,29.55
526,30.35,29.55
394,30.35,29.55
408,30.35,29.55
399,30.35,29.55
473,30.35,29.55
515,30.35,29.55
523,30.35,29.55
401,30.35,29.55
439,30.35,29.55
423,30.35,29.55
479,30.35,29.55
325,30.35,29.55
506,30.35,29.55
599,30.35,29.55
563,30.35,29.55
740,30.35,29.55
405,30.35,29.55
635,30.35,29.55
490,30.35,29.55
263,30.35,29.55
217,30.35,29.55
561,30.39,29.55
403,30.39,29.55
370,30.39,29.55
132,30.39,29.55
434,30.39,29.55
487,30.39,29.55
814,30.39,29.55
423,30.39,29.55
256,30.39,29.55
733,30.39,29.55
438,30.39,29.55
513,30.39,29.55
277,30.39,29.55
540,30.39,29.55
435,30.39,29.55
635,30.39,29.55
418,30.39,29.55
596,30.39,29.55
727,30.39,29.55
383,30.39,29.55
570,30.39,29.55
553,30.39,29.55
524,30.39,29.55
894,30.39,29.55
490,30.39,29.59
762,30.39,29.59
657,30.39,29.59
256,30.39,29.59
894,30.39,29.59
127,30.39,29.59
702,30.39,29.59
218,30.39,29.59
603,30.39,29.59
676,30.39,29.59
128,30.39,29.59
691,30.39,29.59
272,30.39,29.59
260,30.39,29.59
414,30.39,29.59
511,30.39,29.59
324,30.39,29.59
149,30.39,29.59
518,30.39,29.59
747,30.39,29.59
128,30.39,29.59
518,30.39,29.59
407,30.39,29.59
570,30.39,29.59
671,30.39,29.59
425,30.39,29.59
672,30.39,29.59
827,30.39,29.59
893,30.39,29.59
514,30.39,29.59
129,30.39,29.59
484,30.39,29.59
407,30.39,29.59
243,30.39,29.59
413,30.39,29.59
395,30.39,29.59
665,30.33,29.59
246,30.33,29.59
687,30.33,29.59
547,30.33,29.59
648,30.33,29.59
253,30.33,29.59
406,30.33,29.59
368,30.33,29.59
730,30.33,29.59
686,30.33,29.59
648,30.33,29.59
644,30.33,29.59
533,30.33,29.59
299,30.33,29.59
655,30.33,29.59
677,30.33,29.59
355,30.33,29.59
646,30.33,29.59
480,30.33,29.59
701,30.33,29.59
400,30.33,29.59
820,30.33,29.59
129,30.33,29.59
552,30.33,29.39
571,30.33,29.39
301,30.33,29.39
206,30.33,29.39
158,30.33,29.39
894,30.33,29.39
583,30.33,29.39
825,30.33,29.39
438,30.33,29.39
894,30.33,29.39
313,30.33,29.39
509,30.33,29.39
706,30.33,29.39
364,30.33,29.39
755,30.33,29.39
538,30.33,29.39
483,30.33,29.39
504,30.33,29.39
371,30.33,29.39
653,30.33,29.39
421,30.33,29.39
128,30.33,29.39
792,30.33,29.39
274,30.33,29.39
618,30.33,29.39
495,30.33,29.39
630,30.33,29.39
741,30.33,29.39
396,30.33,29.39
836,30.33,29.39
390,30.33,29.39
585,30.33,29.39
561,30.33,29.39
612,30.33,29.39
453,30.33,29.39
598,30.33,29.39
311,30.39,29.39
662,30.39,29.39
781,30.39,29.39
581,30.39,29.39
452,30.39,29.39
400,30.39,29.39
866,30.39,29.39
238,30.39,29.39
643,30.39,29.39
405,30.39,29.39
183,30.39,29.39
676,30.39,29.39
847,30.39,29.39
561,30.39,29.39
352,30.39,29.39
193,30.39,29.39
137,30.39,29.39
495,30.39,29.39
377,30.39,29.39
730,30.39,29.39
366,30.39,29.39
895,30.39,29.39
221,30.39,29.39
653,30.39,29.39
128,30.39,29.35
522,30.39,29.35
690,30.39,29.35
513,30.39,29.35
665,30.39,29.35
632,30.39,29.35
361,30.39,29.35
388,30.39,29.35
440,30.39,29.35
226,30.39,29.35
641,30.39,29.35
356,30.39,29.35
894,30.39,29.35
236,30.39,29.35
310,30.39,29.35
413,30.39,29.35
168,30.39,29.35
504,30.39,29.35
378,30.39,29.35
702,30.39,29.35
799,30.39,29.35
365,30.39,29.35
363,30.39,29.35
581,30.39,29.35
304,30.39,29.35
488,30.39,29.35
374,30.39,29.35
809,30.39,29.35
359,30.39,29.35
895,30.39,29.35
553,30.39,29.35
779,30.39,29.35
756,30.39,29.35
172,30.39,29.35
496,30.39,29.35
438,30.39,29.35
654,30.35,29.35
374,30.35,29.35
559,30.35,29.35
240,30.35,29.35
535,30.35,29.35
205,30.35,29.35
473,30.35,29.35
676,30.35,29.35
456,30.35,29.35
687,30.35,29.35
596,30.35,29.35
646,30.35,29.35
746,30.35,29.35
471,30.35,29.35
239,30.35,29.35
631,30.35,29.35
128,30.35,29.35
895,30.35,29.35
347,30.35,29.35
838,30.35,29.35
850,30.35,29.35
335,30.35,29.35
694,30.35,29.35
502,30.35,29.35
405,30.35,29.43
549,30.35,29.43
426,30.35,29.43
376,30.35,29.43
869,30.35,29.43
815,30.35,29.43
746,30.35,29.43
383,30.35,29.43
756,30.35,29.43
508,30.35,29.43
832,30.35,29.43
661,30.35,29.43
501,30.35,29.43
505,30.35,29.43
389,30.35,29.43
523,30.35,29.43
453,30.35,29.43
411,30.35,29.43
394,30.35,29.43
850,30.35,29.43
438,30.35,29.43
377,30.35,29.43
750,30.35,29.43
385,30.35,29.43
170,30.35,29.43
749,30.35,29.43
302,30.35,29.43
489,30.35,29.43
740,30.35,29.43
841,30.35,29.43
641,30.35,29.43
404,30.35,29.43
385,30.35,29.43
453,30.35,29.43
677,30.35,29.43
784,30.35,29.43
671,30.33,29.43
171,30.33,29.43
894,30.33,29.43
420,30.33,29.43
493,30.33,29.43
375,30.33,29.43
462,30.33,29.43
650,30.33,29.43
198,30.33,29.43
544,30.33,29.43
488,30.33,29.43
361,30.33,29.43
600,30.33,29.43
530,30.33,29.43
674,30.33,29.43
291,30.33,29.43
683,30.33,29.43
604,30.33,29.43
566,30.33,29.43
894,30.33,29.43
528,30.33,29.43
209,30.33,29.43
834,30.33,29.43
557,30.33,29.65
547,30.33,29.65
129,30.33,29.65
208,30.33,29.65
509,30.33,29.65
351,30.33,29.65
307,30.33,29.65
423,30.33,29.65
536,30.33,29.65
893,30.33,29.65
176,30.33,29.65
244,30.33,29.65
674,30.33,29.65
576,30.33,29.65
610,30.33,29.65
326,30.33,29.65
598,30.33,29.65
424,30.33,29.65
584,30.33,29.65
765,30.33,29.65
360,30.33,29.65
701,30.33,29.65
583,30.33,29.65
393,30.33,29.65
501,30.33,29.65
583,30.33,29.65
693,30.33,29.65
779,30.33,29.65
128,30.33,29.65
545,30.33,29.65
454,30.33,29.65
428,30.33,29.65
643,30.33,29.65
397,30.33,29.65
750,30.33,29.65
306,30.33,29.65
670,30.33,29.65
783,30.33,29.65
382,30.33,29.65
860,30.33,29.65
379,30.33,29.65
639,30.33,29.65
866,30.33,29.65
129,30.33,29.65
708,30.33,29.65
640,30.33,29.65
772,30.33,29.65
759,30.33,29.65
384,30.33,29.65
895,30.33,29.65
281,30.33,29.65
372,30.33,29.65
566,30.33,29.65
171,30.33,29.65
894,30.33,29.65
519,30.33,29.65
894,30.33,29.65
387,30.33,29.65
183,30.33,29.65
347,30.33,29.65
425,30.33,29.63
233,30.33,29.63
131,30.33,29.63
450,30.33,29.63
273,30.33,29.63
618,30.33,29.63
794,30.33,29.63
639,30.33,29.63
651,30.33,29.63
828,30.33,29.63
593,30.33,29.63
626,30.33,29.63
425,30.33,29.63
478,30.33,29.63
329,30.33,29.63
312,30.33,29.63
458,30.33,29.63
620,30.33,29.63
457,30.33,29.63
541,30.33,29.63
748,30.33,29.63
517,30.33,29.63
833,30.33,29.63
185,30.33,29.63
