280,30.27,29.43
893,30.27,29.43
835,30.27,29.43
715,30.27,29.43
331,30.27,29.43
254,30.27,29.43
377,30.27,29.43
137,30.27,29.43
767,30.27,29.43
480,30.27,29.43
519,30.27,29.43
892,30.27,29.43
415,30.27,29.43
584,30.27,29.43
733,30.27,29.43
133,30.27,29.43
728,30.27,29.43
891,30.27,29.43
739,30.27,29.43
747,30.27,29.43
642,30.27,29.43
355,30.27,29.43
636,30.27,29.43
363,30.27,29.43
698,30.27,29.43
643,30.27,29.43
537,30.27,29.43
606,30.27,29.43
523,30.27,29.43
446,30.27,29.43
194,30.27,29.43
428,30.27,29.43
218,30.27,29.43
480,30.27,29.43
893,30.27,29.43
544,30.27,29.43
628,30.27,29.43
576,30.27,29.43
645,30.27,29.43
507,30.27,29.43
662,30.27,29.43
425,30.27,29.43
581,30.27,29.43
891,30.27,29.43
540,30.27,29.43
634,30.27,29.43
259,30.25,29.43
612,30.25,29.43
350,30.25,29.43
342,30.25,29.43
426,30.25,29.43
887,30.25,29.43
557,30.25,29.43
572,30.25,29.43
565,30.25,29.43
339,30.25,29.43
677,30.25,29.43
389,30.25,29.43
659,30.25,29.43
305,30.25,29.43
585,30.25,29.43
150,30.25,29.43
381,30.25,29.43
482,30.25,29.43
660,30.25,29.43
435,30.25,29.43
512,30.25,29.43
656,30.25,29.43
451,30.25,29.43
606,30.25,29.43
293,30.25,29.43
893,30.25,29.43
130,30.25,29.43
891,30.25,29.43
399,30.25,29.43
892,30.25,29.43
709,30.25,29.43
345,30.25,29.43
420,30.25,29.43
596,30.25,29.43
323,30.25,29.43
493,30.25,29.43
893,30.25,29.43
571,30.25,29.43
701,30.25,29.43
692,30.25,29.43
728,30.25,29.43
281,30.25,29.43
438,30.25,29.43
263,30.25,29.43
599,30.25,29.43
336,30.25,29.43
571,30.25,29.43
433,30.25,29.43
648,30.25,29.43
845,30.25,29.43
475,30.25,29.43
582,30.25,29.43
396,30.25,29.43
707,30.25,29.43
596,30.25,29.43
723,30.25,29.43
393,30.25,29.43
436,30.25,29.43
782,30.25,29.43
260,30.23,29.43
581,30.23,29.43
653,30.23,29.43
368,30.23,29.43
812,30.23,29.43
630,30.23,29.43
554,30.23,29.43
727,30.23,29.43
297,30.23,29.43
796,30.23,29.43
378,30.23,29.43
317,30.23,29.43
572,30.23,29.43
248,30.23,29.43
427,30.23,29.43
591,30.23,29.43
417,30.23,29.43
129,30.23,29.43
766,30.23,29.43
402,30.23,29.43
656,30.23,29.43
255,30.23,29.43
774,30.23,29.43
650,30.23,29.43
382,30.23,29.57
324,30.23,29.57
546,30.23,29.57
536,30.23,29.57
783,30.23,29.57
786,30.23,29.57
574,30.23,29.57
668,30.23,29.57
565,30.23,29.57
886,30.23,29.57
129,30.23,29.57
565,30.23,29.57
517,30.23,29.57
725,30.23,29.57
836,30.23,29.57
439,30.23,29.57
894,30.23,29.57
280,30.23,29.57
583,30.23,29.57
384,30.23,29.57
469,30.23,29.57
201,30.23,29.57
436,30.23,29.57
556,30.23,29.57
870,30.23,29.57
497,30.23,29.57
742,30.23,29.57
129,30.23,29.57
895,30.23,29.57
456,30.23,29.57
296,30.23,29.57
800,30.23,29.57
128,30.23,29.57
895,30.23,29.57
129,30.23,29.57
319,30.23,29.57
606,30.25,29.57
451,30.25,29.57
453,30.25,29.57
390,30.25,29.57
171,30.25,29.57
447,30.25,29.57
638,30.25,29.57
543,30.25,29.57
130,30.25,29.57
874,30.25,29.57
711,30.25,29.57
468,30.25,29.57
564,30.25,29.57
409,30.25,29.57
894,30.25,29.57
261,30.25,29.57
810,30.25,29.57
501,30.25,29.57
760,30.25,29.57
797,30.25,29.57
390,30.25,29.57
498,30.25,29.57
594,30.25,29.57
323,30.25,29.57
443,30.25,29.51
534,30.25,29.51
524,30.25,29.51
725,30.25,29.51
169,30.25,29.51
691,30.25,29.51
516,30.25,29.51
425,30.25,29.51
200,30.25,29.51
855,30.25,29.51
294,30.25,29.51
856,30.25,29.51
593,30.25,29.51
256,30.25,29.51
893,30.25,29.51
501,30.25,29.51
685,30.25,29.51
187,30.25,29.51
320,30.25,29.51
333,30.25,29.51
352,30.25,29.51
369,30.25,29.51
616,30.25,29.51
894,30.25,29.51
418,30.25,29.51
679,30.25,29.51
465,30.25,29.51
178,30.25,29.51
626,30.25,29.51
348,30.25,29.51
130,30.25,29.51
310,30.25,29.51
296,30.25,29.51
807,30.25,29.51
129,30.25,29.51
894,30.25,29.51
897,30.25,29.51
393,30.25,29.51
873,30.25,29.51
379,30.25,29.51
593,30.25,29.51
837,30.25,29.51
254,30.25,29.51
470,30.25,29.51
741,30.25,29.51
408,30.25,29.51
459,30.25,29.51
201,30.25,29.51
283,30.25,29.51
127,30.25,29.51
747,30.25,29.51
419,30.25,29.51
677,30.25,29.51
452,30.25,29.51
493,30.25,29.51
725,30.25,29.51
361,30.25,29.51
559,30.25,29.51
535,30.25,29.51
173,30.25,29.49
501,30.25,29.49
631,30.25,29.49
584,30.25,29.49
754,30.25,29.49
579,30.25,29.49
894,30.25,29.49
691,30.25,29.49
271,30.25,29.49
693,30.25,29.49
459,30.25,29.49
299,30.25,29.49
547,30.25,29.49
417,30.25,29.49
752,30.25,29.49
753,30.25,29.49
457,30.25,29.49
700,30.25,29.49
280,30.25,29.49
715,30.25,29.49
247,30.25,29.49
479,30.25,29.49
140,30.25,29.49
542,30.25,29.49
675,30.25,29.49
623,30.25,29.49
591,30.25,29.49
725,30.25,29.49
346,30.25,29.49
729,30.25,29.49
263,30.25,29.49
490,30.25,29.49
834,30.25,29.49
163,30.25,29.49
453,30.25,29.49
441,30.25,29.49
598,30.23,29.49
328,30.23,29.49
722,30.23,29.49
819,30.23,29.49
420,30.23,29.49
554,30.23,29.49
366,30.23,29.49
132,30.23,29.49
324,30.23,29.49
366,30.23,29.49
407,30.23,29.49
682,30.23,29.49
421,30.23,29.49
817,30.23,29.49
344,30.23,29.49
597,30.23,29.49
252,30.23,29.49
584,30.23,29.49
215,30.23,29.49
507,30.23,29.49
391,30.23,29.49
222,30.23,29.49
894,30.23,29.49
439,30.23,29.49
555,30.23,29.43
407,30.23,29.43
600,30.23,29.43
575,30.23,29.43
166,30.23,29.43
838,30.23,29.43
416,30.23,29.43
199,30.23,29.43
674,30.23,29.43
284,30.23,29.43
544,30.23,29.43
635,30.23,29.43
322,30.23,29.43
810,30.23,29.43
239,30.23,29.43
243,30.23,29.43
130,30.23,29.43
425,30.23,29.43
175,30.23,29.43
661,30.23,29.43
584,30.23,29.43
544,30.23,29.43
487,30.23,29.43
686,30.23,29.43
508,30.23,29.43
547,30.23,29.43
234,30.23,29.43
401,30.23,29.43
470,30.23,29.43
236,30.23,29.43
553,30.23,29.43
391,30.23,29.43
520,30.23,29.43
329,30.23,29.43
553,30.23,29.43
649,30.23,29.43
820,30.23,29.43
186,30.23,29.43
741,30.23,29.43
603,30.23,29.43
400,30.23,29.43
619,30.23,29.43
421,30.23,29.43
668,30.23,29.43
367,30.23,29.43
609,30.23,29.43
469,30.23,29.43
467,30.23,29.43
452,30.23,29.43
864,30.23,29.43
296,30.23,29.43
557,30.23,29.43
445,30.23,29.43
744,30.23,29.43
576,30.23,29.43
347,30.23,29.43
674,30.23,29.43
473,30.23,29.43
879,30.23,29.43
287,30.23,29.43
629,30.23,29.39
655,30.23,29.39
895,30.23,29.39
567,30.23,29.39
505,30.23,29.39
418,30.23,29.39
444,30.23,29.39
222,30.23,29.39
131,30.23,29.39
476,30.23,29.39
793,30.23,29.39
213,30.23,29.39
672,30.23,29.39
690,30.23,29.39
129,30.23,29.39
695,30.23,29.39
365,30.23,29.39
441,30.23,29.39
195,30.23,29.39
519,30.23,29.39
652,30.23,29.39
481,30.23,29.39
895,30.23,29.39
554,30.23,29.39
346,30.23,29.39
781,30.23,29.39
560,30.23,29.39
373,30.23,29.39
456,30.23,29.39
349,30.23,29.39
894,30.23,29.39
306,30.23,29.39
534,30.23,29.39
395,30.23,29.39
760,30.23,29.39
818,30.23,29.39
815,30.25,29.39
589,30.25,29.39
388,30.25,29.39
745,30.25,29.39
395,30.25,29.39
350,30.25,29.39
168,30.25,29.39
839,30.25,29.39
130,30.25,29.39
891,30.25,29.39
385,30.25,29.39
614,30.25,29.39
623,30.25,29.39
162,30.25,29.39
