605,30.29,29.63
432,30.29,29.63
719,30.29,29.63
130,30.29,29.63
469,30.29,29.63
135,30.29,29.63
184,30.29,29.63
726,30.29,29.63
415,30.29,29.63
755,30.29,29.63
456,30.29,29.63
751,30.29,29.63
892,30.29,29.63
357,30.29,29.63
859,30.29,29.63
132,30.29,29.63
400,30.29,29.63
676,30.29,29.63
264,30.29,29.63
636,30.29,29.63
508,30.29,29.63
377,30.29,29.63
669,30.29,29.63
616,30.29,29.63
893,30.29,29.63
207,30.29,29.63
713,30.29,29.63
374,30.29,29.63
397,30.29,29.63
457,30.29,29.63
411,30.29,29.63
603,30.33,29.63
769,30.33,29.63
458,30.33,29.63
651,30.33,29.63
704,30.33,29.63
465,30.33,29.63
823,30.33,29.63
444,30.33,29.63
277,30.33,29.63
404,30.33,29.63
181,30.33,29.63
536,30.33,29.63
703,30.33,29.63
411,30.33,29.63
614,30.33,29.63
315,30.33,29.63
892,30.33,29.63
652,30.33,29.63
692,30.33,29.63
649,30.33,29.63
590,30.33,29.63
588,30.33,29.63
588,30.33,29.63
711,30.33,29.37
561,30.33,29.37
511,30.33,29.37
502,30.33,29.37
472,30.33,29.37
624,30.33,29.37
886,30.33,29.37
427,30.33,29.37
805,30.33,29.37
427,30.33,29.37
554,30.33,29.37
134,30.33,29.37
424,30.33,29.37
416,30.33,29.37
228,30.33,29.37
456,30.33,29.37
547,30.33,29.37
772,30.33,29.37
555,30.33,29.37
784,30.33,29.37
536,30.33,29.37
482,30.33,29.37
498,30.33,29.37
432,30.33,29.37
577,30.33,29.37
671,30.33,29.37
324,30.33,29.37
812,30.33,29.37
322,30.33,29.37
384,30.33,29.37
543,30.33,29.37
398,30.33,29.37
616,30.33,29.37
325,30.33,29.37
637,30.33,29.37
632,30.33,29.37
698,30.31,29.37
461,30.31,29.37
480,30.31,29.37
690,30.31,29.37
710,30.31,29.37
855,30.31,29.37
558,30.31,29.37
638,30.31,29.37
759,30.31,29.37
585,30.31,29.37
366,30.31,29.37
621,30.31,29.37
140,30.31,29.37
879,30.31,29.37
170,30.31,29.37
764,30.31,29.37
508,30.31,29.37
257,30.31,29.37
794,30.31,29.37
364,30.31,29.37
593,30.31,29.37
356,30.31,29.37
595,30.31,29.37
528,30.31,29.37
479,30.31,29.57
228,30.31,29.57
590,30.31,29.57
524,30.31,29.57
832,30.31,29.57
638,30.31,29.57
894,30.31,29.57
467,30.31,29.57
862,30.31,29.57
738,30.31,29.57
158,30.31,29.57
488,30.31,29.57
204,30.31,29.57
894,30.31,29.57
273,30.31,29.57
412,30.31,29.57
574,30.31,29.57
453,30.31,29.57
652,30.31,29.57
531,30.31,29.57
128,30.31,29.57
414,30.31,29.57
131,30.31,29.57
337,30.31,29.57
345,30.31,29.57
626,30.31,29.57
408,30.31,29.57
332,30.31,29.57
729,30.31,29.57
169,30.31,29.57
734,30.31,29.57
435,30.31,29.57
479,30.31,29.57
393,30.31,29.57
406,30.31,29.57
400,30.31,29.57
457,30.29,29.57
836,30.29,29.57
890,30.29,29.57
526,30.29,29.57
135,30.29,29.57
603,30.29,29.57
341,30.29,29.57
664,30.29,29.57
233,30.29,29.57
802,30.29,29.57
671,30.29,29.57
381,30.29,29.57
621,30.29,29.57
769,30.29,29.57
566,30.29,29.57
499,30.29,29.57
456,30.29,29.57
128,30.29,29.57
770,30.29,29.57
129,30.29,29.57
565,30.29,29.57
278,30.29,29.57
766,30.29,29.57
734,30.29,29.57
132,30.29,29.57
895,30.29,29.57
331,30.29,29.57
572,30.29,29.57
431,30.29,29.57
361,30.29,29.57
839,30.29,29.57
382,30.29,29.57
563,30.29,29.57
597,30.29,29.57
128,30.29,29.57
876,30.29,29.57
133,30.29,29.57
495,30.29,29.57
482,30.29,29.57
479,30.29,29.57
569,30.29,29.57
128,30.29,29.57
894,30.29,29.57
255,30.29,29.57
775,30.29,29.57
539,30.29,29.57
708,30.29,29.57
806,30.29,29.57
572,30.29,29.57
482,30.29,29.57
840,30.29,29.57
254,30.29,29.57
770,30.29,29.57
439,30.29,29.57
130,30.29,29.57
514,30.29,29.57
295,30.29,29.57
483,30.29,29.57
359,30.29,29.57
824,30.29,29.57
356,30.33,29.57
760,30.33,29.57
463,30.33,29.57
700,30.33,29.57
465,30.33,29.57
234,30.33,29.57
501,30.33,29.57
143,30.33,29.57
641,30.33,29.57
200,30.33,29.57
776,30.33,29.57
679,30.33,29.57
695,30.33,29.57
829,30.33,29.57
713,30.33,29.57
516,30.33,29.57
615,30.33,29.57
431,30.33,29.57
650,30.33,29.57
560,30.33,29.57
286,30.33,29.57
623,30.33,29.57
229,30.33,29.57
684,30.33,29.55
137,30.33,29.55
664,30.33,29.55
212,30.33,29.55
649,30.33,29.55
532,30.33,29.55
600,30.33,29.55
451,30.33,29.55
129,30.33,29.55
553,30.33,29.55
346,30.33,29.55
475,30.33,29.55
604,30.33,29.55
575,30.33,29.55
561,30.33,29.55
755,30.33,29.55
507,30.33,29.55
516,30.33,29.55
170,30.33,29.55
488,30.33,29.55
239,30.33,29.55
410,30.33,29.55
132,30.33,29.55
322,30.33,29.55
819,30.33,29.55
445,30.33,29.55
716,30.33,29.55
568,30.33,29.55
374,30.33,29.55
648,30.33,29.55
696,30.33,29.55
597,30.33,29.55
724,30.33,29.55
385,30.33,29.55
894,30.33,29.55
387,30.33,29.55
735,30.33,29.55
577,30.33,29.55
477,30.33,29.55
690,30.33,29.55
399,30.33,29.55
274,30.33,29.55
390,30.33,29.55
396,30.33,29.55
295,30.33,29.55
728,30.33,29.55
232,30.33,29.55
431,30.33,29.55
603,30.33,29.55
566,30.33,29.55
528,30.33,29.55
389,30.33,29.55
236,30.33,29.55
624,30.33,29.55
392,30.33,29.55
306,30.33,29.55
236,30.33,29.55
293,30.33,29.55
374,30.33,29.55
261,30.33,29.55
165,30.33,29.59
128,30.33,29.59
810,30.33,29.59
426,30.33,29.59
130,30.33,29.59
747,30.33,29.59
676,30.33,29.59
660,30.33,29.59
375,30.33,29.59
512,30.33,29.59
451,30.33,29.59
654,30.33,29.59
893,30.33,29.59
683,30.33,29.59
895,30.33,29.59
895,30.33,29.59
249,30.33,29.59
510,30.33,29.59
529,30.33,29.59
542,30.33,29.59
605,30.33,29.59
424,30.33,29.59
284,30.33,29.59
895,30.33,29.59
129,30.33,29.59
442,30.33,29.59
697,30.33,29.59
128,30.33,29.59
652,30.33,29.59
371,30.33,29.59
492,30.33,29.59
879,30.33,29.59
787,30.33,29.59
491,30.33,29.59
402,30.33,29.59
612,30.33,29.59
754,30.31,29.59
201,30.31,29.59
826,30.31,29.59
724,30.31,29.59
593,30.31,29.59
441,30.31,29.59
208,30.31,29.59
575,30.31,29.59
228,30.31,29.59
471,30.31,29.59
129,30.31,29.59
757,30.31,29.59
130,30.31,29.59
439,30.31,29.59
558,30.31,29.59
186,30.31,29.59
596,30.31,29.59
649,30.31,29.59
339,30.31,29.59
655,30.31,29.59
596,30.31,29.59
644,30.31,29.59
738,30.31,29.59
128,30.31,29.59
724,30.31,29.63
654,30.31,29.63
602,30.31,29.63
389,30.31,29.63
654,30.31,29.63
894,30.31,29.63
429,30.31,29.63
208,30.31,29.63
443,30.31,29.63
331,30.31,29.63
349,30.31,29.63
537,30.31,29.63
355,30.31,29.63
492,30.31,29.63
461,30.31,29.63
616,30.31,29.63
451,30.31,29.63
332,30.31,29.63
445,30.31,29.63
446,30.31,29.63
248,30.31,29.63
829,30.31,29.63
668,30.31,29.63
412,30.31,29.63
693,30.31,29.63
374,30.31,29.63
718,30.31,29.63
282,30.31,29.63
541,30.31,29.63
736,30.31,29.63
760,30.31,29.63
399,30.31,29.63
331,30.31,29.63
459,30.31,29.63
593,30.31,29.63
417,30.31,29.63
459,30.29,29.63
581,30.29,29.63
585,30.29,29.63
688,30.29,29.63
283,30.29,29.63
568,30.29,29.63
129,30.29,29.63
839,30.29,29.63
269,30.29,29.63
583,30.29,29.63
862,30.29,29.63
411,30.29,29.63
690,30.29,29.63
379,30.29,29.63
484,30.29,29.63
290,30.29,29.63
430,30.29,29.63
367,30.29,29.63
364,30.29,29.63
474,30.29,29.63
503,30.29,29.63
499,30.29,29.63
453,30.29,29.63
325,30.29,29.51
651,30.29,29.51
251,30.29,29.51
873,30.29,29.51
592,30.29,29.51
327,30.29,29.51
