413,30.17,29.49
576,30.17,29.49
164,30.17,29.49
133,30.17,29.35
348,30.17,29.35
666,30.17,29.35
600,30.17,29.35
520,30.17,29.35
890,30.17,29.35
765,30.17,29.35
892,30.17,29.35
227,30.17,29.35
434,30.17,29.35
134,30.17,29.35
406,30.17,29.35
597,30.17,29.35
723,30.17,29.35
720,30.17,29.35
130,30.17,29.35
643,30.17,29.35
559,30.17,29.35
406,30.17,29.35
569,30.17,29.35
665,30.17,29.35
490,30.17,29.35
705,30.17,29.35
157,30.17,29.35
690,30.17,29.35
360,30.17,29.35
706,30.17,29.35
406,30.17,29.35
535,30.17,29.35
341,30.17,29.35
476,30.17,29.35
598,30.17,29.35
131,30.17,29.35
722,30.17,29.35
620,30.17,29.35
691,30.17,29.35
476,30.19,29.35
387,30.19,29.35
471,30.19,29.35
691,30.19,29.35
396,30.19,29.35
652,30.19,29.35
523,30.19,29.35
466,30.19,29.35
480,30.19,29.35
130,30.19,29.35
824,30.19,29.35
252,30.19,29.35
537,30.19,29.35
362,30.19,29.35
804,30.19,29.35
786,30.19,29.35
570,30.19,29.35
422,30.19,29.35
713,30.19,29.35
323,30.19,29.35
478,30.19,29.35
286,30.19,29.35
549,30.19,29.35
894,30.19,29.45
518,30.19,29.45
731,30.19,29.45
259,30.19,29.45
744,30.19,29.45
247,30.19,29.45
639,30.19,29.45
360,30.19,29.45
517,30.19,29.45
408,30.19,29.45
166,30.19,29.45
481,30.19,29.45
855,30.19,29.45
354,30.19,29.45
392,30.19,29.45
412,30.19,29.45
497,30.19,29.45
588,30.19,29.45
127,30.19,29.45
132,30.19,29.45
484,30.19,29.45
427,30.19,29.45
228,30.19,29.45
301,30.19,29.45
378,30.19,29.45
507,30.19,29.45
660,30.19,29.45
486,30.19,29.45
561,30.19,29.45
592,30.19,29.45
604,30.19,29.45
342,30.19,29.45
630,30.19,29.45
217,30.19,29.45
894,30.19,29.45
437,30.19,29.45
134,30.21,29.45
364,30.21,29.45
376,30.21,29.45
380,30.21,29.45
424,30.21,29.45
719,30.21,29.45
589,30.21,29.45
400,30.21,29.45
500,30.21,29.45
892,30.21,29.45
343,30.21,29.45
650,30.21,29.45
573,30.21,29.45
613,30.21,29.45
492,30.21,29.45
346,30.21,29.45
646,30.21,29.45
416,30.21,29.45
818,30.21,29.45
677,30.21,29.45
528,30.21,29.45
368,30.21,29.45
824,30.21,29.45
439,30.21,29.45
524,30.21,29.49
130,30.21,29.49
868,30.21,29.49
399,30.21,29.49
584,30.21,29.49
636,30.21,29.49
402,30.21,29.49
672,30.21,29.49
295,30.21,29.49
549,30.21,29.49
527,30.21,29.49
440,30.21,29.49
584,30.21,29.49
725,30.21,29.49
674,30.21,29.49
478,30.21,29.49
308,30.21,29.49
846,30.21,29.49
400,30.21,29.49
603,30.21,29.49
538,30.21,29.49
336,30.21,29.49
460,30.21,29.49
232,30.21,29.49
681,30.21,29.49
218,30.21,29.49
507,30.21,29.49
814,30.21,29.49
631,30.21,29.49
137,30.21,29.49
513,30.21,29.49
382,30.21,29.49
441,30.21,29.49
138,30.21,29.49
582,30.21,29.49
719,30.21,29.49
674,30.19,29.49
683,30.19,29.49
468,30.19,29.49
497,30.19,29.49
230,30.19,29.49
448,30.19,29.49
212,30.19,29.49
130,30.19,29.49
662,30.19,29.49
129,30.19,29.49
554,30.19,29.49
503,30.19,29.49
344,30.19,29.49
398,30.19,29.49
243,30.19,29.49
877,30.19,29.49
537,30.19,29.49
277,30.19,29.49
605,30.19,29.49
253,30.19,29.49
206,30.19,29.49
351,30.19,29.49
527,30.19,29.49
494,30.19,29.49
829,30.19,29.29
362,30.19,29.29
379,30.19,29.29
370,30.19,29.29
241,30.19,29.29
317,30.19,29.29
543,30.19,29.29
643,30.19,29.29
421,30.19,29.29
741,30.19,29.29
613,30.19,29.29
396,30.19,29.29
432,30.19,29.29
463,30.19,29.29
380,30.19,29.29
592,30.19,29.29
205,30.19,29.29
283,30.19,29.29
129,30.19,29.29
756,30.19,29.29
497,30.19,29.29
211,30.19,29.29
468,30.19,29.29
235,30.19,29.29
754,30.19,29.29
529,30.19,29.29
397,30.19,29.29
730,30.19,29.29
521,30.19,29.29
538,30.19,29.29
768,30.19,29.29
129,30.19,29.29
744,30.19,29.29
641,30.19,29.29
517,30.19,29.29
662,30.19,29.29
348,30.17,29.29
600,30.17,29.29
387,30.17,29.29
481,30.17,29.29
752,30.17,29.29
581,30.17,29.29
714,30.17,29.29
683,30.17,29.29
370,30.17,29.29
645,30.17,29.29
442,30.17,29.29
613,30.17,29.29
487,30.17,29.29
428,30.17,29.29
439,30.17,29.29
628,30.17,29.29
278,30.17,29.29
386,30.17,29.29
790,30.17,29.29
268,30.17,29.29
643,30.17,29.29
697,30.17,29.29
894,30.17,29.29
373,30.17,29.55
793,30.17,29.55
518,30.17,29.55
497,30.17,29.55
328,30.17,29.55
221,30.17,29.55
898,30.17,29.55
569,30.17,29.55
677,30.17,29.55
734,30.17,29.55
614,30.17,29.55
857,30.17,29.55
675,30.17,29.55
365,30.17,29.55
804,30.17,29.55
133,30.17,29.55
894,30.17,29.55
244,30.17,29.55
361,30.17,29.55
749,30.17,29.55
133,30.17,29.55
630,30.17,29.55
403,30.17,29.55
628,30.17,29.55
495,30.17,29.55
459,30.17,29.55
475,30.17,29.55
573,30.17,29.55
668,30.17,29.55
537,30.17,29.55
278,30.17,29.55
330,30.17,29.55
154,30.17,29.55
618,30.17,29.55
328,30.17,29.55
737,30.17,29.55
548,30.17,29.55
576,30.17,29.55
637,30.17,29.55
244,30.17,29.55
637,30.17,29.55
206,30.17,29.55
262,30.17,29.55
493,30.17,29.55
686,30.17,29.55
459,30.17,29.55
451,30.17,29.55
435,30.17,29.55
779,30.17,29.55
605,30.17,29.55
130,30.17,29.55
774,30.17,29.55
734,30.17,29.55
510,30.17,29.55
586,30.17,29.55
248,30.17,29.55
348,30.17,29.55
702,30.17,29.55
289,30.17,29.55
775,30.17,29.55
572,30.17,29.25
823,30.17,29.25
718,30.17,29.25
579,30.17,29.25
531,30.17,29.25
462,30.17,29.25
593,30.17,29.25
568,30.17,29.25
597,30.17,29.25
306,30.17,29.25
594,30.17,29.25
445,30.17,29.25
424,30.17,29.25
760,30.17,29.25
455,30.17,29.25
329,30.17,29.25
671,30.17,29.25
758,30.17,29.25
817,30.17,29.25
589,30.17,29.25
360,30.17,29.25
767,30.17,29.25
261,30.17,29.25
786,30.17,29.25
256,30.17,29.25
794,30.17,29.25
490,30.17,29.25
421,30.17,29.25
713,30.17,29.25
257,30.17,29.25
244,30.17,29.25
611,30.17,29.25
452,30.17,29.25
328,30.17,29.25
493,30.17,29.25
391,30.17,29.25
582,30.17,29.25
501,30.17,29.25
596,30.17,29.25
303,30.17,29.25
601,30.17,29.25
325,30.17,29.25
843,30.17,29.25
484,30.17,29.25
441,nan,29.25
547,30.17,29.25
189,30.17,29.25
422,30.17,29.25
591,30.17,29.25
381,30.17,29.25
429,30.17,29.25
128,30.17,29.25
591,30.17,29.25
235,30.17,29.25
520,30.17,29.25
129,30.17,29.25
643,30.17,29.25
443,30.17,29.25
848,30.17,29.25
522,30.17,29.25
641,30.17,29.31
859,30.17,29.31
133,30.17,29.31
842,30.17,29.31
173,30.17,29.31
269,30.17,29.31
536,30.17,29.31
372,30.17,29.31
596,30.17,29.31
569,30.17,29.31
511,30.17,29.31
797,30.17,29.31
391,30.17,29.31
633,30.17,29.31
565,30.17,29.31
381,30.17,29.31
580,30.17,29.31
191,30.17,29.31
740,30.17,29.31
565,30.17,29.31
638,30.17,29.31
462,30.17,29.31
561,30.17,29.31
636,30.17,29.31
457,30.17,29.31
418,30.17,29.31
251,30.17,29.31
652,30.17,29.31
580,30.17,29.31
423,30.17,29.31
337,30.17,29.31
826,30.17,29.31
563,30.17,29.31
417,30.17,29.31
346,30.17,29.31
392,30.17,29.31
586,30.17,29.31
360,30.17,29.31
678,30.17,29.31
612,30.17,29.31
365,30.17,29.31
893,30.17,29.31
890,30.17,29.31
515,30.17,29.31
895,30.17,29.31
473,30.17,29.31
572,30.17,29.31
751,30.17,29.31
399,30.17,29.31
662,30.17,29.31
133,30.17,29.31
619,30.17,29.31
775,30.17,29.31
422,30.17,29.31
789,30.17,29.31
202,30.17,29.31
612,30.17,29.31
804,30.17,29.31
