451,30.39,29.45
549,30.39,29.45
132,30.39,29.45
141,30.39,29.45
798,30.39,29.45
355,30.39,29.45
891,30.39,29.45
890,30.41,29.45
571,30.41,29.45
349,30.41,29.45
334,30.41,29.45
717,30.41,29.45
514,30.41,29.45
484,30.41,29.45
495,30.41,29.45
754,30.41,29.45
282,30.41,29.45
332,30.41,29.45
392,30.41,29.45
438,30.41,29.45
767,30.41,29.45
482,30.41,29.45
501,30.41,29.45
878,30.41,29.45
236,30.41,29.45
710,30.41,29.45
329,30.41,29.45
326,30.41,29.45
623,30.41,29.45
130,30.41,29.45
586,30.41,29.69
432,30.41,29.69
616,30.41,29.69
498,30.41,29.69
392,30.41,29.69
665,30.41,29.69
389,30.41,29.69
542,30.41,29.69
227,30.41,29.69
272,30.41,29.69
306,30.41,29.69
315,30.41,29.69
336,30.41,29.69
580,30.41,29.69
608,30.41,29.69
867,30.41,29.69
512,30.41,29.69
400,30.41,29.69
711,30.41,29.69
855,30.41,29.69
614,30.41,29.69
352,30.41,29.69
388,30.41,29.69
892,30.41,29.69
774,30.41,29.69
669,30.41,29.69
427,30.41,29.69
746,30.41,29.69
595,30.41,29.69
722,30.41,29.69
346,30.41,29.69
766,30.41,29.69
632,30.41,29.69
637,30.41,29.69
742,30.41,29.69
631,30.41,29.69
436,30.39,29.69
361,30.39,29.69
353,30.39,29.69
337,30.39,29.69
574,30.39,29.69
379,30.39,29.69
530,30.39,29.69
753,30.39,29.69
694,30.39,29.69
762,30.39,29.69
415,30.39,29.69
374,30.39,29.69
638,30.39,29.69
176,30.39,29.69
496,30.39,29.69
865,30.39,29.69
845,30.39,29.69
619,30.39,29.69
642,30.39,29.69
591,30.39,29.69
425,30.39,29.69
507,30.39,29.69
142,30.39,29.69
748,30.39,29.69
599,30.39,29.51
446,30.39,29.51
671,30.39,29.51
545,30.39,29.51
612,30.39,29.51
770,30.39,29.51
497,30.39,29.51
480,30.39,29.51
632,30.39,29.51
279,30.39,29.51
711,30.39,29.51
241,30.39,29.51
567,30.39,29.51
405,30.39,29.51
358,30.39,29.51
468,30.39,29.51
344,30.39,29.51
894,30.39,29.51
540,30.39,29.51
583,30.39,29.51
381,30.39,29.51
319,30.39,29.51
360,30.39,29.51
222,30.39,29.51
659,30.39,29.51
742,30.39,29.51
129,30.39,29.51
607,30.39,29.51
219,30.39,29.51
570,30.39,29.51
535,30.39,29.51
184,30.39,29.51
874,30.39,29.51
614,30.39,29.51
699,30.39,29.51
480,30.39,29.51
813,30.39,29.51
164,30.39,29.51
429,30.39,29.51
440,30.39,29.51
605,30.39,29.51
578,30.39,29.51
595,30.39,29.51
788,30.39,29.51
447,30.39,29.51
399,30.39,29.51
521,30.39,29.51
488,30.39,29.51
379,30.39,29.51
553,30.39,29.51
596,30.39,29.51
716,30.39,29.51
406,30.39,29.51
701,30.39,29.51
187,30.39,29.51
682,30.39,29.51
385,30.39,29.51
693,30.39,29.51
421,30.39,29.51
168,30.39,29.77
823,30.39,29.77
131,30.39,29.77
665,30.39,29.77
358,30.39,29.77
453,30.39,29.77
590,30.39,29.77
349,30.39,29.77
646,30.39,29.77
725,30.39,29.77
654,30.39,29.77
713,30.39,29.77
308,30.39,29.77
269,30.39,29.77
847,30.39,29.77
336,30.39,29.77
787,30.39,29.77
561,30.39,29.77
773,30.39,29.77
357,30.39,29.77
815,30.39,29.77
387,30.39,29.77
496,30.39,29.77
199,30.39,29.77
840,30.39,29.77
865,30.39,29.77
419,30.39,29.77
891,30.39,29.77
481,30.39,29.77
397,30.39,29.77
589,30.39,29.77
703,30.39,29.77
386,30.39,29.77
681,30.39,29.77
272,30.39,29.77
651,30.39,29.77
354,30.39,29.77
570,30.39,29.77
540,30.39,29.77
264,30.39,29.77
653,30.39,29.77
202,30.39,29.77
465,30.39,29.77
637,30.39,29.77
844,30.39,29.77
355,30.39,29.77
478,30.39,29.77
128,30.39,29.77
531,30.39,29.77
281,30.39,29.77
549,30.39,29.77
548,30.39,29.77
635,30.39,29.77
446,30.39,29.77
464,30.39,29.77
414,30.39,29.77
498,30.39,29.77
858,30.39,29.77
364,30.39,29.77
822,30.39,29.77
455,30.39,29.57
731,30.39,29.57
261,30.39,29.57
501,30.39,29.57
369,30.39,29.57
361,30.39,29.57
718,30.39,29.57
592,30.39,29.57
683,30.39,29.57
294,30.39,29.57
499,30.39,29.57
316,30.39,29.57
303,30.39,29.57
519,30.39,29.57
411,30.39,29.57
476,30.39,29.57
846,30.39,29.57
261,30.39,29.57
895,30.39,29.57
140,30.39,29.57
389,30.39,29.57
679,30.39,29.57
128,30.39,29.57
651,30.39,29.57
379,30.39,29.57
370,30.39,29.57
651,30.39,29.57
393,30.39,29.57
268,30.39,29.57
621,30.39,29.57
666,30.39,29.57
710,30.39,29.57
551,30.39,29.57
458,30.39,29.57
672,30.39,29.57
619,30.39,29.57
823,30.39,29.57
626,30.39,29.57
673,30.39,29.57
352,30.39,29.57
373,30.39,29.57
645,30.39,29.57
783,30.39,29.57
380,30.39,29.57
415,30.39,29.57
353,30.39,29.57
553,30.39,29.57
350,30.39,29.57
224,30.39,29.57
673,30.39,29.57
424,30.39,29.57
894,30.39,29.57
440,30.39,29.57
488,30.39,29.57
587,30.39,29.57
507,30.39,29.57
708,30.39,29.57
357,30.39,29.57
485,30.39,29.57
756,30.39,29.57
436,30.39,29.57
523,30.39,29.57
718,30.39,29.57
206,30.39,29.57
508,30.39,29.57
136,30.39,29.57
790,30.39,29.57
195,30.39,29.57
366,30.39,29.57
674,30.39,29.57
407,30.39,29.57
442,30.39,29.57
521,30.39,29.57
612,30.39,29.57
875,30.39,29.57
886,30.39,29.57
643,30.39,29.57
608,30.39,29.57
407,30.39,29.57
790,30.39,29.57
127,30.39,29.57
455,30.39,29.57
375,30.39,29.57
313,30.39,29.57
579,30.39,29.57
739,30.39,29.57
307,30.39,29.57
238,30.39,29.57
481,30.39,29.57
637,30.39,29.57
438,30.39,29.57
564,30.39,29.57
372,30.39,29.57
421,30.39,29.57
658,30.39,29.57
313,30.39,29.57
586,30.41,29.57
476,30.41,29.57
423,30.41,29.57
617,30.41,29.57
216,30.41,29.57
131,30.41,29.57
568,30.41,29.57
273,30.41,29.57
723,30.41,29.57
314,30.41,29.57
307,30.41,29.57
762,30.41,29.57
352,30.41,29.57
464,30.41,29.57
629,30.41,29.57
151,30.41,29.57
658,30.41,29.57
340,30.41,29.57
425,30.41,29.57
713,30.41,29.57
782,30.41,29.57
651,30.41,29.57
829,30.41,29.57
732,30.41,29.57
235,30.41,29.65
715,30.41,29.65
242,30.41,29.65
616,30.41,29.65
575,30.41,29.65
573,30.41,29.65
757,30.41,29.65
440,30.41,29.65
730,30.41,29.65
420,30.41,29.65
401,30.41,29.65
481,30.41,29.65
569,30.41,29.65
389,30.41,29.65
539,30.41,29.65
351,30.41,29.65
804,30.41,29.65
512,30.41,29.65
611,30.41,29.65
138,30.41,29.65
506,30.41,29.65
130,30.41,29.65
607,30.41,29.65
630,30.41,29.65
554,30.41,29.65
894,30.41,29.65
570,30.41,29.65
666,30.41,29.65
325,30.41,29.65
793,30.41,29.65
666,30.41,29.65
644,30.41,29.65
352,30.41,29.65
381,30.41,29.65
541,30.41,29.65
382,30.41,29.65
726,30.39,29.65
722,30.39,29.65
727,30.39,29.65
545,30.39,29.65
737,30.39,29.65
359,30.39,29.65
848,30.39,29.65
128,30.39,29.65
397,30.39,29.65
229,30.39,29.65
663,30.39,29.65
753,30.39,29.65
608,30.39,29.65
884,30.39,29.65
621,30.39,29.65
872,30.39,29.65
192,30.39,29.65
660,30.39,29.65
559,30.39,29.65
549,30.39,29.65
495,30.39,29.65
594,30.39,29.65
387,30.39,29.65
892,30.39,29.65
216,30.39,29.65
621,30.39,29.65
771,30.39,29.65
374,30.39,29.65
318,30.39,29.65
242,30.39,29.65
615,30.39,29.65
500,30.39,29.65
670,30.39,29.65
240,30.39,29.65
532,30.39,29.65
587,30.39,29.65
884,30.39,29.65
501,30.39,29.65
634,30.39,29.65
642,30.39,29.65
425,30.39,29.65
549,30.39,29.65
258,30.39,29.65
569,30.39,29.65
632,30.39,29.65
866,30.39,29.65
765,30.39,29.65
660,30.39,29.65
445,30.39,29.65
733,30.39,29.65
128,30.39,29.65
894,30.39,29.65
359,30.39,29.65
