386,30.05,29.25
681,30.05,29.25
128,30.05,29.25
483,30.05,29.25
308,30.05,29.25
315,30.05,29.25
419,30.05,29.25
158,30.05,29.25
336,30.05,29.25
712,30.05,29.25
667,30.05,29.25
701,30.05,29.25
606,30.05,29.25
664,30.05,29.25
731,30.05,29.25
283,30.05,29.25
601,30.05,29.25
387,30.05,29.25
598,30.05,29.25
361,30.05,29.25
580,30.05,29.25
384,30.05,29.25
289,30.05,29.25
659,30.05,29.25
506,30.09,29.25
220,30.09,29.25
424,30.09,29.25
700,30.09,29.25
181,30.09,29.25
662,30.09,29.25
273,30.09,29.25
868,30.09,29.25
637,30.09,29.25
583,30.09,29.25
768,30.09,29.25
144,30.09,29.25
894,30.09,29.25
131,30.09,29.25
257,30.09,29.25
192,30.09,29.25
339,30.09,29.25
514,30.09,29.25
720,30.09,29.25
454,30.09,29.25
500,30.09,29.25
229,30.09,29.25
778,30.09,29.25
441,30.09,29.25
567,30.09,29.19
736,30.09,29.19
406,30.09,29.19
628,30.09,29.19
390,30.09,29.19
796,30.09,29.19
269,30.09,29.19
637,30.09,29.19
253,30.09,29.19
461,30.09,29.19
271,30.09,29.19
131,30.09,29.19
893,30.09,29.19
132,30.09,29.19
494,30.09,29.19
434,30.09,29.19
760,30.09,29.19
609,30.09,29.19
556,30.09,29.19
324,30.09,29.19
575,30.09,29.19
581,30.09,29.19
356,30.09,29.19
461,30.09,29.19
592,30.09,29.19
321,30.09,29.19
522,30.09,29.19
845,30.09,29.19
893,30.09,29.19
700,30.09,29.19
137,30.09,29.19
646,30.09,29.19
545,30.09,29.19
440,30.09,29.19
566,30.09,29.19
198,30.09,29.19
657,30.07,29.19
501,30.07,29.19
743,30.07,29.19
164,30.07,29.19
543,30.07,29.19
671,30.07,29.19
512,30.07,29.19
436,30.07,29.19
511,30.07,29.19
460,30.07,29.19
366,30.07,29.19
367,30.07,29.19
472,30.07,29.19
377,30.07,29.19
477,30.07,29.19
670,30.07,29.19
372,30.07,29.19
625,30.07,29.19
600,30.07,29.19
538,30.07,29.19
477,30.07,29.19
597,30.07,29.19
481,30.07,29.19
400,30.07,29.19
586,30.07,29.23
526,30.07,29.23
308,30.07,29.23
319,30.07,29.23
309,30.07,29.23
893,30.07,29.23
265,30.07,29.23
570,30.07,29.23
435,30.07,29.23
325,30.07,29.23
692,30.07,29.23
330,30.07,29.23
471,30.07,29.23
549,30.07,29.23
895,30.07,29.23
871,30.07,29.23
741,30.07,29.23
274,30.07,29.23
392,30.07,29.23
353,30.07,29.23
127,30.07,29.23
314,30.07,29.23
319,30.07,29.23
698,30.07,29.23
558,30.07,29.23
720,30.07,29.23
627,30.07,29.23
579,30.07,29.23
236,30.07,29.23
620,30.07,29.23
247,30.07,29.23
856,30.07,29.23
406,30.07,29.23
709,30.07,29.23
583,30.07,29.23
653,30.07,29.23
838,30.07,29.23
130,30.07,29.23
690,30.07,29.23
511,30.07,29.23
542,30.07,29.23
852,30.07,29.23
241,30.07,29.23
820,30.07,29.23
571,30.07,29.23
192,30.07,29.23
623,30.07,29.23
130,30.07,29.23
591,30.07,29.23
133,30.07,29.23
633,30.07,29.23
558,30.07,29.23
226,30.07,29.23
732,30.07,29.23
129,30.07,29.23
583,30.07,29.23
529,30.07,29.23
642,30.07,29.23
439,30.07,29.23
584,30.07,29.23
687,30.07,29.45
411,30.07,29.45
456,30.07,29.45
317,30.07,29.45
252,30.07,29.45
449,30.07,29.45
425,30.07,29.45
774,30.07,29.45
893,30.07,29.45
337,30.07,29.45
372,30.07,29.45
641,30.07,29.45
660,30.07,29.45
386,30.07,29.45
598,30.07,29.45
514,30.07,29.45
834,30.07,29.45
591,30.07,29.45
484,30.07,29.45
611,30.07,29.45
295,30.07,29.45
887,30.07,29.45
364,30.07,29.45
411,30.07,29.45
478,30.07,29.45
416,30.07,29.45
465,30.07,29.45
270,30.07,29.45
743,30.07,29.45
662,30.07,29.45
375,30.07,29.45
425,30.07,29.45
820,30.07,29.45
498,30.07,29.45
757,30.07,29.45
183,30.07,29.45
672,30.11,29.45
351,30.11,29.45
670,30.11,29.45
412,30.11,29.45
353,30.11,29.45
836,30.11,29.45
482,30.11,29.45
808,30.11,29.45
418,30.11,29.45
793,30.11,29.45
413,30.11,29.45
579,30.11,29.45
666,30.11,29.45
822,30.11,29.45
554,30.11,29.45
484,30.11,29.45
381,30.11,29.45
261,30.11,29.45
191,30.11,29.45
377,30.11,29.45
671,30.11,29.45
260,30.11,29.45
523,30.11,29.45
309,30.11,29.45
553,30.11,29.15
214,30.11,29.15
794,30.11,29.15
509,30.11,29.15
603,30.11,29.15
620,30.11,29.15
355,30.11,29.15
688,30.11,29.15
380,30.11,29.15
618,30.11,29.15
454,30.11,29.15
546,30.11,29.15
635,30.11,29.15
255,30.11,29.15
455,30.11,29.15
305,30.11,29.15
139,30.11,29.15
548,30.11,29.15
467,30.11,29.15
428,30.11,29.15
439,30.11,29.15
139,30.11,29.15
689,30.11,29.15
471,30.11,29.15
818,30.11,29.15
522,30.11,29.15
550,30.11,29.15
245,30.11,29.15
515,30.11,29.15
137,30.11,29.15
566,30.11,29.15
791,30.11,29.15
243,30.11,29.15
736,30.11,29.15
130,30.11,29.15
667,30.11,29.15
220,30.07,29.15
776,30.07,29.15
680,30.07,29.15
531,30.07,29.15
382,30.07,29.15
412,30.07,29.15
499,30.07,29.15
659,30.07,29.15
185,30.07,29.15
455,30.07,29.15
348,30.07,29.15
529,30.07,29.15
614,30.07,29.15
129,30.07,29.15
739,30.07,29.15
157,30.07,29.15
457,30.07,29.15
131,30.07,29.15
558,30.07,29.15
802,30.07,29.15
246,30.07,29.15
618,30.07,29.15
652,30.07,29.15
132,30.07,29.49
604,30.07,29.49
457,30.07,29.49
406,30.07,29.49
894,30.07,29.49
274,30.07,29.49
436,30.07,29.49
426,30.07,29.49
299,30.07,29.49
173,30.07,29.49
355,30.07,29.49
301,30.07,29.49
892,30.07,29.49
708,30.07,29.49
448,30.07,29.49
779,30.07,29.49
280,30.07,29.49
870,30.07,29.49
145,30.07,29.49
448,30.07,29.49
811,30.07,29.49
453,30.07,29.49
836,30.07,29.49
564,30.07,29.49
136,30.07,29.49
249,30.07,29.49
456,30.07,29.49
364,30.07,29.49
368,30.07,29.49
303,30.07,29.49
894,30.07,29.49
272,30.07,29.49
869,30.07,29.49
285,30.07,29.49
888,30.07,29.49
673,30.07,29.49
303,30.07,29.49
894,30.05,29.49
131,30.05,29.49
347,30.05,29.49
130,30.05,29.49
410,30.05,29.49
415,30.05,29.49
218,30.05,29.49
631,30.05,29.49
377,30.05,29.49
788,30.05,29.49
833,30.05,29.49
236,30.05,29.49
783,30.05,29.49
139,30.05,29.49
271,30.05,29.49
722,30.05,29.49
163,30.05,29.49
600,30.05,29.49
625,30.05,29.49
897,30.05,29.49
341,30.05,29.49
682,30.05,29.49
892,30.05,29.49
482,30.05,29.15
663,30.05,29.15
132,30.05,29.15
833,30.05,29.15
131,30.05,29.15
671,30.05,29.15
499,30.05,29.15
697,30.05,29.15
849,30.05,29.15
133,30.05,29.15
568,30.05,29.15
611,30.05,29.15
394,30.05,29.15
427,30.05,29.15
139,30.05,29.15
644,30.05,29.15
271,30.05,29.15
445,30.05,29.15
635,30.05,29.15
809,30.05,29.15
793,30.05,29.15
596,30.05,29.15
460,30.05,29.15
503,30.05,29.15
603,30.05,29.15
317,30.05,29.15
235,30.05,29.15
570,30.05,29.15
260,30.05,29.15
689,30.05,29.15
283,30.05,29.15
267,30.05,29.15
632,30.05,29.15
790,30.05,29.15
514,30.05,29.15
354,30.05,29.15
636,30.07,29.15
247,30.07,29.15
587,30.07,29.15
576,30.07,29.15
575,30.07,29.15
607,30.07,29.15
588,30.07,29.15
609,30.07,29.15
371,30.07,29.15
607,30.07,29.15
706,30.07,29.15
375,30.07,29.15
696,30.07,29.15
552,30.07,29.15
346,30.07,29.15
888,30.07,29.15
291,30.07,29.15
765,30.07,29.15
382,30.07,29.15
268,30.07,29.15
629,30.07,29.15
468,30.07,29.15
826,30.07,29.15
447,30.07,29.15
418,30.07,29.37
839,30.07,29.37
661,30.07,29.37
467,30.07,29.37
697,30.07,29.37
893,30.07,29.37
894,30.07,29.37
631,30.07,29.37
609,30.07,29.37
830,30.07,29.37
495,30.07,29.37
343,30.07,29.37
