288,30.09,29.23
537,30.09,29.23
268,30.09,29.23
282,30.09,29.37
681,30.09,29.37
553,30.09,29.37
571,30.09,29.37
748,30.09,29.37
430,30.09,29.37
752,30.09,29.37
541,30.09,29.37
189,30.09,29.37
675,30.09,29.37
698,30.09,29.37
713,30.09,29.37
701,30.09,29.37
349,30.09,29.37
698,30.09,29.37
413,30.09,29.37
367,30.09,29.37
827,30.09,29.37
470,30.09,29.37
768,30.09,29.37
698,30.09,29.37
663,30.09,29.37
569,30.09,29.37
399,30.09,29.37
329,30.09,29.37
265,30.09,29.37
130,30.09,29.37
131,30.09,29.37
399,30.09,29.37
445,30.09,29.37
387,30.09,29.37
636,30.09,29.37
293,30.09,29.37
493,30.09,29.37
735,30.09,29.37
749,30.09,29.37
533,30.07,29.37
556,30.07,29.37
763,30.07,29.37
512,30.07,29.37
695,30.07,29.37
277,30.07,29.37
318,30.07,29.37
585,30.07,29.37
130,30.07,29.37
381,30.07,29.37
190,30.07,29.37
586,30.07,29.37
131,30.07,29.37
664,30.07,29.37
191,30.07,29.37
627,30.07,29.37
722,30.07,29.37
431,30.07,29.37
702,30.07,29.37
596,30.07,29.37
540,30.07,29.37
542,30.07,29.37
180,30.07,29.37
548,30.07,29.37
793,30.07,29.37
492,30.07,29.37
893,30.07,29.37
132,30.07,29.37
892,30.07,29.37
537,30.07,29.37
261,30.07,29.37
895,30.07,29.37
609,30.07,29.37
678,30.07,29.37
523,30.07,29.37
860,30.07,29.37
549,30.07,29.37
640,30.07,29.37
522,30.07,29.37
434,30.07,29.37
426,30.07,29.37
592,30.07,29.37
465,30.07,29.37
208,30.07,29.37
664,30.07,29.37
588,30.07,29.37
679,30.07,29.37
384,30.07,29.37
684,30.07,29.37
740,30.07,29.37
505,30.07,29.37
276,30.07,29.37
801,30.07,29.37
730,30.07,29.37
662,30.07,29.37
130,30.07,29.37
415,30.07,29.37
253,30.07,29.37
223,30.07,29.37
234,30.07,29.37
249,30.09,29.37
723,30.09,29.37
322,30.09,29.37
340,30.09,29.37
311,30.09,29.37
708,30.09,29.37
485,30.09,29.37
549,30.09,29.37
414,30.09,29.37
821,30.09,29.37
541,30.09,29.37
711,30.09,29.37
567,30.09,29.37
251,30.09,29.37
704,30.09,29.37
370,30.09,29.37
700,30.09,29.37
231,30.09,29.37
448,30.09,29.37
604,30.09,29.37
548,30.09,29.37
395,30.09,29.37
630,30.09,29.37
691,30.09,29.37
336,30.09,29.17
692,30.09,29.17
202,30.09,29.17
714,30.09,29.17
493,30.09,29.17
295,30.09,29.17
540,30.09,29.17
576,30.09,29.17
130,30.09,29.17
516,30.09,29.17
597,30.09,29.17
456,30.09,29.17
356,30.09,29.17
130,30.09,29.17
784,30.09,29.17
227,30.09,29.17
807,30.09,29.17
217,30.09,29.17
886,30.09,29.17
374,30.09,29.17
357,30.09,29.17
716,30.09,29.17
129,30.09,29.17
528,30.09,29.17
164,30.09,29.17
692,30.09,29.17
464,30.09,29.17
600,30.09,29.17
639,30.09,29.17
709,30.09,29.17
356,30.09,29.17
741,30.09,29.17
363,30.09,29.17
580,30.09,29.17
558,30.09,29.17
559,30.09,29.17
646,30.05,29.17
471,30.05,29.17
445,30.05,29.17
483,30.05,29.17
630,30.05,29.17
502,30.05,29.17
672,30.05,29.17
201,30.05,29.17
368,30.05,29.17
128,30.05,29.17
262,30.05,29.17
695,30.05,29.17
129,30.05,29.17
756,30.05,29.17
299,30.05,29.17
689,30.05,29.17
805,30.05,29.17
605,30.05,29.17
756,30.05,29.17
288,30.05,29.17
405,30.05,29.17
615,30.05,29.17
428,30.05,29.17
727,30.05,29.17
621,30.05,29.31
491,30.05,29.31
615,30.05,29.31
487,30.05,29.31
778,30.05,29.31
129,30.05,29.31
862,30.05,29.31
201,30.05,29.31
786,30.05,29.31
624,30.05,29.31
131,30.05,29.31
878,30.05,29.31
493,30.05,29.31
300,30.05,29.31
546,30.05,29.31
305,30.05,29.31
765,30.05,29.31
423,30.05,29.31
128,30.05,29.31
515,30.05,29.31
128,30.05,29.31
282,30.05,29.31
360,30.05,29.31
444,30.05,29.31
300,30.05,29.31
822,30.05,29.31
541,30.05,29.31
815,30.05,29.31
659,30.05,29.31
410,30.05,29.31
631,30.05,29.31
249,30.05,29.31
803,30.05,29.31
433,30.05,29.31
530,30.05,29.31
712,30.05,29.31
434,30.09,29.31
536,30.09,29.31
587,30.09,29.31
288,30.09,29.31
689,30.09,29.31
521,30.09,29.31
522,30.09,29.31
435,30.09,29.31
417,30.09,29.31
462,30.09,29.31
266,30.09,29.31
573,30.09,29.31
131,30.09,29.31
706,30.09,29.31
883,30.09,29.31
493,30.09,29.31
512,30.09,29.31
567,30.09,29.31
894,30.09,29.31
482,30.09,29.31
399,30.09,29.31
201,30.09,29.31
496,30.09,29.31
678,30.09,29.39
546,30.09,29.39
600,30.09,29.39
770,30.09,29.39
375,30.09,29.39
666,30.09,29.39
458,30.09,29.39
368,30.09,29.39
526,30.09,29.39
424,30.09,29.39
693,30.09,29.39
692,30.09,29.39
779,30.09,29.39
284,30.09,29.39
588,30.09,29.39
331,30.09,29.39
422,30.09,29.39
533,30.09,29.39
365,30.09,29.39
776,30.09,29.39
397,30.09,29.39
526,30.09,29.39
369,30.09,29.39
305,30.09,29.39
429,30.09,29.39
386,30.09,29.39
366,30.09,29.39
504,30.09,29.39
288,30.09,29.39
809,30.09,29.39
538,30.09,29.39
419,30.09,29.39
614,30.09,29.39
483,30.09,29.39
326,30.09,29.39
691,30.09,29.39
327,30.09,29.39
622,30.05,29.39
737,30.05,29.39
733,30.05,29.39
642,30.05,29.39
457,30.05,29.39
548,30.05,29.39
433,30.05,29.39
635,30.05,29.39
894,30.05,29.39
468,30.05,29.39
819,30.05,29.39
746,30.05,29.39
370,30.05,29.39
547,30.05,29.39
496,30.05,29.39
370,30.05,29.39
525,30.05,29.39
378,30.05,29.39
384,30.05,29.39
561,30.05,29.39
644,30.05,29.39
271,30.05,29.39
637,30.05,29.39
603,30.05,29.35
440,30.05,29.35
894,30.05,29.35
485,30.05,29.35
680,30.05,29.35
490,30.05,29.35
634,30.05,29.35
451,30.05,29.35
132,30.05,29.35
657,30.05,29.35
861,30.05,29.35
185,30.05,29.35
645,30.05,29.35
330,30.05,29.35
476,30.05,29.35
544,30.05,29.35
340,30.05,29.35
441,30.05,29.35
408,30.05,29.35
377,30.05,29.35
599,30.05,29.35
616,30.05,29.35
323,30.05,29.35
446,30.05,29.35
435,30.05,29.35
650,30.05,29.35
614,30.05,29.35
566,30.05,29.35
647,30.05,29.35
472,30.05,29.35
565,30.05,29.35
344,30.05,29.35
301,30.05,29.35
417,30.05,29.35
215,30.05,29.35
542,30.05,29.35
234,30.09,29.35
279,30.09,29.35
654,30.09,29.35
317,30.09,29.35
425,30.09,29.35
521,30.09,29.35
727,30.09,29.35
715,30.09,29.35
297,30.09,29.35
764,30.09,29.35
211,30.09,29.35
595,30.09,29.35
445,30.09,29.35
424,30.09,29.35
791,30.09,29.35
263,30.09,29.35
535,30.09,29.35
547,30.09,29.35
886,30.09,29.35
468,30.09,29.35
570,30.09,29.35
514,30.09,29.35
672,30.09,29.35
436,30.09,29.35
669,30.09,29.15
453,30.09,29.15
202,30.09,29.15
864,30.09,29.15
486,30.09,29.15
726,30.09,29.15
320,30.09,29.15
357,30.09,29.15
772,30.09,29.15
686,30.09,29.15
130,30.09,29.15
865,30.09,29.15
462,30.09,29.15
287,30.09,29.15
477,30.09,29.15
514,30.09,29.15
796,30.09,29.15
380,30.09,29.15
406,30.09,29.15
210,30.09,29.15
466,30.09,29.15
132,30.09,29.15
642,30.09,29.15
683,30.09,29.15
195,30.09,29.15
679,30.09,29.15
385,30.09,29.15
704,30.09,29.15
800,30.09,29.15
572,30.09,29.15
361,30.09,29.15
776,30.09,29.15
231,30.09,29.15
776,30.09,29.15
133,30.09,29.15
840,30.09,29.15
788,30.07,29.15
492,30.07,29.15
504,30.07,29.15
144,30.07,29.15
770,30.07,29.15
474,30.07,29.15
443,30.07,29.15
534,30.07,29.15
634,30.07,29.15
676,30.07,29.15
350,30.07,29.15
259,30.07,29.15
464,30.07,29.15
466,30.07,29.15
498,30.07,29.15
492,30.07,29.15
453,30.07,29.15
711,30.07,29.15
358,30.07,29.15
516,30.07,29.15
265,30.07,29.15
