579,30.41,29.55
890,30.41,29.55
130,30.41,29.55
623,30.41,29.55
804,30.41,29.55
500,30.41,29.55
539,30.41,29.55
368,30.41,29.55
679,30.41,29.55
144,30.41,29.55
763,30.41,29.55
237,30.41,29.55
391,30.41,29.55
133,30.41,29.55
477,30.41,29.55
626,30.41,29.55
130,30.41,29.55
619,30.41,29.55
879,30.41,29.55
183,30.41,29.55
893,30.41,29.55
484,30.35,29.55
462,30.35,29.55
737,30.35,29.55
129,30.35,29.55
867,30.35,29.55
217,30.35,29.55
678,30.35,29.55
357,30.35,29.55
558,30.35,29.55
890,30.35,29.55
432,30.35,29.55
146,30.35,29.55
398,30.35,29.55
818,30.35,29.55
485,30.35,29.55
722,30.35,29.55
423,30.35,29.55
545,30.35,29.55
446,30.35,29.55
605,30.35,29.55
511,30.35,29.55
527,30.35,29.55
372,30.35,29.55
331,30.35,29.55
302,30.35,29.55
577,30.35,29.55
615,30.35,29.55
376,30.35,29.55
616,30.35,29.55
646,30.35,29.55
631,30.35,29.55
454,30.35,29.55
888,30.35,29.55
311,30.35,29.55
719,30.35,29.55
532,30.35,29.55
431,30.35,29.55
771,30.35,29.55
836,30.35,29.55
874,30.35,29.55
518,30.35,29.55
381,30.35,29.55
471,30.35,29.55
223,30.35,29.55
347,30.35,29.55
452,30.35,29.55
130,30.35,29.55
809,30.35,29.55
129,30.35,29.55
567,30.35,29.55
629,30.35,29.55
849,30.35,29.55
474,30.35,29.55
293,30.35,29.55
484,30.35,29.55
416,30.35,29.55
629,30.35,29.55
389,30.35,29.55
693,30.35,29.55
709,30.39,29.55
701,30.39,29.55
449,30.39,29.55
826,30.39,29.55
456,30.39,29.55
560,30.39,29.55
501,30.39,29.55
238,30.39,29.55
805,30.39,29.55
161,30.39,29.55
889,30.39,29.55
318,30.39,29.55
760,30.39,29.55
466,30.39,29.55
518,30.39,29.55
515,30.39,29.55
729,30.39,29.55
893,30.39,29.55
724,30.39,29.55
522,30.39,29.55
383,30.39,29.55
366,30.39,29.55
328,30.39,29.55
489,30.39,29.55
349,30.39,29.57
733,30.39,29.57
275,30.39,29.57
651,30.39,29.57
886,30.39,29.57
641,30.39,29.57
402,30.39,29.57
893,30.39,29.57
206,30.39,29.57
460,30.39,29.57
329,30.39,29.57
272,30.39,29.57
894,30.39,29.57
196,30.39,29.57
790,30.39,29.57
451,30.39,29.57
775,30.39,29.57
715,30.39,29.57
541,30.39,29.57
638,30.39,29.57
298,30.39,29.57
213,30.39,29.57
589,30.39,29.57
476,30.39,29.57
714,30.39,29.57
702,30.39,29.57
894,30.39,29.57
795,30.39,29.57
282,30.39,29.57
632,30.39,29.57
128,30.39,29.57
504,30.39,29.57
420,30.39,29.57
703,30.39,29.57
351,30.39,29.57
726,30.39,29.57
432,30.41,29.57
593,30.41,29.57
518,30.41,29.57
301,30.41,29.57
265,30.41,29.57
455,30.41,29.57
688,30.41,29.57
313,30.41,29.57
828,30.41,29.57
288,30.41,29.57
680,30.41,29.57
251,30.41,29.57
601,30.41,29.57
593,30.41,29.57
508,30.41,29.57
746,30.41,29.57
668,30.41,29.57
464,30.41,29.57
514,30.41,29.57
530,30.41,29.57
327,30.41,29.57
685,30.41,29.57
425,30.41,29.57
525,30.41,29.57
893,30.41,29.59
685,30.41,29.59
895,30.41,29.59
730,30.41,29.59
322,30.41,29.59
838,30.41,29.59
333,30.41,29.59
674,30.41,29.59
882,30.41,29.59
207,30.41,29.59
680,30.41,29.59
299,30.41,29.59
560,30.41,29.59
383,30.41,29.59
599,30.41,29.59
679,30.41,29.59
725,30.41,29.59
646,30.41,29.59
550,30.41,29.59
695,30.41,29.59
319,30.41,29.59
254,30.41,29.59
525,30.41,29.59
512,30.41,29.59
555,30.41,29.59
615,30.41,29.59
727,30.41,29.59
752,30.41,29.59
438,30.41,29.59
584,30.41,29.59
435,30.41,29.59
354,30.41,29.59
638,30.41,29.59
372,30.41,29.59
128,30.41,29.59
601,30.41,29.59
128,30.39,29.59
498,30.39,29.59
519,30.39,29.59
664,30.39,29.59
701,30.39,29.59
307,30.39,29.59
588,30.39,29.59
468,30.39,29.59
583,30.39,29.59
542,30.39,29.59
327,30.39,29.59
614,30.39,29.59
808,30.39,29.59
621,30.39,29.59
642,30.39,29.59
304,30.39,29.59
665,30.39,29.59
608,30.39,29.59
420,30.39,29.59
714,30.39,29.59
129,30.39,29.59
725,30.39,29.59
397,30.39,29.59
577,30.39,29.69
815,30.39,29.69
416,30.39,29.69
392,30.39,29.69
622,30.39,29.69
251,30.39,29.69
281,30.39,29.69
181,30.39,29.69
665,30.39,29.69
449,30.39,29.69
671,30.39,29.69
824,30.39,29.69
271,30.39,29.69
894,30.39,29.69
579,30.39,29.69
733,30.39,29.69
667,30.39,29.69
255,30.39,29.69
776,30.39,29.69
349,30.39,29.69
361,30.39,29.69
556,30.39,29.69
658,30.39,29.69
893,30.39,29.69
646,30.39,29.69
539,30.39,29.69
892,30.39,29.69
650,30.39,29.69
775,30.39,29.69
562,30.39,29.69
588,30.39,29.69
388,30.39,29.69
813,30.39,29.69
385,30.39,29.69
327,30.39,29.69
382,30.39,29.69
613,30.41,29.69
560,30.41,29.69
445,30.41,29.69
412,30.41,29.69
373,30.41,29.69
705,30.41,29.69
131,30.41,29.69
856,30.41,29.69
491,30.41,29.69
412,30.41,29.69
778,30.41,29.69
494,30.41,29.69
128,30.41,29.69
760,30.41,29.69
452,30.41,29.69
894,30.41,29.69
377,30.41,29.69
390,30.41,29.69
702,30.41,29.69
129,30.41,29.69
599,30.41,29.69
258,30.41,29.69
293,30.41,29.69
542,30.41,29.69
464,30.41,29.71
626,30.41,29.71
678,30.41,29.71
480,30.41,29.71
442,30.41,29.71
488,30.41,29.71
489,30.41,29.71
393,30.41,29.71
482,30.41,29.71
636,30.41,29.71
624,30.41,29.71
487,30.41,29.71
129,30.41,29.71
662,30.41,29.71
317,30.41,29.71
306,30.41,29.71
292,30.41,29.71
129,30.41,29.71
425,30.41,29.71
239,30.41,29.71
467,30.41,29.71
445,30.41,29.71
550,30.41,29.71
861,30.41,29.71
814,30.41,29.71
658,30.41,29.71
575,30.41,29.71
384,30.41,29.71
147,30.41,29.71
274,30.41,29.71
432,30.41,29.71
221,30.41,29.71
290,30.41,29.71
128,30.41,29.71
250,30.41,29.71
893,30.41,29.71
311,30.39,29.71
781,30.39,29.71
161,30.39,29.71
768,30.39,29.71
555,30.39,29.71
572,30.39,29.71
487,30.39,29.71
389,30.39,29.71
755,30.39,29.71
695,30.39,29.71
376,30.39,29.71
397,30.39,29.71
635,30.39,29.71
672,30.39,29.71
583,30.39,29.71
572,30.39,29.71
679,30.39,29.71
521,30.39,29.71
732,30.39,29.71
274,30.39,29.71
894,30.39,29.71
454,30.39,29.71
632,30.39,29.71
183,30.39,29.71
381,30.39,29.75
738,30.39,29.75
129,30.39,29.75
750,30.39,29.75
559,30.39,29.75
544,30.39,29.75
689,30.39,29.75
440,30.39,29.75
434,30.39,29.75
894,30.39,29.75
604,30.39,29.75
588,30.39,29.75
589,30.39,29.75
864,30.39,29.75
505,30.39,29.75
449,30.39,29.75
807,30.39,29.75
501,30.39,29.75
444,30.39,29.75
283,30.39,29.75
478,30.39,29.75
547,30.39,29.75
732,30.39,29.75
639,30.39,29.75
689,30.39,29.75
728,30.39,29.75
881,30.39,29.75
581,30.39,29.75
376,30.39,29.75
768,30.39,29.75
278,30.39,29.75
650,30.39,29.75
469,30.39,29.75
638,30.39,29.75
632,30.39,29.75
600,30.39,29.75
523,30.41,29.75
805,30.41,29.75
424,30.41,29.75
775,30.41,29.75
493,30.41,29.75
225,30.41,29.75
584,30.41,29.75
160,30.41,29.75
439,30.41,29.75
129,30.41,29.75
519,30.41,29.75
526,30.41,29.75
379,30.41,29.75
756,30.41,29.75
495,30.41,29.75
511,30.41,29.75
686,30.41,29.75
129,30.41,29.75
749,30.41,29.75
337,30.41,29.75
719,30.41,29.75
294,30.41,29.75
128,30.41,29.75
262,30.41,29.39
129,30.41,29.39
699,30.41,29.39
444,30.41,29.39
821,30.41,29.39
609,30.41,29.39
239,30.41,29.39
698,30.41,29.39
542,30.41,29.39
795,30.41,29.39
682,30.41,29.39
269,30.41,29.39
370,30.41,29.39
272,30.41,29.39
136,30.41,29.39
363,30.41,29.39
