254,30.19,29.29
128,30.19,29.29
218,30.19,29.29
131,30.19,29.29
456,30.19,29.29
546,30.19,29.43
730,30.19,29.43
600,30.19,29.43
691,30.19,29.43
428,30.19,29.43
542,30.19,29.43
498,30.19,29.43
134,30.19,29.43
546,30.19,29.43
203,30.19,29.43
787,30.19,29.43
459,30.19,29.43
662,30.19,29.43
487,30.19,29.43
599,30.19,29.43
840,30.19,29.43
337,30.19,29.43
639,30.19,29.43
741,30.19,29.43
424,30.19,29.43
694,30.19,29.43
743,30.19,29.43
874,30.19,29.43
527,30.19,29.43
203,30.19,29.43
756,30.19,29.43
543,30.19,29.43
635,30.19,29.43
597,30.19,29.43
880,30.19,29.43
349,30.19,29.43
839,30.19,29.43
743,30.19,29.43
584,30.19,29.43
567,30.19,29.43
329,30.19,29.43
893,30.19,29.43
358,30.21,29.43
527,30.21,29.43
477,30.21,29.43
407,30.21,29.43
593,30.21,29.43
360,30.21,29.43
191,30.21,29.43
336,30.21,29.43
272,30.21,29.43
460,30.21,29.43
824,30.21,29.43
892,30.21,29.43
399,30.21,29.43
229,30.21,29.43
379,30.21,29.43
394,30.21,29.43
371,30.21,29.43
184,30.21,29.43
609,30.21,29.43
587,30.21,29.43
427,30.21,29.43
759,30.21,29.43
290,30.21,29.43
539,30.21,29.45
546,30.21,29.45
243,30.21,29.45
658,30.21,29.45
611,30.21,29.45
892,30.21,29.45
615,30.21,29.45
237,30.21,29.45
832,30.21,29.45
244,30.21,29.45
526,30.21,29.45
496,30.21,29.45
435,30.21,29.45
717,30.21,29.45
453,30.21,29.45
444,30.21,29.45
673,30.21,29.45
481,30.21,29.45
744,30.21,29.45
466,30.21,29.45
221,30.21,29.45
734,30.21,29.45
365,30.21,29.45
644,30.21,29.45
465,30.21,29.45
297,30.21,29.45
570,30.21,29.45
533,30.21,29.45
440,30.21,29.45
687,30.21,29.45
221,30.21,29.45
673,30.21,29.45
464,30.21,29.45
388,30.21,29.45
552,30.21,29.45
296,30.21,29.45
566,30.17,29.45
553,30.17,29.45
431,30.17,29.45
475,30.17,29.45
321,30.17,29.45
756,30.17,29.45
567,30.17,29.45
701,30.17,29.45
572,30.17,29.45
342,30.17,29.45
664,30.17,29.45
389,30.17,29.45
581,30.17,29.45
678,30.17,29.45
348,30.17,29.45
544,30.17,29.45
464,30.17,29.45
393,30.17,29.45
567,30.17,29.45
569,30.17,29.45
573,30.17,29.45
516,30.17,29.45
374,30.17,29.45
723,30.17,29.45
464,30.17,29.25
692,30.17,29.25
530,30.17,29.25
404,30.17,29.25
517,30.17,29.25
686,30.17,29.25
467,30.17,29.25
262,30.17,29.25
218,30.17,29.25
416,30.17,29.25
796,30.17,29.25
390,30.17,29.25
357,30.17,29.25
465,30.17,29.25
741,30.17,29.25
538,30.17,29.25
595,30.17,29.25
398,30.17,29.25
636,30.17,29.25
700,30.17,29.25
444,30.17,29.25
381,30.17,29.25
463,30.17,29.25
238,30.17,29.25
244,30.17,29.25
872,30.17,29.25
320,30.17,29.25
892,30.17,29.25
478,30.17,29.25
778,30.17,29.25
131,30.17,29.25
172,30.17,29.25
400,30.17,29.25
647,30.17,29.25
726,30.17,29.25
571,30.17,29.25
813,30.17,29.25
532,30.17,29.25
674,30.17,29.25
215,30.17,29.25
592,30.17,29.25
259,30.17,29.25
423,30.17,29.25
675,30.17,29.25
460,30.17,29.25
384,30.17,29.25
893,30.17,29.25
636,30.17,29.25
179,30.17,29.25
304,30.17,29.25
147,30.17,29.25
894,30.17,29.25
429,30.17,29.25
555,30.17,29.25
381,30.17,29.25
614,30.17,29.25
338,30.17,29.25
436,30.17,29.25
413,30.17,29.25
453,30.17,29.55
659,30.17,29.55
705,30.17,29.55
536,30.17,29.55
238,30.17,29.55
807,30.17,29.55
131,30.17,29.55
893,30.17,29.55
397,30.17,29.55
726,30.17,29.55
431,30.17,29.55
637,30.17,29.55
589,30.17,29.55
567,30.17,29.55
347,30.17,29.55
280,30.17,29.55
457,30.17,29.55
638,30.17,29.55
893,30.17,29.55
131,30.17,29.55
830,30.17,29.55
230,30.17,29.55
530,30.17,29.55
489,30.17,29.55
328,30.17,29.55
522,30.17,29.55
313,30.17,29.55
314,30.17,29.55
643,30.17,29.55
495,30.17,29.55
703,30.17,29.55
541,30.17,29.55
180,30.17,29.55
710,30.17,29.55
445,30.17,29.55
818,30.17,29.55
567,30.17,29.55
649,30.19,29.55
838,30.19,29.55
388,30.19,29.55
527,30.19,29.55
395,30.19,29.55
421,30.19,29.55
284,30.19,29.55
625,30.19,29.55
604,30.19,29.55
650,30.19,29.55
457,30.19,29.55
752,30.19,29.55
156,30.19,29.55
603,30.19,29.55
352,30.19,29.55
748,30.19,29.55
258,30.19,29.55
394,30.19,29.55
861,30.19,29.55
131,30.19,29.55
720,30.19,29.55
418,30.19,29.55
647,30.19,29.55
440,30.19,29.39
565,30.19,29.39
434,30.19,29.39
618,30.19,29.39
538,30.19,29.39
696,30.19,29.39
596,30.19,29.39
457,30.19,29.39
400,30.19,29.39
402,30.19,29.39
294,30.19,29.39
522,30.19,29.39
424,30.19,29.39
318,30.19,29.39
435,30.19,29.39
367,30.19,29.39
729,30.19,29.39
168,30.19,29.39
895,30.19,29.39
652,30.19,29.39
552,30.19,29.39
749,30.19,29.39
339,30.19,29.39
637,30.19,29.39
202,30.19,29.39
724,30.19,29.39
247,30.19,29.39
421,30.19,29.39
762,30.19,29.39
621,30.19,29.39
725,30.19,29.39
516,30.19,29.39
495,30.19,29.39
799,30.19,29.39
420,30.19,29.39
716,30.19,29.39
710,30.19,29.39
227,30.19,29.39
479,30.19,29.39
441,30.19,29.39
537,30.19,29.39
333,30.19,29.39
605,30.19,29.39
690,30.19,29.39
129,30.19,29.39
211,30.19,29.39
279,30.19,29.39
263,30.19,29.39
399,30.19,29.39
832,30.19,29.39
369,30.19,29.39
527,30.19,29.39
401,30.19,29.39
739,30.19,29.39
769,30.19,29.39
468,30.19,29.39
270,30.19,29.39
834,30.19,29.39
504,30.19,29.39
564,30.19,29.39
724,30.19,29.49
131,30.19,29.49
269,30.19,29.49
561,30.19,29.49
393,30.19,29.49
378,30.19,29.49
228,30.19,29.49
832,30.19,29.49
705,30.19,29.49
408,30.19,29.49
484,30.19,29.49
736,30.19,29.49
488,30.19,29.49
313,30.19,29.49
390,30.19,29.49
131,30.19,29.49
451,30.19,29.49
572,30.19,29.49
540,30.19,29.49
405,30.19,29.49
261,30.19,29.49
503,30.19,29.49
486,30.19,29.49
432,30.19,29.49
383,30.19,29.49
584,30.19,29.49
647,30.19,29.49
568,30.19,29.49
605,30.19,29.49
442,30.19,29.49
302,30.19,29.49
657,30.19,29.49
615,30.19,29.49
443,30.19,29.49
203,30.19,29.49
743,30.19,29.49
590,30.17,29.49
431,30.17,29.49
129,30.17,29.49
211,30.17,29.49
667,30.17,29.49
529,30.17,29.49
570,30.17,29.49
488,30.17,29.49
424,30.17,29.49
619,30.17,29.49
415,30.17,29.49
389,30.17,29.49
284,30.17,29.49
395,30.17,29.49
609,30.17,29.49
184,30.17,29.49
591,30.17,29.49
158,30.17,29.49
370,30.17,29.49
474,30.17,29.49
300,30.17,29.49
521,30.17,29.49
496,30.17,29.49
765,30.17,29.45
322,30.17,29.45
698,30.17,29.45
214,30.17,29.45
644,30.17,29.45
375,30.17,29.45
245,30.17,29.45
498,30.17,29.45
364,30.17,29.45
382,30.17,29.45
755,30.17,29.45
863,30.17,29.45
518,30.17,29.45
894,30.17,29.45
347,30.17,29.45
831,30.17,29.45
350,30.17,29.45
680,30.17,29.45
315,30.17,29.45
894,30.17,29.45
404,30.17,29.45
475,30.17,29.45
710,30.17,29.45
405,30.17,29.45
802,30.17,29.45
390,30.17,29.45
894,30.17,29.45
593,30.17,29.45
615,30.17,29.45
894,30.17,29.45
877,30.17,29.45
297,30.17,29.45
894,30.17,29.45
451,30.17,29.45
672,30.17,29.45
700,30.17,29.45
136,30.17,29.45
894,30.19,29.45
237,30.19,29.45
671,30.19,29.45
528,30.19,29.45
407,30.19,29.45
411,30.19,29.45
697,30.19,29.45
129,30.19,29.45
354,30.19,29.45
524,30.19,29.45
377,30.19,29.45
334,30.19,29.45
458,30.19,29.45
630,30.19,29.45
229,30.19,29.45
754,30.19,29.45
302,30.19,29.45
724,30.19,29.45
