537,30.01,29.25
871,30.01,29.25
405,30.01,29.25
732,30.01,29.25
453,30.01,29.25
337,30.01,29.25
624,30.01,29.25
510,30.01,29.25
728,30.01,29.25
271,30.01,29.25
764,30.01,29.25
222,30.01,29.25
718,30.01,29.25
475,30.01,29.25
128,30.01,29.25
468,30.01,29.25
128,30.01,29.25
427,30.01,29.25
738,30.01,29.25
677,30.01,29.25
650,30.01,29.19
325,30.01,29.19
597,30.01,29.19
677,30.01,29.19
136,30.01,29.19
846,30.01,29.19
579,30.01,29.19
695,30.01,29.19
310,30.01,29.19
456,30.01,29.19
530,30.01,29.19
525,30.01,29.19
830,30.01,29.19
406,30.01,29.19
457,30.01,29.19
516,30.01,29.19
841,30.01,29.19
281,30.01,29.19
597,30.01,29.19
616,30.01,29.19
671,30.01,29.19
284,30.01,29.19
571,30.01,29.19
509,30.01,29.19
514,30.01,29.19
483,30.01,29.19
315,30.01,29.19
894,30.01,29.19
480,30.01,29.19
436,30.01,29.19
604,30.01,29.19
621,30.01,29.19
537,30.01,29.19
702,30.01,29.19
340,30.01,29.19
708,30.01,29.19
417,30.01,29.19
552,30.05,29.19
627,30.05,29.19
329,30.05,29.19
527,30.05,29.19
386,30.05,29.19
476,30.05,29.19
504,30.05,29.19
339,30.05,29.19
212,30.05,29.19
311,30.05,29.19
133,30.05,29.19
823,30.05,29.19
305,30.05,29.19
747,30.05,29.19
470,30.05,29.19
769,30.05,29.19
534,30.05,29.19
377,30.05,29.19
775,30.05,29.19
464,30.05,29.19
795,30.05,29.19
396,30.05,29.19
601,30.05,29.19
669,30.05,29.25
748,30.05,29.25
820,30.05,29.25
645,30.05,29.25
128,30.05,29.25
258,30.05,29.25
255,30.05,29.25
753,30.05,29.25
329,30.05,29.25
504,30.05,29.25
894,30.05,29.25
130,30.05,29.25
894,30.05,29.25
454,30.05,29.25
891,30.05,29.25
432,30.05,29.25
478,30.05,29.25
673,30.05,29.25
538,30.05,29.25
732,30.05,29.25
502,30.05,29.25
886,30.05,29.25
649,30.05,29.25
893,30.05,29.25
494,30.05,29.25
854,30.05,29.25
597,30.05,29.25
673,30.05,29.25
404,30.05,29.25
628,30.05,29.25
439,30.05,29.25
530,30.05,29.25
837,30.05,29.25
130,30.05,29.25
612,30.05,29.25
437,30.05,29.25
444,30.03,29.25
343,30.03,29.25
632,30.03,29.25
656,30.03,29.25
689,30.03,29.25
135,30.03,29.25
484,30.03,29.25
630,30.03,29.25
255,30.03,29.25
890,30.03,29.25
134,30.03,29.25
894,30.03,29.25
569,30.03,29.25
514,30.03,29.25
704,30.03,29.25
301,30.03,29.25
453,30.03,29.25
499,30.03,29.25
478,30.03,29.25
214,30.03,29.25
256,30.03,29.25
684,30.03,29.25
789,30.03,29.25
604,30.03,29.25
633,30.03,29.19
255,30.03,29.19
896,30.03,29.19
309,30.03,29.19
631,30.03,29.19
208,30.03,29.19
129,30.03,29.19
550,30.03,29.19
203,30.03,29.19
651,30.03,29.19
497,30.03,29.19
376,30.03,29.19
566,30.03,29.19
455,30.03,29.19
132,30.03,29.19
666,30.03,29.19
194,30.03,29.19
536,30.03,29.19
279,30.03,29.19
171,30.03,29.19
647,30.03,29.19
530,30.03,29.19
673,30.03,29.19
507,30.03,29.19
225,30.03,29.19
171,30.03,29.19
771,30.03,29.19
230,30.03,29.19
554,30.03,29.19
354,30.03,29.19
667,30.03,29.19
595,30.03,29.19
697,30.03,29.19
407,30.03,29.19
519,30.03,29.19
546,30.03,29.19
645,30.01,29.19
520,30.01,29.19
667,30.01,29.19
565,30.01,29.19
370,30.01,29.19
709,30.01,29.19
404,30.01,29.19
843,30.01,29.19
477,30.01,29.19
791,30.01,29.19
679,30.01,29.19
535,30.01,29.19
893,30.01,29.19
377,30.01,29.19
638,30.01,29.19
373,30.01,29.19
618,30.01,29.19
183,30.01,29.19
676,30.01,29.19
653,30.01,29.19
633,30.01,29.19
326,30.01,29.19
439,30.01,29.19
392,30.01,29.19
129,30.01,29.25
328,30.01,29.25
678,30.01,29.25
232,30.01,29.25
570,30.01,29.25
894,30.01,29.25
518,30.01,29.25
381,30.01,29.25
360,30.01,29.25
894,30.01,29.25
227,30.01,29.25
894,30.01,29.25
563,30.01,29.25
734,30.01,29.25
749,30.01,29.25
358,30.01,29.25
506,30.01,29.25
129,30.01,29.25
129,30.01,29.25
378,30.01,29.25
400,30.01,29.25
583,30.01,29.25
626,30.01,29.25
134,30.01,29.25
396,30.01,29.25
755,30.01,29.25
629,30.01,29.25
466,30.01,29.25
659,30.01,29.25
231,30.01,29.25
782,30.01,29.25
355,30.01,29.25
196,30.01,29.25
806,30.01,29.25
558,30.01,29.25
893,30.01,29.25
480,30.03,29.25
598,30.03,29.25
894,30.03,29.25
539,30.03,29.25
548,30.03,29.25
508,30.03,29.25
522,30.03,29.25
634,30.03,29.25
479,30.03,29.25
754,30.03,29.25
789,30.03,29.25
577,30.03,29.25
502,30.03,29.25
382,30.03,29.25
478,30.03,29.25
129,30.03,29.25
317,30.03,29.25
457,30.03,29.25
557,30.03,29.25
796,30.03,29.25
662,30.03,29.25
374,30.03,29.25
647,30.03,29.25
835,30.03,29.23
598,30.03,29.23
509,30.03,29.23
566,30.03,29.23
790,30.03,29.23
628,30.03,29.23
371,30.03,29.23
499,30.03,29.23
470,30.03,29.23
805,30.03,29.23
379,30.03,29.23
418,30.03,29.23
377,30.03,29.23
580,30.03,29.23
296,30.03,29.23
365,30.03,29.23
318,30.03,29.23
826,30.03,29.23
335,30.03,29.23
893,30.03,29.23
516,30.03,29.23
422,30.03,29.23
771,30.03,29.23
170,30.03,29.23
791,30.03,29.23
129,30.03,29.23
334,30.03,29.23
711,30.03,29.23
213,30.03,29.23
894,30.03,29.23
684,30.03,29.23
236,30.03,29.23
852,30.03,29.23
515,30.03,29.23
735,30.03,29.23
262,30.03,29.23
570,30.03,29.23
582,30.03,29.23
485,30.03,29.23
623,30.03,29.23
224,30.03,29.23
840,30.03,29.23
725,30.03,29.23
393,30.03,29.23
542,30.03,29.23
674,30.03,29.23
841,30.03,29.23
716,30.03,29.23
405,30.03,29.23
467,30.03,29.23
171,30.03,29.23
553,30.03,29.23
196,30.03,29.23
431,30.03,29.23
540,30.03,29.23
420,30.03,29.23
563,30.03,29.23
886,30.03,29.23
358,30.03,29.23
565,30.03,29.23
691,30.03,29.29
312,30.03,29.29
517,30.03,29.29
352,30.03,29.29
459,30.03,29.29
771,30.03,29.29
504,30.03,29.29
138,30.03,29.29
228,30.03,29.29
625,30.03,29.29
832,30.03,29.29
266,30.03,29.29
894,30.03,29.29
586,30.03,29.29
574,30.03,29.29
436,30.03,29.29
261,30.03,29.29
893,30.03,29.29
129,30.03,29.29
299,30.03,29.29
894,30.03,29.29
509,30.03,29.29
866,30.03,29.29
614,30.03,29.29
704,30.03,29.29
284,30.03,29.29
586,30.03,29.29
554,30.03,29.29
570,30.03,29.29
689,30.03,29.29
715,30.03,29.29
787,30.03,29.29
605,30.03,29.29
257,30.03,29.29
671,30.03,29.29
338,30.03,29.29
738,30.03,29.29
333,30.03,29.29
218,30.03,29.29
816,30.03,29.29
132,30.03,29.29
783,30.03,29.29
844,30.03,29.29
725,30.03,29.29
663,30.03,29.29
765,30.03,29.29
487,30.03,29.29
493,30.03,29.29
506,30.03,29.29
133,30.03,29.29
690,30.03,29.29
744,30.03,29.29
740,30.03,29.29
883,30.03,29.29
616,30.03,29.29
512,30.03,29.29
506,30.03,29.29
206,30.03,29.29
609,30.03,29.29
341,30.03,29.29
555,30.03,29.23
375,30.03,29.23
507,30.03,29.23
647,30.03,29.23
463,30.03,29.23
700,30.03,29.23
338,30.03,29.23
656,30.03,29.23
640,30.03,29.23
811,30.03,29.23
561,30.03,29.23
248,30.03,29.23
754,30.03,29.23
458,30.03,29.23
506,30.03,29.23
272,30.03,29.23
699,30.03,29.23
640,30.03,29.23
317,30.03,29.23
519,30.03,29.23
609,30.03,29.23
196,30.03,29.23
826,30.03,29.23
129,30.03,29.23
199,30.03,29.23
390,30.03,29.23
129,30.03,29.23
670,30.03,29.23
398,30.03,29.23
895,30.03,29.23
508,30.03,29.23
476,30.03,29.23
527,30.03,29.23
544,30.03,29.23
547,30.03,29.23
439,30.03,29.23
545,30.01,29.23
802,30.01,29.23
368,30.01,29.23
517,30.01,29.23
