894,30.11,29.17
647,30.11,29.17
661,30.11,29.17
130,30.11,29.17
449,30.11,29.17
505,30.11,29.17
418,30.11,29.17
129,30.11,29.17
524,30.11,29.17
508,30.11,29.17
386,30.11,29.17
505,30.11,29.17
710,30.11,29.17
669,30.11,29.17
749,30.11,29.39
420,30.11,29.39
583,30.11,29.39
822,30.11,29.39
546,30.11,29.39
893,30.11,29.39
335,30.11,29.39
892,30.11,29.39
543,30.11,29.39
235,30.11,29.39
882,30.11,29.39
273,30.11,29.39
895,30.11,29.39
335,30.11,29.39
670,30.11,29.39
577,30.11,29.39
350,30.11,29.39
765,30.11,29.39
428,30.11,29.39
154,30.11,29.39
893,30.11,29.39
309,30.11,29.39
588,30.11,29.39
562,30.11,29.39
465,30.11,29.39
637,30.11,29.39
202,30.11,29.39
859,30.11,29.39
266,30.11,29.39
711,30.11,29.39
577,30.11,29.39
499,30.11,29.39
496,30.11,29.39
560,30.11,29.39
575,30.11,29.39
213,30.11,29.39
349,30.17,29.39
398,30.17,29.39
540,30.17,29.39
132,30.17,29.39
689,30.17,29.39
438,30.17,29.39
663,30.17,29.39
270,30.17,29.39
852,30.17,29.39
281,30.17,29.39
415,30.17,29.39
352,30.17,29.39
894,30.17,29.39
618,30.17,29.39
551,30.17,29.39
561,30.17,29.39
130,30.17,29.39
440,30.17,29.39
210,30.17,29.39
681,30.17,29.39
185,30.17,29.39
359,30.17,29.39
596,30.17,29.39
586,30.17,29.39
294,30.17,29.31
538,30.17,29.31
525,30.17,29.31
683,30.17,29.31
543,30.17,29.31
348,30.17,29.31
768,30.17,29.31
240,30.17,29.31
572,30.17,29.31
161,30.17,29.31
596,30.17,29.31
412,30.17,29.31
753,30.17,29.31
642,30.17,29.31
478,30.17,29.31
820,30.17,29.31
129,30.17,29.31
519,30.17,29.31
129,30.17,29.31
386,30.17,29.31
542,30.17,29.31
466,30.17,29.31
566,30.17,29.31
708,30.17,29.31
329,30.17,29.31
553,30.17,29.31
324,30.17,29.31
188,30.17,29.31
300,30.17,29.31
441,30.17,29.31
398,30.17,29.31
558,30.17,29.31
887,30.17,29.31
477,30.17,29.31
677,30.17,29.31
131,30.17,29.31
473,30.17,29.31
558,30.17,29.31
650,30.17,29.31
604,30.17,29.31
502,30.17,29.31
656,30.17,29.31
672,30.17,29.31
374,30.17,29.31
298,30.17,29.31
627,30.17,29.31
295,30.17,29.31
433,30.17,29.31
239,30.17,29.31
310,30.17,29.31
458,30.17,29.31
586,30.17,29.31
212,30.17,29.31
896,30.17,29.31
410,30.17,29.31
602,30.17,29.31
695,30.17,29.31
503,30.17,29.31
718,30.17,29.31
163,30.17,29.31
614,30.17,29.45
365,30.17,29.45
309,30.17,29.45
225,30.17,29.45
437,30.17,29.45
681,30.17,29.45
507,30.17,29.45
481,30.17,29.45
594,30.17,29.45
307,30.17,29.45
894,30.17,29.45
631,30.17,29.45
193,30.17,29.45
893,30.17,29.45
485,30.17,29.45
895,30.17,29.45
245,30.17,29.45
365,30.17,29.45
623,30.17,29.45
870,30.17,29.45
893,30.17,29.45
628,30.17,29.45
372,30.17,29.45
666,30.17,29.45
440,30.17,29.45
608,30.17,29.45
413,30.17,29.45
412,30.17,29.45
735,30.17,29.45
388,30.17,29.45
498,30.17,29.45
289,30.17,29.45
659,30.17,29.45
524,30.17,29.45
473,30.17,29.45
435,30.17,29.45
527,30.09,29.45
141,30.09,29.45
729,30.09,29.45
642,30.09,29.45
893,30.09,29.45
509,30.09,29.45
195,30.09,29.45
895,30.09,29.45
376,30.09,29.45
468,30.09,29.45
829,30.09,29.45
461,30.09,29.45
829,30.09,29.45
300,30.09,29.45
146,30.09,29.45
526,30.09,29.45
221,30.09,29.45
626,30.09,29.45
311,30.09,29.45
485,30.09,29.45
438,30.09,29.45
436,30.09,29.45
894,30.09,29.45
130,30.09,29.17
895,30.09,29.17
446,30.09,29.17
578,30.09,29.17
698,30.09,29.17
288,30.09,29.17
799,30.09,29.17
442,30.09,29.17
443,30.09,29.17
614,30.09,29.17
578,30.09,29.17
894,30.09,29.17
538,30.09,29.17
509,30.09,29.17
766,30.09,29.17
228,30.09,29.17
488,30.09,29.17
736,30.09,29.17
689,30.09,29.17
501,30.09,29.17
440,30.09,29.17
587,30.09,29.17
522,30.09,29.17
800,30.09,29.17
505,30.09,29.17
389,30.09,29.17
355,30.09,29.17
532,30.09,29.17
414,30.09,29.17
526,30.09,29.17
241,30.09,29.17
421,30.09,29.17
694,30.09,29.17
347,30.09,29.17
410,30.09,29.17
784,30.09,29.17
206,30.09,29.17
676,30.13,29.17
663,30.13,29.17
231,30.13,29.17
894,30.13,29.17
341,30.13,29.17
868,30.13,29.17
511,30.13,29.17
469,30.13,29.17
539,30.13,29.17
176,30.13,29.17
557,30.13,29.17
326,30.13,29.17
727,30.13,29.17
496,30.13,29.17
592,30.13,29.17
295,30.13,29.17
575,30.13,29.17
588,30.13,29.17
555,30.13,29.17
467,30.13,29.17
574,30.13,29.17
243,30.13,29.17
645,30.13,29.17
314,30.13,29.23
631,30.13,29.23
537,30.13,29.23
129,30.13,29.23
543,30.13,29.23
143,30.13,29.23
451,30.13,29.23
360,30.13,29.23
644,30.13,29.23
220,30.13,29.23
723,30.13,29.23
809,30.13,29.23
537,30.13,29.23
652,30.13,29.23
294,30.13,29.23
385,30.13,29.23
692,30.13,29.23
387,30.13,29.23
397,30.13,29.23
496,30.13,29.23
193,30.13,29.23
669,30.13,29.23
176,30.13,29.23
863,30.13,29.23
452,30.13,29.23
609,30.13,29.23
378,30.13,29.23
148,30.13,29.23
767,30.13,29.23
471,30.13,29.23
545,30.13,29.23
252,30.13,29.23
895,30.13,29.23
283,30.13,29.23
693,30.13,29.23
498,30.13,29.23
578,30.11,29.23
701,30.11,29.23
634,30.11,29.23
408,30.11,29.23
763,30.11,29.23
387,30.11,29.23
536,30.11,29.23
271,30.11,29.23
894,30.11,29.23
459,30.11,29.23
369,30.11,29.23
457,30.11,29.23
129,30.11,29.23
766,30.11,29.23
135,30.11,29.23
157,30.11,29.23
647,30.11,29.23
160,30.11,29.23
892,30.11,29.23
477,30.11,29.23
381,30.11,29.23
894,30.11,29.23
511,30.11,29.23
495,30.11,29.23
135,30.11,29.39
531,30.11,29.39
894,30.11,29.39
160,30.11,29.39
894,30.11,29.39
133,30.11,29.39
893,30.11,29.39
512,30.11,29.39
220,30.11,29.39
828,30.11,29.39
142,30.11,29.39
556,30.11,29.39
842,30.11,29.39
468,30.11,29.39
756,30.11,29.39
367,30.11,29.39
314,30.11,29.39
643,30.11,29.39
431,30.11,29.39
569,30.11,29.39
702,30.11,29.39
837,30.11,29.39
369,30.11,29.39
755,30.11,29.39
209,30.11,29.39
669,30.11,29.39
526,30.11,29.39
569,30.11,29.39
893,30.11,29.39
133,30.11,29.39
892,30.11,29.39
366,30.11,29.39
137,30.11,29.39
421,30.11,29.39
530,30.11,29.39
544,30.11,29.39
509,30.13,29.39
594,30.13,29.39
552,30.13,29.39
683,30.13,29.39
414,30.13,29.39
504,30.13,29.39
313,30.13,29.39
500,30.13,29.39
394,30.13,29.39
319,30.13,29.39
129,30.13,29.39
741,30.13,29.39
191,30.13,29.39
385,30.13,29.39
509,30.13,29.39
611,30.13,29.39
730,30.13,29.39
562,30.13,29.39
788,30.13,29.39
461,30.13,29.39
627,30.13,29.39
449,30.13,29.39
621,30.13,29.39
560,30.13,29.39
451,30.13,29.37
515,30.13,29.37
366,30.13,29.37
501,30.13,29.37
528,30.13,29.37
296,30.13,29.37
650,30.13,29.37
612,30.13,29.37
704,30.13,29.37
559,30.13,29.37
409,30.13,29.37
576,30.13,29.37
323,30.13,29.37
651,30.13,29.37
129,30.13,29.37
240,30.13,29.37
659,30.13,29.37
732,30.13,29.37
643,30.13,29.37
485,30.13,29.37
767,30.13,29.37
849,30.13,29.37
339,30.13,29.37
519,30.13,29.37
511,30.13,29.37
428,30.13,29.37
466,30.13,29.37
398,30.13,29.37
599,30.13,29.37
685,30.13,29.37
776,30.13,29.37
476,30.13,29.37
483,30.13,29.37
513,30.13,29.37
479,30.13,29.37
627,30.13,29.37
541,30.13,29.37
791,30.13,29.37
476,30.13,29.37
501,30.13,29.37
449,30.13,29.37
442,30.13,29.37
455,30.13,29.37
639,30.13,29.37
666,30.13,29.37
326,30.13,29.37
