636,29.95,29.15
543,29.95,29.15
466,29.95,29.15
708,29.95,29.15
466,29.95,29.15
794,29.89,29.15
263,29.89,29.15
495,29.89,29.15
621,29.89,29.15
610,29.89,29.15
399,29.89,29.15
877,29.89,29.15
430,29.89,29.15
641,29.89,29.15
301,29.89,29.15
344,29.89,29.15
844,29.89,29.15
505,29.89,29.15
874,29.89,29.15
423,29.89,29.15
390,29.89,29.15
130,29.89,29.15
133,29.89,29.15
427,29.89,29.15
455,29.89,29.15
196,29.89,29.15
775,29.89,29.15
431,29.89,29.15
793,29.89,29.05
461,29.89,29.05
404,29.89,29.05
748,29.89,29.05
131,29.89,29.05
872,29.89,29.05
268,29.89,29.05
469,29.89,29.05
210,29.89,29.05
598,29.89,29.05
828,29.89,29.05
453,29.89,29.05
706,29.89,29.05
564,29.89,29.05
532,29.89,29.05
431,29.89,29.05
242,29.89,29.05
426,29.89,29.05
597,29.89,29.05
273,29.89,29.05
475,29.89,29.05
324,29.89,29.05
625,29.89,29.05
445,29.89,29.05
235,29.89,29.05
400,29.89,29.05
241,29.89,29.05
540,29.89,29.05
442,29.89,29.05
487,29.89,29.05
424,29.89,29.05
360,29.89,29.05
562,29.89,29.05
667,29.89,29.05
525,29.89,29.05
701,29.89,29.05
631,29.95,29.05
310,29.95,29.05
397,29.95,29.05
400,29.95,29.05
716,29.95,29.05
314,29.95,29.05
460,29.95,29.05
890,29.95,29.05
889,29.95,29.05
725,29.95,29.05
892,29.95,29.05
327,29.95,29.05
554,29.95,29.05
584,29.95,29.05
130,29.95,29.05
622,29.95,29.05
290,29.95,29.05
482,29.95,29.05
585,29.95,29.05
339,29.95,29.05
793,29.95,29.05
723,29.95,29.05
639,29.95,29.05
131,29.95,29.05
399,29.95,29.35
483,29.95,29.35
379,29.95,29.35
269,29.95,29.35
590,29.95,29.35
357,29.95,29.35
608,29.95,29.35
587,29.95,29.35
577,29.95,29.35
704,29.95,29.35
433,29.95,29.35
499,29.95,29.35
588,29.95,29.35
591,29.95,29.35
577,29.95,29.35
458,29.95,29.35
139,29.95,29.35
575,29.95,29.35
421,29.95,29.35
656,29.95,29.35
200,29.95,29.35
805,29.95,29.35
583,29.95,29.35
473,29.95,29.35
735,29.95,29.35
324,29.95,29.35
567,29.95,29.35
434,29.95,29.35
677,29.95,29.35
472,29.95,29.35
573,29.95,29.35
549,29.95,29.35
610,29.95,29.35
216,29.95,29.35
684,29.95,29.35
397,29.95,29.35
573,29.95,29.35
495,29.95,29.35
356,29.95,29.35
364,29.95,29.35
428,29.95,29.35
866,29.95,29.35
746,29.95,29.35
439,29.95,29.35
559,29.95,29.35
785,29.95,29.35
249,29.95,29.35
364,29.95,29.35
348,29.95,29.35
493,29.95,29.35
673,29.95,29.35
743,29.95,29.35
369,29.95,29.35
589,29.95,29.35
571,29.95,29.35
807,29.95,29.35
542,29.95,29.35
648,29.95,29.35
496,29.95,29.35
597,29.95,29.35
477,29.95,29.19
491,29.95,29.19
360,29.95,29.19
511,29.95,29.19
633,29.95,29.19
387,29.95,29.19
600,29.95,29.19
568,29.95,29.19
598,29.95,29.19
547,29.95,29.19
587,29.95,29.19
134,29.95,29.19
680,29.95,29.19
793,29.95,29.19
591,29.95,29.19
512,29.95,29.19
472,29.95,29.19
592,29.95,29.19
312,29.95,29.19
529,29.95,29.19
543,29.95,29.19
133,29.95,29.19
632,29.95,29.19
338,29.95,29.19
655,29.95,29.19
417,29.95,29.19
130,29.95,29.19
392,29.95,29.19
559,29.95,29.19
630,29.95,29.19
134,29.95,29.19
783,29.95,29.19
893,29.95,29.19
513,29.95,29.19
716,29.95,29.19
131,29.95,29.19
448,29.95,29.19
281,29.95,29.19
523,29.95,29.19
726,29.95,29.19
164,29.95,29.19
735,29.95,29.19
483,29.95,29.19
893,29.95,29.19
619,29.95,29.19
137,29.95,29.19
752,29.95,29.19
455,29.95,29.19
417,29.95,29.19
463,29.95,29.19
410,29.95,29.19
844,29.95,29.19
442,29.95,29.19
712,29.95,29.19
133,29.95,29.19
783,29.95,29.19
709,29.95,29.19
433,29.95,29.19
683,29.95,29.19
131,29.95,29.19
614,29.95,29.23
234,29.95,29.23
664,29.95,29.23
578,29.95,29.23
679,29.95,29.23
687,29.95,29.23
854,29.95,29.23
400,29.95,29.23
653,29.95,29.23
372,29.95,29.23
453,29.95,29.23
325,29.95,29.23
181,29.95,29.23
590,29.95,29.23
731,29.95,29.23
337,29.95,29.23
632,29.95,29.23
808,29.95,29.23
310,29.95,29.23
767,29.95,29.23
318,29.95,29.23
773,29.95,29.23
410,29.95,29.23
371,29.95,29.23
778,29.95,29.23
428,29.95,29.23
852,29.95,29.23
352,29.95,29.23
556,29.95,29.23
131,29.95,29.23
436,29.95,29.23
209,29.95,29.23
582,29.95,29.23
377,29.95,29.23
279,29.95,29.23
307,29.95,29.23
235,29.89,29.23
604,29.89,29.23
509,29.89,29.23
522,29.89,29.23
731,29.89,29.23
567,29.89,29.23
377,29.89,29.23
552,29.89,29.23
133,29.89,29.23
709,29.89,29.23
440,29.89,29.23
870,29.89,29.23
478,29.89,29.23
523,29.89,29.23
895,29.89,29.23
475,29.89,29.23
449,29.89,29.23
550,29.89,29.23
699,29.89,29.23
548,29.89,29.23
767,29.89,29.23
566,29.89,29.23
549,29.89,29.23
194,29.89,29.15
796,29.89,29.15
142,29.89,29.15
570,29.89,29.15
266,29.89,29.15
312,29.89,29.15
693,29.89,29.15
129,29.89,29.15
777,29.89,29.15
433,29.89,29.15
490,29.89,29.15
709,29.89,29.15
825,29.89,29.15
895,29.89,29.15
742,29.89,29.15
239,29.89,29.15
868,29.89,29.15
343,29.89,29.15
618,29.89,29.15
396,29.89,29.15
365,29.89,29.15
521,29.89,29.15
329,29.89,29.15
438,29.89,29.15
460,29.89,29.15
810,29.89,29.15
297,29.89,29.15
586,29.89,29.15
134,29.89,29.15
533,29.89,29.15
515,29.89,29.15
597,29.89,29.15
661,29.89,29.15
422,29.89,29.15
742,29.89,29.15
445,29.89,29.15
519,29.95,29.15
441,29.95,29.15
520,29.95,29.15
497,29.95,29.15
680,29.95,29.15
890,29.95,29.15
866,29.95,29.15
279,29.95,29.15
665,29.95,29.15
539,29.95,29.15
465,29.95,29.15
333,29.95,29.15
725,29.95,29.15
625,29.95,29.15
395,29.95,29.15
804,29.95,29.15
191,29.95,29.15
555,29.95,29.15
662,29.95,29.15
499,29.95,29.15
524,29.95,29.15
624,29.95,29.15
675,29.95,29.15
691,29.95,29.15
273,29.95,29.11
276,29.95,29.11
575,29.95,29.11
561,29.95,29.11
578,29.95,29.11
384,29.95,29.11
579,29.95,29.11
372,29.95,29.11
891,29.95,29.11
521,29.95,29.11
856,29.95,29.11
406,29.95,29.11
523,29.95,29.11
732,29.95,29.11
321,29.95,29.11
671,29.95,29.11
454,29.95,29.11
295,29.95,29.11
555,29.95,29.11
289,29.95,29.11
537,29.95,29.11
893,29.95,29.11
322,29.95,29.11
793,29.95,29.11
419,29.95,29.11
479,29.95,29.11
503,29.95,29.11
447,29.95,29.11
582,29.95,29.11
618,29.95,29.11
476,29.95,29.11
537,29.95,29.11
674,29.95,29.11
137,29.95,29.11
141,29.95,29.11
248,29.95,29.11
143,29.89,29.11
543,29.89,29.11
683,29.89,29.11
556,29.89,29.11
742,29.89,29.11
429,29.89,29.11
514,29.89,29.11
522,29.89,29.11
444,29.89,29.11
495,29.89,29.11
494,29.89,29.11
623,29.89,29.11
380,29.89,29.11
894,29.89,29.11
634,29.89,29.11
894,29.89,29.11
562,29.89,29.11
754,29.89,29.11
714,29.89,29.11
428,29.89,29.11
780,29.89,29.11
515,29.89,29.11
655,29.89,29.11
536,29.89,29.11
486,29.89,29.05
595,29.89,29.05
323,29.89,29.05
641,29.89,29.05
733,29.89,29.05
817,29.89,29.05
894,29.89,29.05
680,29.89,29.05
711,29.89,29.05
449,29.89,29.05
331,29.89,29.05
572,29.89,29.05
266,29.89,29.05
864,29.89,29.05
452,29.89,29.05
894,29.89,29.05
481,29.89,29.05
464,29.89,29.05
490,29.89,29.05
641,29.89,29.05
844,29.89,29.05
519,29.89,29.05
672,29.89,29.05
836,29.89,29.05
800,29.89,29.05
739,29.89,29.05
343,29.89,29.05
434,29.89,29.05
574,29.89,29.05
588,29.89,29.05
525,29.89,29.05
544,29.89,29.05
