586,30.23,29.37
413,30.23,29.37
356,30.23,29.37
131,30.23,29.37
301,30.23,29.37
223,30.23,29.37
366,30.23,29.31
381,30.23,29.31
343,30.23,29.31
720,30.23,29.31
547,30.23,29.31
396,30.23,29.31
528,30.23,29.31
533,30.23,29.31
353,30.23,29.31
423,30.23,29.31
151,30.23,29.31
721,30.23,29.31
385,30.23,29.31
598,30.23,29.31
548,30.23,29.31
717,30.23,29.31
875,30.23,29.31
404,30.23,29.31
751,30.23,29.31
479,30.23,29.31
813,30.23,29.31
228,30.23,29.31
631,30.23,29.31
462,30.23,29.31
650,30.23,29.31
506,30.23,29.31
538,30.23,29.31
402,30.23,29.31
788,30.23,29.31
335,30.23,29.31
479,30.23,29.31
379,30.23,29.31
484,30.23,29.31
893,30.23,29.31
131,30.23,29.31
712,30.23,29.31
301,30.23,29.31
775,30.23,29.31
216,30.23,29.31
558,30.23,29.31
361,30.23,29.31
349,30.23,29.31
652,30.23,29.31
498,30.23,29.31
706,30.23,29.31
892,30.23,29.31
391,30.23,29.31
424,30.23,29.31
587,30.23,29.31
131,30.23,29.31
892,30.23,29.31
418,30.23,29.31
759,30.23,29.31
829,30.23,29.31
519,30.23,29.31
411,30.23,29.31
632,30.23,29.31
421,30.23,29.31
528,30.23,29.31
419,30.23,29.43
318,30.23,29.43
662,30.23,29.43
542,30.23,29.43
240,30.23,29.43
605,30.23,29.43
627,30.23,29.43
536,30.23,29.43
807,30.23,29.43
451,30.23,29.43
497,30.23,29.43
663,30.23,29.43
886,30.23,29.43
391,30.23,29.43
607,30.23,29.43
776,30.23,29.43
420,30.23,29.43
815,30.23,29.43
423,30.23,29.43
508,30.23,29.43
505,30.23,29.43
483,30.23,29.43
588,30.23,29.43
253,30.23,29.43
527,30.23,29.43
664,30.23,29.43
389,30.23,29.43
840,30.23,29.43
248,30.23,29.43
486,30.23,29.43
429,30.23,29.43
129,30.23,29.43
625,30.23,29.43
239,30.23,29.43
550,30.23,29.43
727,30.23,29.43
896,30.23,29.43
548,30.23,29.43
596,30.23,29.43
624,30.23,29.43
365,30.23,29.43
495,30.23,29.43
416,30.23,29.43
527,30.23,29.43
688,30.23,29.43
220,30.23,29.43
838,30.23,29.43
246,30.23,29.43
324,30.23,29.43
498,30.23,29.43
291,30.23,29.43
645,30.23,29.43
558,30.23,29.43
770,30.23,29.43
870,30.23,29.43
499,30.23,29.43
600,30.23,29.43
499,30.23,29.43
524,30.23,29.43
178,30.23,29.43
512,30.23,29.45
778,30.23,29.45
455,30.23,29.45
745,30.23,29.45
512,30.23,29.45
518,30.23,29.45
754,30.23,29.45
194,30.23,29.45
706,30.23,29.45
474,30.23,29.45
536,30.23,29.45
676,30.23,29.45
219,30.23,29.45
537,30.23,29.45
470,30.23,29.45
654,30.23,29.45
890,30.23,29.45
131,30.23,29.45
654,30.23,29.45
501,30.23,29.45
608,30.23,29.45
130,30.23,29.45
467,30.23,29.45
684,30.23,29.45
558,30.23,29.45
666,30.23,29.45
131,30.23,29.45
894,30.23,29.45
821,30.23,29.45
836,30.23,29.45
634,30.23,29.45
131,30.23,29.45
523,30.23,29.45
472,30.23,29.45
354,30.23,29.45
741,30.23,29.45
406,30.19,29.45
469,30.19,29.45
639,30.19,29.45
489,30.19,29.45
667,30.19,29.45
717,30.19,29.45
675,30.19,29.45
553,30.19,29.45
516,30.19,29.45
314,30.19,29.45
684,30.19,29.45
682,30.19,29.45
398,30.19,29.45
703,30.19,29.45
168,30.19,29.45
758,30.19,29.45
612,30.19,29.45
717,30.19,29.45
728,30.19,29.45
131,30.19,29.45
704,30.19,29.45
360,30.19,29.45
893,30.19,29.45
794,30.19,29.45
327,30.19,29.17
782,30.19,29.17
892,30.19,29.17
685,30.19,29.17
357,30.19,29.17
771,30.19,29.17
761,30.19,29.17
409,30.19,29.17
458,30.19,29.17
223,30.19,29.17
729,30.19,29.17
663,30.19,29.17
590,30.19,29.17
814,30.19,29.17
131,30.19,29.17
828,30.19,29.17
130,30.19,29.17
610,30.19,29.17
388,30.19,29.17
191,30.19,29.17
576,30.19,29.17
130,30.19,29.17
600,30.19,29.17
564,30.19,29.17
543,30.19,29.17
601,30.19,29.17
614,30.19,29.17
615,30.19,29.17
342,30.19,29.17
613,30.19,29.17
758,30.19,29.17
590,30.19,29.17
894,30.19,29.17
196,30.19,29.17
748,30.19,29.17
872,30.19,29.17
268,30.21,29.17
538,30.21,29.17
130,30.21,29.17
447,30.21,29.17
508,30.21,29.17
354,30.21,29.17
789,30.21,29.17
617,30.21,29.17
267,30.21,29.17
760,30.21,29.17
506,30.21,29.17
450,30.21,29.17
141,30.21,29.17
343,30.21,29.17
343,30.21,29.17
789,30.21,29.17
560,30.21,29.17
731,30.21,29.17
685,30.21,29.17
399,30.21,29.17
893,30.21,29.17
131,30.21,29.17
744,30.21,29.17
514,30.21,29.49
715,30.21,29.49
528,30.21,29.49
280,30.21,29.49
671,30.21,29.49
538,30.21,29.49
226,30.21,29.49
400,30.21,29.49
184,30.21,29.49
289,30.21,29.49
606,30.21,29.49
154,30.21,29.49
177,30.21,29.49
411,30.21,29.49
888,30.21,29.49
130,30.21,29.49
894,30.21,29.49
387,30.21,29.49
603,30.21,29.49
699,30.21,29.49
130,30.21,29.49
312,30.21,29.49
130,30.21,29.49
740,30.21,29.49
642,30.21,29.49
131,30.21,29.49
537,30.21,29.49
312,30.21,29.49
299,30.21,29.49
885,30.21,29.49
130,30.21,29.49
135,30.21,29.49
372,30.21,29.49
651,30.21,29.49
134,30.21,29.49
629,30.21,29.49
606,30.21,29.49
229,30.21,29.49
615,30.21,29.49
130,30.21,29.49
751,30.21,29.49
343,30.21,29.49
566,30.21,29.49
866,30.21,29.49
355,30.21,29.49
550,30.21,29.49
131,30.21,29.49
819,30.21,29.49
607,30.21,29.49
196,30.21,29.49
776,30.21,29.49
416,30.21,29.49
637,30.21,29.49
524,30.21,29.49
241,30.21,29.49
757,30.21,29.49
348,30.21,29.49
680,30.21,29.49
406,30.21,29.49
443,30.21,29.49
514,30.21,29.57
702,30.21,29.57
877,30.21,29.57
369,30.21,29.57
895,30.21,29.57
286,30.21,29.57
600,30.21,29.57
403,30.21,29.57
528,30.21,29.57
565,30.21,29.57
525,30.21,29.57
549,30.21,29.57
584,30.21,29.57
596,30.21,29.57
603,30.21,29.57
130,30.21,29.57
229,30.21,29.57
267,30.21,29.57
273,30.21,29.57
296,30.21,29.57
356,30.21,29.57
637,30.21,29.57
129,30.21,29.57
894,30.21,29.57
248,30.21,29.57
727,30.21,29.57
582,30.21,29.57
236,30.21,29.57
826,30.21,29.57
194,30.21,29.57
434,30.21,29.57
506,30.21,29.57
640,30.21,29.57
525,30.21,29.57
887,30.21,29.57
667,30.21,29.57
887,30.19,29.57
427,30.19,29.57
662,30.19,29.57
129,30.19,29.57
782,30.19,29.57
278,30.19,29.57
590,30.19,29.57
702,30.19,29.57
216,30.19,29.57
786,30.19,29.57
312,30.19,29.57
571,30.19,29.57
225,30.19,29.57
546,30.19,29.57
193,30.19,29.57
222,30.19,29.57
202,30.19,29.57
368,30.19,29.57
321,30.19,29.57
196,30.19,29.57
535,30.19,29.57
283,30.19,29.57
308,30.19,29.57
499,30.19,29.57
362,30.19,29.45
496,30.19,29.45
653,30.19,29.45
260,30.19,29.45
854,30.19,29.45
772,30.19,29.45
771,30.19,29.45
565,30.19,29.45
416,30.19,29.45
894,30.19,29.45
388,30.19,29.45
621,30.19,29.45
322,30.19,29.45
630,30.19,29.45
669,30.19,29.45
543,30.19,29.45
767,30.19,29.45
569,30.19,29.45
424,30.19,29.45
715,30.19,29.45
182,30.19,29.45
453,30.19,29.45
441,30.19,29.45
198,30.19,29.45
796,30.19,29.45
376,30.19,29.45
568,30.19,29.45
788,30.19,29.45
530,30.19,29.45
549,30.19,29.45
723,30.19,29.45
692,30.19,29.45
543,30.19,29.45
506,30.19,29.45
540,30.19,29.45
636,30.19,29.45
317,30.23,29.45
480,30.23,29.45
361,30.23,29.45
744,30.23,29.45
435,30.23,29.45
603,30.23,29.45
779,30.23,29.45
747,30.23,29.45
168,30.23,29.45
392,30.23,29.45
351,30.23,29.45
649,30.23,29.45
419,30.23,29.45
814,30.23,29.45
639,30.23,29.45
542,30.23,29.45
652,30.23,29.45
133,30.23,29.45
309,30.23,29.45
128,30.23,29.45
