609,30.25,29.43
508,30.25,29.43
289,30.25,29.43
224,30.25,29.43
314,30.25,29.43
857,30.25,29.43
411,30.25,29.43
804,30.25,29.43
704,30.25,29.43
547,30.25,29.43
892,30.25,29.43
339,30.25,29.43
513,30.25,29.43
569,30.25,29.43
462,30.25,29.51
560,30.25,29.51
568,30.25,29.51
302,30.25,29.51
693,30.25,29.51
346,30.25,29.51
747,30.25,29.51
271,30.25,29.51
340,30.25,29.51
484,30.25,29.51
400,30.25,29.51
359,30.25,29.51
504,30.25,29.51
343,30.25,29.51
142,30.25,29.51
625,30.25,29.51
137,30.25,29.51
445,30.25,29.51
435,30.25,29.51
733,30.25,29.51
739,30.25,29.51
591,30.25,29.51
564,30.25,29.51
400,30.25,29.51
444,30.25,29.51
448,30.25,29.51
435,30.25,29.51
575,30.25,29.51
631,30.25,29.51
574,30.25,29.51
892,30.25,29.51
653,30.25,29.51
732,30.25,29.51
597,30.25,29.51
887,30.25,29.51
422,30.25,29.51
492,30.23,29.51
698,30.23,29.51
345,30.23,29.51
320,30.23,29.51
159,30.23,29.51
484,30.23,29.51
893,30.23,29.51
602,30.23,29.51
719,30.23,29.51
771,30.23,29.51
544,30.23,29.51
520,30.23,29.51
374,30.23,29.51
588,30.23,29.51
133,30.23,29.51
590,30.23,29.51
307,30.23,29.51
632,30.23,29.51
496,30.23,29.51
429,30.23,29.51
683,30.23,29.51
481,30.23,29.51
262,30.23,29.51
764,30.23,29.51
152,30.23,29.37
539,30.23,29.37
164,30.23,29.37
397,30.23,29.37
818,30.23,29.37
300,30.23,29.37
366,30.23,29.37
172,30.23,29.37
775,30.23,29.37
894,30.23,29.37
538,30.23,29.37
822,30.23,29.37
498,30.23,29.37
424,30.23,29.37
177,30.23,29.37
285,30.23,29.37
539,30.23,29.37
487,30.23,29.37
767,30.23,29.37
684,30.23,29.37
780,30.23,29.37
894,30.23,29.37
296,30.23,29.37
616,30.23,29.37
714,30.23,29.37
555,30.23,29.37
233,30.23,29.37
590,30.23,29.37
130,30.23,29.37
655,30.23,29.37
433,30.23,29.37
306,30.23,29.37
561,30.23,29.37
240,30.23,29.37
340,30.23,29.37
407,30.23,29.37
261,30.27,29.37
164,30.27,29.37
642,30.27,29.37
239,30.27,29.37
316,30.27,29.37
502,30.27,29.37
663,30.27,29.37
255,30.27,29.37
694,30.27,29.37
590,30.27,29.37
683,30.27,29.37
606,30.27,29.37
130,30.27,29.37
891,30.27,29.37
201,30.27,29.37
892,30.27,29.37
708,30.27,29.37
572,30.27,29.37
782,30.27,29.37
809,30.27,29.37
478,30.27,29.37
474,30.27,29.37
706,30.27,29.37
652,30.27,29.63
487,30.27,29.63
468,30.27,29.63
815,30.27,29.63
253,30.27,29.63
782,30.27,29.63
281,30.27,29.63
626,30.27,29.63
677,30.27,29.63
818,30.27,29.63
282,30.27,29.63
653,30.27,29.63
894,30.27,29.63
156,30.27,29.63
569,30.27,29.63
470,30.27,29.63
745,30.27,29.63
343,30.27,29.63
653,30.27,29.63
520,30.27,29.63
839,30.27,29.63
340,30.27,29.63
548,30.27,29.63
528,30.27,29.63
713,30.27,29.63
580,30.27,29.63
581,30.27,29.63
408,30.27,29.63
354,30.27,29.63
718,30.27,29.63
129,30.27,29.63
791,30.27,29.63
503,30.27,29.63
895,30.27,29.63
269,30.27,29.63
791,30.27,29.63
555,30.25,29.63
677,30.25,29.63
563,30.25,29.63
469,30.25,29.63
564,30.25,29.63
593,30.25,29.63
366,30.25,29.63
567,30.25,29.63
417,30.25,29.63
263,30.25,29.63
803,30.25,29.63
128,30.25,29.63
866,30.25,29.63
174,30.25,29.63
505,30.25,29.63
498,30.25,29.63
281,30.25,29.63
526,30.25,29.63
352,30.25,29.63
549,30.25,29.63
606,30.25,29.63
450,30.25,29.63
354,30.25,29.63
565,30.25,29.63
405,30.25,29.43
289,30.25,29.43
128,30.25,29.43
278,30.25,29.43
288,30.25,29.43
573,30.25,29.43
212,30.25,29.43
599,30.25,29.43
441,30.25,29.43
695,30.25,29.43
791,30.25,29.43
277,30.25,29.43
843,30.25,29.43
228,30.25,29.43
533,30.25,29.43
248,30.25,29.43
697,30.25,29.43
304,30.25,29.43
161,30.25,29.43
865,30.25,29.43
389,30.25,29.43
632,30.25,29.43
445,30.25,29.43
587,30.25,29.43
697,30.25,29.43
372,30.25,29.43
324,30.25,29.43
760,30.25,29.43
128,30.25,29.43
880,30.25,29.43
384,30.25,29.43
592,30.25,29.43
491,30.25,29.43
364,30.25,29.43
421,30.25,29.43
128,30.25,29.43
298,30.23,29.43
132,30.23,29.43
430,30.23,29.43
399,30.23,29.43
738,30.23,29.43
311,30.23,29.43
891,30.23,29.43
667,30.23,29.43
597,30.23,29.43
714,30.23,29.43
136,30.23,29.43
389,30.23,29.43
260,30.23,29.43
570,30.23,29.43
657,30.23,29.43
850,30.23,29.43
400,30.23,29.43
746,30.23,29.43
230,30.23,29.43
719,30.23,29.43
129,30.23,29.43
466,30.23,29.43
577,30.23,29.43
413,30.23,29.43
709,30.23,29.51
424,30.23,29.51
241,30.23,29.51
440,30.23,29.51
469,30.23,29.51
129,30.23,29.51
433,30.23,29.51
628,30.23,29.51
733,30.23,29.51
452,30.23,29.51
404,30.23,29.51
557,30.23,29.51
570,30.23,29.51
420,30.23,29.51
690,30.23,29.51
433,30.23,29.51
263,30.23,29.51
661,30.23,29.51
551,30.23,29.51
518,30.23,29.51
562,30.23,29.51
342,30.23,29.51
448,30.23,29.51
626,30.23,29.51
551,30.23,29.51
336,30.23,29.51
727,30.23,29.51
776,30.23,29.51
748,30.23,29.51
754,30.23,29.51
400,30.23,29.51
760,30.23,29.51
517,30.23,29.51
620,30.23,29.51
297,30.23,29.51
406,30.23,29.51
895,30.27,29.51
373,30.27,29.51
746,30.27,29.51
494,30.27,29.51
454,30.27,29.51
713,30.27,29.51
425,30.27,29.51
463,30.27,29.51
773,30.27,29.51
618,30.27,29.51
894,30.27,29.51
269,30.27,29.51
700,30.27,29.51
427,30.27,29.51
448,30.27,29.51
463,30.27,29.51
459,30.27,29.51
540,30.27,29.51
471,30.27,29.51
710,30.27,29.51
514,30.27,29.51
255,30.27,29.51
299,30.27,29.51
475,30.27,29.65
127,30.27,29.65
394,30.27,29.65
320,30.27,29.65
406,30.27,29.65
568,30.27,29.65
649,30.27,29.65
620,30.27,29.65
480,30.27,29.65
556,30.27,29.65
444,30.27,29.65
465,30.27,29.65
474,30.27,29.65
291,30.27,29.65
450,30.27,29.65
895,30.27,29.65
557,30.27,29.65
421,30.27,29.65
495,30.27,29.65
738,30.27,29.65
697,30.27,29.65
515,30.27,29.65
510,30.27,29.65
542,30.27,29.65
492,30.27,29.65
460,30.27,29.65
677,30.27,29.65
646,30.27,29.65
780,30.27,29.65
328,30.27,29.65
692,30.27,29.65
428,30.27,29.65
893,30.27,29.65
496,30.27,29.65
430,30.27,29.65
251,30.27,29.65
468,30.27,29.65
376,30.27,29.65
613,30.27,29.65
778,30.27,29.65
633,30.27,29.65
895,30.27,29.65
314,30.27,29.65
841,30.27,29.65
615,30.27,29.65
606,30.27,29.65
585,30.27,29.65
270,30.27,29.65
699,30.27,29.65
742,30.27,29.65
565,30.27,29.65
616,30.27,29.65
716,30.27,29.65
522,30.27,29.65
508,30.27,29.65
367,30.27,29.65
840,30.27,29.65
327,30.27,29.65
743,30.27,29.65
595,30.27,29.65
516,30.27,29.57
678,30.27,29.57
357,30.27,29.57
819,30.27,29.57
130,30.27,29.57
441,30.27,29.57
258,30.27,29.57
421,30.27,29.57
230,30.27,29.57
763,30.27,29.57
418,30.27,29.57
636,30.27,29.57
466,30.27,29.57
762,30.27,29.57
269,30.27,29.57
131,30.27,29.57
894,30.27,29.57
607,30.27,29.57
482,30.27,29.57
609,30.27,29.57
864,30.27,29.57
222,30.27,29.57
661,30.27,29.57
327,30.27,29.57
561,30.27,29.57
681,30.27,29.57
664,30.27,29.57
895,30.27,29.57
558,30.27,29.57
698,30.27,29.57
132,30.27,29.57
661,30.27,29.57
683,30.27,29.57
181,30.27,29.57
670,30.27,29.57
656,30.27,29.57
184,30.23,29.57
622,30.23,29.57
129,30.23,29.57
636,30.23,29.57
128,30.23,29.57
648,30.23,29.57
820,30.23,29.57
453,30.23,29.57
740,30.23,29.57
130,30.23,29.57
