406,29.77,29.03
747,29.77,29.03
281,29.77,29.03
663,29.77,29.03
266,29.77,29.03
705,29.77,29.03
644,29.77,29.03
278,29.77,29.03
891,29.77,29.03
513,29.77,29.03
712,29.77,29.03
557,29.77,29.03
539,29.77,29.03
649,29.77,29.03
288,29.77,29.03
468,29.77,29.05
331,29.77,29.05
831,29.77,29.05
239,29.77,29.05
557,29.77,29.05
647,29.77,29.05
541,29.77,29.05
353,29.77,29.05
561,29.77,29.05
409,29.77,29.05
849,29.77,29.05
136,29.77,29.05
343,29.77,29.05
393,29.77,29.05
509,29.77,29.05
549,29.77,29.05
232,29.77,29.05
753,29.77,29.05
132,29.77,29.05
705,29.77,29.05
246,29.77,29.05
520,29.77,29.05
374,29.77,29.05
735,29.77,29.05
425,29.77,29.05
681,29.77,29.05
498,29.77,29.05
346,29.77,29.05
518,29.77,29.05
453,29.77,29.05
757,29.77,29.05
428,29.77,29.05
553,29.77,29.05
390,29.77,29.05
660,29.77,29.05
327,29.77,29.05
529,29.77,29.05
348,29.77,29.05
667,29.77,29.05
444,29.77,29.05
755,29.77,29.05
427,29.77,29.05
133,29.77,29.05
856,29.77,29.05
252,29.77,29.05
501,29.77,29.05
429,29.77,29.05
660,29.77,29.05
216,29.77,29.05
414,29.77,29.05
645,29.77,29.05
351,29.77,29.05
507,29.77,29.05
733,29.77,29.05
565,29.77,29.05
611,29.77,29.05
545,29.77,29.05
137,29.77,29.05
647,29.77,29.05
158,29.77,29.05
563,29.77,28.97
616,29.77,28.97
631,29.77,28.97
203,29.77,28.97
413,29.77,28.97
857,29.77,28.97
130,29.77,28.97
456,29.77,28.97
131,29.77,28.97
448,29.77,28.97
397,29.77,28.97
783,29.77,28.97
442,29.77,28.97
687,29.77,28.97
465,29.77,28.97
185,29.77,28.97
485,29.77,28.97
316,29.77,28.97
588,29.77,28.97
507,29.77,28.97
571,29.77,28.97
244,29.77,28.97
827,29.77,28.97
325,29.77,28.97
562,29.77,28.97
228,29.77,28.97
839,29.77,28.97
420,29.77,28.97
566,29.77,28.97
547,29.77,28.97
242,29.77,28.97
708,29.77,28.97
131,29.77,28.97
535,29.77,28.97
550,29.77,28.97
508,29.77,28.97
892,29.75,28.97
566,29.75,28.97
275,29.75,28.97
226,29.75,28.97
355,29.75,28.97
630,29.75,28.97
479,29.75,28.97
463,29.75,28.97
723,29.75,28.97
139,29.75,28.97
894,29.75,28.97
561,29.75,28.97
616,29.75,28.97
580,29.75,28.97
345,29.75,28.97
463,29.75,28.97
573,29.75,28.97
501,29.75,28.97
671,29.75,28.97
633,29.75,28.97
476,29.75,28.97
807,29.75,28.97
606,29.75,28.97
601,29.75,28.83
475,29.75,28.83
703,29.75,28.83
690,29.75,28.83
329,29.75,28.83
725,29.75,28.83
268,29.75,28.83
428,29.75,28.83
316,29.75,28.83
681,29.75,28.83
891,29.75,28.83
785,29.75,28.83
341,29.75,28.83
701,29.75,28.83
417,29.75,28.83
282,29.75,28.83
152,29.75,28.83
431,29.75,28.83
564,29.75,28.83
441,29.75,28.83
589,29.75,28.83
636,29.75,28.83
576,29.75,28.83
407,29.75,28.83
547,29.75,28.83
496,29.75,28.83
400,29.75,28.83
249,29.75,28.83
597,29.75,28.83
280,29.75,28.83
712,29.75,28.83
720,29.75,28.83
610,29.75,28.83
374,29.75,28.83
749,29.75,28.83
487,29.75,28.83
552,29.75,28.83
477,29.75,28.83
528,29.75,28.83
753,29.75,28.83
574,29.75,28.83
532,29.75,28.83
684,29.75,28.83
647,29.75,28.83
755,29.75,28.83
415,29.75,28.83
327,29.75,28.83
531,29.75,28.83
309,29.75,28.83
613,29.75,28.83
190,29.75,28.83
469,29.75,28.83
591,29.75,28.83
334,29.75,28.83
695,29.75,28.83
461,29.75,28.83
516,29.75,28.83
499,29.75,28.83
588,29.75,28.83
501,29.75,28.83
854,29.75,28.77
794,29.75,28.77
307,29.75,28.77
294,29.75,28.77
132,29.75,28.77
142,29.75,28.77
374,29.75,28.77
225,29.75,28.77
500,29.75,28.77
503,29.75,28.77
419,29.75,28.77
689,29.75,28.77
561,29.75,28.77
703,29.75,28.77
585,29.75,28.77
395,29.75,28.77
448,29.75,28.77
289,29.75,28.77
443,29.75,28.77
413,29.75,28.77
404,29.75,28.77
558,29.75,28.77
743,29.75,28.77
481,29.75,28.77
356,29.75,28.77
571,29.75,28.77
401,29.75,28.77
423,29.75,28.77
381,29.75,28.77
139,29.75,28.77
789,29.75,28.77
391,29.75,28.77
556,29.75,28.77
631,29.75,28.77
414,29.75,28.77
642,29.75,28.77
714,29.77,28.77
555,29.77,28.77
460,29.77,28.77
633,29.77,28.77
131,29.77,28.77
670,29.77,28.77
262,29.77,28.77
753,29.77,28.77
834,29.77,28.77
750,29.77,28.77
557,29.77,28.77
553,29.77,28.77
293,29.77,28.77
384,29.77,28.77
624,29.77,28.77
547,29.77,28.77
457,29.77,28.77
564,29.77,28.77
894,29.77,28.77
455,29.77,28.77
432,29.77,28.77
127,29.77,28.77
540,29.77,28.77
405,29.77,28.77
707,29.77,28.83
602,29.77,28.83
478,29.77,28.83
658,29.77,28.83
580,29.77,28.83
680,29.77,28.83
132,29.77,28.83
288,29.77,28.83
709,29.77,28.83
337,29.77,28.83
401,29.77,28.83
660,29.77,28.83
599,29.77,28.83
893,29.77,28.83
321,29.77,28.83
567,29.77,28.83
484,29.77,28.83
378,29.77,28.83
799,29.77,28.83
510,29.77,28.83
679,29.77,28.83
574,29.77,28.83
349,29.77,28.83
463,29.77,28.83
232,29.77,28.83
426,29.77,28.83
459,29.77,28.83
259,29.77,28.83
624,29.77,28.83
808,29.77,28.83
893,29.77,28.83
891,29.77,28.83
696,29.77,28.83
390,29.77,28.83
463,29.77,28.83
797,29.77,28.83
130,29.77,28.83
600,29.77,28.83
397,29.77,28.83
429,29.77,28.83
545,29.77,28.83
456,29.77,28.83
771,29.77,28.83
514,29.77,28.83
467,29.77,28.83
662,29.77,28.83
679,29.77,28.83
384,29.77,28.83
693,29.77,28.83
357,29.77,28.83
483,29.77,28.83
651,29.77,28.83
647,29.77,28.83
504,29.77,28.83
701,29.77,28.83
260,29.77,28.83
893,29.77,28.83
441,29.77,28.83
444,29.77,28.83
529,29.77,28.83
277,29.77,29.09
735,29.77,29.09
297,29.77,29.09
505,29.77,29.09
293,29.77,29.09
412,29.77,29.09
283,29.77,29.09
717,29.77,29.09
271,29.77,29.09
730,29.77,29.09
701,29.77,29.09
385,29.77,29.09
453,29.77,29.09
395,29.77,29.09
243,29.77,29.09
610,29.77,29.09
892,29.77,29.09
426,29.77,29.09
402,29.77,29.09
130,29.77,29.09
670,29.77,29.09
142,29.77,29.09
488,29.77,29.09
273,29.77,29.09
891,29.77,29.09
762,29.77,29.09
130,29.77,29.09
894,29.77,29.09
491,29.77,29.09
636,29.77,29.09
388,29.77,29.09
364,29.77,29.09
565,29.77,29.09
617,29.77,29.09
894,29.77,29.09
654,29.77,29.09
501,29.77,29.09
582,29.77,29.09
571,29.77,29.09
432,29.77,29.09
765,29.77,29.09
473,29.77,29.09
894,29.77,29.09
131,29.77,29.09
758,29.77,29.09
611,29.77,29.09
163,29.77,29.09
343,29.77,29.09
233,29.77,29.09
365,29.77,29.09
131,29.77,29.09
379,29.77,29.09
429,29.77,29.09
858,29.77,29.09
620,29.77,29.09
551,29.77,29.09
372,29.77,29.09
730,29.77,29.09
642,29.77,29.09
578,29.77,28.91
499,29.77,28.91
267,29.77,28.91
774,29.77,28.91
411,29.77,28.91
381,29.77,28.91
406,29.77,28.91
880,29.77,28.91
510,29.77,28.91
771,29.77,28.91
593,29.77,28.91
810,29.77,28.91
598,29.77,28.91
275,29.77,28.91
414,29.77,28.91
140,29.77,28.91
746,29.77,28.91
388,29.77,28.91
893,29.77,28.91
276,29.77,28.91
612,29.77,28.91
749,29.77,28.91
366,29.77,28.91
685,29.77,28.91
703,29.77,28.91
472,29.77,28.91
636,29.77,28.91
384,29.77,28.91
709,29.77,28.91
463,29.77,28.91
287,29.77,28.91
713,29.77,28.91
341,29.77,28.91
857,29.77,28.91
485,29.77,28.91
706,29.77,28.91
490,29.77,28.91
578,29.79,28.91
394,29.79,28.91
325,29.79,28.91
740,29.79,28.91
346,29.79,28.91
723,29.79,28.91
367,29.79,28.91
628,29.79,28.91
