445,30.19,29.51
731,30.19,29.51
388,30.19,29.51
135,30.19,29.51
269,30.19,29.51
889,30.19,29.51
326,30.19,29.51
636,30.19,29.51
848,30.19,29.51
244,30.19,29.51
895,30.19,29.51
129,30.19,29.51
405,30.19,29.51
664,30.19,29.51
881,30.19,29.51
768,30.19,29.51
893,30.19,29.51
675,30.19,29.51
528,30.19,29.51
432,30.19,29.51
619,30.19,29.51
736,30.19,29.45
313,30.19,29.45
412,30.19,29.45
174,30.19,29.45
520,30.19,29.45
531,30.19,29.45
632,30.19,29.45
497,30.19,29.45
681,30.19,29.45
306,30.19,29.45
290,30.19,29.45
376,30.19,29.45
625,30.19,29.45
517,30.19,29.45
688,30.19,29.45
438,30.19,29.45
516,30.19,29.45
866,30.19,29.45
551,30.19,29.45
526,30.19,29.45
265,30.19,29.45
444,30.19,29.45
848,30.19,29.45
412,30.19,29.45
458,30.19,29.45
420,30.19,29.45
555,30.19,29.45
643,30.19,29.45
790,30.19,29.45
766,30.19,29.45
669,30.19,29.45
678,30.19,29.45
343,30.19,29.45
540,30.19,29.45
752,30.19,29.45
592,30.19,29.45
439,30.23,29.45
460,30.23,29.45
744,30.23,29.45
646,30.23,29.45
487,30.23,29.45
459,30.23,29.45
642,30.23,29.45
740,30.23,29.45
553,30.23,29.45
130,30.23,29.45
400,30.23,29.45
747,30.23,29.45
372,30.23,29.45
508,30.23,29.45
721,30.23,29.45
863,30.23,29.45
415,30.23,29.45
893,30.23,29.45
469,30.23,29.45
822,30.23,29.45
345,30.23,29.45
240,30.23,29.45
737,30.23,29.45
689,30.23,29.45
652,30.23,29.51
254,30.23,29.51
208,30.23,29.51
587,30.23,29.51
337,30.23,29.51
132,30.23,29.51
601,30.23,29.51
560,30.23,29.51
726,30.23,29.51
141,30.23,29.51
882,30.23,29.51
752,30.23,29.51
260,30.23,29.51
575,30.23,29.51
379,30.23,29.51
520,30.23,29.51
648,30.23,29.51
785,30.23,29.51
517,30.23,29.51
893,30.23,29.51
613,30.23,29.51
894,30.23,29.51
298,30.23,29.51
574,30.23,29.51
529,30.23,29.51
267,30.23,29.51
519,30.23,29.51
496,30.23,29.51
642,30.23,29.51
419,30.23,29.51
318,30.23,29.51
522,30.23,29.51
593,30.23,29.51
406,30.23,29.51
567,30.23,29.51
426,30.23,29.51
691,30.23,29.51
194,30.23,29.51
577,30.23,29.51
465,30.23,29.51
459,30.23,29.51
455,30.23,29.51
491,30.23,29.51
854,30.23,29.51
514,30.23,29.51
654,30.23,29.51
474,30.23,29.51
332,30.23,29.51
410,30.23,29.51
564,30.23,29.51
253,30.23,29.51
831,30.23,29.51
286,30.23,29.51
614,30.23,29.51
735,30.23,29.51
407,30.23,29.51
677,30.23,29.51
516,30.23,29.51
498,30.23,29.51
399,30.23,29.51
648,30.23,29.63
392,30.23,29.63
796,30.23,29.63
266,30.23,29.63
531,30.23,29.63
533,30.23,29.63
689,30.23,29.63
573,30.23,29.63
472,30.23,29.63
223,30.23,29.63
617,30.23,29.63
315,30.23,29.63
287,30.23,29.63
683,30.23,29.63
241,30.23,29.63
895,30.23,29.63
129,30.23,29.63
775,30.23,29.63
489,30.23,29.63
539,30.23,29.63
411,30.23,29.63
380,30.23,29.63
670,30.23,29.63
390,30.23,29.63
507,30.23,29.63
593,30.23,29.63
600,30.23,29.63
558,30.23,29.63
598,30.23,29.63
407,30.23,29.63
652,30.23,29.63
371,30.23,29.63
808,30.23,29.63
462,30.23,29.63
895,30.23,29.63
434,30.23,29.63
350,30.19,29.63
251,30.19,29.63
634,30.19,29.63
557,30.19,29.63
324,30.19,29.63
637,30.19,29.63
128,30.19,29.63
357,30.19,29.63
431,30.19,29.63
313,30.19,29.63
272,30.19,29.63
442,30.19,29.63
646,30.19,29.63
262,30.19,29.63
400,30.19,29.63
676,30.19,29.63
442,30.19,29.63
540,30.19,29.63
400,30.19,29.63
352,30.19,29.63
791,30.19,29.63
216,30.19,29.63
891,30.19,29.63
348,30.19,29.37
128,30.19,29.37
581,30.19,29.37
654,30.19,29.37
532,30.19,29.37
411,30.19,29.37
742,30.19,29.37
892,30.19,29.37
688,30.19,29.37
403,30.19,29.37
573,30.19,29.37
675,30.19,29.37
585,30.19,29.37
498,30.19,29.37
486,30.19,29.37
464,30.19,29.37
751,30.19,29.37
129,30.19,29.37
445,30.19,29.37
130,30.19,29.37
228,30.19,29.37
792,30.19,29.37
265,30.19,29.37
718,30.19,29.37
383,30.19,29.37
584,30.19,29.37
407,30.19,29.37
574,30.19,29.37
604,30.19,29.37
470,30.19,29.37
627,30.19,29.37
486,30.19,29.37
326,30.19,29.37
625,30.19,29.37
376,30.19,29.37
418,30.19,29.37
787,30.23,29.37
423,30.23,29.37
425,30.23,29.37
205,30.23,29.37
678,30.23,29.37
523,30.23,29.37
685,30.23,29.37
494,30.23,29.37
848,30.23,29.37
582,30.23,29.37
353,30.23,29.37
582,30.23,29.37
504,30.23,29.37
370,30.23,29.37
818,30.23,29.37
698,30.23,29.37
238,30.23,29.37
131,30.23,29.37
442,30.23,29.37
225,30.23,29.37
558,30.23,29.37
717,30.23,29.37
494,30.23,29.37
319,30.23,29.37
184,30.23,29.51
753,30.23,29.51
396,30.23,29.51
296,30.23,29.51
562,30.23,29.51
174,30.23,29.51
528,30.23,29.51
429,30.23,29.51
215,30.23,29.51
881,30.23,29.51
322,30.23,29.51
462,30.23,29.51
571,30.23,29.51
227,30.23,29.51
617,30.23,29.51
463,30.23,29.51
450,30.23,29.51
523,30.23,29.51
834,30.23,29.51
492,30.23,29.51
737,30.23,29.51
693,30.23,29.51
392,30.23,29.51
767,30.23,29.51
361,30.23,29.51
453,30.23,29.51
286,30.23,29.51
731,30.23,29.51
481,30.23,29.51
472,30.23,29.51
426,30.23,29.51
783,30.23,29.51
553,30.23,29.51
381,30.23,29.51
727,30.23,29.51
305,30.23,29.51
501,30.19,29.51
807,30.19,29.51
187,30.19,29.51
488,30.19,29.51
847,30.19,29.51
136,30.19,29.51
863,30.19,29.51
132,30.19,29.51
653,30.19,29.51
543,30.19,29.51
335,30.19,29.51
847,30.19,29.51
486,30.19,29.51
450,30.19,29.51
521,30.19,29.51
720,30.19,29.51
469,30.19,29.51
741,30.19,29.51
730,30.19,29.51
547,30.19,29.51
130,30.19,29.51
524,30.19,29.51
179,30.19,29.51
672,30.19,29.51
189,30.19,29.45
379,30.19,29.45
694,30.19,29.45
129,30.19,29.45
581,30.19,29.45
378,30.19,29.45
458,30.19,29.45
550,30.19,29.45
800,30.19,29.45
637,30.19,29.45
309,30.19,29.45
135,30.19,29.45
842,30.19,29.45
428,30.19,29.45
768,30.19,29.45
461,30.19,29.45
834,30.19,29.45
751,30.19,29.45
490,30.19,29.45
436,30.19,29.45
253,30.19,29.45
464,30.19,29.45
515,30.19,29.45
457,30.19,29.45
458,30.19,29.45
774,30.19,29.45
202,30.19,29.45
818,30.19,29.45
578,30.19,29.45
412,30.19,29.45
854,30.19,29.45
454,30.19,29.45
535,30.19,29.45
354,30.19,29.45
374,30.19,29.45
684,30.19,29.45
304,30.23,29.45
350,30.23,29.45
558,30.23,29.45
255,30.23,29.45
893,30.23,29.45
540,30.23,29.45
362,30.23,29.45
407,30.23,29.45
513,30.23,29.45
407,30.23,29.45
217,30.23,29.45
818,30.23,29.45
241,30.23,29.45
752,30.23,29.45
340,30.23,29.45
680,30.23,29.45
506,30.23,29.45
305,30.23,29.45
323,30.23,29.45
756,30.23,29.45
184,30.23,29.45
619,30.23,29.45
508,30.23,29.45
345,30.23,29.31
620,30.23,29.31
216,30.23,29.31
859,30.23,29.31
330,30.23,29.31
821,30.23,29.31
482,30.23,29.31
372,30.23,29.31
129,30.23,29.31
760,30.23,29.31
275,30.23,29.31
396,30.23,29.31
461,30.23,29.31
334,30.23,29.31
368,30.23,29.31
799,30.23,29.31
508,30.23,29.31
494,30.23,29.31
547,30.23,29.31
253,30.23,29.31
675,30.23,29.31
128,30.23,29.31
685,30.23,29.31
596,30.23,29.31
825,30.23,29.31
737,30.23,29.31
695,30.23,29.31
139,30.23,29.31
566,30.23,29.31
749,30.23,29.31
575,30.23,29.31
555,30.23,29.31
479,30.23,29.31
656,30.23,29.31
682,30.23,29.31
278,30.23,29.31
338,30.23,29.31
511,30.23,29.31
129,30.23,29.31
548,30.23,29.31
