584,30.17,29.45
132,30.17,29.45
131,30.17,29.45
599,30.17,29.45
603,30.17,29.45
774,30.17,29.43
378,30.17,29.43
456,30.17,29.43
463,30.17,29.43
778,30.17,29.43
300,30.17,29.43
477,30.17,29.43
663,30.17,29.43
434,30.17,29.43
464,30.17,29.43
525,30.17,29.43
154,30.17,29.43
484,30.17,29.43
187,30.17,29.43
351,30.17,29.43
630,30.17,29.43
146,30.17,29.43
873,30.17,29.43
133,30.17,29.43
873,30.17,29.43
587,30.17,29.43
754,30.17,29.43
459,30.17,29.43
640,30.17,29.43
763,30.17,29.43
132,30.17,29.43
435,30.17,29.43
227,30.17,29.43
890,30.17,29.43
892,30.17,29.43
582,30.17,29.43
681,30.17,29.43
891,30.17,29.43
299,30.17,29.43
658,30.17,29.43
316,30.17,29.43
894,30.17,29.43
626,30.13,29.43
342,30.13,29.43
674,30.13,29.43
306,30.13,29.43
779,30.13,29.43
441,30.13,29.43
705,30.13,29.43
412,30.13,29.43
292,30.13,29.43
398,30.13,29.43
641,30.13,29.43
132,30.13,29.43
343,30.13,29.43
743,30.13,29.43
411,30.13,29.43
895,30.13,29.43
321,30.13,29.43
894,30.13,29.43
452,30.13,29.43
401,30.13,29.43
895,30.13,29.43
373,30.13,29.43
131,30.13,29.43
770,30.13,29.45
145,30.13,29.45
610,30.13,29.45
383,30.13,29.45
523,30.13,29.45
894,30.13,29.45
318,30.13,29.45
786,30.13,29.45
293,30.13,29.45
740,30.13,29.45
573,30.13,29.45
530,30.13,29.45
303,30.13,29.45
609,30.13,29.45
306,30.13,29.45
698,30.13,29.45
216,30.13,29.45
821,30.13,29.45
569,30.13,29.45
798,30.13,29.45
549,30.13,29.45
562,30.13,29.45
634,30.13,29.45
128,30.13,29.45
530,30.13,29.45
442,30.13,29.45
799,30.13,29.45
581,30.13,29.45
626,30.13,29.45
433,30.13,29.45
676,30.13,29.45
260,30.13,29.45
354,30.13,29.45
397,30.13,29.45
217,30.13,29.45
767,30.13,29.45
270,30.19,29.45
331,30.19,29.45
516,30.19,29.45
456,30.19,29.45
454,30.19,29.45
546,30.19,29.45
371,30.19,29.45
816,30.19,29.45
394,30.19,29.45
639,30.19,29.45
651,30.19,29.45
380,30.19,29.45
663,30.19,29.45
129,30.19,29.45
894,30.19,29.45
372,30.19,29.45
461,30.19,29.45
577,30.19,29.45
608,30.19,29.45
894,30.19,29.45
481,30.19,29.45
488,30.19,29.45
625,30.19,29.45
518,30.19,29.45
686,30.19,29.37
349,30.19,29.37
464,30.19,29.37
820,30.19,29.37
156,30.19,29.37
763,30.19,29.37
279,30.19,29.37
575,30.19,29.37
706,30.19,29.37
492,30.19,29.37
448,30.19,29.37
397,30.19,29.37
395,30.19,29.37
344,30.19,29.37
327,30.19,29.37
366,30.19,29.37
813,30.19,29.37
373,30.19,29.37
821,30.19,29.37
637,30.19,29.37
852,30.19,29.37
492,30.19,29.37
544,30.19,29.37
407,30.19,29.37
128,30.19,29.37
128,30.19,29.37
400,30.19,29.37
358,30.19,29.37
586,30.19,29.37
494,30.19,29.37
246,30.19,29.37
575,30.19,29.37
520,30.19,29.37
895,30.19,29.37
526,30.19,29.37
426,30.19,29.37
520,30.13,29.37
591,30.13,29.37
772,30.13,29.37
536,30.13,29.37
602,30.13,29.37
419,30.13,29.37
842,30.13,29.37
619,30.13,29.37
536,30.13,29.37
895,30.13,29.37
710,30.13,29.37
235,30.13,29.37
832,30.13,29.37
256,30.13,29.37
894,30.13,29.37
413,30.13,29.37
512,30.13,29.37
808,30.13,29.37
134,30.13,29.37
546,30.13,29.37
486,30.13,29.37
779,30.13,29.37
851,30.13,29.37
490,30.13,29.37
242,30.13,29.37
708,30.13,29.37
786,30.13,29.37
408,30.13,29.37
197,30.13,29.37
743,30.13,29.37
563,30.13,29.37
509,30.13,29.37
475,30.13,29.37
358,30.13,29.37
862,30.13,29.37
351,30.13,29.37
583,30.13,29.37
219,30.13,29.37
783,30.13,29.37
804,30.13,29.37
523,30.13,29.37
427,30.13,29.37
740,30.13,29.37
395,30.13,29.37
768,30.13,29.37
432,30.13,29.37
408,30.13,29.37
404,30.13,29.37
181,30.13,29.37
592,30.13,29.37
129,30.13,29.37
607,30.13,29.37
524,30.13,29.37
448,30.13,29.37
746,30.13,29.37
839,30.13,29.37
409,30.13,29.37
504,30.13,29.37
234,30.13,29.37
615,30.13,29.37
468,30.13,29.37
131,30.13,29.37
858,30.13,29.37
416,30.13,29.37
261,30.13,29.37
485,30.13,29.37
605,30.13,29.37
690,30.13,29.37
637,30.13,29.37
600,30.13,29.37
181,30.13,29.37
391,30.13,29.37
394,30.13,29.37
130,30.13,29.37
516,30.13,29.37
489,30.13,29.37
895,30.13,29.37
789,30.13,29.37
435,30.13,29.37
608,30.13,29.37
462,30.13,29.37
426,30.13,29.37
435,30.13,29.37
362,30.13,29.43
753,30.13,29.43
619,30.13,29.43
526,30.13,29.43
894,30.13,29.43
599,30.13,29.43
449,30.13,29.43
600,30.13,29.43
545,30.13,29.43
582,30.13,29.43
456,30.13,29.43
390,30.13,29.43
783,30.13,29.43
251,30.13,29.43
337,30.13,29.43
707,30.13,29.43
472,30.13,29.43
892,30.13,29.43
436,30.13,29.43
410,30.13,29.43
644,30.13,29.43
130,30.13,29.43
712,30.13,29.43
414,30.13,29.43
462,30.13,29.43
796,30.13,29.43
300,30.13,29.43
894,30.13,29.43
894,30.13,29.43
583,30.13,29.43
741,30.13,29.43
354,30.13,29.43
769,30.13,29.43
447,30.13,29.43
740,30.13,29.43
584,30.13,29.43
437,30.17,29.43
804,30.17,29.43
613,30.17,29.43
533,30.17,29.43
404,30.17,29.43
801,30.17,29.43
400,30.17,29.43
572,30.17,29.43
531,30.17,29.43
680,30.17,29.43
657,30.17,29.43
746,30.17,29.43
363,30.17,29.43
878,30.17,29.43
325,30.17,29.43
742,30.17,29.43
863,30.17,29.43
437,30.17,29.43
564,30.17,29.43
623,30.17,29.43
548,30.17,29.43
523,30.17,29.43
866,30.17,29.43
436,30.17,29.43
861,30.17,29.29
464,30.17,29.29
774,30.17,29.29
318,30.17,29.29
261,30.17,29.29
556,30.17,29.29
754,30.17,29.29
503,30.17,29.29
384,30.17,29.29
779,30.17,29.29
477,30.17,29.29
484,30.17,29.29
129,30.17,29.29
752,30.17,29.29
359,30.17,29.29
835,30.17,29.29
681,30.17,29.29
636,30.17,29.29
583,30.17,29.29
840,30.17,29.29
675,30.17,29.29
139,30.17,29.29
729,30.17,29.29
196,30.17,29.29
315,30.17,29.29
831,30.17,29.29
494,30.17,29.29
691,30.17,29.29
667,30.17,29.29
304,30.17,29.29
590,30.17,29.29
128,30.17,29.29
155,30.17,29.29
129,30.17,29.29
615,30.17,29.29
362,30.17,29.29
129,30.13,29.29
435,30.13,29.29
137,30.13,29.29
894,30.13,29.29
585,30.13,29.29
574,30.13,29.29
443,30.13,29.29
391,30.13,29.29
730,30.13,29.29
566,30.13,29.29
132,30.13,29.29
692,30.13,29.29
189,30.13,29.29
774,30.13,29.29
652,30.13,29.29
625,30.13,29.29
893,30.13,29.29
549,30.13,29.29
466,30.13,29.29
453,30.13,29.29
894,30.13,29.29
130,30.13,29.29
668,30.13,29.29
549,30.13,29.29
853,30.13,29.59
455,30.13,29.59
485,30.13,29.59
415,30.13,29.59
416,30.13,29.59
620,30.13,29.59
343,30.13,29.59
414,30.13,29.59
558,30.13,29.59
888,30.13,29.59
444,30.13,29.59
217,30.13,29.59
491,30.13,29.59
892,30.13,29.59
260,30.13,29.59
832,30.13,29.59
412,30.13,29.59
766,30.13,29.59
441,30.13,29.59
130,30.13,29.59
669,30.13,29.59
191,30.13,29.59
733,30.13,29.59
601,30.13,29.59
307,30.13,29.59
523,30.13,29.59
367,30.13,29.59
130,30.13,29.59
415,30.13,29.59
281,30.13,29.59
425,30.13,29.59
250,30.13,29.59
652,30.13,29.59
422,30.13,29.59
409,30.13,29.59
494,30.13,29.59
152,30.19,29.59
473,30.19,29.59
133,30.19,29.59
263,30.19,29.59
447,30.19,29.59
518,30.19,29.59
778,30.19,29.59
567,30.19,29.59
355,30.19,29.59
481,30.19,29.59
664,30.19,29.59
128,30.19,29.59
404,30.19,29.59
466,30.19,29.59
541,30.19,29.59
423,30.19,29.59
492,30.19,29.59
559,30.19,29.59
