134,29.85,28.99
395,29.85,28.99
744,29.85,28.99
297,29.85,28.99
667,29.85,28.99
452,29.85,28.99
493,29.85,28.99
648,29.85,28.99
387,29.85,28.99
360,29.85,28.99
513,29.85,28.99
346,29.85,28.99
894,29.85,28.99
574,29.85,28.99
653,29.85,28.99
892,29.85,28.99
529,29.85,28.99
637,29.85,28.99
548,29.85,28.99
317,29.85,28.99
860,29.85,28.99
190,29.85,28.99
607,29.85,29.05
634,29.85,29.05
361,29.85,29.05
769,29.85,29.05
328,29.85,29.05
628,29.85,29.05
576,29.85,29.05
408,29.85,29.05
533,29.85,29.05
506,29.85,29.05
893,29.85,29.05
151,29.85,29.05
454,29.85,29.05
663,29.85,29.05
599,29.85,29.05
471,29.85,29.05
883,29.85,29.05
363,29.85,29.05
574,29.85,29.05
334,29.85,29.05
195,29.85,29.05
541,29.85,29.05
432,29.85,29.05
894,29.85,29.05
798,29.85,29.05
584,29.85,29.05
436,29.85,29.05
796,29.85,29.05
166,29.85,29.05
782,29.85,29.05
278,29.85,29.05
278,29.85,29.05
613,29.85,29.05
589,29.85,29.05
740,29.85,29.05
569,29.85,29.05
499,29.85,29.05
362,29.85,29.05
708,29.85,29.05
131,29.85,29.05
445,29.85,29.05
136,29.85,29.05
559,29.85,29.05
425,29.85,29.05
368,29.85,29.05
252,29.85,29.05
503,29.85,29.05
745,29.85,29.05
485,29.85,29.05
792,29.85,29.05
317,29.85,29.05
688,29.85,29.05
371,29.85,29.05
484,29.85,29.05
402,29.85,29.05
403,29.85,29.05
646,29.85,29.05
803,29.85,29.05
540,29.85,29.05
413,29.85,29.05
849,29.85,29.11
476,29.85,29.11
602,29.85,29.11
250,29.85,29.11
563,29.85,29.11
474,29.85,29.11
238,29.85,29.11
692,29.85,29.11
517,29.85,29.11
663,29.85,29.11
347,29.85,29.11
445,29.85,29.11
572,29.85,29.11
497,29.85,29.11
378,29.85,29.11
559,29.85,29.11
300,29.85,29.11
893,29.85,29.11
202,29.85,29.11
554,29.85,29.11
503,29.85,29.11
583,29.85,29.11
688,29.85,29.11
205,29.85,29.11
892,29.85,29.11
525,29.85,29.11
799,29.85,29.11
349,29.85,29.11
344,29.85,29.11
643,29.85,29.11
795,29.85,29.11
390,29.85,29.11
596,29.85,29.11
153,29.85,29.11
416,29.85,29.11
512,29.85,29.11
585,29.81,29.11
725,29.81,29.11
190,29.81,29.11
893,29.81,29.11
578,29.81,29.11
770,29.81,29.11
376,29.81,29.11
523,29.81,29.11
175,29.81,29.11
674,29.81,29.11
130,29.81,29.11
714,29.81,29.11
548,29.81,29.11
130,29.81,29.11
699,29.81,29.11
191,29.81,29.11
130,29.81,29.11
225,29.81,29.11
488,29.81,29.11
510,29.81,29.11
509,29.81,29.11
496,29.81,29.11
892,29.81,29.11
344,29.81,29.11
611,29.81,28.99
131,29.81,28.99
480,29.81,28.99
199,29.81,28.99
280,29.81,28.99
892,29.81,28.99
130,29.81,28.99
831,29.81,28.99
577,29.81,28.99
456,29.81,28.99
137,29.81,28.99
250,29.81,28.99
535,29.81,28.99
516,29.81,28.99
573,29.81,28.99
415,29.81,28.99
463,29.81,28.99
616,29.81,28.99
709,29.81,28.99
137,29.81,28.99
651,29.81,28.99
131,29.81,28.99
625,29.81,28.99
491,29.81,28.99
770,29.81,28.99
131,29.81,28.99
608,29.81,28.99
385,29.81,28.99
315,29.81,28.99
550,29.81,28.99
328,29.81,28.99
579,29.81,28.99
158,29.81,28.99
696,29.81,28.99
247,29.81,28.99
592,29.81,28.99
490,29.85,28.99
484,29.85,28.99
716,29.85,28.99
643,29.85,28.99
231,29.85,28.99
528,29.85,28.99
847,29.85,28.99
425,29.85,28.99
568,29.85,28.99
131,29.85,28.99
746,29.85,28.99
623,29.85,28.99
812,29.85,28.99
151,29.85,28.99
860,29.85,28.99
557,29.85,28.99
604,29.85,28.99
470,29.85,28.99
135,29.85,28.99
645,29.85,28.99
131,29.85,28.99
224,29.85,28.99
130,29.85,28.99
132,29.85,28.99
398,29.85,29.05
379,29.85,29.05
578,29.85,29.05
522,29.85,29.05
492,29.85,29.05
609,29.85,29.05
409,29.85,29.05
599,29.85,29.05
661,29.85,29.05
275,29.85,29.05
331,29.85,29.05
764,29.85,29.05
751,29.85,29.05
132,29.85,29.05
839,29.85,29.05
435,29.85,29.05
128,29.85,29.05
277,29.85,29.05
130,29.85,29.05
608,29.85,29.05
309,29.85,29.05
531,29.85,29.05
451,29.85,29.05
484,29.85,29.05
751,29.85,29.05
598,29.85,29.05
567,29.85,29.05
282,29.85,29.05
448,29.85,29.05
642,29.85,29.05
475,29.85,29.05
432,29.85,29.05
229,29.85,29.05
835,29.85,29.05
488,29.85,29.05
540,29.85,29.05
879,29.81,29.05
226,29.81,29.05
713,29.81,29.05
234,29.81,29.05
483,29.81,29.05
484,29.81,29.05
181,29.81,29.05
553,29.81,29.05
137,29.81,29.05
665,29.81,29.05
526,29.81,29.05
411,29.81,29.05
544,29.81,29.05
424,29.81,29.05
658,29.81,29.05
458,29.81,29.05
467,29.81,29.05
725,29.81,29.05
259,29.81,29.05
349,29.81,29.05
298,29.81,29.05
721,29.81,29.05
671,29.81,29.05
538,29.81,29.05
561,29.81,29.05
130,29.81,29.05
890,29.81,29.05
519,29.81,29.05
449,29.81,29.05
530,29.81,29.05
388,29.81,29.05
893,29.81,29.05
232,29.81,29.05
432,29.81,29.05
782,29.81,29.05
132,29.81,29.05
826,29.81,29.05
402,29.81,29.05
461,29.81,29.05
856,29.81,29.05
130,29.81,29.05
783,29.81,29.05
549,29.81,29.05
618,29.81,29.05
773,29.81,29.05
355,29.81,29.05
566,29.81,29.05
479,29.81,29.05
394,29.81,29.05
234,29.81,29.05
402,29.81,29.05
640,29.81,29.05
727,29.81,29.05
358,29.81,29.05
757,29.81,29.05
850,29.81,29.05
294,29.81,29.05
669,29.81,29.05
603,29.81,29.05
647,29.81,29.05
715,29.85,29.05
499,29.85,29.05
858,29.85,29.05
251,29.85,29.05
709,29.85,29.05
564,29.85,29.05
684,29.85,29.05
639,29.85,29.05
319,29.85,29.05
893,29.85,29.05
235,29.85,29.05
555,29.85,29.05
730,29.85,29.05
449,29.85,29.05
585,29.85,29.05
275,29.85,29.05
633,29.85,29.05
749,29.85,29.05
131,29.85,29.05
709,29.85,29.05
791,29.85,29.05
578,29.85,29.05
735,29.85,29.05
581,29.85,29.15
884,29.85,29.15
369,29.85,29.15
591,29.85,29.15
713,29.85,29.15
413,29.85,29.15
772,29.85,29.15
711,29.85,29.15
397,29.85,29.15
595,29.85,29.15
660,29.85,29.15
479,29.85,29.15
385,29.85,29.15
351,29.85,29.15
353,29.85,29.15
706,29.85,29.15
508,29.85,29.15
365,29.85,29.15
449,29.85,29.15
592,29.85,29.15
221,29.85,29.15
743,29.85,29.15
499,29.85,29.15
514,29.85,29.15
248,29.85,29.15
790,29.85,29.15
460,29.85,29.15
390,29.85,29.15
538,29.85,29.15
454,29.85,29.15
379,29.85,29.15
478,29.85,29.15
490,29.85,29.15
559,29.85,29.15
719,29.85,29.15
381,29.85,29.15
692,29.85,29.15
545,29.83,29.15
735,29.83,29.15
639,29.83,29.15
647,29.83,29.15
360,29.83,29.15
498,29.83,29.15
130,29.83,29.15
363,29.83,29.15
559,29.83,29.15
527,29.83,29.15
892,29.83,29.15
793,29.83,29.15
765,29.83,29.15
592,29.83,29.15
814,29.83,29.15
261,29.83,29.15
717,29.83,29.15
495,29.83,29.15
724,29.83,29.15
621,29.83,29.15
367,29.83,29.15
838,29.83,29.15
563,29.83,29.15
667,29.83,29.03
352,29.83,29.03
199,29.83,29.03
625,29.83,29.03
613,29.83,29.03
395,29.83,29.03
894,29.83,29.03
799,29.83,29.03
680,29.83,29.03
573,29.83,29.03
351,29.83,29.03
395,29.83,29.03
439,29.83,29.03
649,29.83,29.03
568,29.83,29.03
660,29.83,29.03
266,29.83,29.03
645,29.83,29.03
393,29.83,29.03
547,29.83,29.03
192,29.83,29.03
352,29.83,29.03
329,29.83,29.03
354,29.83,29.03
839,29.83,29.03
129,29.83,29.03
640,29.83,29.03
757,29.83,29.03
653,29.83,29.03
649,29.83,29.03
862,29.83,29.03
685,29.83,29.03
645,29.83,29.03
438,29.83,29.03
335,29.83,29.03
280,29.83,29.03
681,29.85,29.03
423,29.85,29.03
