774,30.19,29.37
128,30.19,29.37
131,30.19,29.37
352,30.19,29.37
735,30.19,29.37
786,30.19,29.37
891,30.19,29.37
763,30.19,29.37
132,30.23,29.37
648,30.23,29.37
578,30.23,29.37
798,30.23,29.37
471,30.23,29.37
430,30.23,29.37
482,30.23,29.37
686,30.23,29.37
480,30.23,29.37
694,30.23,29.37
339,30.23,29.37
325,30.23,29.37
386,30.23,29.37
206,30.23,29.37
383,30.23,29.37
590,30.23,29.37
770,30.23,29.37
348,30.23,29.37
515,30.23,29.37
243,30.23,29.37
892,30.23,29.37
508,30.23,29.37
712,30.23,29.37
379,30.23,29.37
502,30.23,29.51
563,30.23,29.51
534,30.23,29.51
688,30.23,29.51
486,30.23,29.51
482,30.23,29.51
641,30.23,29.51
891,30.23,29.51
457,30.23,29.51
599,30.23,29.51
194,30.23,29.51
709,30.23,29.51
592,30.23,29.51
796,30.23,29.51
603,30.23,29.51
533,30.23,29.51
589,30.23,29.51
658,30.23,29.51
789,30.23,29.51
476,30.23,29.51
599,30.23,29.51
610,30.23,29.51
811,30.23,29.51
549,30.23,29.51
644,30.23,29.51
472,30.23,29.51
671,30.23,29.51
391,30.23,29.51
486,30.23,29.51
594,30.23,29.51
415,30.23,29.51
553,30.23,29.51
629,30.23,29.51
563,30.23,29.51
544,30.23,29.51
475,30.23,29.51
447,30.21,29.51
750,30.21,29.51
212,30.21,29.51
457,30.21,29.51
475,30.21,29.51
368,30.21,29.51
263,30.21,29.51
326,30.21,29.51
551,30.21,29.51
503,30.21,29.51
370,30.21,29.51
571,30.21,29.51
133,30.21,29.51
892,30.21,29.51
463,30.21,29.51
465,30.21,29.51
445,30.21,29.51
409,30.21,29.51
720,30.21,29.51
709,30.21,29.51
736,30.21,29.51
550,30.21,29.51
722,30.21,29.51
557,30.21,29.45
723,30.21,29.45
361,30.21,29.45
482,30.21,29.45
676,30.21,29.45
811,30.21,29.45
621,30.21,29.45
266,30.21,29.45
700,30.21,29.45
684,30.21,29.45
408,30.21,29.45
484,30.21,29.45
285,30.21,29.45
676,30.21,29.45
759,30.21,29.45
561,30.21,29.45
217,30.21,29.45
387,30.21,29.45
439,30.21,29.45
448,30.21,29.45
496,30.21,29.45
314,30.21,29.45
399,30.21,29.45
733,30.21,29.45
660,30.21,29.45
493,30.21,29.45
586,30.21,29.45
320,30.21,29.45
528,30.21,29.45
180,30.21,29.45
511,30.21,29.45
645,30.21,29.45
424,30.21,29.45
741,30.21,29.45
837,30.21,29.45
471,30.21,29.45
525,30.23,29.45
841,30.23,29.45
582,30.23,29.45
319,30.23,29.45
620,30.23,29.45
725,30.23,29.45
543,30.23,29.45
412,30.23,29.45
644,30.23,29.45
298,30.23,29.45
467,30.23,29.45
881,30.23,29.45
494,30.23,29.45
131,30.23,29.45
419,30.23,29.45
575,30.23,29.45
345,30.23,29.45
203,30.23,29.45
877,30.23,29.45
790,30.23,29.45
366,30.23,29.45
787,30.23,29.45
297,30.23,29.45
642,30.23,29.45
443,30.23,29.49
577,30.23,29.49
613,30.23,29.49
664,30.23,29.49
722,30.23,29.49
440,30.23,29.49
685,30.23,29.49
815,30.23,29.49
739,30.23,29.49
161,30.23,29.49
531,30.23,29.49
381,30.23,29.49
785,30.23,29.49
509,30.23,29.49
742,30.23,29.49
531,30.23,29.49
591,30.23,29.49
435,30.23,29.49
290,30.23,29.49
678,30.23,29.49
283,30.23,29.49
483,30.23,29.49
327,30.23,29.49
272,30.23,29.49
475,30.23,29.49
488,30.23,29.49
544,30.23,29.49
720,30.23,29.49
438,30.23,29.49
652,30.23,29.49
506,30.23,29.49
653,30.23,29.49
739,30.23,29.49
246,30.23,29.49
547,30.23,29.49
662,30.23,29.49
838,30.23,29.49
432,30.23,29.49
698,30.23,29.49
223,30.23,29.49
398,30.23,29.49
310,30.23,29.49
391,30.23,29.49
356,30.23,29.49
207,30.23,29.49
799,30.23,29.49
460,30.23,29.49
613,30.23,29.49
537,30.23,29.49
531,30.23,29.49
556,30.23,29.49
577,30.23,29.49
360,30.23,29.49
368,30.23,29.49
222,30.23,29.49
789,30.23,29.49
266,30.23,29.49
479,30.23,29.49
391,30.23,29.49
514,30.23,29.49
851,30.23,29.43
221,30.23,29.43
712,30.23,29.43
427,30.23,29.43
585,30.23,29.43
143,30.23,29.43
635,30.23,29.43
424,30.23,29.43
246,30.23,29.43
361,30.23,29.43
459,30.23,29.43
508,30.23,29.43
603,30.23,29.43
343,30.23,29.43
341,30.23,29.43
806,30.23,29.43
202,30.23,29.43
631,30.23,29.43
290,30.23,29.43
630,30.23,29.43
288,30.23,29.43
879,30.23,29.43
159,30.23,29.43
894,30.23,29.43
448,30.23,29.43
496,30.23,29.43
365,30.23,29.43
241,30.23,29.43
524,30.23,29.43
279,30.23,29.43
562,30.23,29.43
401,30.23,29.43
512,30.23,29.43
569,30.23,29.43
651,30.23,29.43
412,30.23,29.43
894,30.21,29.43
535,30.21,29.43
652,30.21,29.43
562,30.21,29.43
227,30.21,29.43
851,30.21,29.43
130,30.21,29.43
614,30.21,29.43
430,30.21,29.43
406,30.21,29.43
289,30.21,29.43
447,30.21,29.43
530,30.21,29.43
763,30.21,29.43
720,30.21,29.43
336,30.21,29.43
504,30.21,29.43
471,30.21,29.43
509,30.21,29.43
158,30.21,29.43
507,30.21,29.43
704,30.21,29.43
555,30.21,29.43
212,30.21,29.49
568,30.21,29.49
462,30.21,29.49
717,30.21,29.49
545,30.21,29.49
489,30.21,29.49
442,30.21,29.49
486,30.21,29.49
867,30.21,29.49
286,30.21,29.49
633,30.21,29.49
465,30.21,29.49
777,30.21,29.49
348,30.21,29.49
312,30.21,29.49
710,30.21,29.49
129,30.21,29.49
479,30.21,29.49
596,30.21,29.49
345,30.21,29.49
679,30.21,29.49
349,30.21,29.49
359,30.21,29.49
580,30.21,29.49
246,30.21,29.49
503,30.21,29.49
133,30.21,29.49
649,30.21,29.49
545,30.21,29.49
615,30.21,29.49
804,30.21,29.49
728,30.21,29.49
735,30.21,29.49
442,30.21,29.49
761,30.21,29.49
581,30.21,29.49
128,30.21,29.49
291,30.21,29.49
390,30.21,29.49
494,30.21,29.49
405,30.21,29.49
528,30.21,29.49
525,30.21,29.49
213,30.21,29.49
716,30.21,29.49
280,30.21,29.49
427,30.21,29.49
517,30.21,29.49
647,30.21,29.49
752,30.21,29.49
259,30.21,29.49
449,30.21,29.49
279,30.21,29.49
659,30.21,29.49
435,30.21,29.49
195,30.21,29.49
592,30.21,29.49
596,30.21,29.49
579,30.21,29.49
416,30.21,29.49
131,30.21,29.69
441,30.21,29.69
580,30.21,29.69
186,30.21,29.69
556,30.21,29.69
332,30.21,29.69
478,30.21,29.69
594,30.21,29.69
572,30.21,29.69
503,30.21,29.69
892,30.21,29.69
583,30.21,29.69
296,30.21,29.69
582,30.21,29.69
355,30.21,29.69
570,30.21,29.69
325,30.21,29.69
663,30.21,29.69
210,30.21,29.69
576,30.21,29.69
595,30.21,29.69
732,30.21,29.69
726,30.21,29.69
340,30.21,29.69
299,30.21,29.69
653,30.21,29.69
242,30.21,29.69
632,30.21,29.69
129,30.21,29.69
620,30.21,29.69
797,30.21,29.69
511,30.21,29.69
638,30.21,29.69
203,30.21,29.69
256,30.21,29.69
813,30.21,29.69
374,30.25,29.69
488,30.25,29.69
556,30.25,29.69
569,30.25,29.69
435,30.25,29.69
380,30.25,29.69
790,30.25,29.69
602,30.25,29.69
761,30.25,29.69
511,30.25,29.69
614,30.25,29.69
130,30.25,29.69
187,30.25,29.69
835,30.25,29.69
129,30.25,29.69
476,30.25,29.69
485,30.25,29.69
461,30.25,29.69
690,30.25,29.69
510,30.25,29.69
770,30.25,29.69
654,30.25,29.69
343,30.25,29.69
490,30.25,29.69
221,30.25,29.31
455,30.25,29.31
531,30.25,29.31
850,30.25,29.31
482,30.25,29.31
808,30.25,29.31
388,30.25,29.31
352,30.25,29.31
860,30.25,29.31
320,30.25,29.31
646,30.25,29.31
318,30.25,29.31
471,30.25,29.31
684,30.25,29.31
416,30.25,29.31
483,30.25,29.31
580,30.25,29.31
179,30.25,29.31
574,30.25,29.31
521,30.25,29.31
727,30.25,29.31
493,30.25,29.31
893,30.25,29.31
559,30.25,29.31
445,30.25,29.31
869,30.25,29.31
129,30.25,29.31
726,30.25,29.31
407,30.25,29.31
