229,30.35,29.75
594,30.35,29.75
132,30.35,29.75
347,30.35,29.75
481,30.35,29.75
458,30.35,29.75
749,30.35,29.75
615,30.35,29.75
505,30.35,29.75
447,30.35,29.75
406,30.35,29.75
396,30.35,29.75
659,30.35,29.75
467,30.35,29.75
481,30.35,29.75
219,30.35,29.75
882,30.35,29.75
357,30.35,29.75
162,30.35,29.75
536,30.35,29.75
571,30.35,29.75
620,30.35,29.75
132,30.41,29.75
431,30.41,29.75
370,30.41,29.75
252,30.41,29.75
338,30.41,29.75
367,30.41,29.75
251,30.41,29.75
893,30.41,29.75
658,30.41,29.75
894,30.41,29.75
366,30.41,29.75
582,30.41,29.75
562,30.41,29.75
190,30.41,29.75
678,30.41,29.75
306,30.41,29.75
602,30.41,29.75
433,30.41,29.75
526,30.41,29.75
680,30.41,29.75
269,30.41,29.75
710,30.41,29.75
834,30.41,29.75
325,30.41,29.75
561,30.41,29.63
190,30.41,29.63
564,30.41,29.63
130,30.41,29.63
454,30.41,29.63
429,30.41,29.63
228,30.41,29.63
874,30.41,29.63
568,30.41,29.63
588,30.41,29.63
503,30.41,29.63
621,30.41,29.63
300,30.41,29.63
762,30.41,29.63
131,30.41,29.63
626,30.41,29.63
648,30.41,29.63
685,30.41,29.63
689,30.41,29.63
340,30.41,29.63
493,30.41,29.63
538,30.41,29.63
575,30.41,29.63
518,30.41,29.63
723,30.41,29.63
561,30.41,29.63
454,30.41,29.63
545,30.41,29.63
890,30.41,29.63
270,30.41,29.63
666,30.41,29.63
549,30.41,29.63
491,30.41,29.63
867,30.41,29.63
238,30.41,29.63
492,30.41,29.63
420,30.39,29.63
707,30.39,29.63
716,30.39,29.63
573,30.39,29.63
666,30.39,29.63
738,30.39,29.63
484,30.39,29.63
685,30.39,29.63
298,30.39,29.63
895,30.39,29.63
478,30.39,29.63
612,30.39,29.63
513,30.39,29.63
128,30.39,29.63
694,30.39,29.63
299,30.39,29.63
478,30.39,29.63
250,30.39,29.63
616,30.39,29.63
355,30.39,29.63
576,30.39,29.63
506,30.39,29.63
669,30.39,29.63
320,30.39,29.75
825,30.39,29.75
419,30.39,29.75
438,30.39,29.75
769,30.39,29.75
275,30.39,29.75
619,30.39,29.75
364,30.39,29.75
570,30.39,29.75
442,30.39,29.75
825,30.39,29.75
347,30.39,29.75
829,30.39,29.75
129,30.39,29.75
463,30.39,29.75
671,30.39,29.75
129,30.39,29.75
423,30.39,29.75
433,30.39,29.75
591,30.39,29.75
527,30.39,29.75
242,30.39,29.75
362,30.39,29.75
558,30.39,29.75
287,30.39,29.75
718,30.39,29.75
205,30.39,29.75
396,30.39,29.75
129,30.39,29.75
410,30.39,29.75
342,30.39,29.75
345,30.39,29.75
389,30.39,29.75
335,30.39,29.75
696,30.39,29.75
383,30.39,29.75
477,30.35,29.75
300,30.35,29.75
385,30.35,29.75
494,30.35,29.75
624,30.35,29.75
518,30.35,29.75
587,30.35,29.75
627,30.35,29.75
712,30.35,29.75
641,30.35,29.75
666,30.35,29.75
529,30.35,29.75
609,30.35,29.75
354,30.35,29.75
326,30.35,29.75
894,30.35,29.75
417,30.35,29.75
678,30.35,29.75
305,30.35,29.75
428,30.35,29.75
837,30.35,29.75
129,30.35,29.75
455,30.35,29.75
169,30.35,29.75
818,30.35,29.51
795,30.35,29.51
443,30.35,29.51
828,30.35,29.51
780,30.35,29.51
407,30.35,29.51
424,30.35,29.51
391,30.35,29.51
862,30.35,29.51
685,30.35,29.51
671,30.35,29.51
840,30.35,29.51
688,30.35,29.51
472,30.35,29.51
134,30.35,29.51
527,30.35,29.51
261,30.35,29.51
355,30.35,29.51
304,30.35,29.51
190,30.35,29.51
716,30.35,29.51
582,30.35,29.51
608,30.35,29.51
488,30.35,29.51
520,30.35,29.51
763,30.35,29.51
601,30.35,29.51
483,30.35,29.51
582,30.35,29.51
581,30.35,29.51
396,30.35,29.51
302,30.35,29.51
701,30.35,29.51
257,30.35,29.51
566,30.35,29.51
163,30.35,29.51
278,30.39,29.51
316,30.39,29.51
413,30.39,29.51
185,30.39,29.51
426,30.39,29.51
494,30.39,29.51
761,30.39,29.51
160,30.39,29.51
894,30.39,29.51
557,30.39,29.51
847,30.39,29.51
157,30.39,29.51
322,30.39,29.51
810,30.39,29.51
564,30.39,29.51
852,30.39,29.51
603,30.39,29.51
310,30.39,29.51
617,30.39,29.51
532,30.39,29.51
470,30.39,29.51
723,30.39,29.51
578,30.39,29.51
618,30.39,29.51
370,30.39,29.65
187,30.39,29.65
537,30.39,29.65
573,30.39,29.65
546,30.39,29.65
577,30.39,29.65
447,30.39,29.65
487,30.39,29.65
483,30.39,29.65
513,30.39,29.65
580,30.39,29.65
462,30.39,29.65
505,30.39,29.65
313,30.39,29.65
485,30.39,29.65
413,30.39,29.65
358,30.39,29.65
515,30.39,29.65
321,30.39,29.65
480,30.39,29.65
552,30.39,29.65
411,30.39,29.65
719,30.39,29.65
507,30.39,29.65
502,30.39,29.65
713,30.39,29.65
217,30.39,29.65
893,30.39,29.65
363,30.39,29.65
395,30.39,29.65
729,30.39,29.65
499,30.39,29.65
561,30.39,29.65
135,30.39,29.65
759,30.39,29.65
752,30.39,29.65
620,30.35,29.65
422,30.35,29.65
436,30.35,29.65
285,30.35,29.65
893,30.35,29.65
411,30.35,29.65
473,30.35,29.65
389,30.35,29.65
593,30.35,29.65
550,30.35,29.65
403,30.35,29.65
439,30.35,29.65
382,30.35,29.65
608,30.35,29.65
223,30.35,29.65
892,30.35,29.65
140,30.35,29.65
895,30.35,29.65
132,30.35,29.65
372,30.35,29.65
395,30.35,29.65
193,30.35,29.65
327,30.35,29.65
387,30.35,29.63
708,30.35,29.63
588,30.35,29.63
643,30.35,29.63
404,30.35,29.63
728,30.35,29.63
266,30.35,29.63
662,30.35,29.63
467,30.35,29.63
894,30.35,29.63
543,30.35,29.63
700,30.35,29.63
332,30.35,29.63
389,30.35,29.63
628,30.35,29.63
349,30.35,29.63
593,30.35,29.63
255,30.35,29.63
568,30.35,29.63
725,30.35,29.63
668,30.35,29.63
678,30.35,29.63
775,30.35,29.63
739,30.35,29.63
559,30.35,29.63
585,30.35,29.63
352,30.35,29.63
608,30.35,29.63
428,30.35,29.63
694,30.35,29.63
774,30.35,29.63
714,30.35,29.63
500,30.35,29.63
896,30.35,29.63
428,30.35,29.63
825,30.35,29.63
439,30.41,29.63
594,30.41,29.63
655,30.41,29.63
151,30.41,29.63
729,30.41,29.63
129,30.41,29.63
531,30.41,29.63
399,30.41,29.63
565,30.41,29.63
805,30.41,29.63
247,30.41,29.63
354,30.41,29.63
774,30.41,29.63
260,30.41,29.63
554,30.41,29.63
709,30.41,29.63
757,30.41,29.63
531,30.41,29.63
284,30.41,29.63
620,30.41,29.63
128,30.41,29.63
774,30.41,29.63
281,30.41,29.63
800,30.41,29.63
464,30.41,29.79
353,30.41,29.79
648,30.41,29.79
773,30.41,29.79
695,30.41,29.79
588,30.41,29.79
210,30.41,29.79
586,30.41,29.79
689,30.41,29.79
580,30.41,29.79
886,30.41,29.79
674,30.41,29.79
455,30.41,29.79
588,30.41,29.79
480,30.41,29.79
169,30.41,29.79
890,30.41,29.79
375,30.41,29.79
895,30.41,29.79
582,30.41,29.79
460,30.41,29.79
865,30.41,29.79
131,30.41,29.79
893,30.41,29.79
633,30.41,29.79
284,30.41,29.79
638,30.41,29.79
576,30.41,29.79
451,30.41,29.79
224,30.41,29.79
359,30.41,29.79
812,30.41,29.79
705,30.41,29.79
538,30.41,29.79
516,30.41,29.79
707,30.41,29.79
306,30.35,29.79
374,30.35,29.79
321,30.35,29.79
179,30.35,29.79
812,30.35,29.79
633,30.35,29.79
459,30.35,29.79
342,30.35,29.79
413,30.35,29.79
389,30.35,29.79
589,30.35,29.79
459,30.35,29.79
375,30.35,29.79
359,30.35,29.79
128,30.35,29.79
566,30.35,29.79
641,30.35,29.79
484,30.35,29.79
833,30.35,29.79
691,30.35,29.79
667,30.35,29.79
727,30.35,29.79
328,30.35,29.79
867,30.35,29.79
434,30.35,29.57
726,30.35,29.57
579,30.35,29.57
154,30.35,29.57
524,30.35,29.57
659,30.35,29.57
683,30.35,29.57
479,30.35,29.57
473,30.35,29.57
758,30.35,29.57
299,30.35,29.57
610,30.35,29.57
550,30.35,29.57
352,30.35,29.57
895,30.35,29.57
