469,30.35,29.49
626,30.35,29.49
338,30.35,29.49
263,30.35,29.49
681,30.35,29.49
431,30.35,29.49
365,30.35,29.49
336,30.35,29.49
217,30.35,29.49
864,30.35,29.49
517,30.35,29.49
622,30.35,29.49
682,30.35,29.49
184,30.35,29.49
736,30.35,29.49
215,30.35,29.49
489,30.35,29.49
327,30.35,29.49
511,30.35,29.49
307,30.35,29.49
669,30.35,29.49
367,30.35,29.59
783,30.35,29.59
414,30.35,29.59
605,30.35,29.59
713,30.35,29.59
489,30.35,29.59
675,30.35,29.59
414,30.35,29.59
892,30.35,29.59
431,30.35,29.59
512,30.35,29.59
406,30.35,29.59
484,30.35,29.59
463,30.35,29.59
710,30.35,29.59
206,30.35,29.59
666,30.35,29.59
456,30.35,29.59
264,30.35,29.59
570,30.35,29.59
131,30.35,29.59
458,30.35,29.59
464,30.35,29.59
638,30.35,29.59
542,30.35,29.59
705,30.35,29.59
337,30.35,29.59
751,30.35,29.59
261,30.35,29.59
627,30.35,29.59
384,30.35,29.59
523,30.35,29.59
749,30.35,29.59
464,30.35,29.59
829,30.35,29.59
530,30.35,29.59
310,30.33,29.59
743,30.33,29.59
131,30.33,29.59
195,30.33,29.59
224,30.33,29.59
269,30.33,29.59
382,30.33,29.59
474,30.33,29.59
746,30.33,29.59
251,30.33,29.59
756,30.33,29.59
685,30.33,29.59
285,30.33,29.59
893,30.33,29.59
168,30.33,29.59
790,30.33,29.59
553,30.33,29.59
187,30.33,29.59
473,30.33,29.59
679,30.33,29.59
869,30.33,29.59
828,30.33,29.59
647,30.33,29.59
892,30.33,29.59
640,30.33,29.59
547,30.33,29.59
500,30.33,29.59
441,30.33,29.59
206,30.33,29.59
522,30.33,29.59
728,30.33,29.59
464,30.33,29.59
620,30.33,29.59
443,30.33,29.59
578,30.33,29.59
387,30.33,29.59
304,30.33,29.59
428,30.33,29.59
522,30.33,29.59
432,30.33,29.59
784,30.33,29.59
565,30.33,29.59
242,30.33,29.59
698,30.33,29.59
892,30.33,29.59
293,30.33,29.59
362,30.33,29.59
617,30.33,29.59
551,30.33,29.59
707,30.33,29.59
194,30.33,29.59
566,30.33,29.59
376,30.33,29.59
333,30.33,29.59
674,30.33,29.59
585,30.33,29.59
361,30.33,29.59
327,30.33,29.59
401,30.33,29.59
515,30.33,29.59
152,30.39,29.59
579,30.39,29.59
598,30.39,29.59
767,30.39,29.59
558,30.39,29.59
543,30.39,29.59
527,30.39,29.59
261,30.39,29.59
708,30.39,29.59
128,30.39,29.59
130,30.39,29.59
412,30.39,29.59
473,30.39,29.59
890,30.39,29.59
502,30.39,29.59
184,30.39,29.59
687,30.39,29.59
535,30.39,29.59
610,30.39,29.59
478,30.39,29.59
510,30.39,29.59
656,30.39,29.59
131,30.39,29.59
766,30.39,29.59
131,30.39,29.51
894,30.39,29.51
607,30.39,29.51
626,30.39,29.51
559,30.39,29.51
311,30.39,29.51
469,30.39,29.51
327,30.39,29.51
596,30.39,29.51
132,30.39,29.51
537,30.39,29.51
318,30.39,29.51
671,30.39,29.51
423,30.39,29.51
553,30.39,29.51
377,30.39,29.51
710,30.39,29.51
536,30.39,29.51
892,30.39,29.51
580,30.39,29.51
470,30.39,29.51
649,30.39,29.51
193,30.39,29.51
828,30.39,29.51
296,30.39,29.51
868,30.39,29.51
244,30.39,29.51
790,30.39,29.51
374,30.39,29.51
695,30.39,29.51
749,30.39,29.51
467,30.39,29.51
651,30.39,29.51
271,30.39,29.51
595,30.39,29.51
468,30.39,29.51
266,30.33,29.51
566,30.33,29.51
644,30.33,29.51
434,30.33,29.51
803,30.33,29.51
129,30.33,29.51
894,30.33,29.51
548,30.33,29.51
429,30.33,29.51
527,30.33,29.51
323,30.33,29.51
628,30.33,29.51
535,30.33,29.51
709,30.33,29.51
592,30.33,29.51
689,30.33,29.51
202,30.33,29.51
379,30.33,29.51
476,30.33,29.51
756,30.33,29.51
472,30.33,29.51
893,30.33,29.51
461,30.33,29.51
735,30.33,29.69
463,30.33,29.69
361,30.33,29.69
769,30.33,29.69
235,30.33,29.69
488,30.33,29.69
548,30.33,29.69
676,30.33,29.69
690,30.33,29.69
683,30.33,29.69
136,30.33,29.69
644,30.33,29.69
650,30.33,29.69
619,30.33,29.69
697,30.33,29.69
761,30.33,29.69
821,30.33,29.69
698,30.33,29.69
290,30.33,29.69
652,30.33,29.69
157,30.33,29.69
166,30.33,29.69
631,30.33,29.69
128,30.33,29.69
752,30.33,29.69
362,30.33,29.69
513,30.33,29.69
690,30.33,29.69
412,30.33,29.69
810,30.33,29.69
417,30.33,29.69
692,30.33,29.69
135,30.33,29.69
616,30.33,29.69
375,30.33,29.69
371,30.33,29.69
439,30.39,29.69
569,30.39,29.69
738,30.39,29.69
583,30.39,29.69
670,30.39,29.69
841,30.39,29.69
230,30.39,29.69
389,30.39,29.69
594,30.39,29.69
128,30.39,29.69
490,30.39,29.69
128,30.39,29.69
741,30.39,29.69
450,30.39,29.69
733,30.39,29.69
705,30.39,29.69
385,30.39,29.69
711,30.39,29.69
505,30.39,29.69
427,30.39,29.69
503,30.39,29.69
458,30.39,29.69
301,30.39,29.69
655,30.39,29.69
490,30.39,29.65
495,30.39,29.65
618,30.39,29.65
650,30.39,29.65
437,30.39,29.65
386,30.39,29.65
310,30.39,29.65
531,30.39,29.65
276,30.39,29.65
331,30.39,29.65
583,30.39,29.65
128,30.39,29.65
870,30.39,29.65
422,30.39,29.65
821,30.39,29.65
585,30.39,29.65
506,30.39,29.65
391,30.39,29.65
500,30.39,29.65
494,30.39,29.65
634,30.39,29.65
596,30.39,29.65
130,30.39,29.65
855,30.39,29.65
541,30.39,29.65
304,30.39,29.65
603,30.39,29.65
817,30.39,29.65
575,30.39,29.65
649,30.39,29.65
490,30.39,29.65
765,30.39,29.65
395,30.39,29.65
525,30.39,29.65
131,30.39,29.65
477,30.39,29.65
895,30.39,29.65
455,30.39,29.65
699,30.39,29.65
131,30.39,29.65
464,30.39,29.65
345,30.39,29.65
461,30.39,29.65
593,30.39,29.65
742,30.39,29.65
641,30.39,29.65
630,30.39,29.65
602,30.39,29.65
717,30.39,29.65
601,30.39,29.65
617,30.39,29.65
239,30.39,29.65
299,30.39,29.65
718,30.39,29.65
132,30.39,29.65
721,30.39,29.65
536,30.39,29.65
526,30.39,29.65
589,30.39,29.65
132,30.39,29.65
600,30.39,29.51
615,30.39,29.51
480,30.39,29.51
577,30.39,29.51
545,30.39,29.51
683,30.39,29.51
357,30.39,29.51
585,30.39,29.51
656,30.39,29.51
596,30.39,29.51
406,30.39,29.51
421,30.39,29.51
794,30.39,29.51
748,30.39,29.51
688,30.39,29.51
473,30.39,29.51
317,30.39,29.51
350,30.39,29.51
600,30.39,29.51
289,30.39,29.51
382,30.39,29.51
140,30.39,29.51
637,30.39,29.51
659,30.39,29.51
372,30.39,29.51
323,30.39,29.51
615,30.39,29.51
307,30.39,29.51
340,30.39,29.51
695,30.39,29.51
251,30.39,29.51
512,30.39,29.51
434,30.39,29.51
521,30.39,29.51
441,30.39,29.51
484,30.39,29.51
558,30.33,29.51
705,30.33,29.51
364,30.33,29.51
629,30.33,29.51
646,30.33,29.51
616,30.33,29.51
749,30.33,29.51
554,30.33,29.51
509,30.33,29.51
443,30.33,29.51
332,30.33,29.51
452,30.33,29.51
788,30.33,29.51
299,30.33,29.51
848,30.33,29.51
524,30.33,29.51
478,30.33,29.51
525,30.33,29.51
554,30.33,29.51
798,30.33,29.51
482,30.33,29.51
778,30.33,29.51
470,30.33,29.51
400,30.33,29.49
637,30.33,29.49
621,30.33,29.49
702,30.33,29.49
230,30.33,29.49
752,30.33,29.49
670,30.33,29.49
256,30.33,29.49
617,30.33,29.49
529,30.33,29.49
636,30.33,29.49
642,30.33,29.49
574,30.33,29.49
594,30.33,29.49
376,30.33,29.49
690,30.33,29.49
260,30.33,29.49
179,30.33,29.49
427,30.33,29.49
427,30.33,29.49
592,30.33,29.49
518,30.33,29.49
711,30.33,29.49
535,30.33,29.49
788,30.33,29.49
583,30.33,29.49
624,30.33,29.49
434,30.33,29.49
800,30.33,29.49
341,30.33,29.49
731,30.33,29.49
637,30.33,29.49
309,30.33,29.49
514,30.33,29.49
485,30.33,29.49
607,30.33,29.49
303,30.33,29.49
388,30.33,29.49
279,30.33,29.49
681,30.33,29.49
