257,29.83,29.05
632,29.83,29.05
629,29.83,29.05
237,29.83,29.05
691,29.83,29.05
372,29.83,29.05
633,29.83,29.05
655,29.83,29.05
315,29.83,29.19
892,29.83,29.19
472,29.83,29.19
478,29.83,29.19
423,29.83,29.19
224,29.83,29.19
302,29.83,29.19
237,29.83,29.19
438,29.83,29.19
733,29.83,29.19
891,29.83,29.19
583,29.83,29.19
608,29.83,29.19
590,29.83,29.19
744,29.83,29.19
637,29.83,29.19
443,29.83,29.19
521,29.83,29.19
585,29.83,29.19
320,29.83,29.19
384,29.83,29.19
580,29.83,29.19
354,29.83,29.19
419,29.83,29.19
550,29.83,29.19
324,29.83,29.19
288,29.83,29.19
580,29.83,29.19
568,29.83,29.19
131,29.83,29.19
434,29.83,29.19
647,29.83,29.19
130,29.83,29.19
892,29.83,29.19
320,29.83,29.19
892,29.83,29.19
352,29.85,29.19
450,29.85,29.19
875,29.85,29.19
163,29.85,29.19
505,29.85,29.19
265,29.85,29.19
546,29.85,29.19
892,29.85,29.19
764,29.85,29.19
338,29.85,29.19
680,29.85,29.19
522,29.85,29.19
798,29.85,29.19
240,29.85,29.19
771,29.85,29.19
575,29.85,29.19
499,29.85,29.19
261,29.85,29.19
405,29.85,29.19
406,29.85,29.19
135,29.85,29.19
595,29.85,29.19
599,29.85,29.19
647,29.85,28.97
741,29.85,28.97
771,29.85,28.97
477,29.85,28.97
884,29.85,28.97
390,29.85,28.97
602,29.85,28.97
332,29.85,28.97
695,29.85,28.97
607,29.85,28.97
413,29.85,28.97
533,29.85,28.97
410,29.85,28.97
407,29.85,28.97
611,29.85,28.97
635,29.85,28.97
407,29.85,28.97
505,29.85,28.97
581,29.85,28.97
412,29.85,28.97
339,29.85,28.97
404,29.85,28.97
760,29.85,28.97
434,29.85,28.97
540,29.85,28.97
548,29.85,28.97
662,29.85,28.97
651,29.85,28.97
878,29.85,28.97
226,29.85,28.97
478,29.85,28.97
327,29.85,28.97
603,29.85,28.97
240,29.85,28.97
572,29.85,28.97
578,29.85,28.97
544,29.87,28.97
705,29.87,28.97
212,29.87,28.97
682,29.87,28.97
258,29.87,28.97
594,29.87,28.97
474,29.87,28.97
628,29.87,28.97
657,29.87,28.97
483,29.87,28.97
725,29.87,28.97
393,29.87,28.97
306,29.87,28.97
574,29.87,28.97
459,29.87,28.97
844,29.87,28.97
397,29.87,28.97
130,29.87,28.97
505,29.87,28.97
533,29.87,28.97
747,29.87,28.97
331,29.87,28.97
724,29.87,28.97
749,29.87,28.97
569,29.87,29.03
618,29.87,29.03
487,29.87,29.03
745,29.87,29.03
255,29.87,29.03
891,29.87,29.03
400,29.87,29.03
457,29.87,29.03
752,29.87,29.03
576,29.87,29.03
894,29.87,29.03
555,29.87,29.03
333,29.87,29.03
494,29.87,29.03
534,29.87,29.03
436,29.87,29.03
585,29.87,29.03
340,29.87,29.03
132,29.87,29.03
329,29.87,29.03
260,29.87,29.03
413,29.87,29.03
754,29.87,29.03
139,29.87,29.03
373,29.87,29.03
704,29.87,29.03
294,29.87,29.03
887,29.87,29.03
206,29.87,29.03
516,29.87,29.03
317,29.87,29.03
698,29.87,29.03
672,29.87,29.03
712,29.87,29.03
508,29.87,29.03
602,29.87,29.03
606,29.87,29.03
165,29.87,29.03
536,29.87,29.03
504,29.87,29.03
191,29.87,29.03
211,29.87,29.03
500,29.87,29.03
643,29.87,29.03
536,29.87,29.03
755,29.87,29.03
613,29.87,29.03
829,29.87,29.03
854,29.87,29.03
720,29.87,29.03
537,29.87,29.03
559,29.87,29.03
326,29.87,29.03
741,29.87,29.03
438,29.87,29.03
528,29.87,29.03
362,29.87,29.03
610,29.87,29.03
894,29.87,29.03
129,29.87,29.03
523,29.87,29.09
147,29.87,29.09
487,29.87,29.09
284,29.87,29.09
457,29.87,29.09
369,29.87,29.09
713,29.87,29.09
778,29.87,29.09
530,29.87,29.09
615,29.87,29.09
310,29.87,29.09
623,29.87,29.09
374,29.87,29.09
361,29.87,29.09
129,29.87,29.09
298,29.87,29.09
176,29.87,29.09
660,29.87,29.09
403,29.87,29.09
414,29.87,29.09
423,29.87,29.09
690,29.87,29.09
789,29.87,29.09
130,29.87,29.09
770,29.87,29.09
293,29.87,29.09
893,29.87,29.09
469,29.87,29.09
509,29.87,29.09
637,29.87,29.09
348,29.87,29.09
894,29.87,29.09
268,29.87,29.09
446,29.87,29.09
656,29.87,29.09
391,29.87,29.09
315,29.85,29.09
494,29.85,29.09
399,29.85,29.09
864,29.85,29.09
349,29.85,29.09
785,29.85,29.09
636,29.85,29.09
330,29.85,29.09
766,29.85,29.09
342,29.85,29.09
665,29.85,29.09
131,29.85,29.09
590,29.85,29.09
306,29.85,29.09
714,29.85,29.09
781,29.85,29.09
603,29.85,29.09
531,29.85,29.09
495,29.85,29.09
894,29.85,29.09
164,29.85,29.09
545,29.85,29.09
134,29.85,29.09
815,29.85,29.09
534,29.85,29.25
377,29.85,29.25
709,29.85,29.25
727,29.85,29.25
559,29.85,29.25
513,29.85,29.25
454,29.85,29.25
892,29.85,29.25
810,29.85,29.25
795,29.85,29.25
234,29.85,29.25
208,29.85,29.25
703,29.85,29.25
267,29.85,29.25
653,29.85,29.25
215,29.85,29.25
698,29.85,29.25
611,29.85,29.25
370,29.85,29.25
868,29.85,29.25
267,29.85,29.25
272,29.85,29.25
265,29.85,29.25
477,29.85,29.25
790,29.85,29.25
501,29.85,29.25
651,29.85,29.25
744,29.85,29.25
399,29.85,29.25
641,29.85,29.25
538,29.85,29.25
547,29.85,29.25
530,29.85,29.25
734,29.85,29.25
170,29.85,29.25
660,29.85,29.25
637,29.85,29.25
552,29.85,29.25
444,29.85,29.25
452,29.85,29.25
381,29.85,29.25
628,29.85,29.25
647,29.85,29.25
521,29.85,29.25
401,29.85,29.25
427,29.85,29.25
652,29.85,29.25
233,29.85,29.25
727,29.85,29.25
153,29.85,29.25
702,29.85,29.25
656,29.85,29.25
544,29.85,29.25
647,29.85,29.25
345,29.85,29.25
696,29.85,29.25
438,29.85,29.25
518,29.85,29.25
659,29.85,29.25
589,29.85,29.25
777,29.85,28.97
523,29.85,28.97
374,29.85,28.97
675,29.85,28.97
521,29.85,28.97
746,29.85,28.97
374,29.85,28.97
473,29.85,28.97
565,29.85,28.97
542,29.85,28.97
479,29.85,28.97
497,29.85,28.97
606,29.85,28.97
322,29.85,28.97
809,29.85,28.97
869,29.85,28.97
674,29.85,28.97
293,29.85,28.97
615,29.85,28.97
335,29.85,28.97
211,29.85,28.97
505,29.85,28.97
430,29.85,28.97
723,29.85,28.97
780,29.85,28.97
654,29.85,28.97
894,29.85,28.97
506,29.85,28.97
292,29.85,28.97
835,29.85,28.97
485,29.85,28.97
894,29.85,28.97
323,29.85,28.97
520,29.85,28.97
588,29.85,28.97
153,29.85,28.97
784,29.85,28.97
388,29.85,28.97
590,29.85,28.97
826,29.85,28.97
647,29.85,28.97
734,29.85,28.97
638,29.85,28.97
420,29.85,28.97
530,29.85,28.97
660,29.85,28.97
359,29.85,28.97
250,29.85,28.97
389,29.85,28.97
429,29.85,28.97
337,29.85,28.97
244,29.85,28.97
130,29.85,28.97
472,29.85,28.97
259,29.85,28.97
843,29.85,28.97
197,29.85,28.97
709,29.85,28.97
770,29.85,28.97
452,29.85,28.97
610,29.85,29.05
326,29.85,29.05
490,29.85,29.05
567,29.85,29.05
894,29.85,29.05
596,29.85,29.05
523,29.85,29.05
837,29.85,29.05
753,29.85,29.05
403,29.85,29.05
550,29.85,29.05
278,29.85,29.05
894,29.85,29.05
230,29.85,29.05
694,29.85,29.05
893,29.85,29.05
331,29.85,29.05
765,29.85,29.05
130,29.85,29.05
893,29.85,29.05
504,29.85,29.05
539,29.85,29.05
891,29.85,29.05
411,29.85,29.05
885,29.85,29.05
581,29.85,29.05
354,29.85,29.05
690,29.85,29.05
599,29.85,29.05
276,29.85,29.05
656,29.85,29.05
477,29.85,29.05
751,29.85,29.05
325,29.85,29.05
587,29.85,29.05
223,29.85,29.05
360,29.87,29.05
527,29.87,29.05
406,29.87,29.05
504,29.87,29.05
129,29.87,29.05
690,29.87,29.05
265,29.87,29.05
351,29.87,29.05
290,29.87,29.05
759,29.87,29.05
512,29.87,29.05
720,29.87,29.05
431,29.87,29.05
593,29.87,29.05
481,29.87,29.05
225,29.87,29.05
