449,29.99,29.23
828,30.01,29.23
135,30.01,29.23
558,30.01,29.23
478,30.01,29.23
653,30.01,29.23
672,30.01,29.23
836,30.01,29.23
618,30.01,29.23
133,30.01,29.23
724,30.01,29.23
577,30.01,29.23
419,30.01,29.23
446,30.01,29.23
601,30.01,29.23
402,30.01,29.23
526,30.01,29.23
615,30.01,29.23
564,30.01,29.23
199,30.01,29.23
355,30.01,29.23
224,30.01,29.23
857,30.01,29.23
567,30.01,29.23
419,30.01,29.35
893,30.01,29.35
428,30.01,29.35
717,30.01,29.35
184,30.01,29.35
391,30.01,29.35
302,30.01,29.35
464,30.01,29.35
894,30.01,29.35
553,30.01,29.35
286,30.01,29.35
865,30.01,29.35
141,30.01,29.35
632,30.01,29.35
585,30.01,29.35
137,30.01,29.35
612,30.01,29.35
714,30.01,29.35
615,30.01,29.35
814,30.01,29.35
440,30.01,29.35
387,30.01,29.35
803,30.01,29.35
367,30.01,29.35
528,30.01,29.35
511,30.01,29.35
371,30.01,29.35
754,30.01,29.35
334,30.01,29.35
358,30.01,29.35
651,30.01,29.35
577,30.01,29.35
743,30.01,29.35
601,30.01,29.35
344,30.01,29.35
729,30.01,29.35
641,30.01,29.35
627,30.01,29.35
422,30.01,29.35
623,30.01,29.35
133,30.01,29.35
744,30.01,29.35
894,30.01,29.35
602,30.01,29.35
894,30.01,29.35
425,30.01,29.35
476,30.01,29.35
685,30.01,29.35
130,30.01,29.35
830,30.01,29.35
129,30.01,29.35
257,30.01,29.35
546,30.01,29.35
130,30.01,29.35
564,30.01,29.35
250,30.01,29.35
519,30.01,29.35
893,30.01,29.35
201,30.01,29.35
767,30.01,29.35
479,30.01,29.11
561,30.01,29.11
347,30.01,29.11
571,30.01,29.11
530,30.01,29.11
293,30.01,29.11
684,30.01,29.11
404,30.01,29.11
490,30.01,29.11
855,30.01,29.11
452,30.01,29.11
423,30.01,29.11
645,30.01,29.11
679,30.01,29.11
528,30.01,29.11
517,30.01,29.11
438,30.01,29.11
535,30.01,29.11
539,30.01,29.11
309,30.01,29.11
835,30.01,29.11
319,30.01,29.11
257,30.01,29.11
481,30.01,29.11
488,30.01,29.11
198,30.01,29.11
458,30.01,29.11
821,30.01,29.11
143,30.01,29.11
894,30.01,29.11
576,30.01,29.11
605,30.01,29.11
689,30.01,29.11
522,30.01,29.11
779,30.01,29.11
635,30.01,29.11
399,30.01,29.11
744,30.01,29.11
528,30.01,29.11
894,30.01,29.11
549,30.01,29.11
414,30.01,29.11
895,30.01,29.11
245,30.01,29.11
894,30.01,29.11
668,30.01,29.11
875,30.01,29.11
514,30.01,29.11
654,30.01,29.11
523,30.01,29.11
548,30.01,29.11
570,30.01,29.11
418,30.01,29.11
477,30.01,29.11
332,30.01,29.11
293,30.01,29.11
580,30.01,29.11
405,30.01,29.11
129,30.01,29.11
458,30.01,29.11
129,30.01,29.29
522,30.01,29.29
187,30.01,29.29
458,30.01,29.29
233,30.01,29.29
355,30.01,29.29
737,30.01,29.29
390,30.01,29.29
783,30.01,29.29
405,30.01,29.29
771,30.01,29.29
494,30.01,29.29
606,30.01,29.29
374,30.01,29.29
563,30.01,29.29
784,30.01,29.29
689,30.01,29.29
504,30.01,29.29
596,30.01,29.29
657,30.01,29.29
518,30.01,29.29
585,30.01,29.29
301,30.01,29.29
537,30.01,29.29
559,30.01,29.29
455,30.01,29.29
547,30.01,29.29
186,30.01,29.29
200,30.01,29.29
490,30.01,29.29
417,30.01,29.29
129,30.01,29.29
373,30.01,29.29
129,30.01,29.29
670,30.01,29.29
229,30.01,29.29
370,30.01,29.29
642,30.01,29.29
571,30.01,29.29
803,30.01,29.29
629,30.01,29.29
299,30.01,29.29
680,30.01,29.29
256,30.01,29.29
746,30.01,29.29
541,30.01,29.29
178,30.01,29.29
692,30.01,29.29
413,30.01,29.29
894,30.01,29.29
338,30.01,29.29
831,30.01,29.29
546,30.01,29.29
172,30.01,29.29
213,30.01,29.29
679,30.01,29.29
314,30.01,29.29
739,30.01,29.29
482,30.01,29.29
509,30.01,29.29
761,30.01,29.09
403,30.01,29.09
589,30.01,29.09
271,30.01,29.09
784,30.01,29.09
514,30.01,29.09
648,30.01,29.09
436,30.01,29.09
693,30.01,29.09
578,30.01,29.09
407,30.01,29.09
432,30.01,29.09
798,30.01,29.09
660,30.01,29.09
420,30.01,29.09
483,30.01,29.09
129,30.01,29.09
817,30.01,29.09
170,30.01,29.09
546,30.01,29.09
467,30.01,29.09
130,30.01,29.09
894,30.01,29.09
175,30.01,29.09
200,30.01,29.09
578,30.01,29.09
479,30.01,29.09
250,30.01,29.09
444,30.01,29.09
209,30.01,29.09
819,30.01,29.09
292,30.01,29.09
773,30.01,29.09
699,30.01,29.09
453,30.01,29.09
480,30.01,29.09
129,30.03,29.09
895,30.03,29.09
363,30.03,29.09
889,30.03,29.09
429,30.03,29.09
641,30.03,29.09
796,30.03,29.09
608,30.03,29.09
551,30.03,29.09
528,30.03,29.09
554,30.03,29.09
548,30.03,29.09
276,30.03,29.09
133,30.03,29.09
657,30.03,29.09
131,30.03,29.09
680,30.03,29.09
348,30.03,29.09
479,30.03,29.09
634,30.03,29.09
698,30.03,29.09
596,30.03,29.09
417,30.03,29.09
895,30.03,29.09
441,30.03,29.09
358,30.03,29.09
225,30.03,29.09
716,30.03,29.09
219,30.03,29.09
840,30.03,29.09
459,30.03,29.09
711,30.03,29.09
634,30.03,29.09
198,30.03,29.09
703,30.03,29.09
273,30.03,29.09
477,30.03,29.09
369,30.03,29.09
626,30.03,29.09
406,30.03,29.09
722,30.03,29.09
343,30.03,29.09
348,30.03,29.09
457,30.03,29.09
490,30.03,29.09
454,30.03,29.09
459,30.03,29.09
469,30.03,29.09
436,30.03,29.09
533,30.03,29.09
172,30.03,29.09
874,30.03,29.09
471,30.03,29.09
893,30.03,29.09
702,30.03,29.09
323,30.03,29.09
789,30.03,29.09
423,30.03,29.09
726,30.03,29.09
130,30.03,29.09
695,30.03,29.09
538,30.03,29.09
407,30.03,29.09
645,30.03,29.09
587,30.03,29.09
557,30.03,29.09
681,30.03,29.09
132,30.03,29.09
414,30.03,29.09
248,30.03,29.09
344,30.03,29.09
446,30.03,29.09
360,30.03,29.09
640,30.03,29.09
560,30.03,29.09
359,30.03,29.09
495,30.03,29.09
546,30.03,29.09
662,30.03,29.09
463,30.03,29.09
600,30.03,29.09
325,30.03,29.09
633,30.03,29.09
249,30.03,29.19
749,30.03,29.19
563,30.03,29.19
724,30.03,29.19
207,30.03,29.19
514,30.03,29.19
609,30.03,29.19
734,30.03,29.19
692,30.03,29.19
261,30.03,29.19
895,30.03,29.19
133,30.03,29.19
388,30.03,29.19
551,30.03,29.19
494,30.03,29.19
831,30.03,29.19
632,30.03,29.19
430,30.03,29.19
506,30.03,29.19
134,30.03,29.19
528,30.03,29.19
319,30.03,29.19
344,30.03,29.19
839,30.03,29.19
505,30.03,29.19
894,30.03,29.19
185,30.03,29.19
835,30.03,29.19
410,30.03,29.19
331,30.03,29.19
560,30.03,29.19
185,30.03,29.19
606,30.03,29.19
473,30.03,29.19
483,30.03,29.19
446,30.03,29.19
394,30.03,29.19
548,30.03,29.19
391,30.03,29.19
129,30.03,29.19
255,30.03,29.19
161,30.03,29.19
373,30.03,29.19
533,30.03,29.19
651,30.03,29.19
423,30.03,29.19
491,30.03,29.19
879,30.03,29.19
520,30.03,29.19
767,30.03,29.19
476,30.03,29.19
248,30.03,29.19
129,30.03,29.19
283,30.03,29.19
533,30.03,29.19
567,30.03,29.19
602,30.03,29.19
698,30.03,29.19
872,30.03,29.19
270,30.03,29.19
320,30.03,29.23
471,30.03,29.23
293,30.03,29.23
741,30.03,29.23
462,30.03,29.23
340,30.03,29.23
894,30.03,29.23
350,30.03,29.23
876,30.03,29.23
552,30.03,29.23
131,30.03,29.23
643,30.03,29.23
225,30.03,29.23
601,30.03,29.23
224,30.03,29.23
268,30.03,29.23
676,30.03,29.23
523,30.03,29.23
293,30.03,29.23
476,30.03,29.23
632,30.03,29.23
562,30.03,29.23
827,30.03,29.23
410,30.03,29.23
427,30.03,29.23
451,30.03,29.23
387,30.03,29.23
389,30.03,29.23
450,30.03,29.23
146,30.03,29.23
645,30.03,29.23
359,30.03,29.23
714,30.03,29.23
817,30.03,29.23
666,30.03,29.23
314,30.03,29.23
