128,30.31,29.45
537,30.31,29.45
130,30.31,29.45
255,30.31,29.45
514,30.31,29.45
466,30.31,29.45
309,30.31,29.45
470,30.31,29.45
265,30.31,29.45
781,30.31,29.45
437,30.31,29.45
894,30.31,29.45
745,30.31,29.45
130,30.31,29.45
892,30.31,29.45
228,30.31,29.45
406,30.31,29.45
221,30.31,29.45
860,30.31,29.45
679,30.31,29.45
130,30.31,29.45
837,30.31,29.45
271,30.31,29.45
503,30.31,29.45
330,30.31,29.45
493,30.31,29.45
774,30.31,29.45
205,30.31,29.45
437,30.31,29.45
640,30.31,29.45
145,30.31,29.45
508,30.31,29.45
342,30.31,29.45
452,30.31,29.45
550,30.31,29.45
643,30.31,29.45
621,30.31,29.45
431,30.31,29.45
497,30.31,29.45
638,30.31,29.45
498,30.31,29.45
458,30.31,29.45
530,30.31,29.45
892,30.31,29.45
892,30.31,29.45
637,30.31,29.45
372,30.31,29.45
358,30.31,29.45
614,30.31,29.45
361,30.31,29.45
611,30.31,29.45
684,30.31,29.45
619,30.31,29.45
371,30.31,29.43
558,30.31,29.43
678,30.31,29.43
510,30.31,29.43
690,30.31,29.43
276,30.31,29.43
307,30.31,29.43
211,30.31,29.43
581,30.31,29.43
470,30.31,29.43
461,30.31,29.43
618,30.31,29.43
541,30.31,29.43
333,30.31,29.43
642,30.31,29.43
498,30.31,29.43
704,30.31,29.43
239,30.31,29.43
599,30.31,29.43
562,30.31,29.43
667,30.31,29.43
450,30.31,29.43
504,30.31,29.43
589,30.31,29.43
257,30.31,29.43
563,30.31,29.43
260,30.31,29.43
783,30.31,29.43
506,30.31,29.43
579,30.31,29.43
459,30.31,29.43
764,30.31,29.43
534,30.31,29.43
813,30.31,29.43
401,30.31,29.43
555,30.31,29.43
384,30.31,29.43
543,30.31,29.43
566,30.31,29.43
416,30.31,29.43
604,30.31,29.43
640,30.31,29.43
604,30.31,29.43
579,30.31,29.43
395,30.31,29.43
616,30.31,29.43
687,30.31,29.43
358,30.31,29.43
712,30.31,29.43
229,30.31,29.43
874,30.31,29.43
557,30.31,29.43
420,30.31,29.43
894,30.31,29.43
136,30.31,29.43
651,30.31,29.43
415,30.31,29.43
802,30.31,29.43
406,30.31,29.43
609,30.31,29.63
128,30.31,29.63
269,30.31,29.63
139,30.31,29.63
322,30.31,29.63
460,30.31,29.63
281,30.31,29.63
535,30.31,29.63
439,30.31,29.63
600,30.31,29.63
537,30.31,29.63
722,30.31,29.63
395,30.31,29.63
582,30.31,29.63
513,30.31,29.63
498,30.31,29.63
272,30.31,29.63
624,30.31,29.63
894,30.31,29.63
615,30.31,29.63
770,30.31,29.63
320,30.31,29.63
893,30.31,29.63
174,30.31,29.63
720,30.31,29.63
612,30.31,29.63
480,30.31,29.63
736,30.31,29.63
420,30.31,29.63
618,30.31,29.63
342,30.31,29.63
251,30.31,29.63
496,30.31,29.63
549,30.31,29.63
330,30.31,29.63
380,30.31,29.63
385,30.27,29.63
864,30.27,29.63
182,30.27,29.63
732,30.27,29.63
234,30.27,29.63
412,30.27,29.63
589,30.27,29.63
447,30.27,29.63
510,30.27,29.63
559,30.27,29.63
765,30.27,29.63
713,30.27,29.63
466,30.27,29.63
293,30.27,29.63
770,30.27,29.63
359,30.27,29.63
757,30.27,29.63
487,30.27,29.63
531,30.27,29.63
894,30.27,29.63
522,30.27,29.63
477,30.27,29.63
733,30.27,29.63
352,30.27,29.63
888,30.27,29.37
608,30.27,29.37
288,30.27,29.37
891,30.27,29.37
128,30.27,29.37
701,30.27,29.37
423,30.27,29.37
702,30.27,29.37
465,30.27,29.37
581,30.27,29.37
615,30.27,29.37
401,30.27,29.37
550,30.27,29.37
411,30.27,29.37
237,30.27,29.37
756,30.27,29.37
471,30.27,29.37
136,30.27,29.37
893,30.27,29.37
296,30.27,29.37
894,30.27,29.37
223,30.27,29.37
884,30.27,29.37
493,30.27,29.37
128,30.27,29.37
618,30.27,29.37
128,30.27,29.37
626,30.27,29.37
370,30.27,29.37
809,30.27,29.37
358,30.27,29.37
568,30.27,29.37
390,30.27,29.37
893,30.27,29.37
728,30.27,29.37
661,30.27,29.37
447,30.29,29.37
655,30.29,29.37
521,30.29,29.37
714,30.29,29.37
420,30.29,29.37
328,30.29,29.37
685,30.29,29.37
454,30.29,29.37
711,30.29,29.37
766,30.29,29.37
811,30.29,29.37
322,30.29,29.37
769,30.29,29.37
440,30.29,29.37
632,30.29,29.37
478,30.29,29.37
164,30.29,29.37
734,30.29,29.37
128,30.29,29.37
795,30.29,29.37
469,30.29,29.37
667,30.29,29.37
818,30.29,29.37
560,30.29,29.37
431,30.29,29.55
652,30.29,29.55
469,30.29,29.55
666,30.29,29.55
128,30.29,29.55
534,30.29,29.55
464,30.29,29.55
221,30.29,29.55
568,30.29,29.55
443,30.29,29.55
895,30.29,29.55
277,30.29,29.55
406,30.29,29.55
347,30.29,29.55
574,30.29,29.55
442,30.29,29.55
525,30.29,29.55
546,30.29,29.55
936,30.29,29.55
698,30.29,29.55
633,30.29,29.55
485,30.29,29.55
324,30.29,29.55
519,30.29,29.55
416,30.29,29.55
698,30.29,29.55
130,30.29,29.55
835,30.29,29.55
165,30.29,29.55
730,30.29,29.55
568,30.29,29.55
540,30.29,29.55
649,30.29,29.55
358,30.29,29.55
522,30.29,29.55
332,30.29,29.55
137,30.27,29.55
405,30.27,29.55
510,30.27,29.55
293,30.27,29.55
422,30.27,29.55
517,30.27,29.55
893,30.27,29.55
533,30.27,29.55
735,30.27,29.55
592,30.27,29.55
565,30.27,29.55
452,30.27,29.55
392,30.27,29.55
137,30.27,29.55
137,30.27,29.55
894,30.27,29.55
888,30.27,29.55
877,30.27,29.55
604,30.27,29.55
597,30.27,29.55
670,30.27,29.55
585,30.27,29.55
549,30.27,29.55
527,30.27,29.55
802,30.27,29.55
342,30.27,29.55
557,30.27,29.55
630,30.27,29.55
359,30.27,29.55
726,30.27,29.55
534,30.27,29.55
245,30.27,29.55
193,30.27,29.55
162,30.27,29.55
848,30.27,29.55
424,30.27,29.55
491,30.27,29.55
489,30.27,29.55
385,30.27,29.55
727,30.27,29.55
488,30.27,29.55
625,30.27,29.55
635,30.27,29.55
603,30.27,29.55
596,30.27,29.55
430,30.27,29.55
743,30.27,29.55
466,30.27,29.55
821,30.27,29.55
756,30.27,29.55
672,30.27,29.55
725,30.27,29.55
491,30.27,29.55
370,30.27,29.55
345,30.27,29.55
580,30.27,29.55
535,30.27,29.55
700,30.27,29.55
737,30.27,29.55
673,30.31,29.55
893,30.31,29.55
384,30.31,29.55
622,30.31,29.55
558,30.31,29.55
761,30.31,29.55
524,30.31,29.55
675,30.31,29.55
558,30.31,29.55
584,30.31,29.55
439,30.31,29.55
540,30.31,29.55
449,30.31,29.55
709,30.31,29.55
479,30.31,29.55
459,30.31,29.55
808,30.31,29.55
381,30.31,29.55
838,30.31,29.55
303,30.31,29.55
599,30.31,29.55
568,30.31,29.55
435,30.31,29.55
895,30.31,29.55
567,30.31,29.55
340,30.31,29.55
889,30.31,29.55
244,30.31,29.55
253,30.31,29.55
396,30.31,29.55
539,30.31,29.55
520,30.31,29.55
462,30.31,29.55
646,30.31,29.55
615,30.31,29.55
351,30.31,29.55
392,30.31,29.55
483,30.31,29.55
346,30.31,29.55
545,30.31,29.55
417,30.31,29.55
327,30.31,29.55
822,30.31,29.55
468,30.31,29.55
768,30.31,29.55
132,30.31,29.55
565,30.31,29.55
645,30.31,29.55
414,30.31,29.55
654,30.31,29.55
598,30.31,29.55
691,30.31,29.55
500,30.31,29.55
343,30.31,29.55
674,30.31,29.55
129,30.31,29.55
485,30.31,29.55
259,30.31,29.55
234,30.31,29.55
718,30.31,29.55
129,30.29,29.55
559,30.29,29.55
293,30.29,29.55
553,30.29,29.55
888,30.29,29.55
558,30.29,29.55
435,30.29,29.55
538,30.29,29.55
217,30.29,29.55
758,30.29,29.55
129,30.29,29.55
497,30.29,29.55
358,30.29,29.55
252,30.29,29.55
637,30.29,29.55
400,30.29,29.55
893,30.29,29.55
465,30.29,29.55
711,30.29,29.55
403,30.29,29.55
890,30.29,29.55
543,30.29,29.55
315,30.29,29.55
864,30.29,29.55
464,30.29,29.63
489,30.29,29.63
546,30.29,29.63
411,30.29,29.63
660,30.29,29.63
789,30.29,29.63
633,30.29,29.63
894,30.29,29.63
