724,29.89,29.09
488,29.89,29.09
387,29.89,29.09
407,29.89,29.09
737,29.91,29.09
649,29.91,29.09
328,29.91,29.09
657,29.91,29.09
626,29.91,29.09
744,29.91,29.09
283,29.91,29.09
629,29.91,29.09
786,29.91,29.09
438,29.91,29.09
591,29.91,29.09
381,29.91,29.09
795,29.91,29.09
548,29.91,29.09
579,29.91,29.09
641,29.91,29.09
735,29.91,29.09
192,29.91,29.09
892,29.91,29.09
338,29.91,29.09
335,29.91,29.09
174,29.91,29.09
359,29.91,29.09
282,29.91,29.11
131,29.91,29.11
899,29.91,29.11
336,29.91,29.11
715,29.91,29.11
563,29.91,29.11
639,29.91,29.11
558,29.91,29.11
152,29.91,29.11
163,29.91,29.11
628,29.91,29.11
470,29.91,29.11
601,29.91,29.11
719,29.91,29.11
570,29.91,29.11
678,29.91,29.11
225,29.91,29.11
813,29.91,29.11
584,29.91,29.11
893,29.91,29.11
254,29.91,29.11
671,29.91,29.11
684,29.91,29.11
240,29.91,29.11
422,29.91,29.11
495,29.91,29.11
447,29.91,29.11
550,29.91,29.11
614,29.91,29.11
689,29.91,29.11
548,29.91,29.11
130,29.91,29.11
443,29.91,29.11
299,29.91,29.11
552,29.91,29.11
586,29.91,29.11
542,29.91,29.11
471,29.91,29.11
558,29.91,29.11
680,29.91,29.11
371,29.91,29.11
485,29.91,29.11
619,29.91,29.11
585,29.91,29.11
510,29.91,29.11
620,29.91,29.11
158,29.91,29.11
345,29.91,29.11
383,29.91,29.11
567,29.91,29.11
457,29.91,29.11
335,29.91,29.11
797,29.91,29.11
599,29.91,29.11
692,29.91,29.11
132,29.91,29.11
327,29.91,29.11
438,29.91,29.11
321,29.91,29.11
273,29.91,29.11
743,29.91,29.11
185,29.91,29.11
767,29.91,29.11
321,29.91,29.11
483,29.91,29.11
570,29.91,29.11
371,29.91,29.11
419,29.91,29.11
279,29.91,29.11
810,29.91,29.11
299,29.91,29.11
721,29.91,29.11
464,29.91,29.11
320,29.91,29.11
410,29.91,29.11
637,29.91,29.11
404,29.91,29.11
712,29.91,29.11
437,29.91,29.11
140,29.91,29.11
382,29.91,29.11
280,29.91,29.11
490,29.91,29.11
251,29.91,29.11
731,29.91,29.11
585,29.91,29.11
645,29.91,29.11
448,29.91,29.11
893,29.91,29.11
496,29.91,29.11
244,29.91,29.11
736,29.91,29.11
169,29.91,29.11
555,29.91,29.11
786,29.91,29.11
588,29.91,29.11
813,29.95,29.11
302,29.95,29.11
478,29.95,29.11
559,29.95,29.11
317,29.95,29.11
538,29.95,29.11
380,29.95,29.11
580,29.95,29.11
807,29.95,29.11
894,29.95,29.11
678,29.95,29.11
489,29.95,29.11
685,29.95,29.11
675,29.95,29.11
795,29.95,29.11
457,29.95,29.11
591,29.95,29.11
550,29.95,29.11
380,29.95,29.11
495,29.95,29.11
257,29.95,29.11
253,29.95,29.11
497,29.95,29.11
398,29.95,29.11
387,29.95,29.25
583,29.95,29.25
894,29.95,29.25
470,29.95,29.25
314,29.95,29.25
628,29.95,29.25
228,29.95,29.25
717,29.95,29.25
313,29.95,29.25
423,29.95,29.25
676,29.95,29.25
208,29.95,29.25
547,29.95,29.25
462,29.95,29.25
892,29.95,29.25
784,29.95,29.25
801,29.95,29.25
395,29.95,29.25
735,29.95,29.25
391,29.95,29.25
430,29.95,29.25
534,29.95,29.25
658,29.95,29.25
417,29.95,29.25
308,29.95,29.25
568,29.95,29.25
610,29.95,29.25
375,29.95,29.25
455,29.95,29.25
405,29.95,29.25
528,29.95,29.25
263,29.95,29.25
369,29.95,29.25
674,29.95,29.25
607,29.95,29.25
849,29.95,29.25
430,29.91,29.25
295,29.91,29.25
809,29.91,29.25
665,29.91,29.25
631,29.91,29.25
153,29.91,29.25
245,29.91,29.25
509,29.91,29.25
245,29.91,29.25
692,29.91,29.25
398,29.91,29.25
480,29.91,29.25
425,29.91,29.25
482,29.91,29.25
367,29.91,29.25
336,29.91,29.25
699,29.91,29.25
533,29.91,29.25
353,29.91,29.25
743,29.91,29.25
601,29.91,29.25
416,29.91,29.25
890,29.91,29.25
512,29.91,29.25
713,29.91,29.23
569,29.91,29.23
397,29.91,29.23
662,29.91,29.23
372,29.91,29.23
422,29.91,29.23
764,29.91,29.23
550,29.91,29.23
721,29.91,29.23
728,29.91,29.23
530,29.91,29.23
739,29.91,29.23
268,29.91,29.23
402,29.91,29.23
330,29.91,29.23
615,29.91,29.23
786,29.91,29.23
417,29.91,29.23
614,29.91,29.23
410,29.91,29.23
578,29.91,29.23
458,29.91,29.23
337,29.91,29.23
561,29.91,29.23
636,29.91,29.23
798,29.91,29.23
891,29.91,29.23
497,29.91,29.23
652,29.91,29.23
379,29.91,29.23
356,29.91,29.23
719,29.91,29.23
275,29.91,29.23
884,29.91,29.23
476,29.91,29.23
800,29.91,29.23
560,29.95,29.23
129,29.95,29.23
804,29.95,29.23
488,29.95,29.23
156,29.95,29.23
291,29.95,29.23
387,29.95,29.23
520,29.95,29.23
515,29.95,29.23
892,29.95,29.23
582,29.95,29.23
414,29.95,29.23
732,29.95,29.23
406,29.95,29.23
862,29.95,29.23
505,29.95,29.23
647,29.95,29.23
604,29.95,29.23
749,29.95,29.23
283,29.95,29.23
650,29.95,29.23
510,29.95,29.23
396,29.95,29.23
599,29.95,29.23
683,29.95,29.23
644,29.95,29.23
176,29.95,29.23
460,29.95,29.23
569,29.95,29.23
652,29.95,29.23
576,29.95,29.23
492,29.95,29.23
465,29.95,29.23
893,29.95,29.23
353,29.95,29.23
614,29.95,29.23
307,29.95,29.23
648,29.95,29.23
725,29.95,29.23
130,29.95,29.23
290,29.95,29.23
216,29.95,29.23
805,29.95,29.23
130,29.95,29.23
685,29.95,29.23
484,29.95,29.23
778,29.95,29.23
737,29.95,29.23
336,29.95,29.23
457,29.95,29.23
590,29.95,29.23
386,29.95,29.23
486,29.95,29.23
589,29.95,29.23
690,29.95,29.23
894,29.95,29.23
858,29.95,29.23
894,29.95,29.23
827,29.95,29.23
493,29.95,29.23
509,29.95,29.23
465,29.95,29.23
535,29.95,29.23
247,29.95,29.23
597,29.95,29.23
502,29.95,29.23
645,29.95,29.23
338,29.95,29.23
487,29.95,29.23
362,29.95,29.23
750,29.95,29.23
751,29.95,29.23
350,29.95,29.23
132,29.95,29.23
739,29.95,29.23
622,29.95,29.23
359,29.95,29.23
330,29.95,29.23
200,29.95,29.23
867,29.95,29.23
532,29.95,29.23
620,29.95,29.23
617,29.95,29.23
536,29.95,29.11
410,29.95,29.11
683,29.95,29.11
219,29.95,29.11
129,29.95,29.11
198,29.95,29.11
131,29.95,29.11
481,29.95,29.11
394,29.95,29.11
478,29.95,29.11
656,29.95,29.11
329,29.95,29.11
602,29.95,29.11
686,29.95,29.11
235,29.95,29.11
875,29.95,29.11
533,29.95,29.11
895,29.95,29.11
675,29.95,29.11
324,29.95,29.11
878,29.95,29.11
745,29.95,29.11
891,29.95,29.11
619,29.95,29.11
349,29.95,29.11
159,29.95,29.11
556,29.95,29.11
326,29.95,29.11
396,29.95,29.11
746,29.95,29.11
891,29.95,29.11
523,29.95,29.11
658,29.95,29.11
413,29.95,29.11
744,29.95,29.11
315,29.95,29.11
593,29.91,29.11
766,29.91,29.11
268,29.91,29.11
783,29.91,29.11
694,29.91,29.11
737,29.91,29.11
643,29.91,29.11
604,29.91,29.11
150,29.91,29.11
824,29.91,29.11
794,29.91,29.11
578,29.91,29.11
353,29.91,29.11
500,29.91,29.11
770,29.91,29.11
210,29.91,29.11
466,29.91,29.11
262,29.91,29.11
785,29.91,29.11
774,29.91,29.11
132,29.91,29.11
555,29.91,29.11
610,29.91,29.11
430,29.91,29.11
796,29.91,29.09
130,29.91,29.09
500,29.91,29.09
757,29.91,29.09
130,29.91,29.09
717,29.91,29.09
130,29.91,29.09
641,29.91,29.09
341,29.91,29.09
526,29.91,29.09
642,29.91,29.09
386,29.91,29.09
591,29.91,29.09
527,29.91,29.09
130,29.91,29.09
397,29.91,29.09
236,29.91,29.09
129,29.91,29.09
770,29.91,29.09
386,29.91,29.09
532,29.91,29.09
130,29.91,29.09
893,29.91,29.09
328,29.91,29.09
576,29.91,29.09
519,29.91,29.09
129,29.91,29.09
541,29.91,29.09
571,29.91,29.09
682,29.91,29.09
465,29.91,29.09
743,29.91,29.09
729,29.91,29.09
