386,29.91,29.15
429,29.91,29.15
422,29.91,29.15
336,29.91,29.15
463,29.91,29.15
255,29.91,29.15
375,29.91,29.15
358,29.91,29.15
351,29.91,29.15
600,29.91,29.15
343,29.91,29.15
857,29.91,29.15
186,29.91,29.15
581,29.91,29.15
176,29.91,29.15
837,29.91,29.15
358,29.91,29.15
579,29.91,29.15
573,29.91,29.15
642,29.91,29.15
891,29.91,29.15
328,29.91,29.15
649,29.91,29.15
427,29.91,29.15
328,29.91,29.15
587,29.91,29.15
223,29.91,29.15
529,29.91,29.15
387,29.91,29.15
132,29.91,29.15
534,29.91,29.15
226,29.91,29.15
417,29.91,29.15
425,29.91,29.19
640,29.91,29.19
816,29.91,29.19
828,29.91,29.19
654,29.91,29.19
580,29.91,29.19
486,29.91,29.19
142,29.91,29.19
892,29.91,29.19
402,29.91,29.19
772,29.91,29.19
640,29.91,29.19
670,29.91,29.19
551,29.91,29.19
226,29.91,29.19
475,29.91,29.19
892,29.91,29.19
302,29.91,29.19
550,29.91,29.19
740,29.91,29.19
195,29.91,29.19
811,29.91,29.19
130,29.91,29.19
577,29.91,29.19
442,29.91,29.19
775,29.91,29.19
730,29.91,29.19
584,29.91,29.19
136,29.91,29.19
657,29.91,29.19
391,29.91,29.19
308,29.91,29.19
752,29.91,29.19
415,29.91,29.19
742,29.91,29.19
591,29.91,29.19
762,29.95,29.19
784,29.95,29.19
565,29.95,29.19
320,29.95,29.19
602,29.95,29.19
352,29.95,29.19
579,29.95,29.19
543,29.95,29.19
424,29.95,29.19
479,29.95,29.19
742,29.95,29.19
737,29.95,29.19
661,29.95,29.19
838,29.95,29.19
286,29.95,29.19
894,29.95,29.19
410,29.95,29.19
414,29.95,29.19
499,29.95,29.19
336,29.95,29.19
464,29.95,29.19
409,29.95,29.19
344,29.95,29.19
503,29.95,29.11
127,29.95,29.11
305,29.95,29.11
883,29.95,29.11
215,29.95,29.11
683,29.95,29.11
504,29.95,29.11
554,29.95,29.11
453,29.95,29.11
343,29.95,29.11
567,29.95,29.11
450,29.95,29.11
579,29.95,29.11
485,29.95,29.11
551,29.95,29.11
413,29.95,29.11
274,29.95,29.11
501,29.95,29.11
586,29.95,29.11
570,29.95,29.11
893,29.95,29.11
855,29.95,29.11
538,29.95,29.11
457,29.95,29.11
594,29.95,29.11
398,29.95,29.11
588,29.95,29.11
496,29.95,29.11
477,29.95,29.11
747,29.95,29.11
320,29.95,29.11
871,29.95,29.11
539,29.95,29.11
459,29.95,29.11
353,29.95,29.11
319,29.95,29.11
728,29.95,29.11
433,29.95,29.11
655,29.95,29.11
744,29.95,29.11
444,29.95,29.11
544,29.95,29.11
442,29.95,29.11
401,29.95,29.11
467,29.95,29.11
483,29.95,29.11
435,29.95,29.11
500,29.95,29.11
691,29.95,29.11
228,29.95,29.11
894,29.95,29.11
610,29.95,29.11
585,29.95,29.11
749,29.95,29.11
441,29.95,29.11
766,29.95,29.11
652,29.95,29.11
619,29.95,29.11
130,29.95,29.11
744,29.95,29.11
598,29.95,29.23
557,29.95,29.23
680,29.95,29.23
230,29.95,29.23
638,29.95,29.23
710,29.95,29.23
249,29.95,29.23
494,29.95,29.23
632,29.95,29.23
807,29.95,29.23
487,29.95,29.23
645,29.95,29.23
841,29.95,29.23
132,29.95,29.23
636,29.95,29.23
277,29.95,29.23
466,29.95,29.23
415,29.95,29.23
504,29.95,29.23
324,29.95,29.23
623,29.95,29.23
372,29.95,29.23
132,29.95,29.23
601,29.95,29.23
287,29.95,29.23
495,29.95,29.23
788,29.95,29.23
481,29.95,29.23
135,29.95,29.23
495,29.95,29.23
289,29.95,29.23
495,29.95,29.23
368,29.95,29.23
858,29.95,29.23
497,29.95,29.23
411,29.95,29.23
334,29.95,29.23
273,29.95,29.23
702,29.95,29.23
181,29.95,29.23
587,29.95,29.23
403,29.95,29.23
150,29.95,29.23
466,29.95,29.23
530,29.95,29.23
478,29.95,29.23
398,29.95,29.23
498,29.95,29.23
698,29.95,29.23
408,29.95,29.23
559,29.95,29.23
893,29.95,29.23
377,29.95,29.23
894,29.95,29.23
211,29.95,29.23
671,29.95,29.23
174,29.95,29.23
270,29.95,29.23
581,29.95,29.23
532,29.95,29.23
703,29.95,29.09
512,29.95,29.09
687,29.95,29.09
759,29.95,29.09
500,29.95,29.09
229,29.95,29.09
546,29.95,29.09
440,29.95,29.09
582,29.95,29.09
660,29.95,29.09
448,29.95,29.09
747,29.95,29.09
534,29.95,29.09
552,29.95,29.09
332,29.95,29.09
568,29.95,29.09
620,29.95,29.09
662,29.95,29.09
805,29.95,29.09
786,29.95,29.09
334,29.95,29.09
579,29.95,29.09
469,29.95,29.09
588,29.95,29.09
530,29.95,29.09
407,29.95,29.09
702,29.95,29.09
446,29.95,29.09
894,29.95,29.09
224,29.95,29.09
503,29.95,29.09
589,29.95,29.09
493,29.95,29.09
894,29.95,29.09
435,29.95,29.09
558,29.95,29.09
491,29.95,29.09
330,29.95,29.09
439,29.95,29.09
555,29.95,29.09
563,29.95,29.09
590,29.95,29.09
367,29.95,29.09
732,29.95,29.09
518,29.95,29.09
625,29.95,29.09
537,29.95,29.09
132,29.95,29.09
505,29.95,29.09
451,29.95,29.09
569,29.95,29.09
130,29.95,29.09
695,29.95,29.09
595,29.95,29.09
773,29.95,29.09
610,29.95,29.09
482,29.95,29.09
595,29.95,29.09
491,29.95,29.09
586,29.95,29.09
554,29.95,29.15
805,29.95,29.15
581,29.95,29.15
433,29.95,29.15
697,29.95,29.15
302,29.95,29.15
363,29.95,29.15
492,29.95,29.15
339,29.95,29.15
526,29.95,29.15
550,29.95,29.15
654,29.95,29.15
129,29.95,29.15
524,29.95,29.15
859,29.95,29.15
313,29.95,29.15
714,29.95,29.15
650,29.95,29.15
851,29.95,29.15
565,29.95,29.15
270,29.95,29.15
724,29.95,29.15
295,29.95,29.15
682,29.95,29.15
415,29.95,29.15
367,29.95,29.15
894,29.95,29.15
762,29.95,29.15
895,29.95,29.15
654,29.95,29.15
248,29.95,29.15
856,29.95,29.15
627,29.95,29.15
669,29.95,29.15
894,29.95,29.15
480,29.95,29.15
458,29.91,29.15
621,29.91,29.15
670,29.91,29.15
130,29.91,29.15
681,29.91,29.15
454,29.91,29.15
687,29.91,29.15
803,29.91,29.15
558,29.91,29.15
515,29.91,29.15
379,29.91,29.15
527,29.91,29.15
531,29.91,29.15
516,29.91,29.15
441,29.91,29.15
682,29.91,29.15
812,29.91,29.15
742,29.91,29.15
405,29.91,29.15
787,29.91,29.15
512,29.91,29.15
896,29.91,29.15
482,29.91,29.15
688,29.91,29.15
353,29.91,29.17
507,29.91,29.17
655,29.91,29.17
166,29.91,29.17
447,29.91,29.17
712,29.91,29.17
485,29.91,29.17
605,29.91,29.17
305,29.91,29.17
477,29.91,29.17
566,29.91,29.17
235,29.91,29.17
402,29.91,29.17
465,29.91,29.17
580,29.91,29.17
391,29.91,29.17
685,29.91,29.17
838,29.91,29.17
514,29.91,29.17
455,29.91,29.17
783,29.91,29.17
380,29.91,29.17
469,29.91,29.17
231,29.91,29.17
557,29.91,29.17
313,29.91,29.17
774,29.91,29.17
514,29.91,29.17
616,29.91,29.17
701,29.91,29.17
366,29.91,29.17
570,29.91,29.17
204,29.91,29.17
718,29.91,29.17
336,29.91,29.17
577,29.91,29.17
134,29.91,29.17
143,29.91,29.17
820,29.91,29.17
541,29.91,29.17
504,29.91,29.17
871,29.91,29.17
329,29.91,29.17
833,29.91,29.17
265,29.91,29.17
452,29.91,29.17
442,29.91,29.17
349,29.91,29.17
616,29.91,29.17
322,29.91,29.17
737,29.91,29.17
235,29.91,29.17
750,29.91,29.17
467,29.91,29.17
382,29.91,29.17
610,29.91,29.17
477,29.91,29.17
745,29.91,29.17
538,29.91,29.17
640,29.91,29.19
505,29.91,29.19
687,29.91,29.19
404,29.91,29.19
530,29.91,29.19
464,29.91,29.19
648,29.91,29.19
887,29.91,29.19
636,29.91,29.19
309,29.91,29.19
284,29.91,29.19
299,29.91,29.19
479,29.91,29.19
318,29.91,29.19
369,29.91,29.19
893,29.91,29.19
130,29.91,29.19
894,29.91,29.19
504,29.91,29.19
486,29.91,29.19
729,29.91,29.19
130,29.91,29.19
805,29.91,29.19
697,29.91,29.19
628,29.91,29.19
602,29.91,29.19
446,29.91,29.19
658,29.91,29.19
