294,30.27,29.49
734,30.27,29.49
426,30.27,29.49
239,30.27,29.49
542,30.27,29.49
622,30.27,29.49
469,30.27,29.49
497,30.27,29.49
328,30.27,29.49
333,30.27,29.49
891,30.27,29.49
520,30.27,29.49
730,30.27,29.49
692,30.27,29.49
621,30.27,29.49
287,30.27,29.49
576,30.27,29.49
550,30.27,29.49
689,30.27,29.49
328,30.27,29.49
879,30.27,29.49
507,30.27,29.49
558,30.27,29.49
713,30.27,29.49
233,30.27,29.49
654,30.27,29.49
130,30.27,29.49
705,30.27,29.49
241,30.27,29.49
130,30.27,29.49
130,30.27,29.49
193,30.27,29.49
822,30.27,29.49
378,30.27,29.49
698,30.27,29.49
668,30.27,29.49
446,30.27,29.49
799,30.27,29.49
652,30.27,29.49
359,30.27,29.49
893,30.27,29.49
331,30.29,29.49
866,30.29,29.49
410,30.29,29.49
659,30.29,29.49
575,30.29,29.49
159,30.29,29.49
474,30.29,29.49
390,30.29,29.49
632,30.29,29.49
351,30.29,29.49
508,30.29,29.49
264,30.29,29.49
232,30.29,29.49
398,30.29,29.49
731,30.29,29.49
535,30.29,29.49
649,30.29,29.49
891,30.29,29.49
570,30.29,29.49
602,30.29,29.49
441,30.29,29.49
728,30.29,29.49
138,30.29,29.49
305,30.29,29.49
416,30.29,29.45
470,30.29,29.45
577,30.29,29.45
563,30.29,29.45
547,30.29,29.45
800,30.29,29.45
647,30.29,29.45
638,30.29,29.45
500,30.29,29.45
133,30.29,29.45
484,30.29,29.45
144,30.29,29.45
361,30.29,29.45
413,30.29,29.45
554,30.29,29.45
154,30.29,29.45
850,30.29,29.45
539,30.29,29.45
572,30.29,29.45
323,30.29,29.45
622,30.29,29.45
457,30.29,29.45
562,30.29,29.45
455,30.29,29.45
197,30.29,29.45
716,30.29,29.45
500,30.29,29.45
708,30.29,29.45
374,30.29,29.45
457,30.29,29.45
639,30.29,29.45
345,30.29,29.45
526,30.29,29.45
245,30.29,29.45
242,30.29,29.45
632,30.29,29.45
131,30.27,29.45
455,30.27,29.45
812,30.27,29.45
724,30.27,29.45
595,30.27,29.45
583,30.27,29.45
645,30.27,29.45
368,30.27,29.45
736,30.27,29.45
469,30.27,29.45
812,30.27,29.45
518,30.27,29.45
538,30.27,29.45
893,30.27,29.45
129,30.27,29.45
559,30.27,29.45
467,30.27,29.45
133,30.27,29.45
686,30.27,29.45
371,30.27,29.45
622,30.27,29.45
397,30.27,29.45
515,30.27,29.45
894,30.27,29.63
270,30.27,29.63
690,30.27,29.63
766,30.27,29.63
635,30.27,29.63
602,30.27,29.63
646,30.27,29.63
343,30.27,29.63
295,30.27,29.63
467,30.27,29.63
422,30.27,29.63
654,30.27,29.63
426,30.27,29.63
727,30.27,29.63
895,30.27,29.63
484,30.27,29.63
646,30.27,29.63
725,30.27,29.63
475,30.27,29.63
845,30.27,29.63
127,30.27,29.63
142,30.27,29.63
127,30.27,29.63
138,30.27,29.63
281,30.27,29.63
397,30.27,29.63
479,30.27,29.63
495,30.27,29.63
353,30.27,29.63
415,30.27,29.63
499,30.27,29.63
576,30.27,29.63
465,30.27,29.63
477,30.27,29.63
662,30.27,29.63
310,30.27,29.63
800,30.27,29.63
452,30.27,29.63
894,30.27,29.63
794,30.27,29.63
413,30.27,29.63
232,30.27,29.63
248,30.27,29.63
652,30.27,29.63
263,30.27,29.63
133,30.27,29.63
524,30.27,29.63
747,30.27,29.63
208,30.27,29.63
564,30.27,29.63
680,30.27,29.63
617,30.27,29.63
597,30.27,29.63
319,30.27,29.63
700,30.27,29.63
861,30.27,29.63
484,30.27,29.63
795,30.27,29.63
589,30.27,29.63
685,30.27,29.63
574,30.27,29.57
285,30.27,29.57
894,30.27,29.57
383,30.27,29.57
828,30.27,29.57
322,30.27,29.57
546,30.27,29.57
726,30.27,29.57
129,30.27,29.57
459,30.27,29.57
339,30.27,29.57
406,30.27,29.57
748,30.27,29.57
132,30.27,29.57
697,30.27,29.57
555,30.27,29.57
442,30.27,29.57
707,30.27,29.57
129,30.27,29.57
670,30.27,29.57
409,30.27,29.57
632,30.27,29.57
659,30.27,29.57
558,30.27,29.57
895,30.27,29.57
343,30.27,29.57
719,30.27,29.57
455,30.27,29.57
128,30.27,29.57
466,30.27,29.57
375,30.27,29.57
136,30.27,29.57
379,30.27,29.57
372,30.27,29.57
230,30.27,29.57
305,30.27,29.57
455,30.27,29.57
507,30.27,29.57
262,30.27,29.57
635,30.27,29.57
631,30.27,29.57
462,30.27,29.57
238,30.27,29.57
325,30.27,29.57
129,30.27,29.57
769,30.27,29.57
211,30.27,29.57
715,30.27,29.57
631,30.27,29.57
219,30.27,29.57
895,30.27,29.57
592,30.27,29.57
475,30.27,29.57
532,30.27,29.57
436,30.27,29.57
265,30.27,29.57
499,30.27,29.57
552,30.27,29.57
515,30.27,29.57
575,30.27,29.57
641,30.27,29.43
211,30.27,29.43
726,30.27,29.43
139,30.27,29.43
714,30.27,29.43
893,30.27,29.43
360,30.27,29.43
892,30.27,29.43
128,30.27,29.43
568,30.27,29.43
323,30.27,29.43
413,30.27,29.43
426,30.27,29.43
561,30.27,29.43
814,30.27,29.43
816,30.27,29.43
632,30.27,29.43
390,30.27,29.43
484,30.27,29.43
129,30.27,29.43
560,30.27,29.43
772,30.27,29.43
612,30.27,29.43
472,30.27,29.43
894,30.27,29.43
322,30.27,29.43
830,30.27,29.43
131,30.27,29.43
341,30.27,29.43
615,30.27,29.43
260,30.27,29.43
628,30.27,29.43
442,30.27,29.43
540,30.27,29.43
413,30.27,29.43
546,30.27,29.43
216,30.27,29.43
202,30.27,29.43
238,30.27,29.43
361,30.27,29.43
234,30.27,29.43
256,30.27,29.43
288,30.27,29.43
314,30.27,29.43
254,30.27,29.43
443,30.27,29.43
637,30.27,29.43
400,30.27,29.43
731,30.27,29.43
133,30.27,29.43
725,30.27,29.43
226,30.27,29.43
683,30.27,29.43
139,30.27,29.43
180,30.27,29.43
627,30.27,29.43
280,30.27,29.43
589,30.27,29.43
469,30.27,29.43
452,30.27,29.49
390,30.27,29.49
529,30.27,29.49
728,30.27,29.49
653,30.27,29.49
376,30.27,29.49
648,30.27,29.49
519,30.27,29.49
774,30.27,29.49
479,30.27,29.49
452,30.27,29.49
380,30.27,29.49
658,30.27,29.49
894,30.27,29.49
680,30.27,29.49
534,30.27,29.49
892,30.27,29.49
781,30.27,29.49
443,30.27,29.49
532,30.27,29.49
235,30.27,29.49
871,30.27,29.49
350,30.27,29.49
653,30.27,29.49
656,30.27,29.49
463,30.27,29.49
666,30.27,29.49
393,30.27,29.49
129,30.27,29.49
388,30.27,29.49
128,30.27,29.49
528,30.27,29.49
850,30.27,29.49
674,30.27,29.49
895,30.27,29.49
129,30.27,29.49
685,30.27,29.49
415,30.27,29.49
493,30.27,29.49
664,30.27,29.49
508,30.27,29.49
682,30.27,29.49
387,30.27,29.49
645,30.27,29.49
384,30.27,29.49
390,30.27,29.49
556,30.27,29.49
236,30.27,29.49
507,30.27,29.49
509,30.27,29.49
399,30.27,29.49
894,30.27,29.49
128,30.27,29.49
741,30.27,29.49
541,30.27,29.49
129,30.27,29.49
671,30.27,29.49
327,30.27,29.49
886,30.27,29.49
703,30.27,29.49
204,30.27,29.49
626,30.27,29.49
315,30.27,29.49
629,30.27,29.49
406,30.27,29.49
507,30.27,29.49
778,30.27,29.49
433,30.27,29.49
381,30.27,29.49
519,30.27,29.49
663,30.27,29.49
398,30.27,29.49
605,30.27,29.49
376,30.27,29.49
488,30.27,29.49
237,30.27,29.49
558,30.27,29.49
490,30.27,29.49
241,30.27,29.49
461,30.27,29.49
450,30.27,29.49
566,30.27,29.49
712,30.27,29.49
517,30.27,29.49
788,30.27,29.49
606,30.27,29.49
451,30.27,29.49
696,30.27,29.49
259,30.27,29.49
664,30.27,29.49
585,30.27,29.49
418,30.27,29.49
555,30.27,29.49
324,30.27,29.49
458,30.27,29.49
304,30.27,29.49
492,30.27,29.49
389,30.27,29.49
260,30.27,29.49
398,30.27,29.49
533,30.27,29.49
243,30.27,29.49
292,30.27,29.49
288,30.27,29.49
609,30.27,29.49
258,30.27,29.49
660,30.27,29.49
541,30.27,29.49
437,30.27,29.49
693,30.27,29.49
484,30.27,29.49
614,30.27,29.49
431,30.27,29.49
131,30.27,29.49
737,30.27,29.49
