438,30.23,29.51
461,30.23,29.51
460,30.23,29.51
340,30.23,29.51
640,30.23,29.51
784,30.23,29.51
717,30.23,29.51
483,30.23,29.51
643,30.23,29.51
345,30.23,29.51
252,30.23,29.51
442,30.23,29.51
433,30.23,29.51
755,30.23,29.51
335,30.23,29.51
648,30.23,29.51
502,30.23,29.51
482,30.23,29.51
554,30.23,29.51
131,30.23,29.51
421,30.23,29.51
277,30.23,29.51
354,30.23,29.51
774,30.23,29.51
539,30.23,29.51
506,30.23,29.51
539,30.23,29.51
132,30.23,29.51
836,30.23,29.51
489,30.23,29.51
430,30.23,29.51
806,30.23,29.51
498,30.23,29.51
719,30.23,29.51
488,30.23,29.51
416,30.23,29.51
596,30.23,29.51
800,30.23,29.51
741,30.23,29.51
659,30.23,29.51
134,30.23,29.51
371,30.23,29.51
430,30.23,29.51
437,30.23,29.51
650,30.23,29.51
348,30.23,29.51
890,30.23,29.51
724,30.23,29.51
414,30.23,29.51
749,30.23,29.51
821,30.23,29.51
422,30.23,29.51
528,30.23,29.59
539,30.23,29.59
724,30.23,29.59
721,30.23,29.59
767,30.23,29.59
221,30.23,29.59
892,30.23,29.59
381,30.23,29.59
387,30.23,29.59
757,30.23,29.59
529,30.23,29.59
893,30.23,29.59
216,30.23,29.59
559,30.23,29.59
846,30.23,29.59
443,30.23,29.59
557,30.23,29.59
183,30.23,29.59
129,30.23,29.59
506,30.23,29.59
328,30.23,29.59
132,30.23,29.59
585,30.23,29.59
352,30.23,29.59
476,30.23,29.59
189,30.23,29.59
661,30.23,29.59
507,30.23,29.59
202,30.23,29.59
334,30.23,29.59
646,30.23,29.59
570,30.23,29.59
745,30.23,29.59
454,30.23,29.59
609,30.23,29.59
780,30.23,29.59
805,30.21,29.59
151,30.21,29.59
407,30.21,29.59
648,30.21,29.59
676,30.21,29.59
342,30.21,29.59
478,30.21,29.59
532,30.21,29.59
313,30.21,29.59
691,30.21,29.59
130,30.21,29.59
558,30.21,29.59
506,30.21,29.59
731,30.21,29.59
749,30.21,29.59
376,30.21,29.59
469,30.21,29.59
501,30.21,29.59
322,30.21,29.59
321,30.21,29.59
405,30.21,29.59
475,30.21,29.59
467,30.21,29.59
732,30.21,29.59
667,30.21,29.57
184,30.21,29.57
774,30.21,29.57
381,30.21,29.57
680,30.21,29.57
133,30.21,29.57
357,30.21,29.57
566,30.21,29.57
312,30.21,29.57
744,30.21,29.57
357,30.21,29.57
609,30.21,29.57
741,30.21,29.57
667,30.21,29.57
787,30.21,29.57
457,30.21,29.57
288,30.21,29.57
451,30.21,29.57
207,30.21,29.57
516,30.21,29.57
676,30.21,29.57
592,30.21,29.57
408,30.21,29.57
435,30.21,29.57
366,30.21,29.57
182,30.21,29.57
581,30.21,29.57
195,30.21,29.57
687,30.21,29.57
233,30.21,29.57
472,30.21,29.57
567,30.21,29.57
289,30.21,29.57
366,30.21,29.57
251,30.21,29.57
307,30.21,29.57
751,30.23,29.57
584,30.23,29.57
498,30.23,29.57
888,30.23,29.57
128,30.23,29.57
766,30.23,29.57
263,30.23,29.57
427,30.23,29.57
437,30.23,29.57
642,30.23,29.57
748,30.23,29.57
762,30.23,29.57
631,30.23,29.57
401,30.23,29.57
647,30.23,29.57
231,30.23,29.57
733,30.23,29.57
271,30.23,29.57
791,30.23,29.57
348,30.23,29.57
828,30.23,29.57
887,30.23,29.57
611,30.23,29.57
511,30.23,29.43
363,30.23,29.43
536,30.23,29.43
267,30.23,29.43
192,30.23,29.43
131,30.23,29.43
684,30.23,29.43
235,30.23,29.43
721,30.23,29.43
183,30.23,29.43
894,30.23,29.43
526,30.23,29.43
650,30.23,29.43
822,30.23,29.43
385,30.23,29.43
691,30.23,29.43
423,30.23,29.43
445,30.23,29.43
457,30.23,29.43
244,30.23,29.43
743,30.23,29.43
388,30.23,29.43
475,30.23,29.43
892,30.23,29.43
392,30.23,29.43
690,30.23,29.43
238,30.23,29.43
774,30.23,29.43
670,30.23,29.43
128,30.23,29.43
868,30.23,29.43
553,30.23,29.43
523,30.23,29.43
348,30.23,29.43
479,30.23,29.43
328,30.23,29.43
329,30.21,29.43
136,30.21,29.43
845,30.21,29.43
598,30.21,29.43
517,30.21,29.43
322,30.21,29.43
130,30.21,29.43
590,30.21,29.43
403,30.21,29.43
555,30.21,29.43
701,30.21,29.43
684,30.21,29.43
601,30.21,29.43
793,30.21,29.43
137,30.21,29.43
581,30.21,29.43
631,30.21,29.43
729,30.21,29.43
674,30.21,29.43
627,30.21,29.43
817,30.21,29.43
445,30.21,29.43
594,30.21,29.43
187,30.21,29.43
519,30.21,29.51
488,30.21,29.51
344,30.21,29.51
676,30.21,29.51
602,30.21,29.51
189,30.21,29.51
517,30.21,29.51
139,30.21,29.51
717,30.21,29.51
525,30.21,29.51
455,30.21,29.51
688,30.21,29.51
277,30.21,29.51
895,30.21,29.51
365,30.21,29.51
716,30.21,29.51
293,30.21,29.51
839,30.21,29.51
399,30.21,29.51
548,30.21,29.51
679,30.21,29.51
865,30.21,29.51
493,30.21,29.51
288,30.21,29.51
695,30.21,29.51
252,30.21,29.51
379,30.21,29.51
408,30.21,29.51
588,30.21,29.51
451,30.21,29.51
647,30.21,29.51
339,30.21,29.51
824,30.21,29.51
420,30.21,29.51
663,30.21,29.51
384,30.21,29.51
521,30.23,29.51
766,30.23,29.51
267,30.23,29.51
643,30.23,29.51
149,30.23,29.51
798,30.23,29.51
399,30.23,29.51
297,30.23,29.51
312,30.23,29.51
414,30.23,29.51
844,30.23,29.51
827,30.23,29.51
420,30.23,29.51
362,30.23,29.51
391,30.23,29.51
543,30.23,29.51
584,30.23,29.51
360,30.23,29.51
753,30.23,29.51
423,30.23,29.51
894,30.23,29.51
333,30.23,29.51
605,30.23,29.51
128,30.23,29.51
474,30.23,29.31
360,30.23,29.31
419,30.23,29.31
492,30.23,29.31
589,30.23,29.31
628,30.23,29.31
433,30.23,29.31
505,30.23,29.31
735,30.23,29.31
444,30.23,29.31
808,30.23,29.31
603,30.23,29.31
518,30.23,29.31
710,30.23,29.31
129,30.23,29.31
808,30.23,29.31
562,30.23,29.31
461,30.23,29.31
723,30.23,29.31
802,30.23,29.31
895,30.23,29.31
646,30.23,29.31
698,30.23,29.31
579,30.23,29.31
414,30.23,29.31
824,30.23,29.31
290,30.23,29.31
355,30.23,29.31
563,30.23,29.31
292,30.23,29.31
444,30.23,29.31
130,30.23,29.31
367,30.23,29.31
318,30.23,29.31
609,30.23,29.31
576,30.23,29.31
198,30.21,29.31
538,30.21,29.31
431,30.21,29.31
524,30.21,29.31
502,30.21,29.31
214,30.21,29.31
288,30.21,29.31
640,30.21,29.31
733,30.21,29.31
382,30.21,29.31
667,30.21,29.31
370,30.21,29.31
777,30.21,29.31
656,30.21,29.31
273,30.21,29.31
571,30.21,29.31
669,30.21,29.31
733,30.21,29.31
854,30.21,29.31
610,30.21,29.31
895,30.21,29.31
387,30.21,29.31
264,30.21,29.31
288,30.21,29.39
451,30.21,29.39
509,30.21,29.39
401,30.21,29.39
552,30.21,29.39
776,30.21,29.39
623,30.21,29.39
455,30.21,29.39
430,30.21,29.39
510,30.21,29.39
599,30.21,29.39
374,30.21,29.39
215,30.21,29.39
245,30.21,29.39
828,30.21,29.39
306,30.21,29.39
615,30.21,29.39
566,30.21,29.39
653,30.21,29.39
429,30.21,29.39
721,30.21,29.39
589,30.21,29.39
631,30.21,29.39
381,30.21,29.39
377,30.21,29.39
248,30.21,29.39
415,30.21,29.39
435,30.21,29.39
567,30.21,29.39
546,30.21,29.39
616,30.21,29.39
566,30.21,29.39
165,30.21,29.39
856,30.21,29.39
548,30.21,29.39
891,30.21,29.39
367,30.23,29.39
482,30.23,29.39
776,30.23,29.39
197,30.23,29.39
608,30.23,29.39
203,30.23,29.39
433,30.23,29.39
832,30.23,29.39
660,30.23,29.39
769,30.23,29.39
630,30.23,29.39
515,30.23,29.39
893,30.23,29.39
129,30.23,29.39
534,30.23,29.39
425,30.23,29.39
557,30.23,29.39
568,30.23,29.39
428,30.23,29.39
646,30.23,29.39
503,30.23,29.39
542,30.23,29.39
504,30.23,29.39
666,30.23,29.39
712,30.23,29.45
511,30.23,29.45
580,30.23,29.45
556,30.23,29.45
402,30.23,29.45
384,30.23,29.45
339,30.23,29.45
464,30.23,29.45
562,30.23,29.45
