536,30.09,29.15
465,30.09,29.15
343,30.09,29.15
131,30.09,29.15
697,30.09,29.15
739,30.09,29.15
627,30.09,29.15
375,30.09,29.15
360,30.09,29.15
803,30.09,29.15
578,30.09,29.15
618,30.09,29.15
231,30.09,29.15
297,30.09,29.15
131,30.09,29.15
425,30.09,29.15
753,30.09,29.15
652,30.09,29.15
563,30.09,29.15
285,30.09,29.15
682,30.07,29.15
816,30.07,29.15
595,30.07,29.15
657,30.07,29.15
382,30.07,29.15
131,30.07,29.15
743,30.07,29.15
380,30.07,29.15
608,30.07,29.15
635,30.07,29.15
868,30.07,29.15
726,30.07,29.15
892,30.07,29.15
540,30.07,29.15
720,30.07,29.15
585,30.07,29.15
270,30.07,29.15
552,30.07,29.15
269,30.07,29.15
818,30.07,29.15
781,30.07,29.15
440,30.07,29.15
807,30.07,29.15
760,30.07,29.23
485,30.07,29.23
455,30.07,29.23
864,30.07,29.23
473,30.07,29.23
532,30.07,29.23
135,30.07,29.23
636,30.07,29.23
280,30.07,29.23
347,30.07,29.23
564,30.07,29.23
756,30.07,29.23
462,30.07,29.23
783,30.07,29.23
351,30.07,29.23
569,30.07,29.23
685,30.07,29.23
227,30.07,29.23
498,30.07,29.23
293,30.07,29.23
803,30.07,29.23
644,30.07,29.23
568,30.07,29.23
162,30.07,29.23
690,30.07,29.23
273,30.07,29.23
141,30.07,29.23
442,30.07,29.23
361,30.07,29.23
697,30.07,29.23
133,30.07,29.23
730,30.07,29.23
613,30.07,29.23
502,30.07,29.23
466,30.07,29.23
642,30.07,29.23
291,30.07,29.23
618,30.05,29.23
230,30.05,29.23
873,30.05,29.23
593,30.05,29.23
619,30.05,29.23
673,30.05,29.23
128,30.05,29.23
658,30.05,29.23
275,30.05,29.23
362,30.05,29.23
807,30.05,29.23
591,30.05,29.23
550,30.05,29.23
565,30.05,29.23
294,30.05,29.23
411,30.05,29.23
195,30.05,29.23
561,30.05,29.23
298,30.05,29.23
467,30.05,29.23
283,30.05,29.23
336,30.05,29.23
607,30.05,29.23
129,30.05,29.09
638,30.05,29.09
449,30.05,29.09
427,30.05,29.09
588,30.05,29.09
462,30.05,29.09
610,30.05,29.09
421,30.05,29.09
244,30.05,29.09
738,30.05,29.09
141,30.05,29.09
146,30.05,29.09
863,30.05,29.09
129,30.05,29.09
569,30.05,29.09
422,30.05,29.09
588,30.05,29.09
452,30.05,29.09
513,30.05,29.09
631,30.05,29.09
301,30.05,29.09
560,30.05,29.09
487,30.05,29.09
831,30.05,29.09
377,30.05,29.09
260,30.05,29.09
188,30.05,29.09
893,30.05,29.09
502,30.05,29.09
547,30.05,29.09
759,30.05,29.09
286,30.05,29.09
894,30.05,29.09
129,30.05,29.09
639,30.05,29.09
179,30.05,29.09
634,30.05,29.09
373,30.05,29.09
617,30.05,29.09
639,30.05,29.09
138,30.05,29.09
897,30.05,29.09
244,30.05,29.09
364,30.05,29.09
287,30.05,29.09
239,30.05,29.09
354,30.05,29.09
777,30.05,29.09
610,30.05,29.09
564,30.05,29.09
523,30.05,29.09
794,30.05,29.09
597,30.05,29.09
366,30.05,29.09
640,30.05,29.09
562,30.05,29.09
633,30.05,29.09
427,30.05,29.09
592,30.05,29.09
218,30.05,29.09
693,30.05,29.15
630,30.05,29.15
448,30.05,29.15
631,30.05,29.15
360,30.05,29.15
813,30.05,29.15
324,30.05,29.15
445,30.05,29.15
312,30.05,29.15
191,30.05,29.15
383,30.05,29.15
579,30.05,29.15
407,30.05,29.15
524,30.05,29.15
557,30.05,29.15
603,30.05,29.15
281,30.05,29.15
241,30.05,29.15
545,30.05,29.15
132,30.05,29.15
443,30.05,29.15
166,30.05,29.15
332,30.05,29.15
139,30.05,29.15
668,30.05,29.15
266,30.05,29.15
401,30.05,29.15
643,30.05,29.15
395,30.05,29.15
704,30.05,29.15
576,30.05,29.15
679,30.05,29.15
320,30.05,29.15
495,30.05,29.15
168,30.05,29.15
371,30.05,29.15
475,30.05,29.15
547,30.05,29.15
201,30.05,29.15
853,30.05,29.15
608,30.05,29.15
491,30.05,29.15
230,30.05,29.15
770,30.05,29.15
419,30.05,29.15
368,30.05,29.15
727,30.05,29.15
176,30.05,29.15
748,30.05,29.15
407,30.05,29.15
386,30.05,29.15
404,30.05,29.15
653,30.05,29.15
792,30.05,29.15
316,30.05,29.15
485,30.05,29.15
533,30.05,29.15
295,30.05,29.15
618,30.05,29.15
137,30.05,29.15
491,30.05,29.35
892,30.05,29.35
680,30.05,29.35
378,30.05,29.35
435,30.05,29.35
465,30.05,29.35
321,30.05,29.35
530,30.05,29.35
226,30.05,29.35
357,30.05,29.35
479,30.05,29.35
581,30.05,29.35
684,30.05,29.35
737,30.05,29.35
812,30.05,29.35
509,30.05,29.35
135,30.05,29.35
619,30.05,29.35
318,30.05,29.35
548,30.05,29.35
582,30.05,29.35
332,30.05,29.35
813,30.05,29.35
565,30.05,29.35
622,30.05,29.35
522,30.05,29.35
836,30.05,29.35
290,30.05,29.35
534,30.05,29.35
732,30.05,29.35
354,30.05,29.35
823,30.05,29.35
132,30.05,29.35
396,30.05,29.35
806,30.05,29.35
608,30.05,29.35
457,30.07,29.35
775,30.07,29.35
503,30.07,29.35
519,30.07,29.35
256,30.07,29.35
370,30.07,29.35
673,30.07,29.35
636,30.07,29.35
834,30.07,29.35
722,30.07,29.35
586,30.07,29.35
130,30.07,29.35
814,30.07,29.35
138,30.07,29.35
641,30.07,29.35
544,30.07,29.35
465,30.07,29.35
548,30.07,29.35
529,30.07,29.35
868,30.07,29.35
702,30.07,29.35
511,30.07,29.35
206,30.07,29.35
527,30.07,29.35
130,30.07,29.39
648,30.07,29.39
130,30.07,29.39
363,30.07,29.39
620,30.07,29.39
659,30.07,29.39
278,30.07,29.39
645,30.07,29.39
838,30.07,29.39
533,30.07,29.39
460,30.07,29.39
414,30.07,29.39
599,30.07,29.39
284,30.07,29.39
494,30.07,29.39
293,30.07,29.39
512,30.07,29.39
707,30.07,29.39
842,30.07,29.39
699,30.07,29.39
563,30.07,29.39
895,30.07,29.39
129,30.07,29.39
761,30.07,29.39
688,30.07,29.39
672,30.07,29.39
662,30.07,29.39
749,30.07,29.39
357,30.07,29.39
724,30.07,29.39
499,30.07,29.39
446,30.07,29.39
693,30.07,29.39
565,30.07,29.39
300,30.07,29.39
550,30.07,29.39
714,30.07,29.39
208,30.07,29.39
894,30.07,29.39
317,30.07,29.39
457,30.07,29.39
706,30.07,29.39
492,30.07,29.39
622,30.07,29.39
209,30.07,29.39
665,30.07,29.39
487,30.07,29.39
544,30.07,29.39
452,30.07,29.39
523,30.07,29.39
559,30.07,29.39
647,30.07,29.39
190,30.07,29.39
448,30.07,29.39
129,30.07,29.39
448,30.07,29.39
192,30.07,29.39
752,30.07,29.39
613,30.07,29.39
262,30.07,29.39
894,30.07,29.35
317,30.07,29.35
801,30.07,29.35
452,30.07,29.35
475,30.07,29.35
392,30.07,29.35
549,30.07,29.35
517,30.07,29.35
471,30.07,29.35
705,30.07,29.35
130,30.07,29.35
513,30.07,29.35
405,30.07,29.35
361,30.07,29.35
257,30.07,29.35
681,30.07,29.35
461,30.07,29.35
247,30.07,29.35
722,30.07,29.35
534,30.07,29.35
453,30.07,29.35
520,30.07,29.35
179,30.07,29.35
500,30.07,29.35
716,30.07,29.35
210,30.07,29.35
894,30.07,29.35
683,30.07,29.35
883,30.07,29.35
559,30.07,29.35
580,30.07,29.35
684,30.07,29.35
204,30.07,29.35
725,30.07,29.35
714,30.07,29.35
612,30.07,29.35
488,30.09,29.35
654,30.09,29.35
189,30.09,29.35
655,30.09,29.35
480,30.09,29.35
444,30.09,29.35
297,30.09,29.35
514,30.09,29.35
739,30.09,29.35
511,30.09,29.35
386,30.09,29.35
403,30.09,29.35
417,30.09,29.35
356,30.09,29.35
698,30.09,29.35
211,30.09,29.35
712,30.09,29.35
424,30.09,29.35
729,30.09,29.35
574,30.09,29.35
394,30.09,29.35
674,30.09,29.35
274,30.09,29.35
752,30.09,29.35
559,30.09,29.39
385,30.09,29.39
565,30.09,29.39
872,30.09,29.39
764,30.09,29.39
668,30.09,29.39
462,30.09,29.39
575,30.09,29.39
630,30.09,29.39
631,30.09,29.39
680,30.09,29.39
732,30.09,29.39
663,30.09,29.39
652,30.09,29.39
649,30.09,29.39
131,30.09,29.39
