549,30.41,29.75
717,30.41,29.75
440,30.41,29.75
148,30.41,29.75
607,30.41,29.75
131,30.41,29.75
147,30.41,29.75
529,30.41,29.75
446,30.41,29.75
810,30.41,29.75
365,30.41,29.75
813,30.41,29.75
531,30.41,29.75
415,30.41,29.75
214,30.41,29.75
532,30.41,29.75
477,30.41,29.75
361,30.41,29.75
377,30.41,29.75
507,30.41,29.75
624,30.41,29.75
551,30.41,29.75
469,30.41,29.75
455,30.41,29.75
350,30.39,29.75
440,30.39,29.75
487,30.39,29.75
566,30.39,29.75
491,30.39,29.75
257,30.39,29.75
690,30.39,29.75
348,30.39,29.75
703,30.39,29.75
573,30.39,29.75
420,30.39,29.75
603,30.39,29.75
130,30.39,29.75
574,30.39,29.75
174,30.39,29.75
382,30.39,29.75
334,30.39,29.75
569,30.39,29.75
364,30.39,29.75
341,30.39,29.75
499,30.39,29.75
579,30.39,29.75
391,30.39,29.75
641,30.39,29.75
194,30.39,29.45
472,30.39,29.45
892,30.39,29.45
671,30.39,29.45
764,30.39,29.45
161,30.39,29.45
892,30.39,29.45
338,30.39,29.45
243,30.39,29.45
556,30.39,29.45
631,30.39,29.45
562,30.39,29.45
529,30.39,29.45
673,30.39,29.45
719,30.39,29.45
391,30.39,29.45
380,30.39,29.45
433,30.39,29.45
167,30.39,29.45
469,30.39,29.45
130,30.39,29.45
563,30.39,29.45
404,30.39,29.45
722,30.39,29.45
439,30.39,29.45
430,30.39,29.45
406,30.39,29.45
349,30.39,29.45
579,30.39,29.45
428,30.39,29.45
683,30.39,29.45
462,30.39,29.45
573,30.39,29.45
210,30.39,29.45
669,30.39,29.45
706,30.39,29.45
515,30.39,29.45
723,30.39,29.45
428,30.39,29.45
891,30.39,29.45
407,30.39,29.45
517,30.39,29.45
335,30.39,29.45
490,30.39,29.45
761,30.39,29.45
332,30.39,29.45
244,30.39,29.45
890,30.39,29.45
530,30.39,29.45
895,30.39,29.45
131,30.39,29.45
246,30.39,29.45
222,30.39,29.45
130,30.39,29.45
441,30.39,29.45
131,30.39,29.45
547,30.39,29.45
845,30.39,29.45
288,30.39,29.45
596,30.39,29.63
256,30.39,29.63
763,30.39,29.63
746,30.39,29.63
214,30.39,29.63
894,30.39,29.63
166,30.39,29.63
858,30.39,29.63
432,30.39,29.63
255,30.39,29.63
894,30.39,29.63
490,30.39,29.63
688,30.39,29.63
580,30.39,29.63
894,30.39,29.63
399,30.39,29.63
318,30.39,29.63
400,30.39,29.63
369,30.39,29.63
379,30.39,29.63
279,30.39,29.63
708,30.39,29.63
537,30.39,29.63
348,30.39,29.63
740,30.39,29.63
179,30.39,29.63
314,30.39,29.63
839,30.39,29.63
279,30.39,29.63
136,30.39,29.63
306,30.39,29.63
559,30.39,29.63
212,30.39,29.63
641,30.39,29.63
397,30.39,29.63
578,30.39,29.63
259,30.43,29.63
588,30.43,29.63
700,30.43,29.63
502,30.43,29.63
696,30.43,29.63
443,30.43,29.63
725,30.43,29.63
851,30.43,29.63
478,30.43,29.63
747,30.43,29.63
704,30.43,29.63
643,30.43,29.63
893,30.43,29.63
484,30.43,29.63
429,30.43,29.63
359,30.43,29.63
409,30.43,29.63
439,30.43,29.63
189,30.43,29.63
621,30.43,29.63
255,30.43,29.63
864,30.43,29.63
495,30.43,29.63
814,30.43,29.63
616,30.43,29.45
425,30.43,29.45
665,30.43,29.45
611,30.43,29.45
392,30.43,29.45
514,30.43,29.45
355,30.43,29.45
734,30.43,29.45
303,30.43,29.45
741,30.43,29.45
606,30.43,29.45
742,30.43,29.45
649,30.43,29.45
537,30.43,29.45
386,30.43,29.45
129,30.43,29.45
487,30.43,29.45
466,30.43,29.45
600,30.43,29.45
292,30.43,29.45
428,30.43,29.45
592,30.43,29.45
433,30.43,29.45
681,30.43,29.45
324,30.43,29.45
367,30.43,29.45
606,30.43,29.45
641,30.43,29.45
676,30.43,29.45
601,30.43,29.45
847,30.43,29.45
832,30.43,29.45
237,30.43,29.45
658,30.43,29.45
452,30.43,29.45
262,30.43,29.45
655,30.39,29.45
427,30.39,29.45
550,30.39,29.45
464,30.39,29.45
533,30.39,29.45
155,30.39,29.45
588,30.39,29.45
402,30.39,29.45
600,30.39,29.45
796,30.39,29.45
491,30.39,29.45
551,30.39,29.45
358,30.39,29.45
410,30.39,29.45
716,30.39,29.45
462,30.39,29.45
180,30.39,29.45
303,30.39,29.45
241,30.39,29.45
231,30.39,29.45
293,30.39,29.45
570,30.39,29.45
406,30.39,29.45
343,30.39,29.45
553,30.39,29.51
718,30.39,29.51
357,30.39,29.51
628,30.39,29.51
469,30.39,29.51
395,30.39,29.51
435,30.39,29.51
256,30.39,29.51
402,30.39,29.51
784,30.39,29.51
468,30.39,29.51
707,30.39,29.51
340,30.39,29.51
657,30.39,29.51
874,30.39,29.51
479,30.39,29.51
735,30.39,29.51
518,30.39,29.51
883,30.39,29.51
385,30.39,29.51
731,30.39,29.51
595,30.39,29.51
761,30.39,29.51
442,30.39,29.51
361,30.39,29.51
322,30.39,29.51
168,30.39,29.51
203,30.39,29.51
384,30.39,29.51
812,30.39,29.51
587,30.39,29.51
834,30.39,29.51
134,30.39,29.51
894,30.39,29.51
291,30.39,29.51
438,30.39,29.51
364,30.41,29.51
401,30.41,29.51
465,30.41,29.51
252,30.41,29.51
388,30.41,29.51
276,30.41,29.51
653,30.41,29.51
893,30.41,29.51
624,30.41,29.51
232,30.41,29.51
894,30.41,29.51
272,30.41,29.51
624,30.41,29.51
178,30.41,29.51
288,30.41,29.51
672,30.41,29.51
370,30.41,29.51
541,30.41,29.51
685,30.41,29.51
492,30.41,29.51
341,30.41,29.51
757,30.41,29.51
128,30.41,29.51
429,30.41,29.55
260,30.41,29.55
715,30.41,29.55
675,30.41,29.55
644,30.41,29.55
617,30.41,29.55
316,30.41,29.55
778,30.41,29.55
590,30.41,29.55
382,30.41,29.55
608,30.41,29.55
340,30.41,29.55
718,30.41,29.55
731,30.41,29.55
269,30.41,29.55
706,30.41,29.55
132,30.41,29.55
869,30.41,29.55
223,30.41,29.55
463,30.41,29.55
894,30.41,29.55
565,30.41,29.55
895,30.41,29.55
347,30.41,29.55
600,30.41,29.55
386,30.41,29.55
524,30.41,29.55
571,30.41,29.55
856,30.41,29.55
425,30.41,29.55
894,30.41,29.55
196,30.41,29.55
889,30.41,29.55
499,30.41,29.55
869,30.41,29.55
494,30.41,29.55
477,30.39,29.55
835,30.39,29.55
523,30.39,29.55
516,30.39,29.55
329,30.39,29.55
798,30.39,29.55
128,30.39,29.55
813,30.39,29.55
448,30.39,29.55
685,30.39,29.55
410,30.39,29.55
460,30.39,29.55
130,30.39,29.55
619,30.39,29.55
303,30.39,29.55
307,30.39,29.55
617,30.39,29.55
333,30.39,29.55
786,30.39,29.55
587,30.39,29.55
731,30.39,29.55
590,30.39,29.55
760,30.39,29.55
292,30.39,29.55
662,30.39,29.63
459,30.39,29.63
344,30.39,29.63
493,30.39,29.63
535,30.39,29.63
487,30.39,29.63
446,30.39,29.63
130,30.39,29.63
478,30.39,29.63
707,30.39,29.63
724,30.39,29.63
704,30.39,29.63
245,30.39,29.63
392,30.39,29.63
436,30.39,29.63
475,30.39,29.63
419,30.39,29.63
473,30.39,29.63
504,30.39,29.63
535,30.39,29.63
633,30.39,29.63
254,30.39,29.63
785,30.39,29.63
222,30.39,29.63
429,30.39,29.63
512,30.39,29.63
277,30.39,29.63
170,30.39,29.63
130,30.39,29.63
892,30.39,29.63
495,30.39,29.63
400,30.39,29.63
344,30.39,29.63
453,30.39,29.63
808,30.39,29.63
442,30.39,29.63
367,30.43,29.63
501,30.43,29.63
139,30.43,29.63
769,30.43,29.63
294,30.43,29.63
776,30.43,29.63
477,30.43,29.63
712,30.43,29.63
525,30.43,29.63
325,30.43,29.63
441,30.43,29.63
470,30.43,29.63
378,30.43,29.63
130,30.43,29.63
563,30.43,29.63
565,30.43,29.63
268,30.43,29.63
410,30.43,29.63
589,30.43,29.63
483,30.43,29.63
699,30.43,29.63
209,30.43,29.63
689,30.43,29.63
328,30.43,29.63
244,30.43,29.51
254,30.43,29.51
272,30.43,29.51
698,30.43,29.51
383,30.43,29.51
648,30.43,29.51
136,30.43,29.51
554,30.43,29.51
618,30.43,29.51
144,30.43,29.51
789,30.43,29.51
558,30.43,29.51
