419,30.25,29.43
894,30.23,29.43
397,30.23,29.43
131,30.23,29.43
641,30.23,29.43
418,30.23,29.43
134,30.23,29.43
135,30.23,29.43
517,30.23,29.43
183,30.23,29.43
654,30.23,29.43
487,30.23,29.43
778,30.23,29.43
378,30.23,29.43
556,30.23,29.43
657,30.23,29.43
299,30.23,29.43
766,30.23,29.43
348,30.23,29.43
543,30.23,29.43
434,30.23,29.43
584,30.23,29.43
607,30.23,29.43
878,30.23,29.43
759,30.23,29.39
892,30.23,29.39
621,30.23,29.39
523,30.23,29.39
565,30.23,29.39
361,30.23,29.39
708,30.23,29.39
135,30.23,29.39
789,30.23,29.39
197,30.23,29.39
890,30.23,29.39
237,30.23,29.39
551,30.23,29.39
469,30.23,29.39
374,30.23,29.39
344,30.23,29.39
315,30.23,29.39
249,30.23,29.39
295,30.23,29.39
315,30.23,29.39
429,30.23,29.39
369,30.23,29.39
508,30.23,29.39
891,30.23,29.39
584,30.23,29.39
824,30.23,29.39
449,30.23,29.39
673,30.23,29.39
261,30.23,29.39
343,30.23,29.39
257,30.23,29.39
170,30.23,29.39
390,30.23,29.39
693,30.23,29.39
573,30.23,29.39
395,30.23,29.39
416,30.25,29.39
486,30.25,29.39
295,30.25,29.39
640,30.25,29.39
549,30.25,29.39
664,30.25,29.39
218,30.25,29.39
509,30.25,29.39
662,30.25,29.39
190,30.25,29.39
892,30.25,29.39
323,30.25,29.39
720,30.25,29.39
544,30.25,29.39
381,30.25,29.39
367,30.25,29.39
506,30.25,29.39
650,30.25,29.39
507,30.25,29.39
245,30.25,29.39
686,30.25,29.39
752,30.25,29.39
735,30.25,29.39
729,30.25,29.39
263,30.25,29.63
772,30.25,29.63
503,30.25,29.63
625,30.25,29.63
788,30.25,29.63
175,30.25,29.63
546,30.25,29.63
430,30.25,29.63
363,30.25,29.63
443,30.25,29.63
655,30.25,29.63
349,30.25,29.63
624,30.25,29.63
510,30.25,29.63
562,30.25,29.63
423,30.25,29.63
391,30.25,29.63
347,30.25,29.63
129,30.25,29.63
466,30.25,29.63
354,30.25,29.63
580,30.25,29.63
884,30.25,29.63
341,30.25,29.63
426,30.25,29.63
805,30.25,29.63
668,30.25,29.63
800,30.25,29.63
264,30.25,29.63
637,30.25,29.63
282,30.25,29.63
508,30.25,29.63
424,30.25,29.63
417,30.25,29.63
894,30.25,29.63
371,30.25,29.63
704,30.23,29.63
367,30.23,29.63
434,30.23,29.63
583,30.23,29.63
453,30.23,29.63
247,30.23,29.63
466,30.23,29.63
280,30.23,29.63
545,30.23,29.63
317,30.23,29.63
477,30.23,29.63
490,30.23,29.63
566,30.23,29.63
446,30.23,29.63
652,30.23,29.63
607,30.23,29.63
443,30.23,29.63
657,30.23,29.63
270,30.23,29.63
527,30.23,29.63
495,30.23,29.63
369,30.23,29.63
565,30.23,29.63
633,30.23,29.63
754,30.23,29.63
522,30.23,29.63
284,30.23,29.63
649,30.23,29.63
275,30.23,29.63
293,30.23,29.63
765,30.23,29.63
577,30.23,29.63
875,30.23,29.63
399,30.23,29.63
507,30.23,29.63
401,30.23,29.63
435,30.23,29.63
128,30.23,29.63
285,30.23,29.63
548,30.23,29.63
412,30.23,29.63
763,30.23,29.63
353,30.23,29.63
452,30.23,29.63
794,30.23,29.63
589,30.23,29.63
339,30.23,29.63
867,30.23,29.63
533,30.23,29.63
512,30.23,29.63
463,30.23,29.63
630,30.23,29.63
506,30.23,29.63
470,30.23,29.63
445,30.23,29.63
556,30.23,29.63
894,30.23,29.63
454,30.23,29.63
894,30.23,29.63
478,30.23,29.63
754,30.21,29.63
130,30.21,29.63
537,30.21,29.63
786,30.21,29.63
628,30.21,29.63
535,30.21,29.63
329,30.21,29.63
651,30.21,29.63
473,30.21,29.63
142,30.21,29.63
479,30.21,29.63
412,30.21,29.63
244,30.21,29.63
718,30.21,29.63
369,30.21,29.63
660,30.21,29.63
131,30.21,29.63
526,30.21,29.63
506,30.21,29.63
135,30.21,29.63
705,30.21,29.63
402,30.21,29.63
759,30.21,29.63
651,30.21,29.55
557,30.21,29.55
713,30.21,29.55
543,30.21,29.55
490,30.21,29.55
512,30.21,29.55
528,30.21,29.55
572,30.21,29.55
702,30.21,29.55
894,30.21,29.55
396,30.21,29.55
410,30.21,29.55
559,30.21,29.55
670,30.21,29.55
779,30.21,29.55
323,30.21,29.55
696,30.21,29.55
576,30.21,29.55
528,30.21,29.55
611,30.21,29.55
392,30.21,29.55
499,30.21,29.55
488,30.21,29.55
812,30.21,29.55
405,30.21,29.55
261,30.21,29.55
479,30.21,29.55
441,30.21,29.55
476,30.21,29.55
488,30.21,29.55
448,30.21,29.55
354,30.21,29.55
381,30.21,29.55
664,30.21,29.55
377,30.21,29.55
747,30.21,29.55
554,30.25,29.55
398,30.25,29.55
789,30.25,29.55
409,30.25,29.55
570,30.25,29.55
609,30.25,29.55
895,30.25,29.55
383,30.25,29.55
457,30.25,29.55
321,30.25,29.55
739,30.25,29.55
414,30.25,29.55
537,30.25,29.55
430,30.25,29.55
781,30.25,29.55
436,30.25,29.55
572,30.25,29.55
373,30.25,29.55
332,30.25,29.55
482,30.25,29.55
418,30.25,29.55
600,30.25,29.55
182,30.25,29.55
159,30.25,29.55
144,30.25,29.45
641,30.25,29.45
154,30.25,29.45
759,30.25,29.45
776,30.25,29.45
585,30.25,29.45
458,30.25,29.45
427,30.25,29.45
401,30.25,29.45
650,30.25,29.45
296,30.25,29.45
499,30.25,29.45
564,30.25,29.45
607,30.25,29.45
790,30.25,29.45
128,30.25,29.45
345,30.25,29.45
410,30.25,29.45
250,30.25,29.45
628,30.25,29.45
530,30.25,29.45
739,30.25,29.45
442,30.25,29.45
668,30.25,29.45
729,30.25,29.45
858,30.25,29.45
536,30.25,29.45
236,30.25,29.45
866,30.25,29.45
644,30.25,29.45
562,30.25,29.45
456,30.25,29.45
319,30.25,29.45
832,30.25,29.45
753,30.25,29.45
764,30.25,29.45
461,30.23,29.45
528,30.23,29.45
894,30.23,29.45
205,30.23,29.45
894,30.23,29.45
295,30.23,29.45
627,30.23,29.45
563,30.23,29.45
131,30.23,29.45
737,30.23,29.45
424,30.23,29.45
539,30.23,29.45
488,30.23,29.45
895,30.23,29.45
722,30.23,29.45
392,30.23,29.45
428,30.23,29.45
693,30.23,29.45
332,30.23,29.45
555,30.23,29.45
500,30.23,29.45
810,30.23,29.45
683,30.23,29.45
571,30.23,29.49
728,30.23,29.49
193,30.23,29.49
551,30.23,29.49
335,30.23,29.49
421,30.23,29.49
732,30.23,29.49
196,30.23,29.49
654,30.23,29.49
576,30.23,29.49
297,30.23,29.49
700,30.23,29.49
477,30.23,29.49
585,30.23,29.49
659,30.23,29.49
569,30.23,29.49
663,30.23,29.49
580,30.23,29.49
477,30.23,29.49
553,30.23,29.49
324,30.23,29.49
315,30.23,29.49
876,30.23,29.49
630,30.23,29.49
894,30.23,29.49
709,30.23,29.49
609,30.23,29.49
284,30.23,29.49
454,30.23,29.49
562,30.23,29.49
387,30.23,29.49
516,30.23,29.49
467,30.23,29.49
351,30.23,29.49
724,30.23,29.49
334,30.23,29.49
718,30.23,29.49
298,30.23,29.49
462,30.23,29.49
657,30.23,29.49
128,30.23,29.49
842,30.23,29.49
715,30.23,29.49
715,30.23,29.49
779,30.23,29.49
445,30.23,29.49
482,30.23,29.49
660,30.23,29.49
486,30.23,29.49
880,30.23,29.49
423,30.23,29.49
584,30.23,29.49
588,30.23,29.49
176,30.23,29.49
725,30.23,29.49
132,30.23,29.49
370,30.23,29.49
727,30.23,29.49
771,30.23,29.49
215,30.23,29.49
683,30.23,29.45
657,30.23,29.45
631,30.23,29.45
488,30.23,29.45
407,30.23,29.45
517,30.23,29.45
620,30.23,29.45
844,30.23,29.45
319,30.23,29.45
518,30.23,29.45
528,30.23,29.45
524,30.23,29.45
656,30.23,29.45
129,30.23,29.45
189,30.23,29.45
319,30.23,29.45
490,30.23,29.45
680,30.23,29.45
488,30.23,29.45
518,30.23,29.45
638,30.23,29.45
801,30.23,29.45
876,30.23,29.45
411,30.23,29.45
875,30.23,29.45
486,30.23,29.45
566,30.23,29.45
381,30.23,29.45
321,30.23,29.45
518,30.23,29.45
131,30.23,29.45
602,30.23,29.45
129,30.23,29.45
357,30.23,29.45
427,30.23,29.45
364,30.23,29.45
576,30.25,29.45
