294,29.95,29.05
893,29.95,29.05
417,29.95,29.05
240,29.95,29.05
634,29.95,29.05
893,29.95,29.05
596,29.95,29.05
548,29.95,29.05
434,29.95,29.05
657,29.95,29.05
893,29.95,29.05
436,29.95,29.05
873,29.95,29.05
328,29.95,29.05
848,29.95,29.05
406,29.95,29.05
519,29.95,29.05
150,29.95,29.05
610,29.95,29.05
541,29.95,29.05
219,29.95,29.05
525,29.95,29.05
466,29.95,29.05
324,29.95,29.05
708,29.95,29.05
377,29.95,29.05
432,29.95,29.05
753,29.97,29.05
131,29.97,29.05
869,29.97,29.05
391,29.97,29.05
870,29.97,29.05
401,29.97,29.05
318,29.97,29.05
894,29.97,29.05
209,29.97,29.05
822,29.97,29.05
366,29.97,29.05
566,29.97,29.05
771,29.97,29.05
415,29.97,29.05
542,29.97,29.05
223,29.97,29.05
151,29.97,29.05
364,29.97,29.05
142,29.97,29.05
327,29.97,29.05
411,29.97,29.05
399,29.97,29.05
620,29.97,29.05
348,29.97,29.05
792,29.97,29.37
333,29.97,29.37
414,29.97,29.37
690,29.97,29.37
578,29.97,29.37
755,29.97,29.37
408,29.97,29.37
863,29.97,29.37
438,29.97,29.37
694,29.97,29.37
439,29.97,29.37
612,29.97,29.37
312,29.97,29.37
704,29.97,29.37
190,29.97,29.37
381,29.97,29.37
872,29.97,29.37
618,29.97,29.37
749,29.97,29.37
612,29.97,29.37
597,29.97,29.37
785,29.97,29.37
449,29.97,29.37
479,29.97,29.37
894,29.97,29.37
132,29.97,29.37
881,29.97,29.37
536,29.97,29.37
771,29.97,29.37
464,29.97,29.37
801,29.97,29.37
793,29.97,29.37
363,29.97,29.37
681,29.97,29.37
506,29.97,29.37
324,29.97,29.37
544,29.97,29.37
425,29.97,29.37
654,29.97,29.37
407,29.97,29.37
482,29.97,29.37
606,29.97,29.37
355,29.97,29.37
366,29.97,29.37
275,29.97,29.37
670,29.97,29.37
657,29.97,29.37
418,29.97,29.37
873,29.97,29.37
513,29.97,29.37
510,29.97,29.37
388,29.97,29.37
501,29.97,29.37
368,29.97,29.37
624,29.97,29.37
894,29.97,29.37
429,29.97,29.37
539,29.97,29.37
636,29.97,29.37
537,29.97,29.37
535,29.97,29.25
224,29.97,29.25
544,29.97,29.25
438,29.97,29.25
430,29.97,29.25
705,29.97,29.25
557,29.97,29.25
738,29.97,29.25
211,29.97,29.25
796,29.97,29.25
379,29.97,29.25
517,29.97,29.25
671,29.97,29.25
189,29.97,29.25
473,29.97,29.25
539,29.97,29.25
220,29.97,29.25
484,29.97,29.25
402,29.97,29.25
476,29.97,29.25
343,29.97,29.25
583,29.97,29.25
656,29.97,29.25
553,29.97,29.25
536,29.97,29.25
132,29.97,29.25
746,29.97,29.25
647,29.97,29.25
521,29.97,29.25
217,29.97,29.25
569,29.97,29.25
821,29.97,29.25
593,29.97,29.25
576,29.97,29.25
752,29.97,29.25
404,29.97,29.25
646,29.91,29.25
370,29.91,29.25
128,29.91,29.25
428,29.91,29.25
129,29.91,29.25
676,29.91,29.25
131,29.91,29.25
849,29.91,29.25
658,29.91,29.25
740,29.91,29.25
375,29.91,29.25
654,29.91,29.25
218,29.91,29.25
262,29.91,29.25
202,29.91,29.25
727,29.91,29.25
893,29.91,29.25
672,29.91,29.25
756,29.91,29.25
559,29.91,29.25
701,29.91,29.25
197,29.91,29.25
673,29.91,29.25
239,29.91,29.25
539,29.91,29.11
446,29.91,29.11
227,29.91,29.11
634,29.91,29.11
668,29.91,29.11
464,29.91,29.11
749,29.91,29.11
426,29.91,29.11
130,29.91,29.11
638,29.91,29.11
130,29.91,29.11
504,29.91,29.11
495,29.91,29.11
615,29.91,29.11
500,29.91,29.11
159,29.91,29.11
532,29.91,29.11
718,29.91,29.11
190,29.91,29.11
893,29.91,29.11
390,29.91,29.11
484,29.91,29.11
704,29.91,29.11
457,29.91,29.11
601,29.91,29.11
381,29.91,29.11
895,29.91,29.11
593,29.91,29.11
371,29.91,29.11
681,29.91,29.11
395,29.91,29.11
519,29.91,29.11
755,29.91,29.11
586,29.91,29.11
613,29.91,29.11
369,29.91,29.11
525,29.99,29.11
755,29.99,29.11
413,29.99,29.11
887,29.99,29.11
368,29.99,29.11
417,29.99,29.11
511,29.99,29.11
510,29.99,29.11
413,29.99,29.11
608,29.99,29.11
894,29.99,29.11
582,29.99,29.11
394,29.99,29.11
420,29.99,29.11
752,29.99,29.11
244,29.99,29.11
764,29.99,29.11
170,29.99,29.11
894,29.99,29.11
363,29.99,29.11
681,29.99,29.11
703,29.99,29.11
184,29.99,29.11
743,29.99,29.25
557,29.99,29.25
584,29.99,29.25
528,29.99,29.25
360,29.99,29.25
443,29.99,29.25
748,29.99,29.25
537,29.99,29.25
848,29.99,29.25
249,29.99,29.25
728,29.99,29.25
437,29.99,29.25
412,29.99,29.25
697,29.99,29.25
251,29.99,29.25
613,29.99,29.25
324,29.99,29.25
669,29.99,29.25
219,29.99,29.25
541,29.99,29.25
544,29.99,29.25
540,29.99,29.25
324,29.99,29.25
388,29.99,29.25
323,29.99,29.25
422,29.99,29.25
484,29.99,29.25
603,29.99,29.25
862,29.99,29.25
309,29.99,29.25
612,29.99,29.25
129,29.99,29.25
277,29.99,29.25
135,29.99,29.25
236,29.99,29.25
344,29.99,29.25
131,29.97,29.25
483,29.97,29.25
130,29.97,29.25
593,29.97,29.25
314,29.97,29.25
509,29.97,29.25
129,29.97,29.25
725,29.97,29.25
565,29.97,29.25
629,29.97,29.25
259,29.97,29.25
237,29.97,29.25
132,29.97,29.25
375,29.97,29.25
444,29.97,29.25
407,29.97,29.25
643,29.97,29.25
658,29.97,29.25
647,29.97,29.25
336,29.97,29.25
651,29.97,29.25
137,29.97,29.25
558,29.97,29.25
309,29.97,29.25
677,29.97,29.29
419,29.97,29.29
408,29.97,29.29
463,29.97,29.29
478,29.97,29.29
648,29.97,29.29
135,29.97,29.29
447,29.97,29.29
620,29.97,29.29
299,29.97,29.29
254,29.97,29.29
204,29.97,29.29
638,29.97,29.29
893,29.97,29.29
405,29.97,29.29
737,29.97,29.29
356,29.97,29.29
893,29.97,29.29
554,29.97,29.29
240,29.97,29.29
894,29.97,29.29
406,29.97,29.29
553,29.97,29.29
316,29.97,29.29
291,29.97,29.29
475,29.97,29.29
405,29.97,29.29
558,29.97,29.29
757,29.97,29.29
800,29.97,29.29
760,29.97,29.29
388,29.97,29.29
572,29.97,29.29
669,29.97,29.29
370,29.97,29.29
736,29.97,29.29
533,29.99,29.29
640,29.99,29.29
483,29.99,29.29
678,29.99,29.29
627,29.99,29.29
405,29.99,29.29
216,29.99,29.29
365,29.99,29.29
428,29.99,29.29
627,29.99,29.29
782,29.99,29.29
592,29.99,29.29
401,29.99,29.29
129,29.99,29.29
799,29.99,29.29
332,29.99,29.29
442,29.99,29.29
808,29.99,29.29
324,29.99,29.29
387,29.99,29.29
431,29.99,29.29
173,29.99,29.29
805,29.99,29.29
628,29.99,29.29
780,29.99,29.17
811,29.99,29.17
129,29.99,29.17
750,29.99,29.17
130,29.99,29.17
473,29.99,29.17
560,29.99,29.17
717,29.99,29.17
887,29.99,29.17
156,29.99,29.17
662,29.99,29.17
530,29.99,29.17
503,29.99,29.17
615,29.99,29.17
210,29.99,29.17
716,29.99,29.17
368,29.99,29.17
326,29.99,29.17
773,29.99,29.17
561,29.99,29.17
884,29.99,29.17
603,29.99,29.17
378,29.99,29.17
823,29.99,29.17
669,29.99,29.17
641,29.99,29.17
254,29.99,29.17
678,29.99,29.17
534,29.99,29.17
474,29.99,29.17
300,29.99,29.17
742,29.99,29.17
386,29.99,29.17
627,29.99,29.17
695,29.99,29.17
178,29.99,29.17
625,30.01,29.17
660,30.01,29.17
565,30.01,29.17
537,30.01,29.17
580,30.01,29.17
741,30.01,29.17
157,30.01,29.17
547,30.01,29.17
395,30.01,29.17
449,30.01,29.17
784,30.01,29.17
243,30.01,29.17
484,30.01,29.17
556,30.01,29.17
511,30.01,29.17
786,30.01,29.17
159,30.01,29.17
891,30.01,29.17
600,30.01,29.17
363,30.01,29.17
610,30.01,29.17
337,30.01,29.17
471,30.01,29.17
330,30.01,29.17
647,30.01,29.29
331,30.01,29.29
363,30.01,29.29
723,30.01,29.29
240,30.01,29.29
364,30.01,29.29
589,30.01,29.29
132,30.01,29.29
681,30.01,29.29
