143,30.35,29.59
773,30.35,29.59
133,30.35,29.59
133,30.35,29.59
468,30.35,29.59
445,30.35,29.59
511,30.35,29.59
291,30.35,29.59
148,30.35,29.59
137,30.35,29.59
817,30.35,29.59
802,30.35,29.59
441,30.35,29.59
132,30.35,29.59
894,30.35,29.59
437,30.35,29.59
490,30.35,29.59
640,30.35,29.59
538,30.35,29.65
446,30.35,29.65
753,30.35,29.65
365,30.35,29.65
355,30.35,29.65
754,30.35,29.65
304,30.35,29.65
829,30.35,29.65
139,30.35,29.65
367,30.35,29.65
636,30.35,29.65
203,30.35,29.65
252,30.35,29.65
478,30.35,29.65
384,30.35,29.65
161,30.35,29.65
545,30.35,29.65
853,30.35,29.65
196,30.35,29.65
439,30.35,29.65
517,30.35,29.65
335,30.35,29.65
891,30.35,29.65
267,30.35,29.65
386,30.35,29.65
806,30.35,29.65
890,30.35,29.65
335,30.35,29.65
464,30.35,29.65
613,30.35,29.65
404,30.35,29.65
730,30.35,29.65
641,30.35,29.65
600,30.35,29.65
655,30.35,29.65
538,30.35,29.65
283,30.31,29.65
657,30.31,29.65
447,30.31,29.65
656,30.31,29.65
495,30.31,29.65
526,30.31,29.65
857,30.31,29.65
635,30.31,29.65
503,30.31,29.65
233,30.31,29.65
625,30.31,29.65
317,30.31,29.65
549,30.31,29.65
894,30.31,29.65
604,30.31,29.65
399,30.31,29.65
771,30.31,29.65
348,30.31,29.65
696,30.31,29.65
780,30.31,29.65
296,30.31,29.65
547,30.31,29.65
517,30.31,29.65
180,30.31,29.65
603,30.31,29.45
406,30.31,29.45
217,30.31,29.45
466,30.31,29.45
551,30.31,29.45
594,30.31,29.45
584,30.31,29.45
427,30.31,29.45
576,30.31,29.45
707,30.31,29.45
249,30.31,29.45
630,30.31,29.45
571,30.31,29.45
524,30.31,29.45
633,30.31,29.45
808,30.31,29.45
761,30.31,29.45
730,30.31,29.45
410,30.31,29.45
893,30.31,29.45
253,30.31,29.45
371,30.31,29.45
589,30.31,29.45
439,30.31,29.45
694,30.31,29.45
364,30.31,29.45
682,30.31,29.45
319,30.31,29.45
532,30.31,29.45
567,30.31,29.45
417,30.31,29.45
205,30.31,29.45
433,30.31,29.45
318,30.31,29.45
591,30.31,29.45
128,30.31,29.45
318,30.31,29.45
432,30.31,29.45
318,30.31,29.45
434,30.31,29.45
523,30.31,29.45
849,30.31,29.45
410,30.31,29.45
618,30.31,29.45
694,30.31,29.45
408,30.31,29.45
602,30.31,29.45
471,30.31,29.45
770,30.31,29.45
571,30.31,29.45
131,30.31,29.45
561,30.31,29.45
593,30.31,29.45
665,30.31,29.45
645,30.31,29.45
378,30.31,29.45
883,30.31,29.45
133,30.31,29.45
757,30.31,29.45
476,30.31,29.59
482,30.31,29.59
579,30.31,29.59
313,30.31,29.59
343,30.31,29.59
494,30.31,29.59
668,30.31,29.59
507,30.31,29.59
760,30.31,29.59
128,30.31,29.59
595,30.31,29.59
232,30.31,29.59
224,30.31,29.59
672,30.31,29.59
560,30.31,29.59
348,30.31,29.59
586,30.31,29.59
459,30.31,29.59
608,30.31,29.59
131,30.31,29.59
364,30.31,29.59
808,30.31,29.59
832,30.31,29.59
686,30.31,29.59
508,30.31,29.59
488,30.31,29.59
689,30.31,29.59
797,30.31,29.59
320,30.31,29.59
506,30.31,29.59
612,30.31,29.59
718,30.31,29.59
698,30.31,29.59
205,30.31,29.59
437,30.31,29.59
386,30.31,29.59
632,30.33,29.59
539,30.33,29.59
517,30.33,29.59
358,30.33,29.59
515,30.33,29.59
611,30.33,29.59
691,30.33,29.59
841,30.33,29.59
755,30.33,29.59
230,30.33,29.59
595,30.33,29.59
637,30.33,29.59
136,30.33,29.59
513,30.33,29.59
302,30.33,29.59
725,30.33,29.59
278,30.33,29.59
503,30.33,29.59
753,30.33,29.59
228,30.33,29.59
710,30.33,29.59
356,30.33,29.59
346,30.33,29.59
564,30.33,29.59
665,30.33,29.59
718,30.33,29.59
413,30.33,29.59
287,30.33,29.59
831,30.33,29.59
136,30.33,29.59
893,30.33,29.59
416,30.33,29.59
678,30.33,29.59
256,30.33,29.59
688,30.33,29.59
382,30.33,29.59
379,30.33,29.59
612,30.33,29.59
603,30.33,29.59
812,30.33,29.59
397,30.33,29.59
644,30.33,29.59
389,30.33,29.59
720,30.33,29.59
652,30.33,29.59
743,30.33,29.59
128,30.33,29.59
682,30.33,29.59
262,30.33,29.59
583,30.33,29.59
492,30.33,29.59
579,30.33,29.59
129,30.33,29.59
324,30.33,29.59
582,30.33,29.59
398,30.33,29.59
818,30.33,29.59
504,30.33,29.59
894,30.33,29.59
128,30.33,29.59
614,30.31,29.59
604,30.31,29.59
519,30.31,29.59
538,30.31,29.59
565,30.31,29.59
643,30.31,29.59
657,30.31,29.59
489,30.31,29.59
537,30.31,29.59
379,30.31,29.59
180,30.31,29.59
824,30.31,29.59
463,30.31,29.59
594,30.31,29.59
661,30.31,29.59
688,30.31,29.59
161,30.31,29.59
839,30.31,29.59
679,30.31,29.59
406,30.31,29.59
894,30.31,29.59
402,30.31,29.59
751,30.31,29.59
335,30.31,29.59
482,30.31,29.39
729,30.31,29.39
511,30.31,29.39
591,30.31,29.39
801,30.31,29.39
419,30.31,29.39
875,30.31,29.39
476,30.31,29.39
532,30.31,29.39
579,30.31,29.39
129,30.31,29.39
748,30.31,29.39
250,30.31,29.39
766,30.31,29.39
351,30.31,29.39
735,30.31,29.39
551,30.31,29.39
241,30.31,29.39
502,30.31,29.39
367,30.31,29.39
562,30.31,29.39
562,30.31,29.39
627,30.31,29.39
894,30.31,29.39
787,30.31,29.39
453,30.31,29.39
894,30.31,29.39
335,30.31,29.39
773,30.31,29.39
376,30.31,29.39
705,30.31,29.39
403,30.31,29.39
529,30.31,29.39
664,30.31,29.39
310,30.31,29.39
293,30.31,29.39
130,30.39,29.39
697,30.39,29.39
454,30.39,29.39
795,30.39,29.39
259,30.39,29.39
893,30.39,29.39
289,30.39,29.39
483,30.39,29.39
342,30.39,29.39
140,30.39,29.39
408,30.39,29.39
601,30.39,29.39
263,30.39,29.39
769,30.39,29.39
531,30.39,29.39
655,30.39,29.39
389,30.39,29.39
244,30.39,29.39
768,30.39,29.39
129,30.39,29.39
891,30.39,29.39
216,30.39,29.39
443,30.39,29.39
666,30.39,29.65
285,30.39,29.65
578,30.39,29.65
235,30.39,29.65
792,30.39,29.65
498,30.39,29.65
566,30.39,29.65
524,30.39,29.65
327,30.39,29.65
291,30.39,29.65
410,30.39,29.65
314,30.39,29.65
679,30.39,29.65
133,30.39,29.65
520,30.39,29.65
598,30.39,29.65
132,30.39,29.65
648,30.39,29.65
491,30.39,29.65
330,30.39,29.65
407,30.39,29.65
618,30.39,29.65
128,30.39,29.65
894,30.39,29.65
266,30.39,29.65
655,30.39,29.65
800,30.39,29.65
286,30.39,29.65
793,30.39,29.65
732,30.39,29.65
673,30.39,29.65
478,30.39,29.65
138,30.39,29.65
485,30.39,29.65
441,30.39,29.65
129,30.39,29.65
781,30.39,29.65
289,30.31,29.65
894,30.31,29.65
425,30.31,29.65
577,30.31,29.65
654,30.31,29.65
343,30.31,29.65
754,30.31,29.65
232,30.31,29.65
778,30.31,29.65
618,30.31,29.65
859,30.31,29.65
725,30.31,29.65
400,30.31,29.65
894,30.31,29.65
798,30.31,29.65
269,30.31,29.65
923,30.31,29.65
247,30.31,29.65
720,30.31,29.65
188,30.31,29.65
564,30.31,29.65
832,30.31,29.65
144,30.31,29.65
843,30.31,29.57
432,30.31,29.57
655,30.31,29.57
664,30.31,29.57
252,30.31,29.57
659,30.31,29.57
254,30.31,29.57
340,30.31,29.57
521,30.31,29.57
169,30.31,29.57
284,30.31,29.57
693,30.31,29.57
435,30.31,29.57
334,30.31,29.57
824,30.31,29.57
413,30.31,29.57
649,30.31,29.57
496,30.31,29.57
508,30.31,29.57
592,30.31,29.57
513,30.31,29.57
617,30.31,29.57
438,30.31,29.57
701,30.31,29.57
416,30.31,29.57
131,30.31,29.57
594,30.31,29.57
456,30.31,29.57
341,30.31,29.57
322,30.31,29.57
425,30.31,29.57
768,30.31,29.57
398,30.31,29.57
636,30.31,29.57
457,30.31,29.57
420,30.31,29.57
417,30.31,29.57
163,30.31,29.57
586,30.31,29.57
296,30.31,29.57
893,30.31,29.57
607,30.31,29.57
