886,29.87,29.19
417,29.87,29.19
452,29.87,29.19
584,29.87,29.19
280,29.87,29.19
654,29.87,29.19
133,29.87,29.19
373,29.87,29.19
425,29.87,29.19
783,29.87,29.19
394,29.87,29.19
553,29.87,29.19
532,29.87,29.19
414,29.87,29.19
584,29.87,29.19
596,29.87,29.19
580,29.87,29.19
700,29.87,29.19
689,29.87,29.19
701,29.87,29.19
472,29.87,29.19
280,29.87,29.19
601,29.87,29.19
582,29.87,29.19
334,29.87,29.19
459,29.87,29.19
645,29.87,29.19
413,29.87,29.19
409,29.87,29.19
444,29.87,29.19
651,29.87,29.19
781,29.87,29.19
384,29.87,29.19
835,29.87,29.19
385,29.87,29.19
507,29.87,29.19
518,29.87,29.19
441,29.87,29.19
348,29.87,29.19
610,29.87,29.19
551,29.87,29.19
490,29.87,29.19
654,29.87,29.19
660,29.87,29.19
635,29.87,29.19
240,29.87,29.19
396,29.87,29.19
406,29.87,29.19
771,29.87,29.19
148,29.87,29.19
760,29.87,29.19
733,29.87,29.17
390,29.87,29.17
526,29.87,29.17
159,29.87,29.17
630,29.87,29.17
414,29.87,29.17
462,29.87,29.17
645,29.87,29.17
604,29.87,29.17
579,29.87,29.17
715,29.87,29.17
453,29.87,29.17
425,29.87,29.17
467,29.87,29.17
892,29.87,29.17
229,29.87,29.17
534,29.87,29.17
535,29.87,29.17
523,29.87,29.17
700,29.87,29.17
518,29.87,29.17
486,29.87,29.17
138,29.87,29.17
533,29.87,29.17
757,29.87,29.17
866,29.87,29.17
504,29.87,29.17
735,29.87,29.17
253,29.87,29.17
890,29.87,29.17
353,29.87,29.17
564,29.87,29.17
452,29.87,29.17
391,29.87,29.17
695,29.87,29.17
267,29.87,29.17
255,29.87,29.17
469,29.87,29.17
889,29.87,29.17
587,29.87,29.17
820,29.87,29.17
163,29.87,29.17
281,29.87,29.17
456,29.87,29.17
600,29.87,29.17
277,29.87,29.17
264,29.87,29.17
892,29.87,29.17
133,29.87,29.17
890,29.87,29.17
557,29.87,29.17
478,29.87,29.17
631,29.87,29.17
298,29.87,29.17
527,29.87,29.17
254,29.87,29.17
135,29.87,29.17
776,29.87,29.17
292,29.87,29.17
505,29.87,29.09
555,29.87,29.09
241,29.87,29.09
890,29.87,29.09
445,29.87,29.09
573,29.87,29.09
170,29.87,29.09
866,29.87,29.09
189,29.87,29.09
492,29.87,29.09
483,29.87,29.09
216,29.87,29.09
451,29.87,29.09
863,29.87,29.09
419,29.87,29.09
468,29.87,29.09
893,29.87,29.09
390,29.87,29.09
850,29.87,29.09
133,29.87,29.09
762,29.87,29.09
557,29.87,29.09
433,29.87,29.09
347,29.87,29.09
743,29.87,29.09
767,29.87,29.09
557,29.87,29.09
710,29.87,29.09
539,29.87,29.09
308,29.87,29.09
476,29.87,29.09
476,29.87,29.09
260,29.87,29.09
544,29.87,29.09
552,29.87,29.09
561,29.87,29.09
381,29.87,29.09
491,29.87,29.09
832,29.87,29.09
265,29.87,29.09
690,29.87,29.09
375,29.87,29.09
611,29.87,29.09
233,29.87,29.09
461,29.87,29.09
441,29.87,29.09
776,29.87,29.09
721,29.87,29.09
535,29.87,29.09
181,29.87,29.09
413,29.87,29.09
864,29.87,29.09
207,29.87,29.09
591,29.87,29.09
510,29.87,29.09
519,29.87,29.09
597,29.87,29.09
857,29.87,29.09
443,29.87,29.09
629,29.87,29.09
619,29.87,28.95
414,29.87,28.95
613,29.87,28.95
307,29.87,28.95
418,29.87,28.95
497,29.87,28.95
836,29.87,28.95
476,29.87,28.95
865,29.87,28.95
478,29.87,28.95
387,29.87,28.95
449,29.87,28.95
488,29.87,28.95
640,29.87,28.95
543,29.87,28.95
557,29.87,28.95
445,29.87,28.95
766,29.87,28.95
304,29.87,28.95
557,29.87,28.95
325,29.87,28.95
789,29.87,28.95
319,29.87,28.95
429,29.87,28.95
305,29.87,28.95
352,29.87,28.95
287,29.87,28.95
220,29.87,28.95
570,29.87,28.95
422,29.87,28.95
760,29.87,28.95
488,29.87,28.95
635,29.87,28.95
522,29.87,28.95
706,29.87,28.95
372,29.87,28.95
319,29.87,28.95
286,29.87,28.95
362,29.87,28.95
411,29.87,28.95
310,29.87,28.95
257,29.87,28.95
419,29.87,28.95
494,29.87,28.95
546,29.87,28.95
297,29.87,28.95
272,29.87,28.95
878,29.87,28.95
591,29.87,28.95
574,29.87,28.95
692,29.87,28.95
573,29.87,28.95
736,29.87,28.95
516,29.87,28.95
249,29.87,28.95
748,29.87,28.95
806,29.87,28.95
427,29.87,28.95
526,29.87,28.95
559,29.87,28.95
538,29.87,29.19
528,29.87,29.19
554,29.87,29.19
808,29.87,29.19
708,29.87,29.19
656,29.87,29.19
704,29.87,29.19
548,29.87,29.19
584,29.87,29.19
604,29.87,29.19
512,29.87,29.19
649,29.87,29.19
235,29.87,29.19
322,29.87,29.19
274,29.87,29.19
285,29.87,29.19
188,29.87,29.19
445,29.87,29.19
391,29.87,29.19
187,29.87,29.19
752,29.87,29.19
631,29.87,29.19
274,29.87,29.19
622,29.87,29.19
767,29.87,29.19
371,29.87,29.19
470,29.87,29.19
134,29.87,29.19
698,29.87,29.19
670,29.87,29.19
345,29.87,29.19
559,29.87,29.19
358,29.87,29.19
741,29.87,29.19
488,29.87,29.19
474,29.87,29.19
515,29.87,29.19
754,29.85,29.19
887,29.85,29.19
135,29.85,29.19
204,29.85,29.19
784,29.85,29.19
236,29.85,29.19
890,29.85,29.19
291,29.85,29.19
722,29.85,29.19
610,29.85,29.19
155,29.85,29.19
738,29.85,29.19
383,29.85,29.19
841,29.85,29.19
231,29.85,29.19
132,29.85,29.19
534,29.85,29.19
520,29.85,29.19
511,29.85,29.19
771,29.85,29.19
464,29.85,29.19
666,29.85,29.19
365,29.85,29.19
518,29.85,29.05
428,29.85,29.05
779,29.85,29.05
421,29.85,29.05
477,29.85,29.05
545,29.85,29.05
505,29.85,29.05
877,29.85,29.05
287,29.85,29.05
555,29.85,29.05
393,29.85,29.05
741,29.85,29.05
482,29.85,29.05
610,29.85,29.05
426,29.85,29.05
524,29.85,29.05
790,29.85,29.05
132,29.85,29.05
381,29.85,29.05
684,29.85,29.05
418,29.85,29.05
599,29.85,29.05
136,29.85,29.05
626,29.85,29.05
279,29.85,29.05
132,29.85,29.05
333,29.85,29.05
298,29.85,29.05
297,29.85,29.05
247,29.85,29.05
400,29.85,29.05
891,29.85,29.05
168,29.85,29.05
833,29.85,29.05
645,29.85,29.05
132,29.85,29.05
499,29.87,29.05
453,29.87,29.05
346,29.87,29.05
132,29.87,29.05
685,29.87,29.05
251,29.87,29.05
599,29.87,29.05
695,29.87,29.05
827,29.87,29.05
379,29.87,29.05
541,29.87,29.05
595,29.87,29.05
405,29.87,29.05
409,29.87,29.05
428,29.87,29.05
408,29.87,29.05
415,29.87,29.05
799,29.87,29.05
154,29.87,29.05
687,29.87,29.05
569,29.87,29.05
687,29.87,29.05
490,29.87,29.05
405,29.87,29.05
479,29.87,29.29
406,29.87,29.29
548,29.87,29.29
131,29.87,29.29
814,29.87,29.29
621,29.87,29.29
647,29.87,29.29
438,29.87,29.29
230,29.87,29.29
462,29.87,29.29
144,29.87,29.29
417,29.87,29.29
704,29.87,29.29
606,29.87,29.29
892,29.87,29.29
793,29.87,29.29
391,29.87,29.29
789,29.87,29.29
132,29.87,29.29
891,29.87,29.29
373,29.87,29.29
687,29.87,29.29
577,29.87,29.29
707,29.87,29.29
377,29.87,29.29
404,29.87,29.29
491,29.87,29.29
245,29.87,29.29
589,29.87,29.29
132,29.87,29.29
474,29.87,29.29
466,29.87,29.29
207,29.87,29.29
529,29.87,29.29
324,29.87,29.29
532,29.87,29.29
199,29.85,29.29
499,29.85,29.29
607,29.85,29.29
507,29.85,29.29
882,29.85,29.29
416,29.85,29.29
527,29.85,29.29
867,29.85,29.29
310,29.85,29.29
827,29.85,29.29
134,29.85,29.29
518,29.85,29.29
156,29.85,29.29
514,29.85,29.29
497,29.85,29.29
230,29.85,29.29
581,29.85,29.29
679,29.85,29.29
713,29.85,29.29
411,29.85,29.29
668,29.85,29.29
595,29.85,29.29
778,29.85,29.29
358,29.85,29.29
236,29.85,29.09
515,29.85,29.09
806,29.85,29.09
624,29.85,29.09
654,29.85,29.09
142,29.85,29.09
179,29.85,29.09
455,29.85,29.09
200,29.85,29.09
368,29.85,29.09
