129,30.13,29.31
894,30.13,29.31
133,30.13,29.31
552,30.13,29.31
624,30.13,29.31
799,30.13,29.31
638,30.13,29.31
543,30.13,29.31
246,30.13,29.31
489,30.13,29.31
522,30.13,29.31
508,30.13,29.31
506,30.13,29.31
438,30.13,29.31
337,30.13,29.31
312,30.13,29.31
424,30.13,29.31
295,30.13,29.31
886,30.13,29.31
470,30.13,29.31
667,30.13,29.31
279,30.13,29.31
470,30.13,29.31
726,30.13,29.31
503,30.13,29.31
776,30.13,29.31
132,30.13,29.31
195,30.13,29.31
782,30.13,29.31
132,30.13,29.31
410,30.13,29.31
708,30.13,29.31
276,30.13,29.31
440,30.13,29.31
468,30.13,29.31
864,30.13,29.31
260,30.13,29.31
800,30.13,29.31
705,30.13,29.49
338,30.13,29.49
707,30.13,29.49
131,30.13,29.49
848,30.13,29.49
149,30.13,29.49
894,30.13,29.49
442,30.13,29.49
522,30.13,29.49
894,30.13,29.49
686,30.13,29.49
455,30.13,29.49
793,30.13,29.49
135,30.13,29.49
819,30.13,29.49
132,30.13,29.49
439,30.13,29.49
796,30.13,29.49
236,30.13,29.49
698,30.13,29.49
133,30.13,29.49
595,30.13,29.49
782,30.13,29.49
342,30.13,29.49
665,30.13,29.49
643,30.13,29.49
722,30.13,29.49
345,30.13,29.49
334,30.13,29.49
509,30.13,29.49
516,30.13,29.49
509,30.13,29.49
719,30.13,29.49
812,30.13,29.49
520,30.13,29.49
894,30.13,29.49
493,30.13,29.49
347,30.13,29.49
796,30.13,29.49
390,30.13,29.49
613,30.13,29.49
492,30.13,29.49
812,30.13,29.49
440,30.13,29.49
410,30.13,29.49
518,30.13,29.49
573,30.13,29.49
495,30.13,29.49
284,30.13,29.49
822,30.13,29.49
850,30.13,29.49
364,30.13,29.49
860,30.13,29.49
366,30.13,29.49
194,30.13,29.49
386,30.13,29.49
429,30.13,29.49
662,30.13,29.49
475,30.13,29.49
895,30.13,29.49
841,30.13,29.29
457,30.13,29.29
487,30.13,29.29
647,30.13,29.29
734,30.13,29.29
612,30.13,29.29
535,30.13,29.29
544,30.13,29.29
585,30.13,29.29
704,30.13,29.29
430,30.13,29.29
789,30.13,29.29
458,30.13,29.29
477,30.13,29.29
472,30.13,29.29
889,30.13,29.29
766,30.13,29.29
679,30.13,29.29
650,30.13,29.29
603,30.13,29.29
292,30.13,29.29
819,30.13,29.29
187,30.13,29.29
792,30.13,29.29
472,30.13,29.29
541,30.13,29.29
753,30.13,29.29
241,30.13,29.29
544,30.13,29.29
258,30.13,29.29
542,30.13,29.29
370,30.13,29.29
385,30.13,29.29
610,30.13,29.29
522,30.13,29.29
653,30.13,29.29
647,30.13,29.29
396,30.13,29.29
669,30.13,29.29
251,30.13,29.29
733,30.13,29.29
306,30.13,29.29
521,30.13,29.29
377,30.13,29.29
306,30.13,29.29
601,30.13,29.29
223,30.13,29.29
676,30.13,29.29
490,30.13,29.29
756,30.13,29.29
557,30.13,29.29
619,30.13,29.29
752,30.13,29.29
456,30.13,29.29
474,30.13,29.29
149,30.13,29.29
602,30.13,29.29
340,30.13,29.29
482,30.13,29.29
755,30.13,29.29
129,30.13,29.57
211,30.13,29.57
704,30.13,29.57
191,30.13,29.57
789,30.13,29.57
509,30.13,29.57
657,30.13,29.57
513,30.13,29.57
504,30.13,29.57
633,30.13,29.57
225,30.13,29.57
597,30.13,29.57
854,30.13,29.57
685,30.13,29.57
425,30.13,29.57
663,30.13,29.57
164,30.13,29.57
500,30.13,29.57
293,30.13,29.57
203,30.13,29.57
607,30.13,29.57
648,30.13,29.57
596,30.13,29.57
585,30.13,29.57
566,30.13,29.57
512,30.13,29.57
685,30.13,29.57
129,30.13,29.57
633,30.13,29.57
296,30.13,29.57
646,30.13,29.57
152,30.13,29.57
792,30.13,29.57
548,30.13,29.57
447,30.13,29.57
632,30.13,29.57
295,30.17,29.57
699,30.17,29.57
595,30.17,29.57
328,30.17,29.57
588,30.17,29.57
721,30.17,29.57
856,30.17,29.57
363,30.17,29.57
159,30.17,29.57
894,30.17,29.57
271,30.17,29.57
625,30.17,29.57
766,30.17,29.57
405,30.17,29.57
670,30.17,29.57
362,30.17,29.57
626,30.17,29.57
540,30.17,29.57
551,30.17,29.57
680,30.17,29.57
307,30.17,29.57
410,30.17,29.57
353,30.17,29.57
292,30.17,29.57
696,30.17,29.37
396,30.17,29.37
756,30.17,29.37
512,30.17,29.37
246,30.17,29.37
719,30.17,29.37
664,30.17,29.37
639,30.17,29.37
448,30.17,29.37
266,30.17,29.37
444,30.17,29.37
582,30.17,29.37
555,30.17,29.37
730,30.17,29.37
863,30.17,29.37
894,30.17,29.37
736,30.17,29.37
399,30.17,29.37
547,30.17,29.37
683,30.17,29.37
586,30.17,29.37
822,30.17,29.37
390,30.17,29.37
610,30.17,29.37
874,30.17,29.37
442,30.17,29.37
254,30.17,29.37
339,30.17,29.37
894,30.17,29.37
889,30.17,29.37
790,30.17,29.37
559,30.17,29.37
887,30.17,29.37
615,30.17,29.37
374,30.17,29.37
732,30.17,29.37
431,30.13,29.37
417,30.13,29.37
547,30.13,29.37
677,30.13,29.37
603,30.13,29.37
423,30.13,29.37
131,30.13,29.37
453,30.13,29.37
674,30.13,29.37
753,30.13,29.37
186,30.13,29.37
436,30.13,29.37
525,30.13,29.37
660,30.13,29.37
130,30.13,29.37
390,30.13,29.37
865,30.13,29.37
440,30.13,29.37
505,30.13,29.37
567,30.13,29.37
514,30.13,29.37
769,30.13,29.37
621,30.13,29.37
718,30.13,29.37
395,30.13,29.37
566,30.13,29.37
294,30.13,29.37
132,30.13,29.37
355,30.13,29.37
303,30.13,29.37
158,30.13,29.37
374,30.13,29.37
457,30.13,29.37
519,30.13,29.37
351,30.13,29.37
728,30.13,29.37
416,30.13,29.37
628,30.13,29.37
448,30.13,29.37
234,30.13,29.37
638,30.13,29.37
525,30.13,29.37
498,30.13,29.37
475,30.13,29.37
449,30.13,29.37
256,30.13,29.37
526,30.13,29.37
439,30.13,29.37
133,30.13,29.37
441,30.13,29.37
513,30.13,29.37
129,30.13,29.37
684,30.13,29.37
479,30.13,29.37
592,30.13,29.37
626,30.13,29.37
611,30.13,29.37
407,30.13,29.37
276,30.13,29.37
328,30.17,29.37
223,30.17,29.37
698,30.17,29.37
202,30.17,29.37
194,30.17,29.37
728,30.17,29.37
319,30.17,29.37
485,30.17,29.37
557,30.17,29.37
350,30.17,29.37
837,30.17,29.37
291,30.17,29.37
807,30.17,29.37
241,30.17,29.37
384,30.17,29.37
781,30.17,29.37
131,30.17,29.37
656,30.17,29.37
560,30.17,29.37
363,30.17,29.37
463,30.17,29.37
429,30.17,29.37
370,30.17,29.37
517,30.17,29.37
520,30.17,29.55
655,30.17,29.55
519,30.17,29.55
715,30.17,29.55
506,30.17,29.55
595,30.17,29.55
377,30.17,29.55
195,30.17,29.55
199,30.17,29.55
230,30.17,29.55
778,30.17,29.55
437,30.17,29.55
828,30.17,29.55
668,30.17,29.55
365,30.17,29.55
419,30.17,29.55
174,30.17,29.55
132,30.17,29.55
139,30.17,29.55
600,30.17,29.55
404,30.17,29.55
622,30.17,29.55
809,30.17,29.55
434,30.17,29.55
713,30.17,29.55
338,30.17,29.55
139,30.17,29.55
454,30.17,29.55
248,30.17,29.55
780,30.17,29.55
554,30.17,29.55
386,30.17,29.55
873,30.17,29.55
350,30.17,29.55
756,30.17,29.55
434,30.17,29.55
539,30.13,29.55
563,30.13,29.55
429,30.13,29.55
662,30.13,29.55
515,30.13,29.55
424,30.13,29.55
513,30.13,29.55
597,30.13,29.55
186,30.13,29.55
227,30.13,29.55
473,30.13,29.55
285,30.13,29.55
894,30.13,29.55
866,30.13,29.55
718,30.13,29.55
479,30.13,29.55
309,30.13,29.55
686,30.13,29.55
335,30.13,29.55
663,30.13,29.55
368,30.13,29.55
692,30.13,29.55
646,30.13,29.55
425,30.13,29.55
842,30.13,29.25
552,30.13,29.25
698,30.13,29.25
408,30.13,29.25
313,30.13,29.25
879,30.13,29.25
630,30.13,29.25
716,30.13,29.25
445,30.13,29.25
680,30.13,29.25
894,30.13,29.25
228,30.13,29.25
779,30.13,29.25
432,30.13,29.25
451,30.13,29.25
613,30.13,29.25
278,30.13,29.25
621,30.13,29.25
129,30.13,29.25
397,30.13,29.25
252,30.13,29.25
128,30.13,29.25
