621,29.99,29.25
636,29.99,29.25
762,29.99,29.25
383,29.99,29.25
824,29.99,29.25
367,29.99,29.25
364,29.99,29.25
462,29.99,29.25
607,29.99,29.25
457,30.03,29.25
130,30.03,29.25
292,30.03,29.25
352,30.03,29.25
522,30.03,29.25
215,30.03,29.25
893,30.03,29.25
635,30.03,29.25
692,30.03,29.25
603,30.03,29.25
420,30.03,29.25
658,30.03,29.25
587,30.03,29.25
222,30.03,29.25
568,30.03,29.25
568,30.03,29.25
555,30.03,29.25
569,30.03,29.25
426,30.03,29.25
638,30.03,29.25
132,30.03,29.25
765,30.03,29.25
270,30.03,29.25
699,30.03,29.37
415,30.03,29.37
217,30.03,29.37
462,30.03,29.37
258,30.03,29.37
889,30.03,29.37
400,30.03,29.37
389,30.03,29.37
432,30.03,29.37
679,30.03,29.37
134,30.03,29.37
852,30.03,29.37
634,30.03,29.37
833,30.03,29.37
465,30.03,29.37
244,30.03,29.37
772,30.03,29.37
274,30.03,29.37
398,30.03,29.37
533,30.03,29.37
409,30.03,29.37
784,30.03,29.37
787,30.03,29.37
453,30.03,29.37
734,30.03,29.37
131,30.03,29.37
636,30.03,29.37
402,30.03,29.37
203,30.03,29.37
567,30.03,29.37
186,30.03,29.37
731,30.03,29.37
244,30.03,29.37
475,30.03,29.37
584,30.03,29.37
465,30.03,29.37
385,29.99,29.37
588,29.99,29.37
276,29.99,29.37
812,29.99,29.37
194,29.99,29.37
692,29.99,29.37
467,29.99,29.37
523,29.99,29.37
580,29.99,29.37
129,29.99,29.37
748,29.99,29.37
365,29.99,29.37
614,29.99,29.37
452,29.99,29.37
338,29.99,29.37
490,29.99,29.37
870,29.99,29.37
572,29.99,29.37
696,29.99,29.37
295,29.99,29.37
255,29.99,29.37
626,29.99,29.37
131,29.99,29.37
441,29.99,29.37
310,29.99,29.09
403,29.99,29.09
787,29.99,29.09
427,29.99,29.09
718,29.99,29.09
671,29.99,29.09
893,29.99,29.09
605,29.99,29.09
377,29.99,29.09
504,29.99,29.09
521,29.99,29.09
548,29.99,29.09
594,29.99,29.09
482,29.99,29.09
472,29.99,29.09
580,29.99,29.09
441,29.99,29.09
611,29.99,29.09
402,29.99,29.09
704,29.99,29.09
545,29.99,29.09
664,29.99,29.09
674,29.99,29.09
428,29.99,29.09
390,29.99,29.09
605,29.99,29.09
450,29.99,29.09
571,29.99,29.09
504,29.99,29.09
613,29.99,29.09
712,29.99,29.09
503,29.99,29.09
560,29.99,29.09
328,29.99,29.09
129,29.99,29.09
135,29.99,29.09
248,30.01,29.09
325,30.01,29.09
573,30.01,29.09
573,30.01,29.09
776,30.01,29.09
131,30.01,29.09
747,30.01,29.09
514,30.01,29.09
165,30.01,29.09
720,30.01,29.09
367,30.01,29.09
469,30.01,29.09
610,30.01,29.09
393,30.01,29.09
741,30.01,29.09
404,30.01,29.09
419,30.01,29.09
288,30.01,29.09
132,30.01,29.09
691,30.01,29.09
130,30.01,29.09
393,30.01,29.09
206,30.01,29.09
633,30.01,29.09
827,30.01,29.35
294,30.01,29.35
561,30.01,29.35
602,30.01,29.35
696,30.01,29.35
425,30.01,29.35
165,30.01,29.35
840,30.01,29.35
402,30.01,29.35
669,30.01,29.35
414,30.01,29.35
516,30.01,29.35
865,30.01,29.35
354,30.01,29.35
819,30.01,29.35
492,30.01,29.35
703,30.01,29.35
732,30.01,29.35
361,30.01,29.35
830,30.01,29.35
478,30.01,29.35
341,30.01,29.35
430,30.01,29.35
357,30.01,29.35
575,30.01,29.35
448,30.01,29.35
814,30.01,29.35
661,30.01,29.35
192,30.01,29.35
578,30.01,29.35
402,30.01,29.35
326,30.01,29.35
417,30.01,29.35
612,30.01,29.35
570,30.01,29.35
524,30.01,29.35
724,30.01,29.35
714,30.01,29.35
893,30.01,29.35
230,30.01,29.35
382,30.01,29.35
399,30.01,29.35
308,30.01,29.35
422,30.01,29.35
469,30.01,29.35
686,30.01,29.35
554,30.01,29.35
543,30.01,29.35
314,30.01,29.35
602,30.01,29.35
506,30.01,29.35
325,30.01,29.35
712,30.01,29.35
345,30.01,29.35
471,30.01,29.35
793,30.01,29.35
139,30.01,29.35
573,30.01,29.35
277,30.01,29.35
132,30.01,29.35
481,30.01,29.19
129,30.01,29.19
763,30.01,29.19
245,30.01,29.19
392,30.01,29.19
530,30.01,29.19
667,30.01,29.19
546,30.01,29.19
334,30.01,29.19
784,30.01,29.19
299,30.01,29.19
580,30.01,29.19
379,30.01,29.19
649,30.01,29.19
793,30.01,29.19
667,30.01,29.19
298,30.01,29.19
864,30.01,29.19
535,30.01,29.19
895,30.01,29.19
336,30.01,29.19
423,30.01,29.19
614,30.01,29.19
282,30.01,29.19
666,30.01,29.19
411,30.01,29.19
634,30.01,29.19
841,30.01,29.19
513,30.01,29.19
570,30.01,29.19
580,30.01,29.19
136,30.01,29.19
508,30.01,29.19
457,30.01,29.19
696,30.01,29.19
647,30.01,29.19
646,30.01,29.19
802,30.01,29.19
673,30.01,29.19
473,30.01,29.19
301,30.01,29.19
577,30.01,29.19
520,30.01,29.19
894,30.01,29.19
354,30.01,29.19
732,30.01,29.19
234,30.01,29.19
756,30.01,29.19
178,30.01,29.19
424,30.01,29.19
497,30.01,29.19
443,30.01,29.19
596,30.01,29.19
309,30.01,29.19
531,30.01,29.19
563,30.01,29.19
268,30.01,29.19
652,30.01,29.19
576,30.01,29.19
347,30.01,29.19
894,30.01,29.19
349,30.01,29.19
855,30.01,29.19
642,30.01,29.19
587,30.01,29.19
504,30.01,29.19
299,30.01,29.19
813,30.01,29.19
583,30.01,29.19
799,30.01,29.19
474,30.01,29.19
893,30.01,29.19
803,30.01,29.19
530,30.01,29.19
671,30.01,29.19
887,30.01,29.19
535,30.01,29.19
614,30.01,29.19
786,30.01,29.19
303,30.01,29.19
569,30.01,29.19
487,30.01,29.19
516,30.01,29.19
434,30.01,29.19
839,30.01,29.19
510,30.01,29.19
655,30.01,29.19
311,30.01,29.19
856,30.01,29.19
441,30.01,29.19
129,30.01,29.19
584,30.01,29.19
288,30.01,29.19
895,30.01,29.19
130,30.01,29.19
686,30.01,29.19
594,30.03,29.19
286,30.03,29.19
706,30.03,29.19
246,30.03,29.19
533,30.03,29.19
480,30.03,29.19
529,30.03,29.19
486,30.03,29.19
623,30.03,29.19
575,30.03,29.19
893,30.03,29.19
194,30.03,29.19
532,30.03,29.19
476,30.03,29.19
818,30.03,29.19
321,30.03,29.19
350,30.03,29.19
333,30.03,29.19
391,30.03,29.19
621,30.03,29.19
575,30.03,29.19
604,30.03,29.19
499,30.03,29.19
701,30.03,29.31
594,30.03,29.31
440,30.03,29.31
894,30.03,29.31
505,30.03,29.31
466,30.03,29.31
727,30.03,29.31
374,30.03,29.31
744,30.03,29.31
421,30.03,29.31
407,30.03,29.31
780,30.03,29.31
226,30.03,29.31
494,30.03,29.31
435,30.03,29.31
894,30.03,29.31
384,30.03,29.31
540,30.03,29.31
361,30.03,29.31
469,30.03,29.31
654,30.03,29.31
510,30.03,29.31
413,30.03,29.31
893,30.03,29.31
633,30.03,29.31
318,30.03,29.31
473,30.03,29.31
557,30.03,29.31
613,30.03,29.31
278,30.03,29.31
601,30.03,29.31
298,30.03,29.31
618,30.03,29.31
507,30.03,29.31
670,30.03,29.31
259,30.03,29.31
892,30.01,29.31
445,30.01,29.31
151,30.01,29.31
793,30.01,29.31
129,30.01,29.31
565,30.01,29.31
137,30.01,29.31
474,30.01,29.31
558,30.01,29.31
497,30.01,29.31
381,30.01,29.31
456,30.01,29.31
129,30.01,29.31
132,30.01,29.31
230,30.01,29.31
449,30.01,29.31
523,30.01,29.31
735,30.01,29.31
771,30.01,29.31
130,30.01,29.31
894,30.01,29.31
218,30.01,29.31
858,30.01,29.31
759,30.01,29.31
416,30.01,29.25
621,30.01,29.25
579,30.01,29.25
207,30.01,29.25
489,30.01,29.25
290,30.01,29.25
493,30.01,29.25
535,30.01,29.25
127,30.01,29.25
541,30.01,29.25
131,30.01,29.25
613,30.01,29.25
168,30.01,29.25
443,30.01,29.25
383,30.01,29.25
168,30.01,29.25
663,30.01,29.25
510,30.01,29.25
645,30.01,29.25
457,30.01,29.25
544,30.01,29.25
746,30.01,29.25
841,30.01,29.25
522,30.01,29.25
710,30.01,29.25
419,30.01,29.25
757,30.01,29.25
510,30.01,29.25
