363,30.39,29.63
261,30.39,29.63
454,30.39,29.63
167,30.39,29.63
218,30.39,29.63
434,30.39,29.63
512,30.39,29.63
674,30.39,29.63
444,30.39,29.63
427,30.39,29.63
595,30.39,29.63
448,30.39,29.63
812,30.39,29.63
467,30.39,29.63
419,30.39,29.63
221,30.39,29.63
421,30.39,29.63
555,30.39,29.63
586,30.39,29.63
857,30.41,29.63
785,30.41,29.63
567,30.41,29.63
670,30.41,29.63
622,30.41,29.63
580,30.41,29.63
812,30.41,29.63
140,30.41,29.63
597,30.41,29.63
696,30.41,29.63
780,30.41,29.63
486,30.41,29.63
760,30.41,29.63
701,30.41,29.63
779,30.41,29.63
131,30.41,29.63
571,30.41,29.63
179,30.41,29.63
480,30.41,29.63
659,30.41,29.63
170,30.41,29.63
720,30.41,29.63
266,30.41,29.63
567,30.41,29.63
671,30.41,29.63
434,30.41,29.63
390,30.41,29.63
534,30.41,29.63
279,30.41,29.63
746,30.41,29.63
212,30.41,29.63
387,30.41,29.63
401,30.41,29.63
391,30.41,29.63
524,30.41,29.63
129,30.41,29.63
893,30.41,29.63
402,30.41,29.63
893,30.41,29.63
275,30.41,29.63
318,30.41,29.63
507,30.41,29.63
462,30.41,29.63
181,30.41,29.63
326,30.41,29.63
633,30.41,29.63
641,30.41,29.63
743,30.41,29.63
695,30.41,29.63
342,30.41,29.63
203,30.41,29.63
878,30.41,29.63
132,30.41,29.63
819,30.41,29.63
367,30.41,29.63
551,30.41,29.63
145,30.41,29.63
422,30.41,29.63
498,30.41,29.63
227,30.41,29.63
399,30.39,29.63
438,30.39,29.63
527,30.39,29.63
691,30.39,29.63
765,30.39,29.63
205,30.39,29.63
667,30.39,29.63
198,30.39,29.63
485,30.39,29.63
676,30.39,29.63
893,30.39,29.63
793,30.39,29.63
535,30.39,29.63
540,30.39,29.63
646,30.39,29.63
598,30.39,29.63
132,30.39,29.63
895,30.39,29.63
432,30.39,29.63
597,30.39,29.63
600,30.39,29.63
444,30.39,29.63
468,30.39,29.63
445,30.39,29.79
775,30.39,29.79
501,30.39,29.79
403,30.39,29.79
894,30.39,29.79
613,30.39,29.79
440,30.39,29.79
823,30.39,29.79
453,30.39,29.79
683,30.39,29.79
418,30.39,29.79
638,30.39,29.79
341,30.39,29.79
269,30.39,29.79
468,30.39,29.79
695,30.39,29.79
523,30.39,29.79
224,30.39,29.79
894,30.39,29.79
301,30.39,29.79
553,30.39,29.79
281,30.39,29.79
679,30.39,29.79
718,30.39,29.79
353,30.39,29.79
391,30.39,29.79
535,30.39,29.79
412,30.39,29.79
757,30.39,29.79
559,30.39,29.79
714,30.39,29.79
619,30.39,29.79
477,30.39,29.79
833,30.39,29.79
129,30.39,29.79
894,30.39,29.79
448,30.35,29.79
600,30.35,29.79
281,30.35,29.79
379,30.35,29.79
704,30.35,29.79
441,30.35,29.79
524,30.35,29.79
397,30.35,29.79
132,30.35,29.79
595,30.35,29.79
581,30.35,29.79
453,30.35,29.79
869,30.35,29.79
631,30.35,29.79
554,30.35,29.79
482,30.35,29.79
697,30.35,29.79
314,30.35,29.79
568,30.35,29.79
575,30.35,29.79
586,30.35,29.79
388,30.35,29.79
445,30.35,29.79
618,30.35,29.79
572,30.35,29.75
698,30.35,29.75
242,30.35,29.75
534,30.35,29.75
138,30.35,29.75
426,30.35,29.75
578,30.35,29.75
423,30.35,29.75
485,30.35,29.75
574,30.35,29.75
430,30.35,29.75
724,30.35,29.75
179,30.35,29.75
895,30.35,29.75
399,30.35,29.75
296,30.35,29.75
705,30.35,29.75
227,30.35,29.75
521,30.35,29.75
427,30.35,29.75
466,30.35,29.75
874,30.35,29.75
724,30.35,29.75
489,30.35,29.75
503,30.35,29.75
404,30.35,29.75
424,30.35,29.75
508,30.35,29.75
235,30.35,29.75
652,30.35,29.75
622,30.35,29.75
578,30.35,29.75
841,30.35,29.75
509,30.35,29.75
515,30.35,29.75
831,30.35,29.75
533,30.39,29.75
484,30.39,29.75
387,30.39,29.75
831,30.39,29.75
696,30.39,29.75
512,30.39,29.75
695,30.39,29.75
538,30.39,29.75
693,30.39,29.75
316,30.39,29.75
536,30.39,29.75
707,30.39,29.75
184,30.39,29.75
738,30.39,29.75
197,30.39,29.75
419,30.39,29.75
894,30.39,29.75
432,30.39,29.75
857,30.39,29.75
662,30.39,29.75
766,30.39,29.75
699,30.39,29.75
269,30.39,29.75
741,30.39,29.75
360,30.39,29.63
552,30.39,29.63
591,30.39,29.63
490,30.39,29.63
893,30.39,29.63
241,30.39,29.63
543,30.39,29.63
535,30.39,29.63
134,30.39,29.63
582,30.39,29.63
128,30.39,29.63
774,30.39,29.63
236,30.39,29.63
321,30.39,29.63
707,30.39,29.63
129,30.39,29.63
757,30.39,29.63
378,30.39,29.63
625,30.39,29.63
331,30.39,29.63
572,30.39,29.63
616,30.39,29.63
527,30.39,29.63
456,30.39,29.63
851,30.39,29.63
317,30.39,29.63
861,30.39,29.63
518,30.39,29.63
861,30.39,29.63
268,30.39,29.63
483,30.39,29.63
233,30.39,29.63
294,30.39,29.63
372,30.39,29.63
129,30.39,29.63
701,30.39,29.63
246,30.39,29.63
894,30.39,29.63
690,30.39,29.63
398,30.39,29.63
599,30.39,29.63
434,30.39,29.63
557,30.39,29.63
455,30.39,29.63
364,30.39,29.63
892,30.39,29.63
720,30.39,29.63
888,30.39,29.63
637,30.39,29.63
241,30.39,29.63
894,30.39,29.63
288,30.39,29.63
852,30.39,29.63
209,30.39,29.63
800,30.39,29.63
211,30.39,29.63
414,30.39,29.63
691,30.39,29.63
142,30.39,29.63
570,30.39,29.57
185,30.39,29.57
674,30.39,29.57
128,30.39,29.57
220,30.39,29.57
532,30.39,29.57
241,30.39,29.57
470,30.39,29.57
717,30.39,29.57
132,30.39,29.57
807,30.39,29.57
532,30.39,29.57
538,30.39,29.57
660,30.39,29.57
495,30.39,29.57
254,30.39,29.57
184,30.39,29.57
800,30.39,29.57
130,30.39,29.57
386,30.39,29.57
270,30.39,29.57
710,30.39,29.57
237,30.39,29.57
329,30.39,29.57
617,30.39,29.57
563,30.39,29.57
645,30.39,29.57
866,30.39,29.57
448,30.39,29.57
525,30.39,29.57
687,30.39,29.57
366,30.39,29.57
618,30.39,29.57
129,30.39,29.57
710,30.39,29.57
239,30.39,29.57
769,30.35,29.57
353,30.35,29.57
557,30.35,29.57
391,30.35,29.57
682,30.35,29.57
633,30.35,29.57
129,30.35,29.57
670,30.35,29.57
365,30.35,29.57
648,30.35,29.57
522,30.35,29.57
541,30.35,29.57
590,30.35,29.57
696,30.35,29.57
510,30.35,29.57
682,30.35,29.57
337,30.35,29.57
635,30.35,29.57
266,30.35,29.57
814,30.35,29.57
894,30.35,29.57
129,30.35,29.57
894,30.35,29.57
368,30.35,29.57
894,30.35,29.59
372,30.35,29.59
585,30.35,29.59
682,30.35,29.59
466,30.35,29.59
632,30.35,29.59
332,30.35,29.59
578,30.35,29.59
848,30.35,29.59
129,30.35,29.59
506,30.35,29.59
135,30.35,29.59
154,30.35,29.59
651,30.35,29.59
151,30.35,29.59
836,30.35,29.59
132,30.35,29.59
819,30.35,29.59
322,30.35,29.59
551,30.35,29.59
845,30.35,29.59
487,30.35,29.59
346,30.35,29.59
248,30.35,29.59
541,30.35,29.59
343,30.35,29.59
793,30.35,29.59
132,30.35,29.59
429,30.35,29.59
226,30.35,29.59
259,30.35,29.59
894,30.35,29.59
557,30.35,29.59
147,30.35,29.59
788,30.35,29.59
326,30.35,29.59
855,30.33,29.59
486,30.33,29.59
494,30.33,29.59
863,30.33,29.59
146,30.33,29.59
627,30.33,29.59
321,30.33,29.59
551,30.33,29.59
381,30.33,29.59
364,30.33,29.59
510,30.33,29.59
385,30.33,29.59
581,30.33,29.59
292,30.33,29.59
728,30.33,29.59
583,30.33,29.59
387,30.33,29.59
525,30.33,29.59
172,30.33,29.59
302,30.33,29.59
843,30.33,29.59
129,30.33,29.59
895,30.33,29.59
808,30.33,29.59
736,30.33,29.55
765,30.33,29.55
203,30.33,29.55
756,30.33,29.55
295,30.33,29.55
292,30.33,29.55
515,30.33,29.55
565,30.33,29.55
200,30.33,29.55
696,30.33,29.55
570,30.33,29.55
769,30.33,29.55
587,30.33,29.55
250,30.33,29.55
655,30.33,29.55
131,30.33,29.55
297,30.33,29.55
295,30.33,29.55
