324,30.31,29.49
420,30.31,29.49
536,30.31,29.49
134,30.31,29.49
408,30.31,29.49
892,30.31,29.49
532,30.31,29.49
772,30.31,29.49
444,30.31,29.45
130,30.31,29.45
464,30.31,29.45
325,30.31,29.45
459,30.31,29.45
454,30.31,29.45
131,30.31,29.45
892,30.31,29.45
188,30.31,29.45
718,30.31,29.45
444,30.31,29.45
343,30.31,29.45
441,30.31,29.45
485,30.31,29.45
612,30.31,29.45
525,30.31,29.45
540,30.31,29.45
530,30.31,29.45
654,30.31,29.45
741,30.31,29.45
207,30.31,29.45
168,30.31,29.45
891,30.31,29.45
368,30.31,29.45
731,30.31,29.45
535,30.31,29.45
511,30.31,29.45
498,30.31,29.45
538,30.31,29.45
260,30.31,29.45
251,30.31,29.45
593,30.31,29.45
539,30.31,29.45
626,30.31,29.45
230,30.31,29.45
678,30.31,29.45
605,30.31,29.45
569,30.31,29.45
133,30.31,29.45
760,30.31,29.45
544,30.31,29.45
389,30.31,29.45
657,30.31,29.45
674,30.31,29.45
472,30.31,29.45
483,30.31,29.45
462,30.31,29.45
407,30.31,29.45
494,30.31,29.45
131,30.31,29.45
711,30.31,29.45
136,30.31,29.45
892,30.31,29.45
334,30.31,29.45
347,30.31,29.45
763,30.31,29.45
637,30.31,29.45
437,30.31,29.45
490,30.31,29.45
489,30.31,29.51
840,30.31,29.51
355,30.31,29.51
637,30.31,29.51
485,30.31,29.51
254,30.31,29.51
635,30.31,29.51
261,30.31,29.51
530,30.31,29.51
680,30.31,29.51
893,30.31,29.51
605,30.31,29.51
789,30.31,29.51
852,30.31,29.51
397,30.31,29.51
588,30.31,29.51
637,30.31,29.51
658,30.31,29.51
405,30.31,29.51
567,30.31,29.51
704,30.31,29.51
427,30.31,29.51
355,30.31,29.51
337,30.31,29.51
733,30.31,29.51
395,30.31,29.51
666,30.31,29.51
886,30.31,29.51
378,30.31,29.51
461,30.31,29.51
319,30.31,29.51
232,30.31,29.51
691,30.31,29.51
248,30.31,29.51
887,30.31,29.51
854,30.31,29.51
521,30.31,29.51
502,30.31,29.51
359,30.31,29.51
619,30.31,29.51
309,30.31,29.51
139,30.31,29.51
729,30.31,29.51
461,30.31,29.51
385,30.31,29.51
893,30.31,29.51
807,30.31,29.51
389,30.31,29.51
411,30.31,29.51
638,30.31,29.51
515,30.31,29.51
413,30.31,29.51
524,30.31,29.51
425,30.31,29.51
253,30.31,29.51
449,30.31,29.51
733,30.31,29.51
176,30.31,29.51
806,30.31,29.51
609,30.31,29.51
892,30.31,29.43
488,30.31,29.43
659,30.31,29.43
712,30.31,29.43
550,30.31,29.43
573,30.31,29.43
413,30.31,29.43
442,30.31,29.43
532,30.31,29.43
318,30.31,29.43
661,30.31,29.43
706,30.31,29.43
559,30.31,29.43
631,30.31,29.43
568,30.31,29.43
620,30.31,29.43
130,30.31,29.43
459,30.31,29.43
512,30.31,29.43
893,30.31,29.43
770,30.31,29.43
480,30.31,29.43
512,30.31,29.43
586,30.31,29.43
316,30.31,29.43
731,30.31,29.43
614,30.31,29.43
593,30.31,29.43
516,30.31,29.43
612,30.31,29.43
417,30.31,29.43
524,30.31,29.43
739,30.31,29.43
289,30.31,29.43
679,30.31,29.43
404,30.31,29.43
894,30.31,29.43
318,30.31,29.43
421,30.31,29.43
714,30.31,29.43
387,30.31,29.43
439,30.31,29.43
695,30.31,29.43
450,30.31,29.43
798,30.31,29.43
517,30.31,29.43
497,30.31,29.43
159,30.31,29.43
242,30.31,29.43
749,30.31,29.43
233,30.31,29.43
646,30.31,29.43
696,30.31,29.43
705,30.31,29.43
508,30.31,29.43
134,30.31,29.43
603,30.31,29.43
532,30.31,29.43
505,30.31,29.43
768,30.31,29.43
307,30.31,29.55
718,30.31,29.55
608,30.31,29.55
492,30.31,29.55
496,30.31,29.55
452,30.31,29.55
894,30.31,29.55
445,30.31,29.55
341,30.31,29.55
668,30.31,29.55
296,30.31,29.55
700,30.31,29.55
457,30.31,29.55
702,30.31,29.55
742,30.31,29.55
398,30.31,29.55
822,30.31,29.55
663,30.31,29.55
364,30.31,29.55
760,30.31,29.55
138,30.31,29.55
631,30.31,29.55
789,30.31,29.55
516,30.31,29.55
690,30.31,29.55
888,30.31,29.55
892,30.31,29.55
781,30.31,29.55
525,30.31,29.55
638,30.31,29.55
729,30.31,29.55
537,30.31,29.55
710,30.31,29.55
182,30.31,29.55
882,30.31,29.55
597,30.31,29.55
275,30.33,29.55
665,30.33,29.55
439,30.33,29.55
522,30.33,29.55
452,30.33,29.55
538,30.33,29.55
147,30.33,29.55
436,30.33,29.55
528,30.33,29.55
533,30.33,29.55
598,30.33,29.55
894,30.33,29.55
224,30.33,29.55
885,30.33,29.55
167,30.33,29.55
811,30.33,29.55
343,30.33,29.55
151,30.33,29.55
760,30.33,29.55
376,30.33,29.55
393,30.33,29.55
488,30.33,29.55
380,30.33,29.55
365,30.33,29.63
760,30.33,29.63
377,30.33,29.63
474,30.33,29.63
543,30.33,29.63
265,30.33,29.63
216,30.33,29.63
484,30.33,29.63
261,30.33,29.63
676,30.33,29.63
442,30.33,29.63
654,30.33,29.63
447,30.33,29.63
223,30.33,29.63
870,30.33,29.63
128,30.33,29.63
362,30.33,29.63
544,30.33,29.63
293,30.33,29.63
421,30.33,29.63
659,30.33,29.63
559,30.33,29.63
287,30.33,29.63
721,30.33,29.63
824,30.33,29.63
800,30.33,29.63
526,30.33,29.63
617,30.33,29.63
348,30.33,29.63
362,30.33,29.63
370,30.33,29.63
647,30.33,29.63
249,30.33,29.63
728,30.33,29.63
624,30.33,29.63
698,30.33,29.63
135,30.33,29.63
277,30.33,29.63
560,30.33,29.63
217,30.33,29.63
887,30.33,29.63
316,30.33,29.63
843,30.33,29.63
354,30.33,29.63
363,30.33,29.63
698,30.33,29.63
740,30.33,29.63
505,30.33,29.63
258,30.33,29.63
197,30.33,29.63
237,30.33,29.63
128,30.33,29.63
490,30.33,29.63
675,30.33,29.63
354,30.33,29.63
787,30.33,29.63
273,30.33,29.63
894,30.33,29.63
455,30.33,29.63
706,30.33,29.63
478,30.33,29.59
213,30.33,29.59
582,30.33,29.59
244,30.33,29.59
499,30.33,29.59
505,30.33,29.59
206,30.33,29.59
584,30.33,29.59
415,30.33,29.59
511,30.33,29.59
511,30.33,29.59
296,30.33,29.59
765,30.33,29.59
263,30.33,29.59
645,30.33,29.59
583,30.33,29.59
547,30.33,29.59
728,30.33,29.59
691,30.33,29.59
519,30.33,29.59
338,30.33,29.59
536,30.33,29.59
310,30.33,29.59
451,30.33,29.59
130,30.33,29.59
343,30.33,29.59
675,30.33,29.59
611,30.33,29.59
592,30.33,29.59
593,30.33,29.59
486,30.33,29.59
612,30.33,29.59
477,30.33,29.59
850,30.33,29.59
404,30.33,29.59
541,30.33,29.59
634,30.31,29.59
452,30.31,29.59
537,30.31,29.59
175,30.31,29.59
894,30.31,29.59
483,30.31,29.59
720,30.31,29.59
836,30.31,29.59
562,30.31,29.59
549,30.31,29.59
454,30.31,29.59
738,30.31,29.59
493,30.31,29.59
361,30.31,29.59
782,30.31,29.59
472,30.31,29.59
504,30.31,29.59
495,30.31,29.59
358,30.31,29.59
264,30.31,29.59
411,30.31,29.59
560,30.31,29.59
322,30.31,29.59
413,30.31,29.59
506,30.31,29.59
460,30.31,29.59
158,30.31,29.59
418,30.31,29.59
599,30.31,29.59
187,30.31,29.59
708,30.31,29.59
318,30.31,29.59
798,30.31,29.59
751,30.31,29.59
268,30.31,29.59
740,30.31,29.59
542,30.31,29.59
378,30.31,29.59
669,30.31,29.59
132,30.31,29.59
567,30.31,29.59
371,30.31,29.59
210,30.31,29.59
729,30.31,29.59
547,30.31,29.59
813,30.31,29.59
485,30.31,29.59
711,30.31,29.59
432,30.31,29.59
355,30.31,29.59
433,30.31,29.59
244,30.31,29.59
413,30.31,29.59
809,30.31,29.59
686,30.31,29.59
390,30.31,29.59
329,30.31,29.59
794,30.31,29.59
589,30.31,29.59
484,30.31,29.59
525,30.29,29.59
530,30.29,29.59
566,30.29,29.59
365,30.29,29.59
760,30.29,29.59
444,30.29,29.59
807,30.29,29.59
217,30.29,29.59
428,30.29,29.59
375,30.29,29.59
128,30.29,29.59
206,30.29,29.59
129,30.29,29.59
407,30.29,29.59
409,30.29,29.59
171,30.29,29.59
