327,29.91,28.97
760,29.91,28.97
407,29.91,28.97
244,29.91,28.97
135,29.91,28.97
892,29.91,28.97
238,29.91,28.97
359,29.91,28.97
356,29.91,28.97
132,29.91,28.97
893,29.91,28.97
134,29.91,28.97
651,29.91,28.97
626,29.91,28.97
327,29.91,28.97
539,29.91,28.97
321,29.91,28.97
200,29.91,28.97
276,29.91,28.97
370,29.91,28.97
838,29.91,28.97
545,29.91,28.97
406,29.91,28.97
132,29.91,28.97
469,29.91,28.97
697,29.91,28.97
630,29.91,28.97
705,29.91,28.97
778,29.91,28.97
610,29.91,28.97
384,29.91,28.97
502,29.91,28.97
131,29.91,28.97
366,29.89,28.97
452,29.89,28.97
370,29.89,28.97
177,29.89,28.97
258,29.89,28.97
267,29.89,28.97
513,29.89,28.97
516,29.89,28.97
235,29.89,28.97
382,29.89,28.97
332,29.89,28.97
610,29.89,28.97
664,29.89,28.97
524,29.89,28.97
510,29.89,28.97
665,29.89,28.97
131,29.89,28.97
223,29.89,28.97
623,29.89,28.97
510,29.89,28.97
723,29.89,28.97
439,29.89,28.97
741,29.89,28.97
845,29.89,28.97
674,29.89,29.09
642,29.89,29.09
601,29.89,29.09
895,29.89,29.09
703,29.89,29.09
132,29.89,29.09
810,29.89,29.09
426,29.89,29.09
544,29.89,29.09
421,29.89,29.09
248,29.89,29.09
686,29.89,29.09
414,29.89,29.09
685,29.89,29.09
379,29.89,29.09
893,29.89,29.09
832,29.89,29.09
387,29.89,29.09
576,29.89,29.09
269,29.89,29.09
697,29.89,29.09
479,29.89,29.09
588,29.89,29.09
630,29.89,29.09
674,29.89,29.09
736,29.89,29.09
309,29.89,29.09
394,29.89,29.09
744,29.89,29.09
315,29.89,29.09
495,29.89,29.09
642,29.89,29.09
590,29.89,29.09
446,29.89,29.09
308,29.89,29.09
665,29.89,29.09
502,29.91,29.09
918,29.91,29.09
557,29.91,29.09
544,29.91,29.09
460,29.91,29.09
535,29.91,29.09
580,29.91,29.09
224,29.91,29.09
381,29.91,29.09
528,29.91,29.09
668,29.91,29.09
754,29.91,29.09
627,29.91,29.09
709,29.91,29.09
892,29.91,29.09
414,29.91,29.09
610,29.91,29.09
530,29.91,29.09
306,29.91,29.09
286,29.91,29.09
813,29.91,29.09
295,29.91,29.09
629,29.91,29.09
359,29.91,29.15
231,29.91,29.15
615,29.91,29.15
505,29.91,29.15
570,29.91,29.15
240,29.91,29.15
449,29.91,29.15
411,29.91,29.15
212,29.91,29.15
650,29.91,29.15
536,29.91,29.15
629,29.91,29.15
890,29.91,29.15
507,29.91,29.15
841,29.91,29.15
270,29.91,29.15
657,29.91,29.15
627,29.91,29.15
129,29.91,29.15
799,29.91,29.15
422,29.91,29.15
895,29.91,29.15
413,29.91,29.15
743,29.91,29.15
894,29.91,29.15
607,29.91,29.15
396,29.91,29.15
915,29.91,29.15
508,29.91,29.15
660,29.91,29.15
535,29.91,29.15
464,29.91,29.15
578,29.91,29.15
335,29.91,29.15
720,29.91,29.15
512,29.91,29.15
403,29.91,29.15
154,29.89,29.15
549,29.89,29.15
277,29.89,29.15
208,29.89,29.15
571,29.89,29.15
345,29.89,29.15
400,29.89,29.15
882,29.89,29.15
715,29.89,29.15
132,29.89,29.15
630,29.89,29.15
577,29.89,29.15
888,29.89,29.15
364,29.89,29.15
375,29.89,29.15
636,29.89,29.15
517,29.89,29.15
698,29.89,29.15
762,29.89,29.15
441,29.89,29.15
889,29.89,29.15
797,29.89,29.15
574,29.89,29.15
602,29.89,29.03
130,29.89,29.03
894,29.89,29.03
136,29.89,29.03
625,29.89,29.03
223,29.89,29.03
389,29.89,29.03
382,29.89,29.03
485,29.89,29.03
546,29.89,29.03
489,29.89,29.03
327,29.89,29.03
477,29.89,29.03
359,29.89,29.03
244,29.89,29.03
140,29.89,29.03
393,29.89,29.03
216,29.89,29.03
487,29.89,29.03
382,29.89,29.03
483,29.89,29.03
869,29.89,29.03
551,29.89,29.03
585,29.89,29.03
304,29.89,29.03
234,29.89,29.03
894,29.89,29.03
342,29.89,29.03
563,29.89,29.03
358,29.89,29.03
893,29.89,29.03
892,29.89,29.03
636,29.89,29.03
408,29.89,29.03
439,29.89,29.03
464,29.89,29.03
647,29.91,29.03
633,29.91,29.03
605,29.91,29.03
451,29.91,29.03
609,29.91,29.03
550,29.91,29.03
370,29.91,29.03
475,29.91,29.03
458,29.91,29.03
714,29.91,29.03
342,29.91,29.03
156,29.91,29.03
396,29.91,29.03
132,29.91,29.03
792,29.91,29.03
259,29.91,29.03
560,29.91,29.03
489,29.91,29.03
721,29.91,29.03
594,29.91,29.03
359,29.91,29.03
518,29.91,29.03
879,29.91,29.03
567,29.91,29.03
359,29.91,29.19
695,29.91,29.19
493,29.91,29.19
130,29.91,29.19
306,29.91,29.19
751,29.91,29.19
332,29.91,29.19
551,29.91,29.19
332,29.91,29.19
723,29.91,29.19
293,29.91,29.19
454,29.91,29.19
688,29.91,29.19
531,29.91,29.19
736,29.91,29.19
686,29.91,29.19
819,29.91,29.19
485,29.91,29.19
244,29.91,29.19
772,29.91,29.19
680,29.91,29.19
684,29.91,29.19
892,29.91,29.19
356,29.91,29.19
738,29.91,29.19
303,29.91,29.19
555,29.91,29.19
691,29.91,29.19
466,29.91,29.19
597,29.91,29.19
639,29.91,29.19
459,29.91,29.19
469,29.91,29.19
654,29.91,29.19
229,29.91,29.19
526,29.91,29.19
431,29.87,29.19
158,29.87,29.19
603,29.87,29.19
549,29.87,29.19
766,29.87,29.19
756,29.87,29.19
225,29.87,29.19
468,29.87,29.19
518,29.87,29.19
638,29.87,29.19
339,29.87,29.19
544,29.87,29.19
723,29.87,29.19
428,29.87,29.19
390,29.87,29.19
133,29.87,29.19
877,29.87,29.19
782,29.87,29.19
380,29.87,29.19
601,29.87,29.19
135,29.87,29.19
894,29.87,29.19
610,29.87,29.19
134,29.87,29.19
717,29.87,29.23
135,29.87,29.23
881,29.87,29.23
761,29.87,29.23
133,29.87,29.23
886,29.87,29.23
299,29.87,29.23
687,29.87,29.23
301,29.87,29.23
648,29.87,29.23
722,29.87,29.23
774,29.87,29.23
588,29.87,29.23
130,29.87,29.23
528,29.87,29.23
132,29.87,29.23
469,29.87,29.23
465,29.87,29.23
391,29.87,29.23
581,29.87,29.23
650,29.87,29.23
589,29.87,29.23
649,29.87,29.23
165,29.87,29.23
375,29.87,29.23
215,29.87,29.23
605,29.87,29.23
355,29.87,29.23
233,29.87,29.23
546,29.87,29.23
515,29.87,29.23
779,29.87,29.23
500,29.87,29.23
615,29.87,29.23
580,29.87,29.23
823,29.87,29.23
261,29.91,29.23
591,29.91,29.23
753,29.91,29.23
648,29.91,29.23
575,29.91,29.23
584,29.91,29.23
317,29.91,29.23
513,29.91,29.23
382,29.91,29.23
665,29.91,29.23
266,29.91,29.23
357,29.91,29.23
445,29.91,29.23
420,29.91,29.23
523,29.91,29.23
325,29.91,29.23
407,29.91,29.23
357,29.91,29.23
654,29.91,29.23
532,29.91,29.23
415,29.91,29.23
255,29.91,29.23
470,29.91,29.23
589,29.91,29.23
502,29.91,29.03
563,29.91,29.03
404,29.91,29.03
893,29.91,29.03
894,29.91,29.03
728,29.91,29.03
130,29.91,29.03
555,29.91,29.03
268,29.91,29.03
738,29.91,29.03
747,29.91,29.03
507,29.91,29.03
738,29.91,29.03
510,29.91,29.03
698,29.91,29.03
487,29.91,29.03
464,29.91,29.03
420,29.91,29.03
603,29.91,29.03
451,29.91,29.03
870,29.91,29.03
835,29.91,29.03
442,29.91,29.03
573,29.91,29.03
670,29.91,29.03
428,29.91,29.03
423,29.91,29.03
484,29.91,29.03
603,29.91,29.03
817,29.91,29.03
215,29.91,29.03
589,29.91,29.03
719,29.91,29.03
833,29.91,29.03
894,29.91,29.03
831,29.91,29.03
470,29.91,29.03
622,29.91,29.03
740,29.91,29.03
335,29.91,29.03
697,29.91,29.03
130,29.91,29.03
894,29.91,29.03
587,29.91,29.03
375,29.91,29.03
643,29.91,29.03
706,29.91,29.03
393,29.91,29.03
324,29.91,29.03
221,29.91,29.03
304,29.91,29.03
649,29.91,29.03
546,29.91,29.03
591,29.91,29.03
723,29.91,29.03
830,29.91,29.03
419,29.91,29.03
754,29.91,29.03
297,29.91,29.03
584,29.91,29.17
399,29.91,29.17
447,29.91,29.17
407,29.91,29.17
