337,30.17,29.43
688,30.17,29.43
132,30.17,29.43
642,30.17,29.43
712,30.17,29.43
224,30.17,29.43
735,30.17,29.43
903,30.17,29.43
578,30.17,29.43
475,30.17,29.43
403,30.17,29.43
131,30.17,29.43
224,30.17,29.43
581,30.17,29.43
447,30.17,29.43
627,30.17,29.43
893,30.17,29.43
583,30.17,29.43
599,30.17,29.43
242,30.17,29.43
878,30.17,29.43
393,30.17,29.43
351,30.17,29.43
595,30.17,29.43
561,30.17,29.25
386,30.17,29.25
398,30.17,29.25
636,30.17,29.25
421,30.17,29.25
894,30.17,29.25
349,30.17,29.25
767,30.17,29.25
357,30.17,29.25
211,30.17,29.25
350,30.17,29.25
399,30.17,29.25
568,30.17,29.25
792,30.17,29.25
129,30.17,29.25
530,30.17,29.25
722,30.17,29.25
172,30.17,29.25
655,30.17,29.25
137,30.17,29.25
530,30.17,29.25
146,30.17,29.25
441,30.17,29.25
716,30.17,29.25
533,30.17,29.25
894,30.17,29.25
589,30.17,29.25
418,30.17,29.25
720,30.17,29.25
548,30.17,29.25
374,30.17,29.25
569,30.17,29.25
411,30.17,29.25
749,30.17,29.25
131,30.17,29.25
817,30.17,29.25
590,30.11,29.25
669,30.11,29.25
458,30.11,29.25
451,30.11,29.25
347,30.11,29.25
650,30.11,29.25
687,30.11,29.25
577,30.11,29.25
566,30.11,29.25
131,30.11,29.25
447,30.11,29.25
195,30.11,29.25
435,30.11,29.25
393,30.11,29.25
545,30.11,29.25
619,30.11,29.25
694,30.11,29.25
894,30.11,29.25
458,30.11,29.25
709,30.11,29.25
626,30.11,29.25
195,30.11,29.25
839,30.11,29.25
434,30.11,29.31
446,30.11,29.31
859,30.11,29.31
404,30.11,29.31
877,30.11,29.31
183,30.11,29.31
880,30.11,29.31
669,30.11,29.31
439,30.11,29.31
891,30.11,29.31
129,30.11,29.31
542,30.11,29.31
370,30.11,29.31
663,30.11,29.31
486,30.11,29.31
716,30.11,29.31
864,30.11,29.31
895,30.11,29.31
536,30.11,29.31
402,30.11,29.31
253,30.11,29.31
516,30.11,29.31
379,30.11,29.31
651,30.11,29.31
647,30.11,29.31
425,30.11,29.31
558,30.11,29.31
639,30.11,29.31
469,30.11,29.31
481,30.11,29.31
698,30.11,29.31
451,30.11,29.31
270,30.11,29.31
275,30.11,29.31
695,30.11,29.31
745,30.11,29.31
681,30.11,29.31
676,30.17,29.31
366,30.17,29.31
660,30.17,29.31
552,30.17,29.31
278,30.17,29.31
507,30.17,29.31
541,30.17,29.31
156,30.17,29.31
818,30.17,29.31
356,30.17,29.31
644,30.17,29.31
709,30.17,29.31
377,30.17,29.31
637,30.17,29.31
196,30.17,29.31
554,30.17,29.31
545,30.17,29.31
132,30.17,29.31
752,30.17,29.31
302,30.17,29.31
303,30.17,29.31
591,30.17,29.31
342,30.17,29.31
268,30.17,29.35
500,30.17,29.35
402,30.17,29.35
473,30.17,29.35
677,30.17,29.35
795,30.17,29.35
512,30.17,29.35
402,30.17,29.35
538,30.17,29.35
719,30.17,29.35
395,30.17,29.35
321,30.17,29.35
473,30.17,29.35
472,30.17,29.35
595,30.17,29.35
527,30.17,29.35
584,30.17,29.35
699,30.17,29.35
389,30.17,29.35
647,30.17,29.35
454,30.17,29.35
649,30.17,29.35
405,30.17,29.35
408,30.17,29.35
252,30.17,29.35
818,30.17,29.35
385,30.17,29.35
280,30.17,29.35
725,30.17,29.35
372,30.17,29.35
844,30.17,29.35
360,30.17,29.35
429,30.17,29.35
574,30.17,29.35
130,30.17,29.35
625,30.17,29.35
249,30.17,29.35
402,30.17,29.35
777,30.17,29.35
704,30.17,29.35
814,30.17,29.35
425,30.17,29.35
711,30.17,29.35
882,30.17,29.35
263,30.17,29.35
617,30.17,29.35
400,30.17,29.35
694,30.17,29.35
320,30.17,29.35
777,30.17,29.35
729,30.17,29.35
484,30.17,29.35
508,30.17,29.35
205,30.17,29.35
368,30.17,29.35
150,30.17,29.35
128,30.17,29.35
570,30.17,29.35
417,30.17,29.35
681,30.17,29.35
755,30.17,29.55
285,30.17,29.55
872,30.17,29.55
551,30.17,29.55
762,30.17,29.55
502,30.17,29.55
667,30.17,29.55
446,30.17,29.55
669,30.17,29.55
482,30.17,29.55
383,30.17,29.55
788,30.17,29.55
777,30.17,29.55
376,30.17,29.55
132,30.17,29.55
358,30.17,29.55
274,30.17,29.55
416,30.17,29.55
271,30.17,29.55
742,30.17,29.55
353,30.17,29.55
722,30.17,29.55
421,30.17,29.55
640,30.17,29.55
665,30.17,29.55
630,30.17,29.55
595,30.17,29.55
678,30.17,29.55
557,30.17,29.55
304,30.17,29.55
894,30.17,29.55
129,30.17,29.55
622,30.17,29.55
538,30.17,29.55
355,30.17,29.55
632,30.17,29.55
726,30.17,29.55
662,30.17,29.55
387,30.17,29.55
388,30.17,29.55
767,30.17,29.55
404,30.17,29.55
494,30.17,29.55
475,30.17,29.55
133,30.17,29.55
894,30.17,29.55
386,30.17,29.55
746,30.17,29.55
495,30.17,29.55
385,30.17,29.55
765,30.17,29.55
277,30.17,29.55
764,30.17,29.55
324,30.17,29.55
415,30.17,29.55
500,30.17,29.55
489,30.17,29.55
315,30.17,29.55
873,30.17,29.55
377,30.17,29.55
796,30.17,29.55
334,30.17,29.55
649,30.17,29.55
133,30.17,29.55
130,30.17,29.55
395,30.17,29.55
266,30.17,29.55
516,30.17,29.55
236,30.17,29.55
884,30.17,29.55
215,30.17,29.55
638,30.17,29.55
513,30.17,29.55
790,30.17,29.55
414,30.17,29.55
717,30.17,29.55
736,30.17,29.55
339,30.17,29.55
669,30.17,29.55
461,30.17,29.55
638,30.17,29.55
224,30.17,29.55
293,30.17,29.55
440,30.17,29.55
609,30.17,29.55
446,30.17,29.55
809,30.17,29.55
245,30.17,29.55
891,30.17,29.55
402,30.17,29.55
502,30.17,29.55
512,30.17,29.55
298,30.17,29.55
780,30.17,29.55
430,30.17,29.55
598,30.17,29.55
372,30.13,29.55
725,30.13,29.55
296,30.13,29.55
645,30.13,29.55
360,30.13,29.55
313,30.13,29.55
428,30.13,29.55
130,30.13,29.55
353,30.13,29.55
608,30.13,29.55
546,30.13,29.55
700,30.13,29.55
496,30.13,29.55
360,30.13,29.55
604,30.13,29.55
253,30.13,29.55
674,30.13,29.55
322,30.13,29.55
282,30.13,29.55
362,30.13,29.55
472,30.13,29.55
607,30.13,29.55
417,30.13,29.55
636,30.13,29.31
129,30.13,29.31
667,30.13,29.31
337,30.13,29.31
378,30.13,29.31
566,30.13,29.31
497,30.13,29.31
422,30.13,29.31
700,30.13,29.31
269,30.13,29.31
628,30.13,29.31
696,30.13,29.31
593,30.13,29.31
648,30.13,29.31
310,30.13,29.31
502,30.13,29.31
498,30.13,29.31
759,30.13,29.31
390,30.13,29.31
877,30.13,29.31
523,30.13,29.31
721,30.13,29.31
433,30.13,29.31
366,30.13,29.31
617,30.13,29.31
611,30.13,29.31
415,30.13,29.31
490,30.13,29.31
259,30.13,29.31
354,30.13,29.31
396,30.13,29.31
128,30.13,29.31
874,30.13,29.31
526,30.13,29.31
499,30.13,29.31
208,30.13,29.31
894,30.17,29.31
568,30.17,29.31
417,30.17,29.31
753,30.17,29.31
719,30.17,29.31
639,30.17,29.31
559,30.17,29.31
404,30.17,29.31
403,30.17,29.31
775,30.17,29.31
773,30.17,29.31
613,30.17,29.31
170,30.17,29.31
245,30.17,29.31
428,30.17,29.31
561,30.17,29.31
136,30.17,29.31
730,30.17,29.31
734,30.17,29.31
481,30.17,29.31
515,30.17,29.31
484,30.17,29.31
748,30.17,29.31
549,30.17,29.31
457,30.17,29.37
509,30.17,29.37
204,30.17,29.37
128,30.17,29.37
307,30.17,29.37
446,30.17,29.37
313,30.17,29.37
443,30.17,29.37
130,30.17,29.37
565,30.17,29.37
418,30.17,29.37
406,30.17,29.37
700,30.17,29.37
423,30.17,29.37
718,30.17,29.37
549,30.17,29.37
352,30.17,29.37
844,30.17,29.37
500,30.17,29.37
821,30.17,29.37
261,30.17,29.37
175,30.17,29.37
688,30.17,29.37
500,30.17,29.37
409,30.17,29.37
637,30.17,29.37
515,30.17,29.37
679,30.17,29.37
345,30.17,29.37
605,30.17,29.37
647,30.17,29.37
396,30.17,29.37
538,30.17,29.37
515,30.17,29.37
483,30.17,29.37
743,30.17,29.37
