336,30.11,29.23
628,30.11,29.23
450,30.11,29.23
583,30.11,29.23
341,30.11,29.23
631,30.11,29.23
327,30.11,29.23
844,30.11,29.23
430,30.11,29.23
893,30.11,29.23
664,30.11,29.23
779,30.11,29.23
420,30.11,29.23
397,30.11,29.23
394,30.11,29.23
133,30.11,29.23
192,30.11,29.23
438,30.11,29.23
545,30.11,29.23
165,30.11,29.23
864,30.11,29.23
175,30.11,29.23
894,30.11,29.23
547,30.11,29.23
633,30.11,29.23
604,30.11,29.23
561,30.11,29.29
617,30.11,29.29
427,30.11,29.29
380,30.11,29.29
474,30.11,29.29
377,30.11,29.29
411,30.11,29.29
865,30.11,29.29
284,30.11,29.29
442,30.11,29.29
668,30.11,29.29
518,30.11,29.29
160,30.11,29.29
586,30.11,29.29
433,30.11,29.29
541,30.11,29.29
644,30.11,29.29
383,30.11,29.29
661,30.11,29.29
200,30.11,29.29
783,30.11,29.29
451,30.11,29.29
573,30.11,29.29
437,30.11,29.29
863,30.11,29.29
505,30.11,29.29
893,30.11,29.29
253,30.11,29.29
378,30.11,29.29
669,30.11,29.29
513,30.11,29.29
524,30.11,29.29
566,30.11,29.29
258,30.11,29.29
606,30.11,29.29
442,30.11,29.29
522,30.11,29.29
788,30.11,29.29
132,30.11,29.29
761,30.11,29.29
381,30.11,29.29
519,30.11,29.29
869,30.11,29.29
508,30.11,29.29
744,30.11,29.29
304,30.11,29.29
495,30.11,29.29
492,30.11,29.29
553,30.11,29.29
625,30.11,29.29
712,30.11,29.29
136,30.11,29.29
703,30.11,29.29
376,30.11,29.29
707,30.11,29.29
268,30.11,29.29
751,30.11,29.29
201,30.11,29.29
310,30.11,29.29
892,30.11,29.29
566,30.11,29.25
786,30.11,29.25
174,30.11,29.25
893,30.11,29.25
320,30.11,29.25
456,30.11,29.25
785,30.11,29.25
744,30.11,29.25
714,30.11,29.25
590,30.11,29.25
449,30.11,29.25
551,30.11,29.25
351,30.11,29.25
371,30.11,29.25
497,30.11,29.25
240,30.11,29.25
891,30.11,29.25
481,30.11,29.25
893,30.11,29.25
181,30.11,29.25
893,30.11,29.25
587,30.11,29.25
579,30.11,29.25
335,30.11,29.25
725,30.11,29.25
690,30.11,29.25
433,30.11,29.25
644,30.11,29.25
654,30.11,29.25
838,30.11,29.25
382,30.11,29.25
541,30.11,29.25
735,30.11,29.25
892,30.11,29.25
342,30.11,29.25
762,30.11,29.25
323,30.09,29.25
390,30.09,29.25
354,30.09,29.25
287,30.09,29.25
687,30.09,29.25
682,30.09,29.25
693,30.09,29.25
459,30.09,29.25
583,30.09,29.25
242,30.09,29.25
580,30.09,29.25
302,30.09,29.25
394,30.09,29.25
128,30.09,29.25
163,30.09,29.25
835,30.09,29.25
261,30.09,29.25
419,30.09,29.25
486,30.09,29.25
646,30.09,29.25
894,30.09,29.25
701,30.09,29.25
467,30.09,29.25
464,30.09,29.39
336,30.09,29.39
730,30.09,29.39
394,30.09,29.39
326,30.09,29.39
655,30.09,29.39
603,30.09,29.39
820,30.09,29.39
404,30.09,29.39
651,30.09,29.39
673,30.09,29.39
406,30.09,29.39
634,30.09,29.39
556,30.09,29.39
573,30.09,29.39
732,30.09,29.39
437,30.09,29.39
476,30.09,29.39
141,30.09,29.39
440,30.09,29.39
265,30.09,29.39
384,30.09,29.39
711,30.09,29.39
419,30.09,29.39
602,30.09,29.39
307,30.09,29.39
894,30.09,29.39
488,30.09,29.39
478,30.09,29.39
167,30.09,29.39
711,30.09,29.39
527,30.09,29.39
637,30.09,29.39
465,30.09,29.39
194,30.09,29.39
895,30.09,29.39
133,30.09,29.39
500,30.09,29.39
509,30.09,29.39
343,30.09,29.39
642,30.09,29.39
462,30.09,29.39
463,30.09,29.39
870,30.09,29.39
596,30.09,29.39
844,30.09,29.39
306,30.09,29.39
859,30.09,29.39
742,30.09,29.39
333,30.09,29.39
796,30.09,29.39
147,30.09,29.39
894,30.09,29.39
130,30.09,29.39
768,30.09,29.39
533,30.09,29.39
283,30.09,29.39
654,30.09,29.39
416,30.09,29.39
820,30.09,29.39
892,30.09,29.35
695,30.09,29.35
373,30.09,29.35
646,30.09,29.35
730,30.09,29.35
685,30.09,29.35
424,30.09,29.35
508,30.09,29.35
544,30.09,29.35
477,30.09,29.35
253,30.09,29.35
608,30.09,29.35
789,30.09,29.35
633,30.09,29.35
371,30.09,29.35
486,30.09,29.35
652,30.09,29.35
281,30.09,29.35
523,30.09,29.35
345,30.09,29.35
392,30.09,29.35
432,30.09,29.35
735,30.09,29.35
524,30.09,29.35
185,30.09,29.35
700,30.09,29.35
302,30.09,29.35
702,30.09,29.35
626,30.09,29.35
477,30.09,29.35
793,30.09,29.35
872,30.09,29.35
129,30.09,29.35
490,30.09,29.35
304,30.09,29.35
182,30.09,29.35
651,30.09,29.35
391,30.07,29.35
585,30.07,29.35
557,30.07,29.35
885,30.07,29.35
575,30.07,29.35
771,30.07,29.35
192,30.07,29.35
511,30.07,29.35
420,30.07,29.35
508,30.07,29.35
400,30.07,29.35
202,30.07,29.35
737,30.07,29.35
129,30.07,29.35
828,30.07,29.35
140,30.07,29.35
579,30.07,29.35
684,30.07,29.35
699,30.07,29.35
235,30.07,29.35
656,30.07,29.35
563,30.07,29.35
821,30.07,29.35
455,30.07,29.19
433,30.07,29.19
430,30.07,29.19
259,30.07,29.19
684,30.07,29.19
129,30.07,29.19
621,30.07,29.19
502,30.07,29.19
441,30.07,29.19
407,30.07,29.19
335,30.07,29.19
237,30.07,29.19
583,30.07,29.19
280,30.07,29.19
556,30.07,29.19
757,30.07,29.19
303,30.07,29.19
433,30.07,29.19
363,30.07,29.19
423,30.07,29.19
692,30.07,29.19
716,30.07,29.19
279,30.07,29.19
885,30.07,29.19
893,30.07,29.19
884,30.07,29.19
409,30.07,29.19
665,30.07,nan
364,30.07,29.19
727,30.07,29.19
283,30.07,29.19
682,30.07,29.19
366,30.07,29.19
648,30.07,29.19
604,30.07,29.19
531,30.07,29.19
492,30.07,29.19
537,30.09,29.19
486,30.09,29.19
526,30.09,29.19
323,30.09,29.19
406,30.09,29.19
878,30.09,29.19
196,30.09,29.19
893,30.09,29.19
132,30.09,29.19
567,30.09,29.19
615,30.09,29.19
574,30.09,29.19
681,30.09,29.19
277,30.09,29.19
532,30.09,29.19
320,30.09,29.19
639,30.09,29.19
143,30.09,29.19
509,30.09,29.19
517,30.09,29.19
129,30.09,29.19
209,30.09,29.19
406,30.09,29.19
202,30.09,29.25
350,30.09,29.25
432,30.09,29.25
275,30.09,29.25
868,30.09,29.25
489,30.09,29.25
694,30.09,29.25
373,30.09,29.25
571,30.09,29.25
561,30.09,29.25
451,30.09,29.25
372,30.09,29.25
425,30.09,29.25
643,30.09,29.25
422,30.09,29.25
767,30.09,29.25
327,30.09,29.25
700,30.09,29.25
136,30.09,29.25
443,30.09,29.25
826,30.09,29.25
474,30.09,29.25
650,30.09,29.25
524,30.09,29.25
412,30.09,29.25
301,30.09,29.25
580,30.09,29.25
461,30.09,29.25
405,30.09,29.25
399,30.09,29.25
664,30.09,29.25
572,30.09,29.25
619,30.09,29.25
329,30.09,29.25
484,30.09,29.25
134,30.09,29.25
145,30.09,29.25
653,30.11,29.25
448,30.11,29.25
642,30.11,29.25
688,30.11,29.25
686,30.11,29.25
409,30.11,29.25
343,30.11,29.25
232,30.11,29.25
423,30.11,29.25
223,30.11,29.25
632,30.11,29.25
409,30.11,29.25
781,30.11,29.25
744,30.11,29.25
638,30.11,29.25
460,30.11,29.25
808,30.11,29.25
674,30.11,29.25
754,30.11,29.25
565,30.11,29.25
402,30.11,29.25
670,30.11,29.25
530,30.11,29.25
527,30.11,29.23
217,30.11,29.23
458,30.11,29.23
179,30.11,29.23
148,30.11,29.23
592,30.11,29.23
677,30.11,29.23
881,30.11,29.23
894,30.11,29.23
340,30.11,29.23
665,30.11,29.23
765,30.11,29.23
346,30.11,29.23
535,30.11,29.23
558,30.11,29.23
795,30.11,29.23
582,30.11,29.23
725,30.11,29.23
501,30.11,29.23
803,30.11,29.23
614,30.11,29.23
566,30.11,29.23
742,30.11,29.23
612,30.11,29.23
640,30.11,29.23
626,30.11,29.23
580,30.11,29.23
780,30.11,29.23
693,30.11,29.23
500,30.11,29.23
826,30.11,29.23
493,30.11,29.23
629,30.11,29.23
249,30.11,29.23
