127,30.35,29.59
669,30.35,29.59
249,30.35,29.59
250,30.35,29.59
487,30.35,29.59
502,30.35,29.59
561,30.35,29.59
503,30.35,29.59
450,30.35,29.59
437,30.35,29.59
255,30.35,29.59
334,30.35,29.59
846,30.35,29.59
262,30.35,29.59
485,30.35,29.59
304,30.35,29.59
460,30.35,29.59
422,30.35,29.59
257,30.35,29.59
690,30.35,29.59
280,30.35,29.59
680,30.35,29.59
618,30.35,29.59
535,30.35,29.59
700,30.35,29.59
605,30.35,29.59
264,30.35,29.59
354,30.35,29.59
160,30.35,29.59
892,30.35,29.59
217,30.35,29.59
457,30.35,29.59
581,30.35,29.59
706,30.35,29.59
939,30.35,29.59
251,30.35,29.59
345,30.35,29.59
423,30.35,29.45
585,30.35,29.45
431,30.35,29.45
634,30.35,29.45
393,30.35,29.45
564,30.35,29.45
399,30.35,29.45
411,30.35,29.45
228,30.35,29.45
769,30.35,29.45
802,30.35,29.45
554,30.35,29.45
891,30.35,29.45
135,30.35,29.45
584,30.35,29.45
389,30.35,29.45
402,30.35,29.45
578,30.35,29.45
755,30.35,29.45
185,30.35,29.45
892,30.35,29.45
548,30.35,29.45
813,30.35,29.45
845,30.35,29.45
131,30.35,29.45
466,30.35,29.45
288,30.35,29.45
695,30.35,29.45
711,30.35,29.45
381,30.35,29.45
685,30.35,29.45
645,30.35,29.45
484,30.35,29.45
690,30.35,29.45
611,30.35,29.45
727,30.35,29.45
544,30.39,29.45
531,30.39,29.45
534,30.39,29.45
319,30.39,29.45
435,30.39,29.45
592,30.39,29.45
635,30.39,29.45
394,30.39,29.45
744,30.39,29.45
339,30.39,29.45
144,30.39,29.45
670,30.39,29.45
700,30.39,29.45
304,30.39,29.45
537,30.39,29.45
692,30.39,29.45
328,30.39,29.45
512,30.39,29.45
699,30.39,29.45
597,30.39,29.45
489,30.39,29.45
521,30.39,29.45
454,30.39,29.45
527,30.39,29.45
232,30.39,29.63
424,30.39,29.63
315,30.39,29.63
358,30.39,29.63
894,30.39,29.63
512,30.39,29.63
705,30.39,29.63
182,30.39,29.63
893,30.39,29.63
469,30.39,29.63
522,30.39,29.63
515,30.39,29.63
575,30.39,29.63
376,30.39,29.63
443,30.39,29.63
530,30.39,29.63
668,30.39,29.63
362,30.39,29.63
387,30.39,29.63
716,30.39,29.63
469,30.39,29.63
493,30.39,29.63
131,30.39,29.63
671,30.39,29.63
262,30.39,29.63
621,30.39,29.63
389,30.39,29.63
438,30.39,29.63
385,30.39,29.63
677,30.39,29.63
499,30.39,29.63
549,30.39,29.63
439,30.39,29.63
586,30.39,29.63
591,30.39,29.63
432,30.39,29.63
523,30.35,29.63
451,30.35,29.63
573,30.35,29.63
128,30.35,29.63
609,30.35,29.63
347,30.35,29.63
595,30.35,29.63
501,30.35,29.63
569,30.35,29.63
866,30.35,29.63
361,30.35,29.63
290,30.35,29.63
474,30.35,29.63
442,30.35,29.63
128,30.35,29.63
443,30.35,29.63
565,30.35,29.63
132,30.35,29.63
409,30.35,29.63
577,30.35,29.63
173,30.35,29.63
660,30.35,29.63
318,30.35,29.63
805,30.35,29.63
559,30.35,29.55
312,30.35,29.55
729,30.35,29.55
238,30.35,29.55
523,30.35,29.55
721,30.35,29.55
712,30.35,29.55
359,30.35,29.55
579,30.35,29.55
631,30.35,29.55
548,30.35,29.55
580,30.35,29.55
315,30.35,29.55
631,30.35,29.55
169,30.35,29.55
463,30.35,29.55
478,30.35,29.55
495,30.35,29.55
603,30.35,29.55
485,30.35,29.55
298,30.35,29.55
469,30.35,29.55
373,30.35,29.55
567,30.35,29.55
139,30.35,29.55
501,30.35,29.55
760,30.35,29.55
672,30.35,29.55
712,30.35,29.55
397,30.35,29.55
668,30.35,29.55
353,30.35,29.55
378,30.35,29.55
730,30.35,29.55
249,30.35,29.55
653,30.35,29.55
602,30.35,29.55
583,30.35,29.55
891,30.35,29.55
132,30.35,29.55
511,30.35,29.55
446,30.35,29.55
593,30.35,29.55
212,30.35,29.55
421,30.35,29.55
470,30.35,29.55
797,30.35,29.55
734,30.35,29.55
596,30.35,29.55
691,30.35,29.55
699,30.35,29.55
793,30.35,29.55
699,30.35,29.55
750,30.35,29.55
463,30.35,29.55
545,30.35,29.55
658,30.35,29.55
297,30.35,29.55
278,30.35,29.55
355,30.35,29.65
399,30.35,29.65
757,30.35,29.65
821,30.35,29.65
669,30.35,29.65
895,30.35,29.65
439,30.35,29.65
763,30.35,29.65
417,30.35,29.65
678,30.35,29.65
618,30.35,29.65
341,30.35,29.65
698,30.35,29.65
482,30.35,29.65
167,30.35,29.65
579,30.35,29.65
588,30.35,29.65
658,30.35,29.65
705,30.35,29.65
521,30.35,29.65
267,30.35,29.65
128,30.35,29.65
436,30.35,29.65
129,30.35,29.65
459,30.35,29.65
358,30.35,29.65
373,30.35,29.65
637,30.35,29.65
214,30.35,29.65
795,30.35,29.65
613,30.35,29.65
509,30.35,29.65
523,30.35,29.65
435,30.35,29.65
420,30.35,29.65
425,30.35,29.65
337,30.33,29.65
717,30.33,29.65
265,30.33,29.65
599,30.33,29.65
264,30.33,29.65
673,30.33,29.65
517,30.33,29.65
633,30.33,29.65
597,30.33,29.65
288,30.33,29.65
613,30.33,29.65
157,30.33,29.65
634,30.33,29.65
404,30.33,29.65
422,30.33,29.65
662,30.33,29.65
174,30.33,29.65
306,30.33,29.65
473,30.33,29.65
587,30.33,29.65
682,30.33,29.65
315,30.33,29.65
894,30.33,29.65
618,30.33,29.65
238,30.33,29.45
895,30.33,29.45
600,30.33,29.45
621,30.33,29.45
181,30.33,29.45
659,30.33,29.45
356,30.33,29.45
670,30.33,29.45
601,30.33,29.45
429,30.33,29.45
442,30.33,29.45
556,30.33,29.45
614,30.33,29.45
570,30.33,29.45
203,30.33,29.45
487,30.33,29.45
748,30.33,29.45
547,30.33,29.45
789,30.33,29.45
514,30.33,29.45
663,30.33,29.45
208,30.33,29.45
632,30.33,29.45
128,30.33,29.45
364,30.33,29.45
414,30.33,29.45
557,30.33,29.45
787,30.33,29.45
482,30.33,29.45
762,30.33,29.45
379,30.33,29.45
712,30.33,29.45
184,30.33,29.45
683,30.33,29.45
421,30.33,29.45
232,30.33,29.45
635,30.35,29.45
601,30.35,29.45
384,30.35,29.45
412,30.35,29.45
305,30.35,29.45
643,30.35,29.45
466,30.35,29.45
294,30.35,29.45
338,30.35,29.45
269,30.35,29.45
450,30.35,29.45
129,30.35,29.45
768,30.35,29.45
444,30.35,29.45
791,30.35,29.45
263,30.35,29.45
510,30.35,29.45
622,30.35,29.45
484,30.35,29.45
539,30.35,29.45
415,30.35,29.45
525,30.35,29.45
224,30.35,29.45
600,30.35,29.45
848,30.35,29.63
893,30.35,29.63
143,30.35,29.63
876,30.35,29.63
379,30.35,29.63
395,30.35,29.63
598,30.35,29.63
318,30.35,29.63
774,30.35,29.63
434,30.35,29.63
587,30.35,29.63
380,30.35,29.63
497,30.35,29.63
129,30.35,29.63
651,30.35,29.63
163,30.35,29.63
594,30.35,29.63
719,30.35,29.63
680,30.35,29.63
596,30.35,29.63
615,30.35,29.63
523,30.35,29.63
214,30.35,29.63
371,30.35,29.63
382,30.35,29.63
789,30.35,29.63
367,30.35,29.63
778,30.35,29.63
351,30.35,29.63
423,30.35,29.63
131,30.35,29.63
210,30.35,29.63
408,30.35,29.63
341,30.35,29.63
634,30.35,29.63
706,30.35,29.63
895,30.35,29.63
175,30.35,29.63
778,30.35,29.63
485,30.35,29.63
221,30.35,29.63
415,30.35,29.63
634,30.35,29.63
479,30.35,29.63
746,30.35,29.63
659,30.35,29.63
423,30.35,29.63
390,30.35,29.63
594,30.35,29.63
597,30.35,29.63
179,30.35,29.63
807,30.35,29.63
222,30.35,29.63
895,30.35,29.63
336,30.35,29.63
486,30.35,29.63
316,30.35,29.63
503,30.35,29.63
701,30.35,29.63
438,30.35,29.75
705,30.35,29.75
478,30.35,29.75
670,30.35,29.75
373,30.35,29.75
447,30.35,29.75
324,30.35,29.75
489,30.35,29.75
412,30.35,29.75
551,30.35,29.75
433,30.35,29.75
888,30.35,29.75
625,30.35,29.75
582,30.35,29.75
332,30.35,29.75
434,30.35,29.75
769,30.35,29.75
375,30.35,29.75
825,30.35,29.75
505,30.35,29.75
581,30.35,29.75
315,30.35,29.75
620,30.35,29.75
