566,30.13,29.43
208,30.13,29.43
411,30.13,29.43
892,30.13,29.43
497,30.13,29.43
518,30.13,29.43
793,30.13,29.43
566,30.13,29.43
419,30.13,29.43
387,30.13,29.45
520,30.13,29.45
893,30.13,29.45
602,30.13,29.45
538,30.13,29.45
265,30.13,29.45
893,30.13,29.45
253,30.13,29.45
484,30.13,29.45
664,30.13,29.45
334,30.13,29.45
481,30.13,29.45
437,30.13,29.45
535,30.13,29.45
457,30.13,29.45
474,30.13,29.45
711,30.13,29.45
276,30.13,29.45
369,30.13,29.45
774,30.13,29.45
170,30.13,29.45
448,30.13,29.45
282,30.13,29.45
726,30.13,29.45
293,30.13,29.45
428,30.13,29.45
681,30.13,29.45
419,30.13,29.45
689,30.13,29.45
692,30.13,29.45
595,30.13,29.45
596,30.13,29.45
488,30.13,29.45
677,30.13,29.45
582,30.13,29.45
602,30.13,29.45
491,30.13,29.45
166,30.11,29.45
306,30.11,29.45
421,30.11,29.45
563,30.11,29.45
537,30.11,29.45
317,30.11,29.45
693,30.11,29.45
504,30.11,29.45
367,30.11,29.45
552,30.11,29.45
432,30.11,29.45
331,30.11,29.45
717,30.11,29.45
428,30.11,29.45
528,30.11,29.45
654,30.11,29.45
553,30.11,29.45
762,30.11,29.45
865,30.11,29.45
542,30.11,29.45
770,30.11,29.45
744,30.11,29.45
343,30.11,29.45
407,30.11,29.31
538,30.11,29.31
612,30.11,29.31
439,30.11,29.31
767,30.11,29.31
771,30.11,29.31
536,30.11,29.31
404,30.11,29.31
422,30.11,29.31
752,30.11,29.31
432,30.11,29.31
741,30.11,29.31
459,30.11,29.31
790,30.11,29.31
894,30.11,29.31
357,30.11,29.31
487,30.11,29.31
559,30.11,29.31
517,30.11,29.31
728,30.11,29.31
223,30.11,29.31
806,30.11,29.31
479,30.11,29.31
448,30.11,29.31
436,30.11,29.31
629,30.11,29.31
609,30.11,29.31
318,30.11,29.31
331,30.11,29.31
130,30.11,29.31
572,30.11,29.31
326,30.11,29.31
559,30.11,29.31
442,30.11,29.31
375,30.11,29.31
749,30.11,29.31
483,30.17,29.31
248,30.17,29.31
697,30.17,29.31
420,30.17,29.31
446,30.17,29.31
135,30.17,29.31
417,30.17,29.31
538,30.17,29.31
272,30.17,29.31
895,30.17,29.31
484,30.17,29.31
468,30.17,29.31
142,30.17,29.31
307,30.17,29.31
650,30.17,29.31
258,30.17,29.31
541,30.17,29.31
412,30.17,29.31
442,30.17,29.31
852,30.17,29.31
492,30.17,29.31
663,30.17,29.31
324,30.17,29.31
128,30.17,29.31
706,30.17,29.35
448,30.17,29.35
857,30.17,29.35
430,30.17,29.35
896,30.17,29.35
865,30.17,29.35
357,30.17,29.35
564,30.17,29.35
134,30.17,29.35
666,30.17,29.35
586,30.17,29.35
503,30.17,29.35
543,30.17,29.35
657,30.17,29.35
777,30.17,29.35
580,30.17,29.35
436,30.17,29.35
652,30.17,29.35
365,30.17,29.35
134,30.17,29.35
894,30.17,29.35
533,30.17,29.35
590,30.17,29.35
358,30.17,29.35
567,30.17,29.35
318,30.17,29.35
741,30.17,29.35
487,30.17,29.35
895,30.17,29.35
367,30.17,29.35
187,30.17,29.35
609,30.17,29.35
345,30.17,29.35
482,30.17,29.35
512,30.17,29.35
531,30.17,29.35
862,30.17,29.35
536,30.17,29.35
671,30.17,29.35
814,30.17,29.35
455,30.17,29.35
708,30.17,29.35
307,30.17,29.35
875,30.17,29.35
131,30.17,29.35
894,30.17,29.35
787,30.17,29.35
541,30.17,29.35
816,30.17,29.35
131,30.17,29.35
792,30.17,29.35
432,30.17,29.35
791,30.17,29.35
316,30.17,29.35
130,30.17,29.35
531,30.17,29.35
363,30.17,29.35
429,30.17,29.35
528,30.17,29.35
604,30.17,29.35
894,30.17,29.35
132,30.17,29.35
714,30.17,29.35
269,30.17,29.35
650,30.17,29.35
587,30.17,29.35
131,30.17,29.35
895,30.17,29.35
133,30.17,29.35
894,30.17,29.35
737,30.17,29.35
244,30.17,29.35
773,30.17,29.35
181,30.17,29.35
401,30.17,29.35
732,30.17,29.35
451,30.17,29.35
812,30.17,29.35
134,30.17,29.35
674,30.17,29.35
887,30.17,29.35
264,30.17,29.35
560,30.17,29.35
661,30.17,29.35
578,30.17,29.35
130,30.17,29.35
339,30.17,29.35
397,30.17,29.35
128,30.17,29.35
762,30.17,29.35
226,30.17,29.35
203,30.17,29.35
580,30.17,29.35
731,30.17,29.35
415,30.17,29.35
439,30.17,29.35
369,30.11,29.35
606,30.11,29.35
258,30.11,29.35
765,30.11,29.35
139,30.11,29.35
894,30.11,29.35
753,30.11,29.35
852,30.11,29.35
142,30.11,29.35
894,30.11,29.35
634,30.11,29.35
564,30.11,29.35
600,30.11,29.35
130,30.11,29.35
731,30.11,29.35
596,30.11,29.35
536,30.11,29.35
653,30.11,29.35
293,30.11,29.35
646,30.11,29.35
344,30.11,29.35
565,30.11,29.35
353,30.11,29.35
155,30.11,29.31
620,30.11,29.31
131,30.11,29.31
738,30.11,29.31
767,30.11,29.31
130,30.11,29.31
766,30.11,29.31
606,30.11,29.31
657,30.11,29.31
136,30.11,29.31
609,30.11,29.31
570,30.11,29.31
565,30.11,29.31
654,30.11,29.31
133,30.11,29.31
664,30.11,29.31
579,30.11,29.31
661,30.11,29.31
610,30.11,29.31
325,30.11,29.31
894,30.11,29.31
374,30.11,29.31
613,30.11,29.31
693,30.11,29.31
131,30.11,29.31
689,30.11,29.31
448,30.11,29.31
679,30.11,29.31
847,30.11,29.31
642,30.11,29.31
740,30.11,29.31
446,30.11,29.31
728,30.11,29.31
131,30.11,29.31
484,30.11,29.31
293,30.11,29.31
341,30.17,29.31
602,30.17,29.31
131,30.17,29.31
523,30.17,29.31
480,30.17,29.31
564,30.17,29.31
842,30.17,29.31
429,30.17,29.31
714,30.17,29.31
802,30.17,29.31
327,30.17,29.31
538,30.17,29.31
131,30.17,29.31
281,30.17,29.31
520,30.17,29.31
565,30.17,29.31
134,30.17,29.31
791,30.17,29.31
267,30.17,29.31
363,30.17,29.31
219,30.17,29.31
131,30.17,29.31
323,30.17,29.31
594,30.17,29.31
635,30.17,29.45
793,30.17,29.45
260,30.17,29.45
610,30.17,29.45
717,30.17,29.45
660,30.17,29.45
420,30.17,29.45
130,30.17,29.45
894,30.17,29.45
656,30.17,29.45
758,30.17,29.45
706,30.17,29.45
765,30.17,29.45
895,30.17,29.45
683,30.17,29.45
722,30.17,29.45
477,30.17,29.45
774,30.17,29.45
546,30.17,29.45
511,30.17,29.45
441,30.17,29.45
465,30.17,29.45
376,30.17,29.45
663,30.17,29.45
301,30.17,29.45
301,30.17,29.45
368,30.17,29.45
545,30.17,29.45
800,30.17,29.45
890,30.17,29.45
847,30.17,29.45
458,30.17,29.45
752,30.17,29.45
482,30.17,29.45
611,30.17,29.45
674,30.17,29.45
670,30.17,29.45
229,30.17,29.45
666,30.17,29.45
369,30.17,29.45
447,30.17,29.45
738,30.17,29.45
726,30.17,29.45
699,30.17,29.45
727,30.17,29.45
580,30.17,29.45
667,30.17,29.45
544,30.17,29.45
184,30.17,29.45
789,30.17,29.45
271,30.17,29.45
881,30.17,29.45
415,30.17,29.45
400,30.17,29.45
820,30.17,29.45
364,30.17,29.45
558,30.17,29.45
244,30.17,29.45
611,30.17,29.45
647,30.17,29.57
591,30.17,29.57
240,30.17,29.57
698,30.17,29.57
508,30.17,29.57
452,30.17,29.57
487,30.17,29.57
599,30.17,29.57
254,30.17,29.57
475,30.17,29.57
408,30.17,29.57
369,30.17,29.57
617,30.17,29.57
291,30.17,29.57
700,30.17,29.57
266,30.17,29.57
874,30.17,29.57
748,30.17,29.57
468,30.17,29.57
426,30.17,29.57
692,30.17,29.57
368,30.17,29.57
338,30.17,29.57
453,30.17,29.57
432,30.17,29.57
888,30.17,29.57
194,30.17,29.57
753,30.17,29.57
749,30.17,29.57
317,30.17,29.57
501,30.17,29.57
782,30.17,29.57
129,30.17,29.57
345,30.17,29.57
129,30.17,29.57
342,30.17,29.57
521,30.17,29.57
732,30.17,29.57
787,30.17,29.57
435,30.17,29.57
894,30.17,29.57
892,30.17,29.57
604,30.17,29.57
427,30.17,29.57
362,30.17,29.57
631,30.17,29.57
589,30.17,29.57
445,30.17,29.57
673,30.17,29.57
470,30.17,29.57
804,30.17,29.57
586,30.17,29.57
