512,30.21,29.63
132,30.21,29.63
582,30.21,29.63
217,30.21,29.63
347,30.21,29.63
411,30.21,29.63
579,30.21,29.63
783,30.21,29.63
310,30.21,29.63
757,30.21,29.63
407,30.21,29.63
386,30.21,29.63
874,30.21,29.63
738,30.21,29.39
596,30.21,29.39
703,30.21,29.39
339,30.21,29.39
669,30.21,29.39
154,30.21,29.39
706,30.21,29.39
340,30.21,29.39
824,30.21,29.39
395,30.21,29.39
335,30.21,29.39
417,30.21,29.39
350,30.21,29.39
422,30.21,29.39
510,30.21,29.39
439,30.21,29.39
724,30.21,29.39
717,30.21,29.39
208,30.21,29.39
553,30.21,29.39
167,30.21,29.39
303,30.21,29.39
422,30.21,29.39
574,30.21,29.39
352,30.21,29.39
850,30.21,29.39
197,30.21,29.39
847,30.21,29.39
539,30.21,29.39
639,30.21,29.39
700,30.21,29.39
391,30.21,29.39
686,30.21,29.39
130,30.21,29.39
278,30.21,29.39
132,30.21,29.39
142,30.21,29.39
230,30.21,29.39
436,30.21,29.39
136,30.21,29.39
687,30.21,29.39
705,30.21,29.39
746,30.21,29.39
559,30.21,29.39
580,30.21,29.39
501,30.21,29.39
390,30.21,29.39
513,30.21,29.39
574,30.21,29.39
621,30.21,29.39
861,30.21,29.39
844,30.21,29.39
134,30.21,29.39
795,30.21,29.39
629,30.21,29.39
470,30.21,29.39
390,30.21,29.39
401,30.21,29.39
551,30.21,29.39
246,30.21,29.39
866,30.21,29.55
571,30.21,29.55
488,30.21,29.55
743,30.21,29.55
655,30.21,29.55
407,30.21,29.55
642,30.21,29.55
284,30.21,29.55
644,30.21,29.55
894,30.21,29.55
773,30.21,29.55
843,30.21,29.55
398,30.21,29.55
777,30.21,29.55
583,30.21,29.55
794,30.21,29.55
298,30.21,29.55
384,30.21,29.55
561,30.21,29.55
715,30.21,29.55
648,30.21,29.55
316,30.21,29.55
274,30.21,29.55
765,30.21,29.55
132,30.21,29.55
373,30.21,29.55
484,30.21,29.55
331,30.21,29.55
893,30.21,29.55
128,30.21,29.55
674,30.21,29.55
405,30.21,29.55
591,30.21,29.55
397,30.21,29.55
608,30.21,29.55
650,30.21,29.55
576,30.17,29.55
577,30.17,29.55
432,30.17,29.55
408,30.17,29.55
733,30.17,29.55
317,30.17,29.55
129,30.17,29.55
430,30.17,29.55
560,30.17,29.55
321,30.17,29.55
132,30.17,29.55
719,30.17,29.55
132,30.17,29.55
591,30.17,29.55
623,30.17,29.55
619,30.17,29.55
621,30.17,29.55
457,30.17,29.55
745,30.17,29.55
368,30.17,29.55
896,30.17,29.55
454,30.17,29.55
469,30.17,29.55
732,30.17,29.55
720,30.17,29.25
648,30.17,29.25
530,30.17,29.25
488,30.17,29.25
539,30.17,29.25
432,30.17,29.25
575,30.17,29.25
496,30.17,29.25
258,30.17,29.25
441,30.17,29.25
313,30.17,29.25
656,30.17,29.25
259,30.17,29.25
654,30.17,29.25
487,30.17,29.25
358,30.17,29.25
847,30.17,29.25
737,30.17,29.25
669,30.17,29.25
365,30.17,29.25
779,30.17,29.25
314,30.17,29.25
609,30.17,29.25
567,30.17,29.25
784,30.17,29.25
677,30.17,29.25
376,30.17,29.25
678,30.17,29.25
523,30.17,29.25
170,30.17,29.25
816,30.17,29.25
244,30.17,29.25
343,30.17,29.25
323,30.17,29.25
485,30.17,29.25
730,30.17,29.25
128,30.17,29.25
451,30.17,29.25
430,30.17,29.25
498,30.17,29.25
773,30.17,29.25
523,30.17,29.25
842,30.17,29.25
446,30.17,29.25
434,30.17,29.25
797,30.17,29.25
428,30.17,29.25
600,30.17,29.25
796,30.17,29.25
712,30.17,29.25
787,30.17,29.25
649,30.17,29.25
569,30.17,29.25
480,30.17,29.25
509,30.17,29.25
495,30.17,29.25
316,30.17,29.25
618,30.17,29.25
491,30.17,29.25
655,30.17,29.31
664,30.17,29.31
709,30.17,29.31
369,30.17,29.31
453,30.17,29.31
365,30.17,29.31
621,30.17,29.31
548,30.17,29.31
292,30.17,29.31
671,30.17,29.31
295,30.17,29.31
461,30.17,29.31
798,30.17,29.31
133,30.17,29.31
738,30.17,29.31
390,30.17,29.31
627,30.17,29.31
714,30.17,29.31
257,30.17,29.31
832,30.17,29.31
320,30.17,29.31
201,30.17,29.31
703,30.17,29.31
405,30.17,29.31
471,30.17,29.31
362,30.17,29.31
785,30.17,29.31
574,30.17,29.31
419,30.17,29.31
760,30.17,29.31
291,30.17,29.31
892,30.17,29.31
392,30.17,29.31
134,30.17,29.31
621,30.17,29.31
457,30.17,29.31
568,30.17,29.31
248,30.19,29.31
723,30.19,29.31
747,30.19,29.31
235,30.19,29.31
285,30.19,29.31
264,30.19,29.31
130,30.19,29.31
517,30.19,29.31
128,30.19,29.31
369,30.19,29.31
716,30.19,29.31
623,30.19,29.31
169,30.19,29.31
687,30.19,29.31
394,30.19,29.31
603,30.19,29.31
306,30.19,29.31
159,30.19,29.31
802,30.19,29.31
237,30.19,29.31
639,30.19,29.31
535,30.19,29.31
567,30.19,29.31
129,30.19,29.37
533,30.19,29.37
377,30.19,29.37
652,30.19,29.37
356,30.19,29.37
638,30.19,29.37
336,30.19,29.37
836,30.19,29.37
861,30.19,29.37
450,30.19,29.37
688,30.19,29.37
336,30.19,29.37
751,30.19,29.37
380,30.19,29.37
876,30.19,29.37
449,30.19,29.37
611,30.19,29.37
895,30.19,29.37
422,30.19,29.37
488,30.19,29.37
641,30.19,29.37
537,30.19,29.37
750,30.19,29.37
500,30.19,29.37
461,30.19,29.37
892,30.19,29.37
141,30.19,29.37
562,30.19,29.37
185,30.19,29.37
510,30.19,29.37
718,30.19,29.37
502,30.19,29.37
688,30.19,29.37
747,30.19,29.37
892,30.19,29.37
371,30.19,29.37
781,30.23,29.37
393,30.23,29.37
673,30.23,29.37
264,30.23,29.37
547,30.23,29.37
716,30.23,29.37
769,30.23,29.37
581,30.23,29.37
551,30.23,29.37
395,30.23,29.37
318,30.23,29.37
319,30.23,29.37
382,30.23,29.37
757,30.23,29.37
227,30.23,29.37
916,30.23,29.37
284,30.23,29.37
522,30.23,29.37
442,30.23,29.37
550,30.23,29.37
460,30.23,29.37
442,30.23,29.37
639,30.23,29.37
595,30.23,29.37
612,30.23,29.59
288,30.23,29.59
807,30.23,29.59
411,30.23,29.59
789,30.23,29.59
336,30.23,29.59
724,30.23,29.59
749,30.23,29.59
463,30.23,29.59
439,30.23,29.59
687,30.23,29.59
424,30.23,29.59
866,30.23,29.59
681,30.23,29.59
631,30.23,29.59
747,30.23,29.59
475,30.23,29.59
768,30.23,29.59
129,30.23,29.59
816,30.23,29.59
274,30.23,29.59
624,30.23,29.59
394,30.23,29.59
814,30.23,29.59
895,30.23,29.59
719,30.23,29.59
539,30.23,29.59
424,30.23,29.59
565,30.23,29.59
316,30.23,29.59
690,30.23,29.59
513,30.23,29.59
678,30.23,29.59
132,30.23,29.59
683,30.23,29.59
223,30.23,29.59
656,30.19,29.59
467,30.19,29.59
409,30.19,29.59
434,30.19,29.59
406,30.19,29.59
263,30.19,29.59
460,30.19,29.59
531,30.19,29.59
212,30.19,29.59
618,30.19,29.59
150,30.19,29.59
604,30.19,29.59
497,30.19,29.59
537,30.19,29.59
740,30.19,29.59
349,30.19,29.59
497,30.19,29.59
334,30.19,29.59
350,30.19,29.59
423,30.19,29.59
372,30.19,29.59
439,30.19,29.59
698,30.19,29.59
311,30.19,29.43
626,30.19,29.43
173,30.19,29.43
678,30.19,29.43
130,30.19,29.43
719,30.19,29.43
623,30.19,29.43
150,30.19,29.43
758,30.19,29.43
336,30.19,29.43
616,30.19,29.43
603,30.19,29.43
182,30.19,29.43
580,30.19,29.43
186,30.19,29.43
129,30.19,29.43
514,30.19,29.43
249,30.19,29.43
649,30.19,29.43
217,30.19,29.43
592,30.19,29.43
438,30.19,29.43
438,30.19,29.43
715,30.19,29.43
610,30.19,29.43
548,30.19,29.43
349,30.19,29.43
884,30.19,29.43
500,30.19,29.43
639,30.19,29.43
778,30.19,29.43
702,30.19,29.43
580,30.19,29.43
703,30.19,29.43
370,30.19,29.43
497,30.19,29.43
301,30.19,29.43
763,30.19,29.43
724,30.19,29.43
541,30.19,29.43
367,30.19,29.43
692,30.19,29.43
525,30.19,29.43
250,30.19,29.43
580,30.19,29.43
386,30.19,29.43
703,30.19,29.43
336,30.19,29.43
