467,30.35,29.63
685,30.35,29.63
131,30.35,29.63
600,30.35,29.63
226,30.35,29.63
198,30.35,29.63
888,30.35,29.63
815,30.35,29.63
339,30.35,29.63
809,30.35,29.63
276,30.35,29.77
891,30.35,29.77
585,30.35,29.77
765,30.35,29.77
625,30.35,29.77
672,30.35,29.77
468,30.35,29.77
629,30.35,29.77
295,30.35,29.77
432,30.35,29.77
446,30.35,29.77
130,30.35,29.77
758,30.35,29.77
143,30.35,29.77
634,30.35,29.77
250,30.35,29.77
481,30.35,29.77
565,30.35,29.77
640,30.35,29.77
338,30.35,29.77
560,30.35,29.77
664,30.35,29.77
547,30.35,29.77
620,30.35,29.77
707,30.35,29.77
134,30.35,29.77
306,30.35,29.77
601,30.35,29.77
290,30.35,29.77
585,30.35,29.77
265,30.35,29.77
744,30.35,29.77
332,30.35,29.77
638,30.35,29.77
572,30.35,29.77
426,30.35,29.77
581,30.31,29.77
390,30.31,29.77
269,30.31,29.77
184,30.31,29.77
581,30.31,29.77
538,30.31,29.77
380,30.31,29.77
565,30.31,29.77
403,30.31,29.77
461,30.31,29.77
306,30.31,29.77
386,30.31,29.77
857,30.31,29.77
371,30.31,29.77
529,30.31,29.77
755,30.31,29.77
160,30.31,29.77
798,30.31,29.77
555,30.31,29.77
568,30.31,29.77
368,30.31,29.77
592,30.31,29.77
479,30.31,29.77
660,30.31,29.77
202,30.31,29.39
590,30.31,29.39
507,30.31,29.39
564,30.31,29.39
298,30.31,29.39
716,30.31,29.39
757,30.31,29.39
339,30.31,29.39
676,30.31,29.39
183,30.31,29.39
218,30.31,29.39
129,30.31,29.39
205,30.31,29.39
371,30.31,29.39
514,30.31,29.39
505,30.31,29.39
737,30.31,29.39
713,30.31,29.39
768,30.31,29.39
560,30.31,29.39
229,30.31,29.39
280,30.31,29.39
742,30.31,29.39
408,30.31,29.39
606,30.31,29.39
585,30.31,29.39
688,30.31,29.39
893,30.31,29.39
754,30.31,29.39
367,30.31,29.39
470,30.31,29.39
758,30.31,29.39
347,30.31,29.39
640,30.31,29.39
812,30.31,29.39
517,30.31,29.39
894,30.35,29.39
488,30.35,29.39
621,30.35,29.39
310,30.35,29.39
558,30.35,29.39
891,30.35,29.39
474,30.35,29.39
761,30.35,29.39
382,30.35,29.39
326,30.35,29.39
785,30.35,29.39
152,30.35,29.39
137,30.35,29.39
206,30.35,29.39
391,30.35,29.39
689,30.35,29.39
766,30.35,29.39
714,30.35,29.39
575,30.35,29.39
771,30.35,29.39
604,30.35,29.39
591,30.35,29.39
690,30.35,29.39
611,30.35,29.65
648,30.35,29.65
688,30.35,29.65
286,30.35,29.65
345,30.35,29.65
368,30.35,29.65
790,30.35,29.65
654,30.35,29.65
554,30.35,29.65
443,30.35,29.65
584,30.35,29.65
589,30.35,29.65
156,30.35,29.65
790,30.35,29.65
285,30.35,29.65
702,30.35,29.65
329,30.35,29.65
402,30.35,29.65
739,30.35,29.65
410,30.35,29.65
591,30.35,29.65
292,30.35,29.65
279,30.35,29.65
449,30.35,29.65
200,30.35,29.65
387,30.35,29.65
651,30.35,29.65
271,30.35,29.65
552,30.35,29.65
316,30.35,29.65
894,30.35,29.65
530,30.35,29.65
220,30.35,29.65
713,30.35,29.65
339,30.35,29.65
783,30.35,29.65
241,30.35,29.65
646,30.31,29.65
648,30.31,29.65
894,30.31,29.65
814,30.31,29.65
513,30.31,29.65
433,30.31,29.65
705,30.31,29.65
309,30.31,29.65
504,30.31,29.65
401,30.31,29.65
535,30.31,29.65
636,30.31,29.65
577,30.31,29.65
680,30.31,29.65
663,30.31,29.65
321,30.31,29.65
334,30.31,29.65
741,30.31,29.65
341,30.31,29.65
462,30.31,29.65
502,30.31,29.65
376,30.31,29.65
555,30.31,29.65
590,30.31,29.63
818,30.31,29.63
406,30.31,29.63
818,30.31,29.63
841,30.31,29.63
567,30.31,29.63
595,30.31,29.63
389,30.31,29.63
626,30.31,29.63
601,30.31,29.63
270,30.31,29.63
715,30.31,29.63
530,30.31,29.63
894,30.31,29.63
604,30.31,29.63
618,30.31,29.63
894,30.31,29.63
581,30.31,29.63
544,30.31,29.63
433,30.31,29.63
530,30.31,29.63
353,30.31,29.63
747,30.31,29.63
297,30.31,29.63
572,30.31,29.63
522,30.31,29.63
752,30.31,29.63
402,30.31,29.63
354,30.31,29.63
370,30.31,29.63
446,30.31,29.63
128,30.31,29.63
236,30.31,29.63
404,30.31,29.63
129,30.31,29.63
778,30.31,29.63
451,30.33,29.63
895,30.33,29.63
396,30.33,29.63
513,30.33,29.63
703,30.33,29.63
529,30.33,29.63
373,30.33,29.63
435,30.33,29.63
346,30.33,29.63
339,30.33,29.63
633,30.33,29.63
195,30.33,29.63
588,30.33,29.63
617,30.33,29.63
893,30.33,29.63
263,30.33,29.63
775,30.33,29.63
131,30.33,29.63
761,30.33,29.63
251,30.33,29.63
473,30.33,29.63
340,30.33,29.63
536,30.33,29.63
562,30.33,29.63
612,30.33,29.65
444,30.33,29.65
468,30.33,29.65
548,30.33,29.65
316,30.33,29.65
832,30.33,29.65
572,30.33,29.65
548,30.33,29.65
623,30.33,29.65
410,30.33,29.65
510,30.33,29.65
558,30.33,29.65
536,30.33,29.65
597,30.33,29.65
380,30.33,29.65
561,30.33,29.65
551,30.33,29.65
132,30.33,29.65
681,30.33,29.65
128,30.33,29.65
663,30.33,29.65
468,30.33,29.65
271,30.33,29.65
526,30.33,29.65
229,30.33,29.65
767,30.33,29.65
570,30.33,29.65
420,30.33,29.65
386,30.33,29.65
340,30.33,29.65
658,30.33,29.65
821,30.33,29.65
228,30.33,29.65
859,30.33,29.65
373,30.33,29.65
598,30.33,29.65
466,30.33,29.65
584,30.33,29.65
630,30.33,29.65
488,30.33,29.65
894,30.33,29.65
524,30.33,29.65
651,30.33,29.65
230,30.33,29.65
478,30.33,29.65
390,30.33,29.65
745,30.33,29.65
412,30.33,29.65
803,30.33,29.65
482,30.33,29.65
599,30.33,29.65
716,30.33,29.65
161,30.33,29.65
742,30.33,29.65
383,30.33,29.65
756,30.33,29.65
682,30.33,29.65
511,30.33,29.65
453,30.33,29.65
894,30.33,29.51
407,30.33,29.51
801,30.33,29.51
139,30.33,29.51
505,30.33,29.51
448,30.33,29.51
573,30.33,29.51
772,30.33,29.51
341,30.33,29.51
295,30.33,29.51
344,30.33,29.51
335,30.33,29.51
446,30.33,29.51
775,30.33,29.51
362,30.33,29.51
680,30.33,29.51
590,30.33,29.51
717,30.33,29.51
187,30.33,29.51
316,30.33,29.51
330,30.33,29.51
490,30.33,29.51
615,30.33,29.51
566,30.33,29.51
707,30.33,29.51
694,30.33,29.51
561,30.33,29.51
349,30.33,29.51
425,30.33,29.51
127,30.33,29.51
284,30.33,29.51
190,30.33,29.51
642,30.33,29.51
710,30.33,29.51
816,30.33,29.51
566,30.33,29.51
177,30.33,29.51
619,30.33,29.51
354,30.33,29.51
256,30.33,29.51
892,30.33,29.51
128,30.33,29.51
527,30.33,29.51
574,30.33,29.51
132,30.33,29.51
777,30.33,29.51
729,30.33,29.51
873,30.33,29.51
827,30.33,29.51
396,30.33,29.51
893,30.33,29.51
353,30.33,29.51
810,30.33,29.51
516,30.33,29.51
757,30.33,29.51
527,30.33,29.51
426,30.33,29.51
540,30.33,29.51
785,30.33,29.51
677,30.33,29.51
608,30.33,29.55
143,30.33,29.55
553,30.33,29.55
384,30.33,29.55
316,30.33,29.55
443,30.33,29.55
196,30.33,29.55
894,30.33,29.55
402,30.33,29.55
534,30.33,29.55
502,30.33,29.55
865,30.33,29.55
726,30.33,29.55
227,30.33,29.55
655,30.33,29.55
699,30.33,29.55
417,30.33,29.55
340,30.33,29.55
506,30.33,29.55
343,30.33,29.55
540,30.33,29.55
139,30.33,29.55
388,30.33,29.55
484,30.33,29.55
571,30.33,29.55
192,30.33,29.55
678,30.33,29.55
460,30.33,29.55
556,30.33,29.55
438,30.33,29.55
552,30.33,29.55
556,30.33,29.55
420,30.33,29.55
596,30.33,29.55
239,30.33,29.55
485,30.33,29.55
676,30.31,29.55
631,30.31,29.55
659,30.31,29.55
192,30.31,29.55
407,30.31,29.55
539,30.31,29.55
221,30.31,29.55
448,30.31,29.55
509,30.31,29.55
784,30.31,29.55
239,30.31,29.55
871,30.31,29.55
431,30.31,29.55
589,30.31,29.55
