837,30.27,29.49
507,30.27,29.49
439,30.27,29.49
490,30.27,29.49
490,30.27,29.49
849,30.27,29.49
291,30.27,29.49
822,30.27,29.49
515,30.27,29.49
656,30.27,29.49
364,30.27,29.49
762,30.27,29.49
652,30.27,29.49
330,30.27,29.49
731,30.27,29.49
131,30.27,29.49
425,30.27,29.49
217,30.27,29.49
484,30.27,29.49
541,30.27,29.49
737,30.27,29.49
655,30.27,29.49
828,30.27,29.49
283,30.27,29.49
796,30.27,29.49
341,30.27,29.49
131,30.27,29.49
547,30.27,29.49
393,30.25,29.49
851,30.25,29.49
421,30.25,29.49
454,30.25,29.49
560,30.25,29.49
703,30.25,29.49
506,30.25,29.49
487,30.25,29.49
131,30.25,29.49
622,30.25,29.49
619,30.25,29.49
419,30.25,29.49
433,30.25,29.49
371,30.25,29.49
779,30.25,29.49
751,30.25,29.49
819,30.25,29.49
302,30.25,29.49
889,30.25,29.49
436,30.25,29.49
544,30.25,29.49
219,30.25,29.49
447,30.25,29.49
551,30.25,29.43
398,30.25,29.43
493,30.25,29.43
605,30.25,29.43
892,30.25,29.43
144,30.25,29.43
799,30.25,29.43
175,30.25,29.43
756,30.25,29.43
547,30.25,29.43
498,30.25,29.43
392,30.25,29.43
795,30.25,29.43
277,30.25,29.43
727,30.25,29.43
324,30.25,29.43
514,30.25,29.43
487,30.25,29.43
504,30.25,29.43
630,30.25,29.43
408,30.25,29.43
642,30.25,29.43
305,30.25,29.43
657,30.25,29.43
165,30.25,29.43
758,30.25,29.43
248,30.25,29.43
340,30.25,29.43
667,30.25,29.43
404,30.25,29.43
130,30.25,29.43
132,30.25,29.43
763,30.25,29.43
373,30.25,29.43
537,30.25,29.43
519,30.25,29.43
745,30.25,29.43
219,30.25,29.43
335,30.25,29.43
459,30.25,29.43
655,30.25,29.43
129,30.25,29.43
734,30.25,29.43
752,30.25,29.43
214,30.25,29.43
634,30.25,29.43
246,30.25,29.43
592,30.25,29.43
130,30.25,29.43
387,30.25,29.43
710,30.25,29.43
270,30.25,29.43
537,30.25,29.43
545,30.25,29.43
337,30.25,29.43
759,30.25,29.43
158,30.25,29.43
525,30.25,29.43
554,30.25,29.43
331,30.25,29.43
794,30.25,29.49
471,30.25,29.49
893,30.25,29.49
252,30.25,29.49
879,30.25,29.49
409,30.25,29.49
394,30.25,29.49
379,30.25,29.49
378,30.25,29.49
365,30.25,29.49
518,30.25,29.49
507,30.25,29.49
563,30.25,29.49
414,30.25,29.49
330,30.25,29.49
706,30.25,29.49
494,30.25,29.49
727,30.25,29.49
719,30.25,29.49
497,30.25,29.49
616,30.25,29.49
609,30.25,29.49
245,30.25,29.49
447,30.25,29.49
475,30.25,29.49
772,30.25,29.49
407,30.25,29.49
272,30.25,29.49
855,30.25,29.49
613,30.25,29.49
521,30.25,29.49
546,30.25,29.49
365,30.25,29.49
530,30.25,29.49
603,30.25,29.49
639,30.25,29.49
834,30.23,29.49
214,30.23,29.49
691,30.23,29.49
473,30.23,29.49
530,30.23,29.49
528,30.23,29.49
131,30.23,29.49
894,30.23,29.49
358,30.23,29.49
456,30.23,29.49
605,30.23,29.49
525,30.23,29.49
569,30.23,29.49
655,30.23,29.49
684,30.23,29.49
516,30.23,29.49
641,30.23,29.49
688,30.23,29.49
706,30.23,29.49
362,30.23,29.49
349,30.23,29.49
724,30.23,29.49
746,30.23,29.49
795,30.23,29.49
611,30.23,29.43
131,30.23,29.43
853,30.23,29.43
596,30.23,29.43
558,30.23,29.43
451,30.23,29.43
467,30.23,29.43
548,30.23,29.43
265,30.23,29.43
730,30.23,29.43
274,30.23,29.43
525,30.23,29.43
457,30.23,29.43
314,30.23,29.43
691,30.23,29.43
133,30.23,29.43
700,30.23,29.43
521,30.23,29.43
130,30.23,29.43
780,30.23,29.43
130,30.23,29.43
403,30.23,29.43
257,30.23,29.43
232,30.23,29.43
513,30.23,29.43
332,30.23,29.43
698,30.23,29.43
860,30.23,29.43
328,30.23,29.43
641,30.23,29.43
506,30.23,29.43
349,30.23,29.43
138,30.23,29.43
637,30.23,29.43
437,30.23,29.43
606,30.23,29.43
705,30.25,29.43
130,30.25,29.43
807,30.25,29.43
382,30.25,29.43
644,30.25,29.43
566,30.25,29.43
166,30.25,29.43
482,30.25,29.43
131,30.25,29.43
700,30.25,29.43
513,30.25,29.43
351,30.25,29.43
619,30.25,29.43
531,30.25,29.43
670,30.25,29.43
274,30.25,29.43
130,30.25,29.43
540,30.25,29.43
393,30.25,29.43
736,30.25,29.43
131,30.25,29.43
608,30.25,29.43
793,30.25,29.43
689,30.25,29.57
880,30.25,29.57
187,30.25,29.57
761,30.25,29.57
130,30.25,29.57
341,30.25,29.57
555,30.25,29.57
131,30.25,29.57
527,30.25,29.57
131,30.25,29.57
540,30.25,29.57
599,30.25,29.57
316,30.25,29.57
408,30.25,29.57
536,30.25,29.57
626,30.25,29.57
878,30.25,29.57
503,30.25,29.57
548,30.25,29.57
357,30.25,29.57
793,30.25,29.57
235,30.25,29.57
766,30.25,29.57
635,30.25,29.57
697,30.25,29.57
894,30.25,29.57
231,30.25,29.57
738,30.25,29.57
577,30.25,29.57
880,30.25,29.57
380,30.25,29.57
167,30.25,29.57
821,30.25,29.57
338,30.25,29.57
373,30.25,29.57
885,30.25,29.57
130,30.25,29.57
577,30.23,29.57
129,30.23,29.57
481,30.23,29.57
141,30.23,29.57
548,30.23,29.57
893,30.23,29.57
571,30.23,29.57
621,30.23,29.57
130,30.23,29.57
399,30.23,29.57
598,30.23,29.57
699,30.23,29.57
692,30.23,29.57
321,30.23,29.57
792,30.23,29.57
573,30.23,29.57
663,30.23,29.57
893,30.23,29.57
130,30.23,29.57
367,30.23,29.57
322,30.23,29.57
362,30.23,29.57
892,30.23,29.57
131,30.23,29.51
852,30.23,29.51
893,30.23,29.51
894,30.23,29.51
131,30.23,29.51
740,30.23,29.51
641,30.23,29.51
648,30.23,29.51
778,30.23,29.51
130,30.23,29.51
646,30.23,29.51
545,30.23,29.51
653,30.23,29.51
676,30.23,29.51
166,30.23,29.51
382,30.23,29.51
376,30.23,29.51
705,30.23,29.51
756,30.23,29.51
421,30.23,29.51
557,30.23,29.51
373,30.23,29.51
381,30.23,29.51
888,30.23,29.51
445,30.23,29.51
799,30.23,29.51
521,30.23,29.51
777,30.23,29.51
370,30.23,29.51
547,30.23,29.51
460,30.23,29.51
516,30.23,29.51
895,30.23,29.51
130,30.23,29.51
585,30.23,29.51
485,30.23,29.51
700,30.25,29.51
573,30.25,29.51
323,30.25,29.51
572,30.25,29.51
437,30.25,29.51
241,30.25,29.51
798,30.25,29.51
196,30.25,29.51
663,30.25,29.51
504,30.25,29.51
674,30.25,29.51
644,30.25,29.51
185,30.25,29.51
626,30.25,29.51
129,30.25,29.51
283,30.25,29.51
130,30.25,29.51
398,30.25,29.51
132,30.25,29.51
234,30.25,29.51
781,30.25,29.51
670,30.25,29.51
573,30.25,29.51
794,30.25,29.51
533,30.25,29.25
735,30.25,29.25
323,30.25,29.25
413,30.25,29.25
498,30.25,29.25
679,30.25,29.25
894,30.25,29.25
385,30.25,29.25
649,30.25,29.25
310,30.25,29.25
821,30.25,29.25
354,30.25,29.25
673,30.25,29.25
501,30.25,29.25
712,30.25,29.25
135,30.25,29.25
631,30.25,29.25
799,30.25,29.25
355,30.25,29.25
464,30.25,29.25
500,30.25,29.25
341,30.25,29.25
598,30.25,29.25
559,30.25,29.25
379,30.25,29.25
611,30.25,29.25
591,30.25,29.25
652,30.25,29.25
578,30.25,29.25
514,30.25,29.25
753,30.25,29.25
421,30.25,29.25
633,30.25,29.25
165,30.25,29.25
894,30.25,29.25
133,30.25,29.25
623,30.25,29.25
295,30.25,29.25
130,30.25,29.25
768,30.25,29.25
130,30.25,29.25
570,30.25,29.25
886,30.25,29.25
515,30.25,29.25
546,30.25,29.25
131,30.25,29.25
351,30.25,29.25
746,30.25,29.25
283,30.25,29.25
716,30.25,29.25
248,30.25,29.25
657,30.25,29.25
666,30.25,29.25
448,30.25,29.25
355,30.25,29.25
415,30.25,29.25
445,30.25,29.25
129,30.25,29.25
485,30.25,29.25
352,30.25,29.39
382,30.25,29.39
587,30.25,29.39
378,30.25,29.39
772,30.25,29.39
272,30.25,29.39
563,30.25,29.39
815,30.25,29.39
130,30.25,29.39
425,30.25,29.39
