236,30.39,29.51
415,30.39,29.51
167,30.39,29.51
492,30.39,29.51
355,30.39,29.51
497,30.39,29.51
600,30.39,29.51
409,30.39,29.51
848,30.39,29.51
533,30.39,29.51
309,30.39,29.51
509,30.39,29.51
554,30.39,29.51
613,30.39,29.51
877,30.39,29.51
347,30.39,29.51
636,30.39,29.51
152,30.39,29.51
831,30.39,29.51
588,30.39,29.51
662,30.39,29.51
549,30.39,29.51
652,30.39,29.51
732,30.39,29.51
513,30.39,29.51
827,30.39,29.51
570,30.39,29.51
632,30.39,29.51
247,30.39,29.51
667,30.39,29.51
337,30.39,29.51
628,30.39,29.51
433,30.39,29.51
591,30.39,29.51
130,30.39,29.51
289,30.41,29.51
243,30.41,29.51
493,30.41,29.51
775,30.41,29.51
577,30.41,29.51
539,30.41,29.51
274,30.41,29.51
797,30.41,29.51
462,30.41,29.51
893,30.41,29.51
586,30.41,29.51
605,30.41,29.51
331,30.41,29.51
617,30.41,29.51
545,30.41,29.51
504,30.41,29.51
501,30.41,29.51
776,30.41,29.51
866,30.41,29.51
784,30.41,29.51
471,30.41,29.51
269,30.41,29.51
736,30.41,29.51
473,30.41,29.51
684,30.41,29.69
555,30.41,29.69
703,30.41,29.69
680,30.41,29.69
609,30.41,29.69
259,30.41,29.69
446,30.41,29.69
383,30.41,29.69
409,30.41,29.69
891,30.41,29.69
553,30.41,29.69
741,30.41,29.69
331,30.41,29.69
614,30.41,29.69
781,30.41,29.69
409,30.41,29.69
378,30.41,29.69
465,30.41,29.69
539,30.41,29.69
537,30.41,29.69
458,30.41,29.69
160,30.41,29.69
501,30.41,29.69
137,30.41,29.69
776,30.41,29.69
132,30.41,29.69
584,30.41,29.69
157,30.41,29.69
481,30.41,29.69
226,30.41,29.69
352,30.41,29.69
305,30.41,29.69
442,30.41,29.69
476,30.41,29.69
611,30.41,29.69
391,30.41,29.69
377,30.43,29.69
446,30.43,29.69
267,30.43,29.69
411,30.43,29.69
313,30.43,29.69
494,30.43,29.69
741,30.43,29.69
828,30.43,29.69
431,30.43,29.69
707,30.43,29.69
371,30.43,29.69
222,30.43,29.69
527,30.43,29.69
455,30.43,29.69
735,30.43,29.69
418,30.43,29.69
617,30.43,29.69
461,30.43,29.69
685,30.43,29.69
236,30.43,29.69
439,30.43,29.69
755,30.43,29.69
613,30.43,29.69
654,30.43,29.57
768,30.43,29.57
754,30.43,29.57
580,30.43,29.57
438,30.43,29.57
268,30.43,29.57
536,30.43,29.57
339,30.43,29.57
664,30.43,29.57
238,30.43,29.57
895,30.43,29.57
541,30.43,29.57
592,30.43,29.57
783,30.43,29.57
131,30.43,29.57
473,30.43,29.57
457,30.43,29.57
414,30.43,29.57
539,30.43,29.57
570,30.43,29.57
430,30.43,29.57
620,30.43,29.57
355,30.43,29.57
651,30.43,29.57
528,30.43,29.57
813,30.43,29.57
567,30.43,29.57
654,30.43,29.57
553,30.43,29.57
221,30.43,29.57
465,30.43,29.57
213,30.43,29.57
645,30.43,29.57
715,30.43,29.57
814,30.43,29.57
575,30.43,29.57
847,30.39,29.57
873,30.39,29.57
513,30.39,29.57
145,30.39,29.57
842,30.39,29.57
342,30.39,29.57
169,30.39,29.57
894,30.39,29.57
435,30.39,29.57
671,30.39,29.57
734,30.39,29.57
267,30.39,29.57
373,30.39,29.57
765,30.39,29.57
362,30.39,29.57
546,30.39,29.57
267,30.39,29.57
748,30.39,29.57
370,30.39,29.57
461,30.39,29.57
664,30.39,29.57
132,30.39,29.57
892,30.39,29.57
444,30.39,29.57
633,30.39,29.59
679,30.39,29.59
585,30.39,29.59
591,30.39,29.59
389,30.39,29.59
659,30.39,29.59
595,30.39,29.59
476,30.39,29.59
647,30.39,29.59
395,30.39,29.59
767,30.39,29.59
341,30.39,29.59
221,30.39,29.59
782,30.39,29.59
529,30.39,29.59
658,30.39,29.59
437,30.39,29.59
577,30.39,29.59
380,30.39,29.59
570,30.39,29.59
549,30.39,29.59
415,30.39,29.59
521,30.39,29.59
128,30.39,29.59
500,30.39,29.59
466,30.39,29.59
128,30.39,29.59
647,30.39,29.59
591,30.39,29.59
388,30.39,29.59
784,30.39,29.59
434,30.39,29.59
623,30.39,29.59
581,30.39,29.59
614,30.39,29.59
847,30.39,29.59
256,30.39,29.59
504,30.39,29.59
721,30.39,29.59
683,30.39,29.59
474,30.39,29.59
529,30.39,29.59
401,30.39,29.59
847,30.39,29.59
690,30.39,29.59
620,30.39,29.59
330,30.39,29.59
730,30.39,29.59
439,30.39,29.59
291,30.39,29.59
285,30.39,29.59
450,30.39,29.59
474,30.39,29.59
465,30.39,29.59
477,30.39,29.59
424,30.39,29.59
362,30.39,29.59
432,30.39,29.59
663,30.39,29.59
245,30.39,29.59
604,30.39,29.57
457,30.39,29.57
269,30.39,29.57
593,30.39,29.57
559,30.39,29.57
252,30.39,29.57
811,30.39,29.57
539,30.39,29.57
863,30.39,29.57
528,30.39,29.57
754,30.39,29.57
350,30.39,29.57
490,30.39,29.57
582,30.39,29.57
237,30.39,29.57
707,30.39,29.57
495,30.39,29.57
895,30.39,29.57
606,30.39,29.57
418,30.39,29.57
577,30.39,29.57
564,30.39,29.57
700,30.39,29.57
710,30.39,29.57
402,30.39,29.57
794,30.39,29.57
422,30.39,29.57
478,30.39,29.57
724,30.39,29.57
184,30.39,29.57
564,30.39,29.57
419,30.39,29.57
448,30.39,29.57
130,30.39,29.57
688,30.39,29.57
190,30.39,29.57
893,30.41,29.57
435,30.41,29.57
362,30.41,29.57
718,30.41,29.57
488,30.41,29.57
673,30.41,29.57
511,30.41,29.57
352,30.41,29.57
336,30.41,29.57
377,30.41,29.57
421,30.41,29.57
550,30.41,29.57
227,30.41,29.57
752,30.41,29.57
432,30.41,29.57
609,30.41,29.57
196,30.41,29.57
140,30.41,29.57
789,30.41,29.57
137,30.41,29.57
528,30.41,29.57
495,30.41,29.57
832,30.41,29.57
285,30.41,29.59
587,30.41,29.59
474,30.41,29.59
288,30.41,29.59
378,30.41,29.59
629,30.41,29.59
451,30.41,29.59
438,30.41,29.59
562,30.41,29.59
694,30.41,29.59
893,30.41,29.59
464,30.41,29.59
612,30.41,29.59
176,30.41,29.59
693,30.41,29.59
273,30.41,29.59
683,30.41,29.59
612,30.41,29.59
427,30.41,29.59
505,30.41,29.59
585,30.41,29.59
483,30.41,29.59
422,30.41,29.59
573,30.41,29.59
321,30.41,29.59
790,30.41,29.59
526,30.41,29.59
862,30.41,29.59
476,30.41,29.59
441,30.41,29.59
284,30.41,29.59
710,30.41,29.59
299,30.41,29.59
895,30.41,29.59
254,30.41,29.59
432,30.41,29.59
580,30.41,29.59
128,30.41,29.59
423,30.41,29.59
230,30.41,29.59
894,30.41,29.59
593,30.41,29.59
801,30.41,29.59
332,30.41,29.59
701,30.41,29.59
449,30.41,29.59
240,30.41,29.59
483,30.41,29.59
390,30.41,29.59
335,30.41,29.59
643,30.41,29.59
514,30.41,29.59
684,30.41,29.59
719,30.41,29.59
255,30.41,29.59
536,30.41,29.59
430,30.41,29.59
892,30.41,29.59
479,30.41,29.59
234,30.41,29.59
268,30.41,29.71
355,30.41,29.71
375,30.41,29.71
354,30.41,29.71
819,30.41,29.71
196,30.41,29.71
895,30.41,29.71
343,30.41,29.71
444,30.41,29.71
720,30.41,29.71
312,30.41,29.71
539,30.41,29.71
479,30.41,29.71
239,30.41,29.71
893,30.41,29.71
130,30.41,29.71
403,30.41,29.71
844,30.41,29.71
190,30.41,29.71
654,30.41,29.71
444,30.41,29.71
894,30.41,29.71
266,30.41,29.71
666,30.41,29.71
730,30.41,29.71
546,30.41,29.71
316,30.41,29.71
451,30.41,29.71
482,30.41,29.71
453,30.41,29.71
548,30.41,29.71
512,30.41,29.71
299,30.41,29.71
515,30.41,29.71
592,30.41,29.71
479,30.41,29.71
453,30.41,29.71
285,30.41,29.71
894,30.41,29.71
300,30.41,29.71
736,30.41,29.71
393,30.41,29.71
653,30.41,29.71
779,30.41,29.71
534,30.41,29.71
619,30.41,29.71
384,30.41,29.71
884,30.41,29.71
316,30.41,29.71
370,30.41,29.71
645,30.41,29.71
561,30.41,29.71
141,30.41,29.71
654,30.41,29.71
337,30.41,29.71
602,30.41,29.71
187,30.41,29.71
673,30.41,29.71
307,30.41,29.71
443,30.41,29.63
550,30.41,29.63
