578,30.05,29.35
648,30.05,29.35
201,30.05,29.35
511,30.05,29.35
430,30.05,29.35
559,30.05,29.35
433,30.05,29.35
351,30.05,29.35
893,30.05,29.35
891,30.05,29.35
397,30.05,29.35
550,30.05,29.35
421,30.05,29.35
889,30.05,29.35
254,30.05,29.35
140,30.05,29.35
291,30.05,29.35
527,30.05,29.35
629,30.07,29.35
589,30.07,29.35
685,30.07,29.35
637,30.07,29.35
668,30.07,29.35
131,30.07,29.35
635,30.07,29.35
648,30.07,29.35
524,30.07,29.35
893,30.07,29.35
293,30.07,29.35
353,30.07,29.35
647,30.07,29.35
162,30.07,29.35
798,30.07,29.35
577,30.07,29.35
299,30.07,29.35
354,30.07,29.35
570,30.07,29.35
708,30.07,29.35
247,30.07,29.35
492,30.07,29.35
267,30.07,29.35
512,30.07,29.35
777,30.07,29.31
276,30.07,29.31
774,30.07,29.31
524,30.07,29.31
894,30.07,29.31
492,30.07,29.31
233,30.07,29.31
664,30.07,29.31
257,30.07,29.31
831,30.07,29.31
512,30.07,29.31
363,30.07,29.31
777,30.07,29.31
353,30.07,29.31
695,30.07,29.31
131,30.07,29.31
429,30.07,29.31
606,30.07,29.31
447,30.07,29.31
580,30.07,29.31
182,30.07,29.31
863,30.07,29.31
696,30.07,29.31
302,30.07,29.31
691,30.07,29.31
435,30.07,29.31
459,30.07,29.31
468,30.07,29.31
507,30.07,29.31
614,30.07,29.31
438,30.07,29.31
456,30.07,29.31
472,30.07,29.31
496,30.07,29.31
154,30.07,29.31
565,30.07,29.31
295,30.07,29.31
130,30.07,29.31
582,30.07,29.31
360,30.07,29.31
293,30.07,29.31
468,30.07,29.31
591,30.07,29.31
368,30.07,29.31
605,30.07,29.31
444,30.07,29.31
789,30.07,29.31
845,30.07,29.31
388,30.07,29.31
495,30.07,29.31
462,30.07,29.31
514,30.07,29.31
693,30.07,29.31
742,30.07,29.31
240,30.07,29.31
890,30.07,29.31
205,30.07,29.31
778,30.07,29.31
250,30.07,29.31
556,30.07,29.31
731,30.07,29.55
338,30.07,29.55
820,30.07,29.55
627,30.07,29.55
672,30.07,29.55
450,30.07,29.55
441,30.07,29.55
382,30.07,29.55
488,30.07,29.55
706,30.07,29.55
555,30.07,29.55
695,30.07,29.55
761,30.07,29.55
291,30.07,29.55
527,30.07,29.55
230,30.07,29.55
129,30.07,29.55
667,30.07,29.55
198,30.07,29.55
895,30.07,29.55
453,30.07,29.55
894,30.07,29.55
618,30.07,29.55
234,30.07,29.55
347,30.07,29.55
361,30.07,29.55
461,30.07,29.55
129,30.07,29.55
559,30.07,29.55
675,30.07,29.55
273,30.07,29.55
744,30.07,29.55
395,30.07,29.55
620,30.07,29.55
772,30.07,29.55
456,30.07,29.55
654,30.09,29.55
353,30.09,29.55
499,30.09,29.55
430,30.09,29.55
428,30.09,29.55
595,30.09,29.55
479,30.09,29.55
889,30.09,29.55
396,30.09,29.55
850,30.09,29.55
499,30.09,29.55
614,30.09,29.55
539,30.09,29.55
249,30.09,29.55
687,30.09,29.55
131,30.09,29.55
888,30.09,29.55
779,30.09,29.55
851,30.09,29.55
652,30.09,29.55
608,30.09,29.55
541,30.09,29.55
448,30.09,29.55
623,30.09,29.29
345,30.09,29.29
137,30.09,29.29
311,30.09,29.29
580,30.09,29.29
270,30.09,29.29
848,30.09,29.29
128,30.09,29.29
764,30.09,29.29
367,30.09,29.29
246,30.09,29.29
482,30.09,29.29
195,30.09,29.29
413,30.09,29.29
340,30.09,29.29
508,30.09,29.29
618,30.09,29.29
717,30.09,29.29
476,30.09,29.29
811,30.09,29.29
129,30.09,29.29
677,30.09,29.29
229,30.09,29.29
175,30.09,29.29
437,30.09,29.29
403,30.09,29.29
893,30.09,29.29
129,30.09,29.29
544,30.09,29.29
586,30.09,29.29
681,30.09,29.29
328,30.09,29.29
628,30.09,29.29
206,30.09,29.29
383,30.09,29.29
145,30.09,29.29
584,30.09,29.29
372,30.07,29.29
252,30.07,29.29
615,30.07,29.29
210,30.07,29.29
791,30.07,29.29
590,30.07,29.29
893,30.07,29.29
230,30.07,29.29
390,30.07,29.29
611,30.07,29.29
331,30.07,29.29
376,30.07,29.29
513,30.07,29.29
892,30.07,29.29
893,30.07,29.29
810,30.07,29.29
732,30.07,29.29
399,30.07,29.29
305,30.07,29.29
735,30.07,29.29
129,30.07,29.29
821,30.07,29.29
240,30.07,29.29
652,30.07,29.29
540,30.07,29.29
787,30.07,29.29
462,30.07,29.29
770,30.07,29.29
459,30.07,29.29
379,30.07,29.29
892,30.07,29.29
314,30.07,29.29
594,30.07,29.29
521,30.07,29.29
684,30.07,29.29
525,30.07,29.29
613,30.07,29.29
414,30.07,29.29
663,30.07,29.29
556,30.07,29.29
493,30.07,29.29
890,30.07,29.29
296,30.07,29.29
885,30.07,29.29
209,30.07,29.29
703,30.07,29.29
468,30.07,29.29
839,30.07,29.29
382,30.07,29.29
710,30.07,29.29
364,30.07,29.29
756,30.07,29.29
649,30.07,29.29
186,30.07,29.29
708,30.07,29.29
241,30.07,29.29
838,30.07,29.29
238,30.07,29.29
892,30.07,29.29
595,30.07,29.29
280,30.07,29.29
559,30.07,29.29
200,30.07,29.29
610,30.07,29.29
671,30.07,29.29
650,30.07,29.29
754,30.07,29.29
676,30.07,29.29
578,30.07,29.29
831,30.07,29.29
129,30.07,29.29
856,30.07,29.29
247,30.07,29.29
671,30.07,29.29
736,30.07,29.29
544,30.07,29.29
837,30.07,29.29
289,30.07,29.29
647,30.07,29.29
358,30.07,29.29
606,30.07,29.29
372,30.07,29.29
431,30.07,29.29
426,30.07,29.25
130,30.07,29.25
480,30.07,29.25
638,30.07,29.25
201,30.07,29.25
691,30.07,29.25
409,30.07,29.25
327,30.07,29.25
849,30.07,29.25
434,30.07,29.25
714,30.07,29.25
617,30.07,29.25
670,30.07,29.25
563,30.07,29.25
459,30.07,29.25
438,30.07,29.25
787,30.07,29.25
500,30.07,29.25
869,30.07,29.25
868,30.07,29.25
343,30.07,29.25
871,30.07,29.25
340,30.07,29.25
560,30.07,29.25
271,30.07,29.25
578,30.07,29.25
833,30.07,29.25
772,30.07,29.25
857,30.07,29.25
732,30.07,29.25
580,30.07,29.25
647,30.07,29.25
270,30.07,29.25
744,30.07,29.25
619,30.07,29.25
343,30.07,29.25
780,30.09,29.25
129,30.09,29.25
644,30.09,29.25
130,30.09,29.25
406,30.09,29.25
468,30.09,29.25
402,30.09,29.25
789,30.09,29.25
696,30.09,29.25
721,30.09,29.25
752,30.09,29.25
564,30.09,29.25
691,30.09,29.25
465,30.09,29.25
332,30.09,29.25
595,30.09,29.25
179,30.09,29.25
695,30.09,29.25
732,30.09,29.25
548,30.09,29.25
490,30.09,29.25
361,30.09,29.25
476,30.09,29.25
838,30.09,29.25
326,30.09,29.19
817,30.09,29.19
777,30.09,29.19
140,30.09,29.19
753,30.09,29.19
129,30.09,29.19
570,30.09,29.19
688,30.09,29.19
205,30.09,29.19
894,30.09,29.19
484,30.09,29.19
740,30.09,29.19
894,30.09,29.19
515,30.09,29.19
540,30.09,29.19
719,30.09,29.19
859,30.09,29.19
467,30.09,29.19
731,30.09,29.19
790,30.09,29.19
411,30.09,29.19
898,30.09,29.19
130,30.09,29.19
495,30.09,29.19
719,30.09,29.19
433,30.09,29.19
774,30.09,29.19
510,30.09,29.19
895,30.09,29.19
578,30.09,29.19
271,30.09,29.19
609,30.09,29.19
269,30.09,29.19
475,30.09,29.19
513,30.09,29.19
584,30.09,29.19
504,30.05,29.19
184,30.05,29.19
658,30.05,29.19
344,30.05,29.19
763,30.05,29.19
728,30.05,29.19
554,30.05,29.19
301,30.05,29.19
375,30.05,29.19
535,30.05,29.19
196,30.05,29.19
394,30.05,29.19
572,30.05,29.19
461,30.05,29.19
233,30.05,29.19
412,30.05,29.19
894,30.05,29.19
592,30.05,29.19
653,30.05,29.19
387,30.05,29.19
548,30.05,29.19
605,30.05,29.19
245,30.05,29.19
333,30.05,29.19
362,30.05,29.35
303,30.05,29.35
424,30.05,29.35
129,30.05,29.35
522,30.05,29.35
654,30.05,29.35
642,30.05,29.35
223,30.05,29.35
439,30.05,29.35
667,30.05,29.35
130,30.05,29.35
718,30.05,29.35
274,30.05,29.35
339,30.05,29.35
406,30.05,29.35
358,30.05,29.35
491,30.05,29.35
127,30.05,29.35
269,30.05,29.35
