893,30.01,28.99
879,30.01,28.99
130,30.01,28.99
627,30.01,28.99
400,30.01,28.99
894,30.01,28.99
215,30.01,28.99
287,30.01,28.99
614,30.01,28.99
324,30.01,28.99
470,30.01,28.99
396,30.01,28.99
522,30.01,28.99
895,30.01,28.99
492,30.01,28.99
364,30.01,28.99
506,30.01,28.99
246,30.01,28.99
689,30.01,28.99
274,30.01,28.99
759,30.01,28.99
314,30.01,28.99
610,30.01,28.99
277,30.01,28.99
507,30.01,28.99
571,30.01,28.99
373,30.01,28.99
505,30.01,28.99
132,30.01,28.99
876,30.01,28.99
708,30.01,28.99
468,30.01,28.99
294,30.01,28.99
891,30.01,28.99
352,30.01,28.99
584,30.01,28.99
624,30.01,28.99
459,30.01,28.99
700,30.01,28.99
755,30.01,28.99
281,30.01,28.99
517,30.01,28.99
725,30.01,29.17
580,30.01,29.17
708,30.01,29.17
137,30.01,29.17
218,30.01,29.17
130,30.01,29.17
575,30.01,29.17
453,30.01,29.17
131,30.01,29.17
570,30.01,29.17
133,30.01,29.17
894,30.01,29.17
399,30.01,29.17
326,30.01,29.17
700,30.01,29.17
366,30.01,29.17
895,30.01,29.17
572,30.01,29.17
302,30.01,29.17
594,30.01,29.17
655,30.01,29.17
894,30.01,29.17
632,30.01,29.17
215,30.01,29.17
893,30.01,29.17
228,30.01,29.17
894,30.01,29.17
700,30.01,29.17
375,30.01,29.17
876,30.01,29.17
400,30.01,29.17
461,30.01,29.17
495,30.01,29.17
232,30.01,29.17
467,30.01,29.17
612,30.01,29.17
771,30.05,29.17
431,30.05,29.17
625,30.05,29.17
679,30.05,29.17
427,30.05,29.17
577,30.05,29.17
400,30.05,29.17
259,30.05,29.17
720,30.05,29.17
611,30.05,29.17
257,30.05,29.17
497,30.05,29.17
420,30.05,29.17
616,30.05,29.17
576,30.05,29.17
464,30.05,29.17
718,30.05,29.17
223,30.05,29.17
447,30.05,29.17
167,30.05,29.17
560,30.05,29.17
894,30.05,29.17
564,30.05,29.17
572,30.05,29.17
157,30.05,29.25
361,30.05,29.25
864,30.05,29.25
371,30.05,29.25
639,30.05,29.25
379,30.05,29.25
305,30.05,29.25
596,30.05,29.25
433,30.05,29.25
667,30.05,29.25
466,30.05,29.25
608,30.05,29.25
752,30.05,29.25
530,30.05,29.25
895,30.05,29.25
760,30.05,29.25
325,30.05,29.25
652,30.05,29.25
488,30.05,29.25
738,30.05,29.25
669,30.05,29.25
664,30.05,29.25
513,30.05,29.25
712,30.05,29.25
144,30.05,29.25
285,30.05,29.25
770,30.05,29.25
524,30.05,29.25
676,30.05,29.25
534,30.05,29.25
373,30.05,29.25
437,30.05,29.25
321,30.05,29.25
492,30.05,29.25
495,30.05,29.25
516,30.05,29.25
651,30.03,29.25
463,30.03,29.25
446,30.03,29.25
634,30.03,29.25
570,30.03,29.25
131,30.03,29.25
646,30.03,29.25
629,30.03,29.25
213,30.03,29.25
879,30.03,29.25
362,30.03,29.25
894,30.03,29.25
474,30.03,29.25
176,30.03,29.25
745,30.03,29.25
386,30.03,29.25
648,30.03,29.25
249,30.03,29.25
278,30.03,29.25
297,30.03,29.25
546,30.03,29.25
324,30.03,29.25
586,30.03,29.25
611,30.03,29.25
893,30.03,29.31
795,30.03,29.31
854,30.03,29.31
183,30.03,29.31
883,30.03,29.31
523,30.03,29.31
131,30.03,29.31
791,30.03,29.31
426,30.03,29.31
644,30.03,29.31
379,30.03,29.31
785,30.03,29.31
747,30.03,29.31
377,30.03,29.31
568,30.03,29.31
133,30.03,29.31
127,30.03,29.31
334,30.03,29.31
130,30.03,29.31
441,30.03,29.31
580,30.03,29.31
540,30.03,29.31
732,30.03,29.31
130,30.03,29.31
739,30.03,29.31
349,30.03,29.31
341,30.03,29.31
561,30.03,29.31
545,30.03,29.31
579,30.03,29.31
461,30.03,29.31
229,30.03,29.31
437,30.03,29.31
708,30.03,29.31
373,30.03,29.31
469,30.03,29.31
138,30.03,29.31
629,30.03,29.31
382,30.03,29.31
647,30.03,29.31
327,30.03,29.31
641,30.03,29.31
199,30.03,29.31
388,30.03,29.31
328,30.03,29.31
829,30.03,29.31
631,30.03,29.31
554,30.03,29.31
546,30.03,29.31
131,30.03,29.31
593,30.03,29.31
131,30.03,29.31
670,30.03,29.31
234,30.03,29.31
505,30.03,29.31
563,30.03,29.31
131,30.03,29.31
792,30.03,29.31
693,30.03,29.31
506,30.03,29.17
424,30.03,29.17
261,30.03,29.17
856,30.03,29.17
653,30.03,29.17
422,30.03,29.17
560,30.03,29.17
550,30.03,29.17
894,30.03,29.17
131,30.03,29.17
554,30.03,29.17
339,30.03,29.17
479,30.03,29.17
894,30.03,29.17
212,30.03,29.17
894,30.03,29.17
238,30.03,29.17
733,30.03,29.17
627,30.03,29.17
553,30.03,29.17
695,30.03,29.17
593,30.03,29.17
365,30.03,29.17
892,30.03,29.17
235,30.03,29.17
815,30.03,29.17
245,30.03,29.17
175,30.03,29.17
568,30.03,29.17
360,30.03,29.17
480,30.03,29.17
348,30.03,29.17
714,30.03,29.17
134,30.03,29.17
894,30.03,29.17
488,30.03,29.17
894,30.01,29.17
674,30.01,29.17
245,30.01,29.17
716,30.01,29.17
550,30.01,29.17
833,30.01,29.17
625,30.01,29.17
331,30.01,29.17
657,30.01,29.17
423,30.01,29.17
894,30.01,29.17
789,30.01,29.17
434,30.01,29.17
851,30.01,29.17
154,30.01,29.17
682,30.01,29.17
131,30.01,29.17
409,30.01,29.17
831,30.01,29.17
549,30.01,29.17
772,30.01,29.17
131,30.01,29.17
641,30.01,29.17
683,30.01,29.17
446,30.01,29.09
611,30.01,29.09
132,30.01,29.09
519,30.01,29.09
131,30.01,29.09
556,30.01,29.09
239,30.01,29.09
592,30.01,29.09
567,30.01,29.09
614,30.01,29.09
694,30.01,29.09
768,30.01,29.09
639,30.01,29.09
793,30.01,29.09
328,30.01,29.09
385,30.01,29.09
390,30.01,29.09
532,30.01,29.09
622,30.01,29.09
572,30.01,29.09
659,30.01,29.09
133,30.01,29.09
557,30.01,29.09
179,30.01,29.09
721,30.01,29.09
526,30.01,29.09
558,30.01,29.09
621,30.01,29.09
324,30.01,29.09
780,30.01,29.09
169,30.01,29.09
357,30.01,29.09
533,30.01,29.09
607,30.01,29.09
887,30.01,29.09
844,30.01,29.09
522,30.01,29.09
796,30.01,29.09
745,30.01,29.09
160,30.01,29.09
129,30.01,29.09
515,30.01,29.09
447,30.01,29.09
490,30.01,29.09
465,30.01,29.09
469,30.01,29.09
803,30.01,29.09
324,30.01,29.09
855,30.01,29.09
306,30.01,29.09
212,30.01,29.09
564,30.01,29.09
163,30.01,29.09
643,30.01,29.09
307,30.01,29.09
394,30.01,29.09
538,30.01,29.09
364,30.01,29.09
894,30.01,29.09
584,30.01,29.09
602,30.01,29.23
399,30.01,29.23
451,30.01,29.23
775,30.01,29.23
212,30.01,29.23
698,30.01,29.23
837,30.01,29.23
139,30.01,29.23
274,30.01,29.23
140,30.01,29.23
162,30.01,29.23
340,30.01,29.23
582,30.01,29.23
456,30.01,29.23
308,30.01,29.23
416,30.01,29.23
657,30.01,29.23
261,30.01,29.23
805,30.01,29.23
533,30.01,29.23
464,30.01,29.23
481,30.01,29.23
132,30.01,29.23
525,30.01,29.23
575,30.01,29.23
394,30.01,29.23
895,30.01,29.23
724,30.01,29.23
617,30.01,29.23
844,30.01,29.23
309,30.01,29.23
774,30.01,29.23
490,30.01,29.23
438,30.01,29.23
813,30.01,29.23
183,30.01,29.23
894,30.01,29.23
372,30.01,29.23
364,30.01,29.23
264,30.01,29.23
526,30.01,29.23
663,30.01,29.23
366,30.01,29.23
619,30.01,29.23
893,30.01,29.23
721,30.01,29.23
348,30.01,29.23
342,30.01,29.23
643,30.01,29.23
449,30.01,29.23
517,30.01,29.23
290,30.01,29.23
359,30.01,29.23
585,30.01,29.23
459,30.01,29.23
574,30.01,29.23
479,30.01,29.23
428,30.01,29.23
799,30.01,29.23
450,30.01,29.23
364,30.01,29.15
889,30.01,29.15
275,30.01,29.15
461,30.01,29.15
727,30.01,29.15
670,30.01,29.15
586,30.01,29.15
564,30.01,29.15
453,30.01,29.15
893,30.01,29.15
339,30.01,29.15
390,30.01,29.15
686,30.01,29.15
246,30.01,29.15
846,30.01,29.15
513,30.01,29.15
494,30.01,29.15
327,30.01,29.15
