166,30.25,29.39
696,30.25,29.39
129,30.25,29.39
419,30.25,29.39
332,30.25,29.39
351,30.25,29.39
496,30.25,29.39
413,30.25,29.39
748,30.25,29.39
678,30.25,29.39
207,30.23,29.39
884,30.23,29.39
697,30.23,29.39
129,30.23,29.39
893,30.23,29.39
276,30.23,29.39
662,30.23,29.39
493,30.23,29.39
229,30.23,29.39
732,30.23,29.39
353,30.23,29.39
437,30.23,29.39
444,30.23,29.39
129,30.23,29.39
554,30.23,29.39
475,30.23,29.39
261,30.23,29.39
524,30.23,29.39
357,30.23,29.39
894,30.23,29.39
270,30.23,29.39
571,30.23,29.39
611,30.23,29.39
465,30.23,29.19
650,30.23,29.19
351,30.23,29.19
419,30.23,29.19
757,30.23,29.19
540,30.23,29.19
703,30.23,29.19
362,30.23,29.19
534,30.23,29.19
333,30.23,29.19
131,30.23,29.19
709,30.23,29.19
412,30.23,29.19
787,30.23,29.19
400,30.23,29.19
258,30.23,29.19
689,30.23,29.19
410,30.23,29.19
387,30.23,29.19
640,30.23,29.19
615,30.23,29.19
420,30.23,29.19
508,30.23,29.19
509,30.23,29.19
454,30.23,29.19
711,30.23,29.19
451,30.23,29.19
165,30.23,29.19
841,30.23,29.19
550,30.23,29.19
627,30.23,29.19
781,30.23,29.19
687,30.23,29.19
815,30.23,29.19
669,30.23,29.19
277,30.23,29.19
578,30.23,29.19
818,30.23,29.19
462,30.23,29.19
364,30.23,29.19
131,30.23,29.19
502,30.23,29.19
242,30.23,29.19
327,30.23,29.19
502,30.23,29.19
675,30.23,29.19
602,30.23,29.19
734,30.23,29.19
637,30.23,29.19
450,30.23,29.19
481,30.23,29.19
581,30.23,29.19
526,30.23,29.19
463,30.23,29.19
684,30.23,29.19
578,30.23,29.19
425,30.23,29.19
128,30.23,29.19
639,30.23,29.19
354,30.23,29.19
474,30.23,29.45
589,30.23,29.45
403,30.23,29.45
291,30.23,29.45
631,30.23,29.45
345,30.23,29.45
776,30.23,29.45
449,30.23,29.45
550,30.23,29.45
671,30.23,29.45
231,30.23,29.45
436,30.23,29.45
319,30.23,29.45
718,30.23,29.45
352,30.23,29.45
601,30.23,29.45
786,30.23,29.45
236,30.23,29.45
727,30.23,29.45
526,30.23,29.45
506,30.23,29.45
775,30.23,29.45
197,30.23,29.45
754,30.23,29.45
288,30.23,29.45
482,30.23,29.45
539,30.23,29.45
377,30.23,29.45
794,30.23,29.45
232,30.23,29.45
290,30.23,29.45
129,30.23,29.45
150,30.23,29.45
511,30.23,29.45
694,30.23,29.45
506,30.23,29.45
635,30.23,29.45
622,30.23,29.45
759,30.23,29.45
215,30.23,29.45
671,30.23,29.45
584,30.23,29.45
128,30.23,29.45
303,30.23,29.45
385,30.23,29.45
525,30.23,29.45
344,30.23,29.45
893,30.23,29.45
894,30.23,29.45
701,30.23,29.45
291,30.23,29.45
333,30.23,29.45
301,30.23,29.45
131,30.23,29.45
607,30.23,29.45
302,30.23,29.45
871,30.23,29.45
513,30.23,29.45
548,30.23,29.45
894,30.23,29.45
345,30.23,29.35
218,30.23,29.35
445,30.23,29.35
295,30.23,29.35
295,30.23,29.35
390,30.23,29.35
441,30.23,29.35
893,30.23,29.35
743,30.23,29.35
438,30.23,29.35
497,30.23,29.35
699,30.23,29.35
330,30.23,29.35
809,30.23,29.35
402,30.23,29.35
399,30.23,29.35
715,30.23,29.35
364,30.23,29.35
592,30.23,29.35
455,30.23,29.35
391,30.23,29.35
545,30.23,29.35
503,30.23,29.35
545,30.23,29.35
892,30.23,29.35
426,30.23,29.35
505,30.23,29.35
539,30.23,29.35
485,30.23,29.35
523,30.23,29.35
697,30.23,29.35
316,30.23,29.35
649,30.23,29.35
651,30.23,29.35
236,30.23,29.35
659,30.23,29.35
129,30.23,29.35
269,30.23,29.35
128,30.23,29.35
352,30.23,29.35
629,30.23,29.35
757,30.23,29.35
737,30.23,29.35
375,30.23,29.35
585,30.23,29.35
855,30.23,29.35
287,30.23,29.35
636,30.23,29.35
523,30.23,29.35
408,30.23,29.35
679,30.23,29.35
318,30.23,29.35
894,30.23,29.35
248,30.23,29.35
785,30.23,29.35
469,30.23,29.35
251,30.23,29.35
358,30.23,29.35
206,30.23,29.35
629,30.23,29.57
131,30.23,29.57
760,30.23,29.57
326,30.23,29.57
458,30.23,29.57
571,30.23,29.57
705,30.23,29.57
462,30.23,29.57
437,30.23,29.57
272,30.23,29.57
789,30.23,29.57
799,30.23,29.57
895,30.23,29.57
699,30.23,29.57
192,30.23,29.57
894,30.23,29.57
136,30.23,29.57
415,30.23,29.57
241,30.23,29.57
895,30.23,29.57
573,30.23,29.57
884,30.23,29.57
603,30.23,29.57
687,30.23,29.57
327,30.23,29.57
458,30.23,29.57
641,30.23,29.57
335,30.23,29.57
319,30.23,29.57
883,30.23,29.57
586,30.23,29.57
368,30.23,29.57
797,30.23,29.57
546,30.23,29.57
634,30.23,29.57
497,30.23,29.57
830,30.23,29.57
425,30.27,29.57
621,30.27,29.57
142,30.27,29.57
757,30.27,29.57
616,30.27,29.57
396,30.27,29.57
494,30.27,29.57
775,30.27,29.57
892,30.27,29.57
479,30.27,29.57
629,30.27,29.57
792,30.27,29.57
560,30.27,29.57
281,30.27,29.57
588,30.27,29.57
385,30.27,29.57
817,30.27,29.57
441,30.27,29.57
686,30.27,29.57
549,30.27,29.57
533,30.27,29.57
805,30.27,29.57
131,30.27,29.57
595,30.27,29.49
268,30.27,29.49
537,30.27,29.49
237,30.27,29.49
560,30.27,29.49
890,30.27,29.49
573,30.27,29.49
610,30.27,29.49
890,30.27,29.49
597,30.27,29.49
471,30.27,29.49
360,30.27,29.49
579,30.27,29.49
493,30.27,29.49
128,30.27,29.49
678,30.27,29.49
237,30.27,29.49
582,30.27,29.49
477,30.27,29.49
361,30.27,29.49
689,30.27,29.49
542,30.27,29.49
895,30.27,29.49
362,30.27,29.49
337,30.27,29.49
330,30.27,29.49
469,30.27,29.49
130,30.27,29.49
642,30.27,29.49
412,30.27,29.49
891,30.27,29.49
450,30.27,29.49
629,30.27,29.49
346,30.27,29.49
136,30.27,29.49
274,30.27,29.49
488,30.25,29.49
324,30.25,29.49
395,30.25,29.49
469,30.25,29.49
192,30.25,29.49
848,30.25,29.49
352,30.25,29.49
451,30.25,29.49
564,30.25,29.49
702,30.25,29.49
550,30.25,29.49
470,30.25,29.49
527,30.25,29.49
128,30.25,29.49
262,30.25,29.49
130,30.25,29.49
257,30.25,29.49
755,30.25,29.49
479,30.25,29.49
768,30.25,29.49
608,30.25,29.49
192,30.25,29.49
670,30.25,29.49
128,30.25,29.49
543,30.25,29.43
273,30.25,29.43
624,30.25,29.43
758,30.25,29.43
382,30.25,29.43
544,30.25,29.43
537,30.25,29.43
290,30.25,29.43
684,30.25,29.43
356,30.25,29.43
397,30.25,29.43
713,30.25,29.43
527,30.25,29.43
440,30.25,29.43
655,30.25,29.43
542,30.25,29.43
129,30.25,29.43
801,30.25,29.43
457,30.25,29.43
768,30.25,29.43
576,30.25,29.43
353,30.25,29.43
707,30.25,29.43
453,30.25,29.43
658,30.25,29.43
516,30.25,29.43
336,30.25,29.43
600,30.25,29.43
608,30.25,29.43
663,30.25,29.43
578,30.25,29.43
895,30.25,29.43
648,30.25,29.43
540,30.25,29.43
596,30.25,29.43
566,30.25,29.43
533,30.23,29.43
762,30.23,29.43
551,30.23,29.43
741,30.23,29.43
129,30.23,29.43
593,30.23,29.43
231,30.23,29.43
378,30.23,29.43
742,30.23,29.43
131,30.23,29.43
553,30.23,29.43
599,30.23,29.43
895,30.23,29.43
652,30.23,29.43
129,30.23,29.43
353,30.23,29.43
600,30.23,29.43
588,30.23,29.43
610,30.23,29.43
596,30.23,29.43
764,30.23,29.43
568,30.23,29.43
612,30.23,29.43
309,30.23,29.43
133,30.23,29.37
131,30.23,29.37
345,30.23,29.37
470,30.23,29.37
246,30.23,29.37
483,30.23,29.37
492,30.23,29.37
264,30.23,29.37
847,30.23,29.37
418,30.23,29.37
200,30.23,29.37
485,30.23,29.37
223,30.23,29.37
665,30.23,29.37
357,30.23,29.37
203,30.23,29.37
691,30.23,29.37
894,30.23,29.37
752,30.23,29.37
895,30.23,29.37
422,30.23,29.37
893,30.23,29.37
513,30.23,29.37
416,30.23,29.37
666,30.23,29.37
396,30.23,29.37
655,30.23,29.37
