791,30.23,29.59
451,30.23,29.59
232,30.23,29.59
390,30.23,29.59
404,30.23,29.59
411,30.23,29.59
492,30.23,29.59
549,30.23,29.59
265,30.23,29.59
478,30.23,29.59
836,30.23,29.59
654,30.23,29.59
415,30.23,29.59
861,30.23,29.59
500,30.23,29.59
483,30.23,29.59
270,30.23,29.59
586,30.23,29.59
761,30.23,29.59
302,30.23,29.59
695,30.23,29.59
570,30.23,29.59
377,30.23,29.59
519,30.23,29.59
132,30.23,29.59
878,30.23,29.59
631,30.23,29.59
310,30.23,29.59
761,30.23,29.59
412,30.23,29.59
732,30.23,29.59
599,30.23,29.59
545,30.23,29.59
821,30.23,29.59
552,30.23,29.59
784,30.23,29.59
278,30.23,29.59
136,30.23,29.59
581,30.21,29.59
331,30.21,29.59
555,30.21,29.59
482,30.21,29.59
361,30.21,29.59
537,30.21,29.59
666,30.21,29.59
130,30.21,29.59
182,30.21,29.59
460,30.21,29.59
257,30.21,29.59
530,30.21,29.59
593,30.21,29.59
762,30.21,29.59
135,30.21,29.59
627,30.21,29.59
586,30.21,29.59
550,30.21,29.59
491,30.21,29.59
378,30.21,29.59
623,30.21,29.59
560,30.21,29.59
570,30.21,29.59
508,30.21,29.59
409,30.21,29.35
417,30.21,29.35
675,30.21,29.35
250,30.21,29.35
655,30.21,29.35
311,30.21,29.35
893,30.21,29.35
319,30.21,29.35
644,30.21,29.35
672,30.21,29.35
392,30.21,29.35
856,30.21,29.35
280,30.21,29.35
522,30.21,29.35
135,30.21,29.35
131,30.21,29.35
770,30.21,29.35
576,30.21,29.35
440,30.21,29.35
646,30.21,29.35
128,30.21,29.35
640,30.21,29.35
130,30.21,29.35
244,30.21,29.35
704,30.21,29.35
221,30.21,29.35
771,30.21,29.35
464,30.21,29.35
716,30.21,29.35
502,30.21,29.35
641,30.21,29.35
402,30.21,29.35
519,30.21,29.35
131,30.21,29.35
486,30.21,29.35
577,30.21,29.35
131,30.21,29.35
344,30.21,29.35
826,30.21,29.35
381,30.21,29.35
521,30.21,29.35
842,30.21,29.35
641,30.21,29.35
751,30.21,29.35
374,30.21,29.35
493,30.21,29.35
436,30.21,29.35
876,30.21,29.35
627,30.21,29.35
893,30.21,29.35
236,30.21,29.35
464,30.21,29.35
868,30.21,29.35
259,30.21,29.35
691,30.21,29.35
554,30.21,29.35
387,30.21,29.35
539,30.21,29.35
523,30.21,29.35
437,30.21,29.39
607,30.21,29.39
292,30.21,29.39
625,30.21,29.39
497,30.21,29.39
882,30.21,29.39
468,30.21,29.39
202,30.21,29.39
347,30.21,29.39
128,30.21,29.39
383,30.21,29.39
129,30.21,29.39
886,30.21,29.39
239,30.21,29.39
810,30.21,29.39
656,30.21,29.39
660,30.21,29.39
679,30.21,29.39
713,30.21,29.39
815,30.21,29.39
416,30.21,29.39
544,30.21,29.39
554,30.21,29.39
454,30.21,29.39
585,30.21,29.39
670,30.21,29.39
378,30.21,29.39
795,30.21,29.39
152,30.21,29.39
887,30.21,29.39
333,30.21,29.39
445,30.21,29.39
777,30.21,29.39
467,30.21,29.39
836,30.21,29.39
413,30.21,29.39
589,30.19,29.39
570,30.19,29.39
686,30.19,29.39
530,30.19,29.39
621,30.19,29.39
210,30.19,29.39
285,30.19,29.39
320,30.19,29.39
632,30.19,29.39
426,30.19,29.39
597,30.19,29.39
640,30.19,29.39
506,30.19,29.39
894,30.19,29.39
405,30.19,29.39
895,30.19,29.39
322,30.19,29.39
634,30.19,29.39
397,30.19,29.39
653,30.19,29.39
281,30.19,29.39
586,30.19,29.39
432,30.19,29.39
454,30.19,29.39
768,30.19,29.37
428,30.19,29.37
636,30.19,29.37
129,30.19,29.37
574,30.19,29.37
632,30.19,29.37
568,30.19,29.37
512,30.19,29.37
639,30.19,29.37
146,30.19,29.37
883,30.19,29.37
465,30.19,29.37
391,30.19,29.37
680,30.19,29.37
466,30.19,29.37
800,30.19,29.37
525,30.19,29.37
627,30.19,29.37
570,30.19,29.37
633,30.19,29.37
153,30.19,29.37
605,30.19,29.37
394,30.19,29.37
502,30.19,29.37
706,30.19,29.37
632,30.19,29.37
617,30.19,29.37
659,30.19,29.37
129,30.19,29.37
523,30.19,29.37
642,30.19,29.37
637,30.19,29.37
556,30.19,29.37
563,30.19,29.37
743,30.19,29.37
689,30.19,29.37
534,30.19,29.37
448,30.19,29.37
778,30.19,29.37
535,30.19,29.37
486,30.19,29.37
283,30.19,29.37
142,30.19,29.37
752,30.19,29.37
129,30.19,29.37
568,30.19,29.37
664,30.19,29.37
131,30.19,29.37
616,30.19,29.37
440,30.19,29.37
234,30.19,29.37
366,30.19,29.37
296,30.19,29.37
764,30.19,29.37
129,30.19,29.37
544,30.19,29.37
456,30.19,29.37
258,30.19,29.37
740,30.19,29.37
667,30.19,29.37
709,30.19,29.69
481,30.19,29.69
310,30.19,29.69
775,30.19,29.69
126,30.19,29.69
146,30.19,29.69
356,30.19,29.69
130,30.19,29.69
712,30.19,29.69
278,30.19,29.69
412,30.19,29.69
501,30.19,29.69
679,30.19,29.69
741,30.19,29.69
439,30.19,29.69
509,30.19,29.69
651,30.19,29.69
556,30.19,29.69
646,30.19,29.69
386,30.19,29.69
348,30.19,29.69
639,30.19,29.69
590,30.19,29.69
682,30.19,29.69
432,30.19,29.69
732,30.19,29.69
613,30.19,29.69
280,30.19,29.69
553,30.19,29.69
559,30.19,29.69
390,30.19,29.69
806,30.19,29.69
578,30.19,29.69
438,30.19,29.69
704,30.19,29.69
175,30.19,29.69
605,30.17,29.69
463,30.17,29.69
300,30.17,29.69
562,30.17,29.69
320,30.17,29.69
771,30.17,29.69
774,30.17,29.69
308,30.17,29.69
404,30.17,29.69
655,30.17,29.69
767,30.17,29.69
375,30.17,29.69
672,30.17,29.69
359,30.17,29.69
676,30.17,29.69
556,30.17,29.69
527,30.17,29.69
408,30.17,29.69
731,30.17,29.69
795,30.17,29.69
580,30.17,29.69
212,30.17,29.69
522,30.17,29.69
410,30.17,29.45
632,30.17,29.45
330,30.17,29.45
312,30.17,29.45
568,30.17,29.45
462,30.17,29.45
657,30.17,29.45
473,30.17,29.45
243,30.17,29.45
601,30.17,29.45
522,30.17,29.45
543,30.17,29.45
595,30.17,29.45
601,30.17,29.45
406,30.17,29.45
581,30.17,29.45
893,30.17,29.45
251,30.17,29.45
740,30.17,29.45
436,30.17,29.45
678,30.17,29.45
242,30.17,29.45
277,30.17,29.45
498,30.17,29.45
764,30.17,29.45
677,30.17,29.45
712,30.17,29.45
301,30.17,29.45
538,30.17,29.45
519,30.17,29.45
468,30.17,29.45
588,30.17,29.45
509,30.17,29.45
676,30.17,29.45
731,30.17,29.45
776,30.17,29.45
232,30.21,29.45
769,30.21,29.45
342,30.21,29.45
749,30.21,29.45
320,30.21,29.45
708,30.21,29.45
759,30.21,29.45
577,30.21,29.45
895,30.21,29.45
546,30.21,29.45
668,30.21,29.45
426,30.21,29.45
529,30.21,29.45
819,30.21,29.45
681,30.21,29.45
448,30.21,29.45
828,30.21,29.45
372,30.21,29.45
853,30.21,29.45
673,30.21,29.45
676,30.21,29.45
630,30.21,29.45
408,30.21,29.45
755,30.21,29.45
159,30.21,29.43
796,30.21,29.43
325,30.21,29.43
704,30.21,29.43
604,30.21,29.43
447,30.21,29.43
738,30.21,29.43
344,30.21,29.43
459,30.21,29.43
454,30.21,29.43
374,30.21,29.43
486,30.21,29.43
514,30.21,29.43
578,30.21,29.43
895,30.21,29.43
255,30.21,29.43
283,30.21,29.43
315,30.21,29.43
748,30.21,29.43
128,30.21,29.43
570,30.21,29.43
394,30.21,29.43
242,30.21,29.43
534,30.21,29.43
509,30.21,29.43
895,30.21,29.43
433,30.21,29.43
574,30.21,29.43
473,30.21,29.43
634,30.21,29.43
355,30.21,29.43
393,30.21,29.43
194,30.21,29.43
731,30.21,29.43
136,30.21,29.43
756,30.21,29.43
487,30.19,29.43
449,30.19,29.43
894,30.19,29.43
534,30.19,29.43
709,30.19,29.43
164,30.19,29.43
893,30.19,29.43
261,30.19,29.43
451,30.19,29.43
715,30.19,29.43
430,30.19,29.43
593,30.19,29.43
561,30.19,29.43
658,30.19,29.43
868,30.19,29.43
438,30.19,29.43
577,30.19,29.43
343,30.19,29.43
642,30.19,29.43
894,30.19,29.43
578,30.19,29.43
706,30.19,29.43
