629,30.35,29.45
453,30.35,29.45
266,30.35,29.45
347,30.35,29.45
580,30.35,29.45
505,30.35,29.45
300,30.35,29.45
295,30.35,29.45
568,30.35,29.45
384,30.35,29.45
687,30.35,29.45
461,30.35,29.45
228,30.35,29.45
633,30.35,29.45
450,30.35,29.45
543,30.35,29.45
382,30.35,29.45
590,30.35,29.45
693,30.35,29.45
668,30.35,29.45
437,30.35,29.55
346,30.35,29.55
667,30.35,29.55
630,30.35,29.55
734,30.35,29.55
779,30.35,29.55
728,30.35,29.55
585,30.35,29.55
700,30.35,29.55
130,30.35,29.55
766,30.35,29.55
256,30.35,29.55
558,30.35,29.55
891,30.35,29.55
681,30.35,29.55
591,30.35,29.55
560,30.35,29.55
232,30.35,29.55
841,30.35,29.55
130,30.35,29.55
130,30.35,29.55
341,30.35,29.55
351,30.35,29.55
522,30.35,29.55
130,30.35,29.55
592,30.35,29.55
137,30.35,29.55
773,30.35,29.55
528,30.35,29.55
137,30.35,29.55
715,30.35,29.55
302,30.35,29.55
407,30.35,29.55
356,30.35,29.55
131,30.35,29.55
786,30.35,29.55
350,30.35,29.55
572,30.35,29.55
791,30.35,29.55
352,30.35,29.55
893,30.35,29.55
312,30.35,29.55
408,30.35,29.55
431,30.35,29.55
771,30.35,29.55
247,30.35,29.55
659,30.35,29.55
470,30.35,29.55
764,30.35,29.55
582,30.35,29.55
433,30.35,29.55
695,30.35,29.55
366,30.35,29.55
529,30.35,29.55
275,30.35,29.55
693,30.35,29.55
481,30.35,29.55
893,30.35,29.55
508,30.35,29.55
136,30.35,29.55
892,30.35,29.63
582,30.35,29.63
433,30.35,29.63
552,30.35,29.63
351,30.35,29.63
459,30.35,29.63
501,30.35,29.63
131,30.35,29.63
785,30.35,29.63
311,30.35,29.63
862,30.35,29.63
665,30.35,29.63
397,30.35,29.63
670,30.35,29.63
403,30.35,29.63
191,30.35,29.63
477,30.35,29.63
738,30.35,29.63
690,30.35,29.63
382,30.35,29.63
642,30.35,29.63
834,30.35,29.63
369,30.35,29.63
671,30.35,29.63
129,30.35,29.63
649,30.35,29.63
536,30.35,29.63
565,30.35,29.63
424,30.35,29.63
128,30.35,29.63
694,30.35,29.63
131,30.35,29.63
738,30.35,29.63
590,30.35,29.63
869,30.35,29.63
366,30.35,29.63
505,30.39,29.63
564,30.39,29.63
761,30.39,29.63
468,30.39,29.63
602,30.39,29.63
250,30.39,29.63
451,30.39,29.63
577,30.39,29.63
317,30.39,29.63
324,30.39,29.63
190,30.39,29.63
625,30.39,29.63
360,30.39,29.63
832,30.39,29.63
407,30.39,29.63
746,30.39,29.63
304,30.39,29.63
388,30.39,29.63
626,30.39,29.63
548,30.39,29.63
628,30.39,29.63
247,30.39,29.63
732,30.39,29.63
775,30.39,29.63
563,30.39,29.63
534,30.39,29.63
770,30.39,29.63
501,30.39,29.63
826,30.39,29.63
351,30.39,29.63
701,30.39,29.63
342,30.39,29.63
469,30.39,29.63
301,30.39,29.63
434,30.39,29.63
646,30.39,29.63
562,30.39,29.63
684,30.39,29.63
515,30.39,29.63
683,30.39,29.63
158,30.39,29.63
351,30.39,29.63
530,30.39,29.63
278,30.39,29.63
419,30.39,29.63
132,30.39,29.63
660,30.39,29.63
637,30.39,29.63
332,30.39,29.63
436,30.39,29.63
570,30.39,29.63
359,30.39,29.63
722,30.39,29.63
427,30.39,29.63
735,30.39,29.63
314,30.39,29.63
852,30.39,29.63
383,30.39,29.63
488,30.39,29.63
658,30.39,29.63
327,30.35,29.63
733,30.35,29.63
181,30.35,29.63
276,30.35,29.63
472,30.35,29.63
420,30.35,29.63
663,30.35,29.63
789,30.35,29.63
635,30.35,29.63
735,30.35,29.63
354,30.35,29.63
644,30.35,29.63
695,30.35,29.63
599,30.35,29.63
582,30.35,29.63
731,30.35,29.63
638,30.35,29.63
614,30.35,29.63
717,30.35,29.63
253,30.35,29.63
873,30.35,29.63
479,30.35,29.63
353,30.35,29.63
679,30.35,29.63
655,30.35,29.63
802,30.35,29.63
744,30.35,29.63
623,30.35,29.63
657,30.35,29.63
340,30.35,29.63
582,30.35,29.63
338,30.35,29.63
534,30.35,29.63
522,30.35,29.63
630,30.35,29.63
871,30.35,29.63
787,30.35,29.63
895,30.35,29.63
549,30.35,29.63
684,30.35,29.63
647,30.35,29.63
361,30.35,29.63
726,30.35,29.63
285,30.35,29.63
331,30.35,29.63
847,30.35,29.63
257,30.35,29.63
836,30.35,29.63
506,30.35,29.63
359,30.35,29.63
416,30.35,29.63
230,30.35,29.63
541,30.35,29.63
869,30.35,29.63
699,30.35,29.63
248,30.35,29.63
223,30.35,29.63
627,30.35,29.63
576,30.35,29.63
375,30.35,29.63
720,30.35,29.63
313,30.35,29.63
686,30.35,29.63
423,30.35,29.63
558,30.35,29.63
562,30.35,29.63
663,30.35,29.63
655,30.35,29.63
729,30.35,29.63
212,30.35,29.63
282,30.35,29.63
741,30.35,29.63
130,30.35,29.63
894,30.35,29.63
741,30.35,29.63
534,30.35,29.63
547,30.35,29.63
418,30.35,29.63
706,30.35,29.63
515,30.35,29.63
257,30.35,29.63
548,30.35,29.63
575,30.35,29.63
809,30.35,29.77
182,30.35,29.77
693,30.35,29.77
532,30.35,29.77
700,30.35,29.77
653,30.35,29.77
130,30.35,29.77
686,30.35,29.77
130,30.35,29.77
668,30.35,29.77
408,30.35,29.77
302,30.35,29.77
835,30.35,29.77
233,30.35,29.77
668,30.35,29.77
641,30.35,29.77
130,30.35,29.77
762,30.35,29.77
446,30.35,29.77
127,30.35,29.77
741,30.35,29.77
374,30.35,29.77
130,30.35,29.77
887,30.35,29.77
841,30.35,29.77
455,30.35,29.77
798,30.35,29.77
464,30.35,29.77
870,30.35,29.77
799,30.35,29.77
130,30.35,29.77
624,30.35,29.77
251,30.35,29.77
853,30.35,29.77
865,30.35,29.77
578,30.35,29.77
550,30.35,29.77
421,30.35,29.77
844,30.35,29.77
424,30.35,29.77
130,30.35,29.77
498,30.35,29.77
419,30.35,29.77
386,30.35,29.77
430,30.35,29.77
269,30.35,29.77
693,30.35,29.77
444,30.35,29.77
546,30.35,29.77
218,30.35,29.77
822,30.35,29.77
262,30.35,29.77
476,30.35,29.77
737,30.35,29.77
247,30.35,29.77
715,30.35,29.77
417,30.35,29.77
665,30.35,29.77
464,30.35,29.77
329,30.35,29.77
546,30.35,29.63
863,30.35,29.63
449,30.35,29.63
766,30.35,29.63
131,30.35,29.63
309,30.35,29.63
238,30.35,29.63
570,30.35,29.63
356,30.35,29.63
507,30.35,29.63
278,30.35,29.63
895,30.35,29.63
895,30.35,29.63
130,30.35,29.63
664,30.35,29.63
473,30.35,29.63
545,30.35,29.63
693,30.35,29.63
346,30.35,29.63
893,30.35,29.63
302,30.35,29.63
399,30.35,29.63
880,30.35,29.63
350,30.35,29.63
410,30.35,29.63
430,30.35,29.63
278,30.35,29.63
275,30.35,29.63
285,30.35,29.63
832,30.35,29.63
472,30.35,29.63
533,30.35,29.63
393,30.35,29.63
234,30.35,29.63
761,30.35,29.63
388,30.35,29.63
771,30.35,29.63
446,30.35,29.63
813,30.35,29.63
528,30.35,29.63
516,30.35,29.63
279,30.35,29.63
511,30.35,29.63
688,30.35,29.63
149,30.35,29.63
575,30.35,29.63
517,30.35,29.63
421,30.35,29.63
289,30.35,29.63
592,30.35,29.63
571,30.35,29.63
811,30.35,29.63
499,30.35,29.63
246,30.35,29.63
307,30.35,29.63
894,30.35,29.63
129,30.35,29.63
697,30.35,29.63
529,30.35,29.63
187,30.35,29.63
719,30.35,29.63
260,30.35,29.63
589,30.35,29.63
587,30.35,29.63
541,30.35,29.63
440,30.35,29.63
297,30.35,29.63
709,30.35,29.63
604,30.35,29.63
455,30.35,29.63
894,30.35,29.63
505,30.35,29.63
607,30.35,29.63
356,30.35,29.63
544,30.35,29.63
533,30.35,29.63
361,30.35,29.63
551,30.35,29.63
316,30.35,29.63
894,30.35,29.63
583,30.35,29.63
656,30.35,29.63
348,30.35,29.63
697,30.35,29.63
517,30.35,29.63
446,30.35,29.63
739,30.35,29.63
622,30.35,29.63
778,30.35,29.63
298,30.35,29.63
203,30.35,29.63
423,30.35,29.63
131,30.35,29.63
436,30.35,29.63
613,30.35,29.63
605,30.35,29.63
846,30.35,29.63
305,30.35,29.63
584,30.35,29.63
132,30.35,29.63
