810,30.27,29.51
474,30.27,29.51
638,30.27,29.51
130,30.27,29.51
462,30.27,29.51
629,30.27,29.51
461,30.27,29.51
892,30.27,29.51
236,30.27,29.51
190,30.27,29.51
306,30.27,29.51
133,30.27,29.51
442,30.27,29.51
217,30.27,29.51
643,30.27,29.51
580,30.27,29.51
130,30.27,29.51
617,30.27,29.51
382,30.27,29.51
508,30.27,29.51
269,30.27,29.51
495,30.27,29.51
653,30.27,29.51
604,30.27,29.51
132,30.27,29.51
691,30.27,29.51
435,30.27,29.51
573,30.27,29.51
445,30.27,29.51
571,30.27,29.51
512,30.27,29.51
473,30.27,29.51
492,30.27,29.51
414,30.27,29.51
664,30.27,29.51
310,30.27,29.51
670,30.27,29.51
890,30.27,29.51
560,30.27,29.51
595,30.27,29.51
433,30.27,29.51
304,30.27,29.51
627,30.27,29.51
754,30.27,29.51
638,30.27,29.51
574,30.27,29.51
662,30.27,29.51
638,30.27,29.51
890,30.27,29.51
137,30.27,29.51
676,30.27,29.51
211,30.27,29.51
595,30.27,29.51
791,30.27,29.51
564,30.27,29.51
376,30.27,29.51
591,30.27,29.51
454,30.27,29.51
497,30.27,29.51
504,30.27,29.51
693,30.23,29.51
333,30.23,29.51
793,30.23,29.51
893,30.23,29.51
441,30.23,29.51
894,30.23,29.51
280,30.23,29.51
895,30.23,29.51
448,30.23,29.51
677,30.23,29.51
702,30.23,29.51
336,30.23,29.51
627,30.23,29.51
527,30.23,29.51
261,30.23,29.51
589,30.23,29.51
237,30.23,29.51
852,30.23,29.51
355,30.23,29.51
325,30.23,29.51
229,30.23,29.51
301,30.23,29.51
406,30.23,29.51
129,30.23,29.63
727,30.23,29.63
139,30.23,29.63
338,30.23,29.63
719,30.23,29.63
412,30.23,29.63
443,30.23,29.63
466,30.23,29.63
707,30.23,29.63
632,30.23,29.63
182,30.23,29.63
488,30.23,29.63
561,30.23,29.63
649,30.23,29.63
894,30.23,29.63
477,30.23,29.63
596,30.23,29.63
623,30.23,29.63
631,30.23,29.63
275,30.23,29.63
558,30.23,29.63
312,30.23,29.63
881,30.23,29.63
419,30.23,29.63
527,30.23,29.63
552,30.23,29.63
168,30.23,29.63
552,30.23,29.63
422,30.23,29.63
603,30.23,29.63
639,30.23,29.63
389,30.23,29.63
895,30.23,29.63
604,30.23,29.63
623,30.23,29.63
469,30.23,29.63
582,30.25,29.63
893,30.25,29.63
575,30.25,29.63
324,30.25,29.63
721,30.25,29.63
128,30.25,29.63
581,30.25,29.63
128,30.25,29.63
714,30.25,29.63
588,30.25,29.63
248,30.25,29.63
705,30.25,29.63
542,30.25,29.63
230,30.25,29.63
262,30.25,29.63
370,30.25,29.63
259,30.25,29.63
435,30.25,29.63
591,30.25,29.63
717,30.25,29.63
300,30.25,29.63
754,30.25,29.63
402,30.25,29.63
720,30.25,29.63
573,30.25,29.39
566,30.25,29.39
689,30.25,29.39
598,30.25,29.39
631,30.25,29.39
462,30.25,29.39
806,30.25,29.39
598,30.25,29.39
665,30.25,29.39
248,30.25,29.39
580,30.25,29.39
398,30.25,29.39
652,30.25,29.39
697,30.25,29.39
371,30.25,29.39
235,30.25,29.39
619,30.25,29.39
500,30.25,29.39
723,30.25,29.39
648,30.25,29.39
690,30.25,29.39
633,30.25,29.39
128,30.25,29.39
720,30.25,29.39
129,30.25,29.39
703,30.25,29.39
313,30.25,29.39
512,30.25,29.39
749,30.25,29.39
542,30.25,29.39
853,30.25,29.39
719,30.25,29.39
491,30.25,29.39
484,30.25,29.39
412,30.25,29.39
623,30.25,29.39
822,30.27,29.39
541,30.27,29.39
689,30.27,29.39
284,30.27,29.39
841,30.27,29.39
469,30.27,29.39
449,30.27,29.39
444,30.27,29.39
635,30.27,29.39
763,30.27,29.39
295,30.27,29.39
683,30.27,29.39
305,30.27,29.39
678,30.27,29.39
238,30.27,29.39
711,30.27,29.39
577,30.27,29.39
679,30.27,29.39
659,30.27,29.39
430,30.27,29.39
603,30.27,29.39
742,30.27,29.39
632,30.27,29.39
356,30.27,29.39
533,30.27,29.65
130,30.27,29.65
642,30.27,29.65
166,30.27,29.65
621,30.27,29.65
373,30.27,29.65
352,30.27,29.65
522,30.27,29.65
749,30.27,29.65
855,30.27,29.65
894,30.27,29.65
553,30.27,29.65
365,30.27,29.65
856,30.27,29.65
499,30.27,29.65
695,30.27,29.65
129,30.27,29.65
626,30.27,29.65
792,30.27,29.65
334,30.27,29.65
566,30.27,29.65
888,30.27,29.65
402,30.27,29.65
738,30.27,29.65
353,30.27,29.65
634,30.27,29.65
562,30.27,29.65
384,30.27,29.65
623,30.27,29.65
300,30.27,29.65
838,30.27,29.65
213,30.27,29.65
459,30.27,29.65
215,30.27,29.65
698,30.27,29.65
355,30.27,29.65
150,30.25,29.65
674,30.25,29.65
601,30.25,29.65
256,30.25,29.65
455,30.25,29.65
374,30.25,29.65
537,30.25,29.65
735,30.25,29.65
260,30.25,29.65
579,30.25,29.65
536,30.25,29.65
810,30.25,29.65
494,30.25,29.65
388,30.25,29.65
728,30.25,29.65
526,30.25,29.65
413,30.25,29.65
649,30.25,29.65
493,30.25,29.65
416,30.25,29.65
698,30.25,29.65
515,30.25,29.65
564,30.25,29.65
175,30.25,29.43
794,30.25,29.43
649,30.25,29.43
128,30.25,29.43
318,30.25,29.43
303,30.25,29.43
421,30.25,29.43
429,30.25,29.43
570,30.25,29.43
388,30.25,29.43
507,30.25,29.43
514,30.25,29.43
654,30.25,29.43
180,30.25,29.43
894,30.25,29.43
367,30.25,29.43
583,30.25,29.43
777,30.25,29.43
240,30.25,29.43
688,30.25,29.43
314,29.43,29.43
683,30.25,29.43
477,30.25,29.43
565,30.25,29.43
684,30.25,29.43
486,30.25,29.43
768,30.25,29.43
138,30.25,29.43
328,30.25,29.43
700,30.25,29.43
409,30.25,29.43
790,30.25,29.43
756,30.25,29.43
580,30.25,29.43
750,30.25,29.43
338,30.25,29.43
585,30.23,29.43
631,30.23,29.43
623,30.23,29.43
619,30.23,29.43
523,30.23,29.43
516,30.23,29.43
329,30.23,29.43
417,30.23,29.43
883,30.23,29.43
577,30.23,29.43
671,30.23,29.43
762,30.23,29.43
486,30.23,29.43
633,30.23,29.43
532,30.23,29.43
586,30.23,29.43
646,30.23,29.43
375,30.23,29.43
204,30.23,29.43
814,30.23,29.43
380,30.23,29.43
528,30.23,29.43
411,30.23,29.43
402,30.23,29.43
484,30.23,29.43
505,30.23,29.43
708,30.23,29.43
494,30.23,29.43
632,30.23,29.43
630,30.23,29.43
644,30.23,29.43
583,30.23,29.43
130,30.23,29.43
704,30.23,29.43
810,30.23,29.43
458,30.23,29.43
345,30.23,29.43
171,30.23,29.43
893,30.23,29.43
173,30.23,29.43
359,30.23,29.43
679,30.23,29.43
500,30.23,29.43
734,30.23,29.43
355,30.23,29.43
434,30.23,29.43
678,30.23,29.43
292,30.23,29.43
474,30.23,29.43
621,30.23,29.43
529,30.23,29.43
837,30.23,29.43
499,30.23,29.43
252,30.23,29.43
275,30.23,29.43
411,30.23,29.43
132,30.23,29.43
778,30.23,29.43
143,30.23,29.43
893,30.23,29.43
473,30.27,29.43
454,30.27,29.43
712,30.27,29.43
500,30.27,29.43
587,30.27,29.43
213,30.27,29.43
610,30.27,29.43
873,30.27,29.43
850,30.27,29.43
278,30.27,29.43
538,30.27,29.43
494,30.27,29.43
541,30.27,29.43
315,30.27,29.43
489,30.27,29.43
677,30.27,29.43
894,30.27,29.43
430,30.27,29.43
775,30.27,29.43
825,30.27,29.43
423,30.27,29.43
895,30.27,29.43
129,30.27,29.43
130,30.27,29.43
128,30.27,29.51
281,30.27,29.51
540,30.27,29.51
889,30.27,29.51
639,30.27,29.51
893,30.27,29.51
213,30.27,29.51
666,30.27,29.51
325,30.27,29.51
327,30.27,29.51
653,30.27,29.51
447,30.27,29.51
889,30.27,29.51
128,30.27,29.51
766,30.27,29.51
500,30.27,29.51
894,30.27,29.51
666,30.27,29.51
460,30.27,29.51
649,30.27,29.51
336,30.27,29.51
478,30.27,29.51
447,30.27,29.51
133,30.27,29.51
510,30.27,29.51
612,30.27,29.51
437,30.27,29.51
555,30.27,29.51
138,30.27,29.51
892,30.27,29.51
523,30.27,29.51
639,30.27,29.51
435,30.27,29.51
652,30.27,29.51
469,30.27,29.51
759,30.27,29.51
409,30.23,29.51
