623,30.41,29.63
136,30.41,29.63
491,30.41,29.63
463,30.41,29.63
508,30.41,29.63
296,30.41,29.63
589,30.41,29.63
799,30.41,29.63
359,30.41,29.63
629,30.41,29.63
615,30.41,29.63
425,30.41,29.63
580,30.35,29.63
393,30.35,29.63
347,30.35,29.63
399,30.35,29.63
354,30.35,29.63
807,30.35,29.63
212,30.35,29.63
804,30.35,29.63
413,30.35,29.63
893,30.35,29.63
400,30.35,29.63
412,30.35,29.63
711,30.35,29.63
495,30.35,29.63
847,30.35,29.63
130,30.35,29.63
383,30.35,29.63
235,30.35,29.63
579,30.35,29.63
412,30.35,29.63
854,30.35,29.63
527,30.35,29.63
650,30.35,29.63
285,30.35,29.63
644,30.35,29.63
289,30.35,29.63
465,30.35,29.63
663,30.35,29.63
459,30.35,29.63
826,30.35,29.63
130,30.35,29.63
657,30.35,29.63
134,30.35,29.63
862,30.35,29.63
234,30.35,29.63
596,30.35,29.63
764,30.35,29.63
134,30.35,29.63
455,30.35,29.63
188,30.35,29.63
439,30.35,29.63
379,30.35,29.63
564,30.35,29.63
779,30.35,29.63
711,30.35,29.63
578,30.35,29.63
714,30.35,29.63
281,30.35,29.63
743,30.35,29.63
133,30.35,29.63
835,30.35,29.63
332,30.35,29.63
231,30.35,29.63
846,30.35,29.63
444,30.35,29.63
419,30.35,29.63
136,30.35,29.63
526,30.35,29.63
652,30.35,29.63
237,30.35,29.63
696,30.39,29.63
457,30.39,29.63
485,30.39,29.63
337,30.39,29.63
635,30.39,29.63
655,30.39,29.63
134,30.39,29.63
552,30.39,29.63
265,30.39,29.63
673,30.39,29.63
753,30.39,29.63
434,30.39,29.63
854,30.39,29.63
694,30.39,29.63
777,30.39,29.63
369,30.39,29.63
401,30.39,29.63
489,30.39,29.63
600,30.39,29.63
486,30.39,29.63
649,30.39,29.63
667,30.39,29.63
511,30.39,29.63
621,30.39,29.45
147,30.39,29.45
485,30.39,29.45
611,30.39,29.45
807,30.39,29.45
364,30.39,29.45
635,30.39,29.45
679,30.39,29.45
697,30.39,29.45
590,30.39,29.45
815,30.39,29.45
461,30.39,29.45
431,30.39,29.45
751,30.39,29.45
133,30.39,29.45
803,30.39,29.45
131,30.39,29.45
629,30.39,29.45
640,30.39,29.45
362,30.39,29.45
557,30.39,29.45
432,30.39,29.45
524,30.39,29.45
133,30.39,29.45
483,30.39,29.45
684,30.39,29.45
473,30.39,29.45
380,30.39,29.45
723,30.39,29.45
469,30.39,29.45
809,30.39,29.45
276,30.39,29.45
720,30.39,29.45
550,30.39,29.45
170,30.39,29.45
618,30.39,29.45
348,30.39,29.45
146,30.39,29.45
439,30.39,29.45
309,30.39,29.45
598,30.39,29.45
428,30.39,29.45
547,30.39,29.45
502,30.39,29.45
542,30.39,29.45
890,30.39,29.45
443,30.39,29.45
382,30.39,29.45
573,30.39,29.45
174,30.39,29.45
632,30.39,29.45
530,30.39,29.45
660,30.39,29.45
893,30.39,29.45
749,30.39,29.45
439,30.39,29.45
795,30.39,29.45
528,30.39,29.45
424,30.39,29.45
128,30.39,29.45
397,30.39,29.57
612,30.39,29.57
578,30.39,29.57
542,30.39,29.57
847,30.39,29.57
315,30.39,29.57
347,30.39,29.57
718,30.39,29.57
268,30.39,29.57
548,30.39,29.57
261,30.39,29.57
695,30.39,29.57
425,30.39,29.57
683,30.39,29.57
622,30.39,29.57
809,30.39,29.57
218,30.39,29.57
590,30.39,29.57
690,30.39,29.57
218,30.39,29.57
783,30.39,29.57
284,30.39,29.57
639,30.39,29.57
431,30.39,29.57
569,30.39,29.57
354,30.39,29.57
595,30.39,29.57
514,30.39,29.57
549,30.39,29.57
216,30.39,29.57
248,30.39,29.57
545,30.39,29.57
472,30.39,29.57
191,30.39,29.57
689,30.39,29.57
702,30.39,29.57
213,30.39,29.57
722,30.39,29.57
454,30.39,29.57
575,30.39,29.57
513,30.39,29.57
480,30.39,29.57
523,30.39,29.57
492,30.39,29.57
669,30.39,29.57
340,30.39,29.57
432,30.39,29.57
480,30.39,29.57
508,30.39,29.57
389,30.39,29.57
433,30.39,29.57
418,30.39,29.57
533,30.39,29.57
638,30.39,29.57
397,30.39,29.57
310,30.39,29.57
894,30.39,29.57
369,30.39,29.57
587,30.39,29.57
548,30.39,29.63
393,30.39,29.63
431,30.39,29.63
549,30.39,29.63
894,30.39,29.63
890,30.39,29.63
893,30.39,29.63
472,30.39,29.63
605,30.39,29.63
646,30.39,29.63
443,30.39,29.63
469,30.39,29.63
406,30.39,29.63
487,30.39,29.63
871,30.39,29.63
504,30.39,29.63
726,30.39,29.63
814,30.39,29.63
634,30.39,29.63
304,30.39,29.63
750,30.39,29.63
709,30.39,29.63
553,30.39,29.63
725,30.39,29.63
272,30.39,29.63
362,30.39,29.63
390,30.39,29.63
692,30.39,29.63
614,30.39,29.63
572,30.39,29.63
893,30.39,29.63
710,30.39,29.63
198,30.39,29.63
600,30.39,29.63
330,30.39,29.63
277,30.39,29.63
392,30.39,29.63
177,30.35,29.63
809,30.35,29.63
208,30.35,29.63
553,30.35,29.63
354,30.35,29.63
594,30.35,29.63
306,30.35,29.63
497,30.35,29.63
534,30.35,29.63
519,30.35,29.63
698,30.35,29.63
417,30.35,29.63
782,30.35,29.63
823,30.35,29.63
404,30.35,29.63
622,30.35,29.63
873,30.35,29.63
128,30.35,29.63
779,30.35,29.63
517,30.35,29.63
894,30.35,29.63
665,30.35,29.63
333,30.35,29.63
399,30.35,29.55
440,30.35,29.55
435,30.35,29.55
674,30.35,29.55
633,30.35,29.55
505,30.35,29.55
893,30.35,29.55
480,30.35,29.55
405,30.35,29.55
595,30.35,29.55
479,30.35,29.55
218,30.35,29.55
683,30.35,29.55
129,30.35,29.55
811,30.35,29.55
551,30.35,29.55
639,30.35,29.55
577,30.35,29.55
275,30.35,29.55
438,30.35,29.55
779,30.35,29.55
638,30.35,29.55
595,30.35,29.55
722,30.35,29.55
129,30.35,29.55
889,30.35,29.55
424,30.35,29.55
776,30.35,29.55
675,30.35,29.55
537,30.35,29.55
881,30.35,29.55
711,30.35,29.55
581,30.35,29.55
593,30.35,29.55
649,30.35,29.55
497,30.35,29.55
649,30.39,29.55
178,30.39,29.55
650,30.39,29.55
490,30.39,29.55
803,30.39,29.55
547,30.39,29.55
792,30.39,29.55
128,30.39,29.55
192,30.39,29.55
456,30.39,29.55
461,30.39,29.55
748,30.39,29.55
282,30.39,29.55
779,30.39,29.55
341,30.39,29.55
547,30.39,29.55
463,30.39,29.55
449,30.39,29.55
356,30.39,29.55
421,30.39,29.55
482,30.39,29.55
292,30.39,29.55
435,30.39,29.55
606,30.39,29.55
598,30.39,29.45
815,30.39,29.45
893,30.39,29.45
128,30.39,29.45
895,30.39,29.45
355,30.39,29.45
575,30.39,29.45
132,30.39,29.45
799,30.39,29.45
675,30.39,29.45
274,30.39,29.45
893,30.39,29.45
455,30.39,29.45
514,30.39,29.45
363,30.39,29.45
599,30.39,29.45
564,30.39,29.45
430,30.39,29.45
367,30.39,29.45
753,30.39,29.45
127,30.39,29.45
838,30.39,29.45
208,30.39,29.45
438,30.39,29.45
472,30.39,29.45
433,30.39,29.45
709,30.39,29.45
569,30.39,29.45
463,30.39,29.45
683,30.39,29.45
410,30.39,29.45
592,30.39,29.45
656,30.39,29.45
288,30.39,29.45
771,30.39,29.45
292,30.39,29.45
216,30.33,29.45
406,30.33,29.45
712,30.33,29.45
226,30.33,29.45
701,30.33,29.45
668,30.33,29.45
708,30.33,29.45
657,30.33,29.45
622,30.33,29.45
718,30.33,29.45
314,30.33,29.45
740,30.33,29.45
326,30.33,29.45
528,30.33,29.45
332,30.33,29.45
716,30.33,29.45
342,30.33,29.45
339,30.33,29.45
685,30.33,29.45
333,30.33,29.45
520,30.33,29.45
787,30.33,29.45
536,30.33,29.45
480,30.33,29.45
726,30.33,29.43
212,30.33,29.43
894,30.33,29.43
333,30.33,29.43
690,30.33,29.43
505,30.33,29.43
255,30.33,29.43
393,30.33,29.43
453,30.33,29.43
523,30.33,29.43
508,30.33,29.43
743,30.33,29.43
562,30.33,29.43
465,30.33,29.43
301,30.33,29.43
572,30.33,29.43
486,30.33,29.43
559,30.33,29.43
559,30.33,29.43
868,30.33,29.43
360,30.33,29.43
839,30.33,29.43
436,30.33,29.43
517,30.33,29.43
629,30.33,29.43
