483,30.17,29.45
258,30.17,29.45
659,30.17,29.45
703,30.17,29.45
749,30.17,29.45
892,30.17,29.45
312,30.17,29.45
891,30.17,29.45
132,30.17,29.45
830,30.17,29.45
527,30.17,29.45
732,30.17,29.45
572,30.17,29.45
637,30.17,29.45
454,30.17,29.45
595,30.17,29.45
445,30.17,29.45
507,30.17,29.45
813,30.17,29.45
288,30.17,29.45
308,30.17,29.45
400,30.17,29.45
717,30.17,29.45
131,30.17,29.45
664,30.17,29.45
447,30.17,29.45
401,30.17,29.45
423,30.17,29.45
810,30.17,29.45
557,30.17,29.45
893,30.17,29.45
351,30.17,29.45
758,30.17,29.45
896,30.19,29.45
345,30.19,29.45
692,30.19,29.45
308,30.19,29.45
377,30.19,29.45
401,30.19,29.45
843,30.19,29.45
407,30.19,29.45
851,30.19,29.45
653,30.19,29.45
704,30.19,29.45
416,30.19,29.45
420,30.19,29.45
272,30.19,29.45
594,30.19,29.45
556,30.19,29.45
671,30.19,29.45
347,30.19,29.45
604,30.19,29.45
686,30.19,29.45
733,30.19,29.45
515,30.19,29.45
596,30.19,29.45
466,30.19,29.45
478,30.19,29.31
362,30.19,29.31
651,30.19,29.31
603,30.19,29.31
506,30.19,29.31
498,30.19,29.31
729,30.19,29.31
619,30.19,29.31
670,30.19,29.31
456,30.19,29.31
169,30.19,29.31
645,30.19,29.31
404,30.19,29.31
293,30.19,29.31
609,30.19,29.31
654,30.19,29.31
402,30.19,29.31
535,30.19,29.31
332,30.19,29.31
757,30.19,29.31
312,30.19,29.31
693,30.19,29.31
134,30.19,29.31
686,30.19,29.31
712,30.19,29.31
262,30.19,29.31
531,30.19,29.31
381,30.19,29.31
776,30.19,29.31
144,30.19,29.31
142,30.19,29.31
157,30.19,29.31
202,30.19,29.31
371,30.19,29.31
283,30.19,29.31
296,30.19,29.31
791,30.19,29.31
595,30.19,29.31
875,30.19,29.31
131,30.19,29.31
766,30.19,29.31
464,30.19,29.31
720,30.19,29.31
478,30.19,29.31
656,30.19,29.31
824,30.19,29.31
411,30.19,29.31
892,30.19,29.31
188,30.19,29.31
518,30.19,29.31
471,30.19,29.31
497,30.19,29.31
382,30.19,29.31
349,30.19,29.31
626,30.19,29.31
694,30.19,29.31
485,30.19,29.31
627,30.19,29.31
645,30.19,29.31
440,30.19,29.31
363,30.19,29.29
418,30.19,29.29
750,30.19,29.29
416,30.19,29.29
133,30.19,29.29
290,30.19,29.29
392,30.19,29.29
516,30.19,29.29
504,30.19,29.29
667,30.19,29.29
542,30.19,29.29
893,30.19,29.29
350,30.19,29.29
748,30.19,29.29
452,30.19,29.29
746,30.19,29.29
835,30.19,29.29
226,30.19,29.29
318,30.19,29.29
440,30.19,29.29
398,30.19,29.29
623,30.19,29.29
417,30.19,29.29
893,30.19,29.29
703,30.19,29.29
128,30.19,29.29
607,30.19,29.29
130,30.19,29.29
405,30.19,29.29
635,30.19,29.29
698,30.19,29.29
831,30.19,29.29
261,30.19,29.29
767,30.19,29.29
317,30.19,29.29
525,30.19,29.29
723,30.19,29.29
128,30.19,29.29
686,30.19,29.29
349,30.19,29.29
895,30.19,29.29
591,30.19,29.29
131,30.19,29.29
889,30.19,29.29
713,30.19,29.29
414,30.19,29.29
573,30.19,29.29
200,30.19,29.29
771,30.19,29.29
510,30.19,29.29
327,30.19,29.29
751,30.19,29.29
470,30.19,29.29
894,30.19,29.29
611,30.19,29.29
770,30.19,29.29
495,30.19,29.29
766,30.19,29.29
454,30.19,29.29
222,30.19,29.43
445,30.19,29.43
275,30.19,29.43
677,30.19,29.43
451,30.19,29.43
805,30.19,29.43
542,30.19,29.43
645,30.19,29.43
327,30.19,29.43
601,30.19,29.43
559,30.19,29.43
188,30.19,29.43
307,30.19,29.43
391,30.19,29.43
475,30.19,29.43
522,30.19,29.43
318,30.19,29.43
530,30.19,29.43
430,30.19,29.43
567,30.19,29.43
855,30.19,29.43
366,30.19,29.43
893,30.19,29.43
396,30.19,29.43
599,30.19,29.43
553,30.19,29.43
475,30.19,29.43
692,30.19,29.43
318,30.19,29.43
495,30.19,29.43
678,30.19,29.43
716,30.19,29.43
673,30.19,29.43
447,30.19,29.43
450,30.19,29.43
470,30.19,29.43
176,30.23,29.43
661,30.23,29.43
180,30.23,29.43
895,30.23,29.43
546,30.23,29.43
629,30.23,29.43
576,30.23,29.43
366,30.23,29.43
634,30.23,29.43
407,30.23,29.43
285,30.23,29.43
129,30.23,29.43
424,30.23,29.43
129,30.23,29.43
426,30.23,29.43
616,30.23,29.43
503,30.23,29.43
418,30.23,29.43
776,30.23,29.43
563,30.23,29.43
759,30.23,29.43
572,30.23,29.43
458,30.23,29.43
651,30.23,29.43
129,30.23,29.25
894,30.23,29.25
408,30.23,29.25
894,30.23,29.25
500,30.23,29.25
664,30.23,29.25
377,30.23,29.25
654,30.23,29.25
463,30.23,29.25
601,30.23,29.25
698,30.23,29.25
474,30.23,29.25
776,30.23,29.25
394,30.23,29.25
717,30.23,29.25
623,30.23,29.25
818,30.23,29.25
437,30.23,29.25
808,30.23,29.25
600,30.23,29.25
637,30.23,29.25
715,30.23,29.25
424,30.23,29.25
712,30.23,29.25
203,30.23,29.25
611,30.23,29.25
372,30.23,29.25
513,30.23,29.25
188,30.23,29.25
895,30.23,29.25
428,30.23,29.25
794,30.23,29.25
665,30.23,29.25
301,30.23,29.25
595,30.23,29.25
553,30.23,29.25
224,30.17,29.25
401,30.17,29.25
285,30.17,29.25
458,30.17,29.25
752,30.17,29.25
280,30.17,29.25
652,30.17,29.25
167,30.17,29.25
806,30.17,29.25
139,30.17,29.25
336,30.17,29.25
625,30.17,29.25
816,30.17,29.25
423,30.17,29.25
437,30.17,29.25
715,30.17,29.25
225,30.17,29.25
896,30.17,29.25
382,30.17,29.25
387,30.17,29.25
555,30.17,29.25
430,30.17,29.25
518,30.17,29.25
410,30.17,29.25
427,30.17,29.31
666,30.17,29.31
294,30.17,29.31
714,30.17,29.31
783,30.17,29.31
603,30.17,29.31
704,30.17,29.31
252,30.17,29.31
892,30.17,29.31
128,30.17,29.31
376,30.17,29.31
129,30.17,29.31
261,30.17,29.31
556,30.17,29.31
283,30.17,29.31
644,30.17,29.31
298,30.17,29.31
399,30.17,29.31
865,30.17,29.31
354,30.17,29.31
633,30.17,29.31
601,30.17,29.31
132,30.17,29.31
613,30.17,29.31
129,30.17,29.31
761,30.17,29.31
315,30.17,29.31
492,30.17,29.31
827,30.17,29.31
136,30.17,29.31
858,30.17,29.31
395,30.17,29.31
556,30.17,29.31
344,30.17,29.31
557,30.17,29.31
129,30.17,29.31
623,30.19,29.31
668,30.19,29.31
794,30.19,29.31
444,30.19,29.31
587,30.19,29.31
518,30.19,29.31
423,30.19,29.31
379,30.19,29.31
556,30.19,29.31
433,30.19,29.31
518,30.19,29.31
801,30.19,29.31
273,30.19,29.31
561,30.19,29.31
172,30.19,29.31
895,30.19,29.31
702,30.19,29.31
363,30.19,29.31
886,30.19,29.31
404,30.19,29.31
742,30.19,29.31
424,30.19,29.31
513,30.19,29.31
190,30.19,29.43
499,30.19,29.43
591,30.19,29.43
416,30.19,29.43
766,30.19,29.43
448,30.19,29.43
236,30.19,29.43
626,30.19,29.43
387,30.19,29.43
759,30.19,29.43
418,30.19,29.43
457,30.19,29.43
462,30.19,29.43
187,30.19,29.43
797,30.19,29.43
646,30.19,29.43
492,30.19,29.43
499,30.19,29.43
608,30.19,29.43
320,30.19,29.43
186,30.19,29.43
578,30.19,29.43
400,30.19,29.43
342,30.19,29.43
428,30.19,29.43
549,30.19,29.43
727,30.19,29.43
231,30.19,29.43
592,30.19,29.43
795,30.19,29.43
548,30.19,29.43
574,30.19,29.43
131,30.19,29.43
600,30.19,29.43
194,30.19,29.43
333,30.19,29.43
545,30.17,29.43
884,30.17,29.43
806,30.17,29.43
598,30.17,29.43
485,30.17,29.43
667,30.17,29.43
313,30.17,29.43
538,30.17,29.43
460,30.17,29.43
287,30.17,29.43
591,30.17,29.43
351,30.17,29.43
759,30.17,29.43
319,30.17,29.43
587,30.17,29.43
314,30.17,29.43
264,30.17,29.43
679,30.17,29.43
728,30.17,29.43
224,30.17,29.43
612,30.17,29.43
479,30.17,29.43
323,30.17,29.43
237,30.17,29.43
299,30.17,29.35
597,30.17,29.35
673,30.17,29.35
584,30.17,29.35
