746,30.29,29.39
892,30.29,29.39
557,30.29,29.39
233,30.29,29.39
598,30.29,29.39
790,30.29,29.39
830,30.29,29.39
630,30.29,29.39
774,30.29,29.39
376,30.29,29.39
532,30.29,29.39
367,30.29,29.39
893,30.29,29.39
476,30.29,29.39
574,30.29,29.39
333,30.29,29.39
539,30.29,29.39
563,30.29,29.39
463,30.29,29.39
705,30.29,29.39
287,30.29,29.39
654,30.29,29.39
637,30.29,29.39
612,30.29,29.39
491,30.29,29.39
621,30.29,29.39
471,30.29,29.39
298,30.29,29.39
459,30.29,29.39
625,30.29,29.39
394,30.29,29.39
707,30.29,29.39
602,30.29,29.39
270,30.29,29.39
763,30.29,29.39
364,30.29,29.39
498,30.29,29.39
547,30.29,29.39
428,30.29,29.39
268,30.29,29.39
851,30.29,29.39
719,30.29,29.39
687,30.29,29.39
765,30.29,29.39
661,30.29,29.39
496,30.29,29.39
741,30.29,29.39
271,30.29,29.39
302,30.29,29.39
134,30.29,29.39
565,30.29,29.39
441,30.29,29.71
296,30.29,29.71
687,30.29,29.71
583,30.29,29.71
893,30.29,29.71
577,30.29,29.71
682,30.29,29.71
515,30.29,29.71
132,30.29,29.71
220,30.29,29.71
538,30.29,29.71
603,30.29,29.71
851,30.29,29.71
285,30.29,29.71
893,30.29,29.71
352,30.29,29.71
585,30.29,29.71
555,30.29,29.71
134,30.29,29.71
806,30.29,29.71
136,30.29,29.71
324,30.29,29.71
137,30.29,29.71
474,30.29,29.71
225,30.29,29.71
485,30.29,29.71
487,30.29,29.71
578,30.29,29.71
591,30.29,29.71
511,30.29,29.71
327,30.29,29.71
481,30.29,29.71
274,30.29,29.71
543,30.29,29.71
515,30.29,29.71
452,30.29,29.71
669,30.29,29.71
447,30.29,29.71
523,30.29,29.71
725,30.29,29.71
751,30.29,29.71
770,30.29,29.71
409,30.29,29.71
598,30.29,29.71
134,30.29,29.71
710,30.29,29.71
390,30.29,29.71
569,30.29,29.71
662,30.29,29.71
130,30.29,29.71
694,30.29,29.71
510,30.29,29.71
423,30.29,29.71
882,30.29,29.71
494,30.29,29.71
786,30.29,29.71
286,30.29,29.71
878,30.29,29.71
472,30.29,29.71
420,30.29,29.71
599,30.29,29.37
632,30.29,29.37
562,30.29,29.37
584,30.29,29.37
705,30.29,29.37
392,30.29,29.37
673,30.29,29.37
207,30.29,29.37
447,30.29,29.37
548,30.29,29.37
767,30.29,29.37
202,30.29,29.37
473,30.29,29.37
228,30.29,29.37
533,30.29,29.37
621,30.29,29.37
465,30.29,29.37
573,30.29,29.37
670,30.29,29.37
489,30.29,29.37
448,30.29,29.37
893,30.29,29.37
308,30.29,29.37
870,30.29,29.37
219,30.29,29.37
347,30.29,29.37
586,30.29,29.37
377,30.29,29.37
526,30.29,29.37
593,30.29,29.37
895,30.29,29.37
693,30.29,29.37
296,30.29,29.37
683,30.29,29.37
434,30.29,29.37
299,30.29,29.37
679,30.31,29.37
379,30.31,29.37
894,30.31,29.37
152,30.31,29.37
675,30.31,29.37
574,30.31,29.37
187,30.31,29.37
547,30.31,29.37
150,30.31,29.37
584,30.31,29.37
403,30.31,29.37
508,30.31,29.37
691,30.31,29.37
375,30.31,29.37
780,30.31,29.37
851,30.31,29.37
405,30.31,29.37
362,30.31,29.37
459,30.31,29.37
837,30.31,29.37
384,30.31,29.37
394,30.31,29.37
290,30.31,29.37
610,30.31,29.51
563,30.31,29.51
209,30.31,29.51
895,30.31,29.51
466,30.31,29.51
893,30.31,29.51
534,30.31,29.51
425,30.31,29.51
582,30.31,29.51
524,30.31,29.51
615,30.31,29.51
345,30.31,29.51
728,30.31,29.51
131,30.31,29.51
684,30.31,29.51
619,30.31,29.51
266,30.31,29.51
403,30.31,29.51
645,30.31,29.51
249,30.31,29.51
410,30.31,29.51
128,30.31,29.51
367,30.31,29.51
293,30.31,29.51
373,30.31,29.51
370,30.31,29.51
323,30.31,29.51
621,30.31,29.51
829,30.31,29.51
753,30.31,29.51
361,30.31,29.51
580,30.31,29.51
383,30.31,29.51
783,30.31,29.51
340,30.31,29.51
581,30.31,29.51
706,30.31,29.51
891,30.29,29.51
789,30.29,29.51
882,30.29,29.51
402,30.29,29.51
452,30.29,29.51
652,30.29,29.51
214,30.29,29.51
757,30.29,29.51
128,30.29,29.51
884,30.29,29.51
492,30.29,29.51
468,30.29,29.51
506,30.29,29.51
322,30.29,29.51
302,30.29,29.51
277,30.29,29.51
455,30.29,29.51
130,30.29,29.51
129,30.29,29.51
398,30.29,29.51
690,30.29,29.51
473,30.29,29.51
655,30.29,29.51
483,30.29,29.69
846,30.29,29.69
458,30.29,29.69
558,30.29,29.69
351,30.29,29.69
609,30.29,29.69
771,30.29,29.69
135,30.29,29.69
789,30.29,29.69
284,30.29,29.69
805,30.29,29.69
495,30.29,29.69
687,30.29,29.69
700,30.29,29.69
559,30.29,29.69
611,30.29,29.69
448,30.29,29.69
594,30.29,29.69
628,30.29,29.69
620,30.29,29.69
289,30.29,29.69
556,30.29,29.69
629,30.29,29.69
706,30.29,29.69
525,30.29,29.69
542,30.29,29.69
326,30.29,29.69
622,30.29,29.69
129,30.29,29.69
633,30.29,29.69
261,30.29,29.69
385,30.29,29.69
607,30.29,29.69
129,30.29,29.69
895,30.29,29.69
544,30.29,29.69
458,30.27,29.69
762,30.27,29.69
385,30.27,29.69
865,30.27,29.69
458,30.27,29.69
486,30.27,29.69
622,30.27,29.69
487,30.27,29.69
702,30.27,29.69
583,30.27,29.69
128,30.27,29.69
357,30.27,29.69
537,30.27,29.69
542,30.27,29.69
388,30.27,29.69
829,30.27,29.69
557,30.27,29.69
379,30.27,29.69
544,30.27,29.69
462,30.27,29.69
309,30.27,29.69
464,30.27,29.69
251,30.27,29.69
823,30.27,29.69
892,30.27,29.43
464,30.27,29.43
834,30.27,29.43
584,30.27,29.43
723,30.27,29.43
827,30.27,29.43
217,30.27,29.43
576,30.27,29.43
497,30.27,29.43
618,30.27,29.43
401,30.27,29.43
264,30.27,29.43
893,30.27,29.43
491,30.27,29.43
538,30.27,29.43
795,30.27,29.43
295,30.27,29.43
894,30.27,29.43
368,30.27,29.43
371,30.27,29.43
235,30.27,29.43
333,30.27,29.43
494,30.27,29.43
400,30.27,29.43
233,30.27,29.43
743,30.27,29.43
640,30.27,29.43
573,30.27,29.43
494,30.27,29.43
631,30.27,29.43
323,30.27,29.43
398,30.27,29.43
241,30.27,29.43
345,30.27,29.43
228,30.27,29.43
303,30.27,29.43
641,30.29,29.43
275,30.29,29.43
759,30.29,29.43
553,30.29,29.43
135,30.29,29.43
590,30.29,29.43
335,30.29,29.43
139,30.29,29.43
861,30.29,29.43
284,30.29,29.43
678,30.29,29.43
625,30.29,29.43
646,30.29,29.43
318,30.29,29.43
435,30.29,29.43
305,30.29,29.43
192,30.29,29.43
654,30.29,29.43
367,30.29,29.43
638,30.29,29.43
497,30.29,29.43
621,30.29,29.43
825,30.29,29.43
731,30.29,29.43
298,30.29,29.45
853,30.29,29.45
497,30.29,29.45
635,30.29,29.45
411,30.29,29.45
378,30.29,29.45
758,30.29,29.45
608,30.29,29.45
853,30.29,29.45
418,30.29,29.45
896,30.29,29.45
808,30.29,29.45
721,30.29,29.45
374,30.29,29.45
704,30.29,29.45
315,30.29,29.45
582,30.29,29.45
779,30.29,29.45
473,30.29,29.45
572,30.29,29.45
465,30.29,29.45
348,30.29,29.45
482,30.29,29.45
241,30.29,29.45
326,30.29,29.45
536,30.29,29.45
191,30.29,29.45
534,30.29,29.45
411,30.29,29.45
470,30.29,29.45
403,30.29,29.45
252,30.29,29.45
644,30.29,29.45
169,30.29,29.45
794,30.29,29.45
619,30.29,29.45
741,30.29,29.45
458,30.29,29.45
618,30.29,29.45
831,30.29,29.45
607,30.29,29.45
467,30.29,29.45
429,30.29,29.45
589,30.29,29.45
668,30.29,29.45
792,30.29,29.45
894,30.29,29.45
655,30.29,29.45
128,30.29,29.45
894,30.29,29.45
323,30.29,29.45
479,30.29,29.45
555,30.29,29.45
491,30.29,29.45
685,30.29,29.45
512,30.29,29.45
428,30.29,29.45
439,30.29,29.45
572,30.29,29.45
425,30.29,29.57
775,30.29,29.57
485,30.29,29.57
674,30.29,29.57
353,30.29,29.57
700,30.29,29.57
158,30.29,29.57
545,30.29,29.57
467,30.29,29.57
680,30.29,29.57
