467,30.41,29.69
894,30.41,29.69
402,30.41,29.69
254,30.41,29.69
570,30.41,29.69
680,30.41,29.69
504,30.41,29.69
553,30.41,29.69
669,30.41,29.69
420,30.41,29.69
638,30.41,29.69
130,30.35,29.69
683,30.35,29.69
624,30.35,29.69
432,30.35,29.69
613,30.35,29.69
513,30.35,29.69
224,30.35,29.69
315,30.35,29.69
471,30.35,29.69
168,30.35,29.69
701,30.35,29.69
476,30.35,29.69
727,30.35,29.69
432,30.35,29.69
831,30.35,29.69
304,30.35,29.69
652,30.35,29.69
312,30.35,29.69
387,30.35,29.69
733,30.35,29.69
493,30.35,29.69
678,30.35,29.69
675,30.35,29.69
655,30.35,29.39
869,30.35,29.39
587,30.35,29.39
207,30.35,29.39
724,30.35,29.39
280,30.35,29.39
640,30.35,29.39
434,30.35,29.39
487,30.35,29.39
654,30.35,29.39
445,30.35,29.39
482,30.35,29.39
347,30.35,29.39
576,30.35,29.39
746,30.35,29.39
777,30.35,29.39
394,30.35,29.39
793,30.35,29.39
498,30.35,29.39
599,30.35,29.39
402,30.35,29.39
578,30.35,29.39
541,30.35,29.39
369,30.35,29.39
460,30.35,29.39
678,30.35,29.39
574,30.35,29.39
294,30.35,29.39
489,30.35,29.39
706,30.35,29.39
131,30.35,29.39
398,30.35,29.39
474,30.35,29.39
130,30.35,29.39
451,30.35,29.39
378,30.35,29.39
348,30.35,29.39
513,30.35,29.39
567,30.35,29.39
836,30.35,29.39
802,30.35,29.39
725,30.35,29.39
760,30.35,29.39
658,30.35,29.39
380,30.35,29.39
415,30.35,29.39
766,30.35,29.39
133,30.35,29.39
191,30.35,29.39
891,30.35,29.39
226,30.35,29.39
579,30.35,29.39
458,30.35,29.39
697,30.35,29.39
599,30.35,29.39
310,30.35,29.39
864,30.35,29.39
244,30.35,29.39
452,30.35,29.39
449,30.35,29.39
222,30.35,29.43
640,30.35,29.43
393,30.35,29.43
570,30.35,29.43
597,30.35,29.43
507,30.35,29.43
417,30.35,29.43
484,30.35,29.43
860,30.35,29.43
169,30.35,29.43
463,30.35,29.43
626,30.35,29.43
225,30.35,29.43
771,30.35,29.43
160,30.35,29.43
796,30.35,29.43
490,30.35,29.43
234,30.35,29.43
707,30.35,29.43
130,30.35,29.43
633,30.35,29.43
375,30.35,29.43
215,30.35,29.43
453,30.35,29.43
178,30.35,29.43
648,30.35,29.43
619,30.35,29.43
410,30.35,29.43
655,30.35,29.43
635,30.35,29.43
448,30.35,29.43
830,30.35,29.43
528,30.35,29.43
614,30.35,29.43
406,30.35,29.43
649,30.35,29.43
467,30.33,29.43
590,30.33,29.43
388,30.33,29.43
594,30.33,29.43
466,30.33,29.43
706,30.33,29.43
652,30.33,29.43
473,30.33,29.43
638,30.33,29.43
485,30.33,29.43
487,30.33,29.43
346,30.33,29.43
382,30.33,29.43
892,30.33,29.43
130,30.33,29.43
812,30.33,29.43
478,30.33,29.43
165,30.33,29.43
679,30.33,29.43
255,30.33,29.43
479,30.33,29.43
299,30.33,29.43
688,30.33,29.43
513,30.33,29.59
582,30.33,29.59
506,30.33,29.59
351,30.33,29.59
441,30.33,29.59
878,30.33,29.59
486,30.33,29.59
775,30.33,29.59
470,30.33,29.59
665,50.81,29.59
293,30.33,29.59
374,30.33,29.59
135,30.33,29.59
362,30.33,29.59
561,30.33,29.59
828,30.33,29.59
893,30.33,29.59
645,30.33,29.59
684,30.33,29.59
371,30.33,29.59
748,30.33,29.59
297,30.33,29.59
789,30.33,29.59
712,30.33,29.59
485,30.33,29.59
533,30.33,29.59
718,30.33,29.59
576,30.33,29.59
651,30.33,29.59
457,30.33,29.59
282,30.33,29.59
823,30.33,29.59
433,30.33,29.59
893,30.33,29.59
647,30.33,29.59
418,30.33,29.59
253,30.33,29.59
637,30.35,29.59
741,30.35,29.59
626,30.35,29.59
552,30.35,29.59
821,30.35,29.59
481,30.35,29.59
416,30.35,29.59
305,30.35,29.59
277,30.35,29.59
722,30.35,29.59
481,30.35,29.59
500,30.35,29.59
800,30.35,29.59
853,30.35,29.59
295,30.35,29.59
864,30.35,29.59
272,30.35,29.59
667,30.35,29.59
733,30.35,29.59
547,30.35,29.59
647,30.35,29.59
580,30.35,29.59
855,30.35,29.59
619,30.35,29.57
709,30.35,29.57
344,30.35,29.57
499,30.35,29.57
483,30.35,29.57
250,30.35,29.57
208,30.35,29.57
683,30.35,29.57
704,30.35,29.57
477,30.35,29.57
201,30.35,29.57
379,30.35,29.57
717,30.35,29.57
456,30.35,29.57
897,30.35,29.57
392,30.35,29.57
727,30.35,29.57
339,30.35,29.57
510,30.35,29.57
537,30.35,29.57
526,30.35,29.57
764,30.35,29.57
662,30.35,29.57
367,30.35,29.57
359,30.35,29.57
695,30.35,29.57
206,30.35,29.57
636,30.35,29.57
579,30.35,29.57
635,30.35,29.57
562,30.35,29.57
722,30.35,29.57
334,30.35,29.57
697,30.35,29.57
543,30.35,29.57
204,30.35,29.57
486,30.35,29.57
524,30.35,29.57
894,30.35,29.57
143,30.35,29.57
869,30.35,29.57
280,30.35,29.57
626,30.35,29.57
427,30.35,29.57
479,30.35,29.57
719,30.35,29.57
443,30.35,29.57
423,30.35,29.57
516,30.35,29.57
599,30.35,29.57
675,30.35,29.57
347,30.35,29.57
474,30.35,29.57
477,30.35,29.57
128,30.35,29.57
484,30.35,29.57
128,30.35,29.57
731,30.35,29.57
425,30.35,29.57
554,30.35,29.57
457,30.35,29.63
268,30.35,29.63
660,30.35,29.63
481,30.35,29.63
560,30.35,29.63
740,30.35,29.63
596,30.35,29.63
419,30.35,29.63
466,30.35,29.63
146,30.35,29.63
893,30.35,29.63
580,30.35,29.63
566,30.35,29.63
758,30.35,29.63
519,30.35,29.63
893,30.35,29.63
779,30.35,29.63
380,30.35,29.63
538,30.35,29.63
769,30.35,29.63
522,30.35,29.63
624,30.35,29.63
456,30.35,29.63
865,30.35,29.63
133,30.35,29.63
634,30.35,29.63
538,30.35,29.63
685,30.35,29.63
669,30.35,29.63
386,30.35,29.63
723,30.35,29.63
165,30.35,29.63
539,30.35,29.63
251,30.35,29.63
560,30.35,29.63
586,30.35,29.63
466,30.35,29.63
262,30.35,29.63
868,30.35,29.63
610,30.35,29.63
540,30.35,29.63
608,30.35,29.63
549,30.35,29.63
832,30.35,29.63
380,30.35,29.63
829,30.35,29.63
365,30.35,29.63
662,30.35,29.63
609,30.35,29.63
796,30.35,29.63
546,30.35,29.63
630,30.35,29.63
783,30.35,29.63
678,30.35,29.63
223,30.35,29.63
660,30.35,29.63
528,30.35,29.63
322,30.35,29.63
762,30.35,29.63
701,30.35,29.63
465,30.35,29.63
351,30.35,29.63
894,30.35,29.63
130,30.35,29.63
127,30.35,29.63
141,30.35,29.63
455,30.35,29.63
522,30.35,29.63
368,30.35,29.63
893,30.35,29.63
354,30.35,29.63
638,30.35,29.63
359,30.35,29.63
481,30.35,29.63
719,30.35,29.63
427,30.35,29.63
544,30.35,29.63
692,30.35,29.63
459,30.35,29.63
674,30.35,29.63
476,30.35,29.63
807,30.35,29.63
570,30.35,29.63
790,30.35,29.63
385,30.35,29.63
249,30.35,29.63
720,30.35,29.63
492,30.35,29.63
660,30.35,29.63
302,30.35,29.63
702,30.35,29.63
662,30.35,29.63
456,30.35,29.63
358,30.35,29.63
362,30.35,29.63
561,30.35,29.63
244,30.33,29.63
363,30.33,29.63
591,30.33,29.63
128,30.33,29.63
435,30.33,29.63
681,30.33,29.63
494,30.33,29.63
602,30.33,29.63
434,30.33,29.63
742,30.33,29.63
300,30.33,29.63
831,30.33,29.63
442,30.33,29.63
537,30.33,29.63
814,30.33,29.63
580,30.33,29.63
890,30.33,29.63
438,30.33,29.63
137,30.33,29.63
525,30.33,29.63
221,30.33,29.63
353,30.33,29.63
160,30.33,29.63
128,30.33,29.51
731,30.33,29.51
462,30.33,29.51
817,30.33,29.51
454,30.33,29.51
601,30.33,29.51
524,30.33,29.51
814,30.33,29.51
417,30.33,29.51
337,30.33,29.51
378,30.33,29.51
521,30.33,29.51
612,30.33,29.51
412,30.33,29.51
639,30.33,29.51
622,30.33,29.51
607,30.33,29.51
430,30.33,29.51
316,30.33,29.51
708,30.33,29.51
551,30.33,29.51
602,30.33,29.51
826,30.33,29.51
256,30.33,29.51
582,30.33,29.51
405,30.33,29.51
