135,30.35,29.65
590,30.35,29.65
767,30.33,29.65
679,30.33,29.65
684,30.33,29.65
844,30.33,29.65
649,30.33,29.65
471,30.33,29.65
510,30.33,29.65
247,30.33,29.65
319,30.33,29.65
133,30.33,29.65
429,30.33,29.65
589,30.33,29.65
890,30.33,29.65
562,30.33,29.65
436,30.33,29.65
150,30.33,29.65
646,30.33,29.65
639,30.33,29.65
570,30.33,29.65
391,30.33,29.65
454,30.33,29.65
892,30.33,29.65
138,30.33,29.65
794,30.33,29.65
540,30.33,29.65
694,30.33,29.65
634,30.33,29.65
712,30.33,29.65
672,30.33,29.65
403,30.33,29.65
666,30.33,29.65
444,30.33,29.65
198,30.33,29.65
265,30.33,29.65
217,30.33,29.65
130,30.33,29.65
458,30.33,29.65
411,30.33,29.65
664,30.33,29.65
480,30.33,29.65
486,30.33,29.65
661,30.33,29.65
891,30.33,29.65
130,30.33,29.65
621,30.33,29.65
512,30.33,29.65
355,30.33,29.65
809,30.33,29.65
283,30.33,29.65
894,30.33,29.65
749,30.33,29.65
857,30.33,29.65
367,30.33,29.65
271,30.33,29.65
133,30.33,29.65
462,30.33,29.65
152,30.33,29.65
597,30.33,29.65
783,30.33,29.65
853,30.33,29.65
642,30.31,29.65
494,30.31,29.65
497,30.31,29.65
650,30.31,29.65
580,30.31,29.65
168,30.31,29.65
892,30.31,29.65
711,30.31,29.65
708,30.31,29.65
890,30.31,29.65
261,30.31,29.65
853,30.31,29.65
410,30.31,29.65
300,30.31,29.65
577,30.31,29.65
393,30.31,29.65
686,30.31,29.65
523,30.31,29.65
521,30.31,29.65
894,30.31,29.65
130,30.31,29.65
894,30.31,29.65
378,30.31,29.65
854,30.31,29.65
366,30.31,29.55
190,30.31,29.55
420,30.31,29.55
345,30.31,29.55
544,30.31,29.55
468,30.31,29.55
313,30.31,29.55
378,30.31,29.55
579,30.31,29.55
354,30.31,29.55
739,30.31,29.55
504,30.31,29.55
707,30.31,29.55
525,30.31,29.55
629,30.31,29.55
646,30.31,29.55
548,30.31,29.55
390,30.31,29.55
560,30.31,29.55
128,30.31,29.55
515,30.31,29.55
547,30.31,29.55
128,30.31,29.55
898,30.31,29.55
546,30.31,29.55
664,30.31,29.55
505,30.31,29.55
598,30.31,29.55
614,30.31,29.55
347,30.31,29.55
501,30.31,29.55
623,30.31,29.55
291,30.31,29.55
743,30.31,29.55
619,30.31,29.55
632,30.31,29.55
507,30.35,29.55
895,30.35,29.55
743,30.35,29.55
128,30.35,29.55
874,30.35,29.55
131,30.35,29.55
132,30.35,29.55
520,30.35,29.55
399,30.35,29.55
835,30.35,29.55
577,30.35,29.55
585,30.35,29.55
748,30.35,29.55
507,30.35,29.55
297,30.35,29.55
712,30.35,29.55
350,30.35,29.55
510,30.35,29.55
129,30.35,29.55
560,30.35,29.55
800,30.35,29.55
385,30.35,29.55
291,30.35,29.55
462,30.35,29.51
395,30.35,29.51
591,30.35,29.51
685,30.35,29.51
405,30.35,29.51
678,30.35,29.51
359,30.35,29.51
713,30.35,29.51
453,30.35,29.51
606,30.35,29.51
499,30.35,29.51
496,30.35,29.51
895,30.35,29.51
241,30.35,29.51
392,30.35,29.51
426,30.35,29.51
276,30.35,29.51
702,30.35,29.51
606,30.35,29.51
530,30.35,29.51
683,30.35,29.51
316,30.35,29.51
712,30.35,29.51
419,30.35,29.51
709,30.35,29.51
451,30.35,29.51
521,30.35,29.51
563,30.35,29.51
548,30.35,29.51
540,30.35,29.51
178,30.35,29.51
581,30.35,29.51
211,30.35,29.51
302,30.35,29.51
497,30.35,29.51
653,30.35,29.51
894,30.35,29.51
546,30.35,29.51
434,30.35,29.51
784,30.35,29.51
277,30.35,29.51
447,30.35,29.51
274,30.35,29.51
682,30.35,29.51
187,30.35,29.51
432,30.35,29.51
542,30.35,29.51
309,30.35,29.51
518,30.35,29.51
308,30.35,29.51
736,30.35,29.51
426,30.35,29.51
562,30.35,29.51
805,30.35,29.51
352,30.35,29.51
480,30.35,29.51
596,30.35,29.51
432,30.35,29.51
254,30.35,29.51
598,30.35,29.51
403,30.35,29.55
812,30.35,29.55
353,30.35,29.55
798,30.35,29.55
656,30.35,29.55
637,30.35,29.55
269,30.35,29.55
500,30.35,29.55
388,30.35,29.55
781,30.35,29.55
432,30.35,29.55
801,30.35,29.55
713,30.35,29.55
615,30.35,29.55
570,30.35,29.55
482,30.35,29.55
459,30.35,29.55
612,30.35,29.55
306,30.35,29.55
882,30.35,29.55
616,30.35,29.55
290,30.35,29.55
778,30.35,29.55
155,30.35,29.55
893,30.35,29.55
816,30.35,29.55
375,30.35,29.55
684,30.35,29.55
525,30.35,29.55
730,30.35,29.55
310,30.35,29.55
530,30.35,29.55
332,30.35,29.55
468,30.35,29.55
526,30.35,29.55
328,30.35,29.55
251,30.35,29.55
317,30.35,29.55
387,30.35,29.55
460,30.35,29.55
129,30.35,29.55
548,30.35,29.55
559,30.35,29.55
404,30.35,29.55
662,30.35,29.55
245,30.35,29.55
612,30.35,29.55
421,30.35,29.55
587,30.35,29.55
637,30.35,29.55
521,30.35,29.55
364,30.35,29.55
807,30.35,29.55
228,30.35,29.55
880,30.35,29.55
492,30.35,29.55
295,30.35,29.55
894,30.35,29.55
549,30.35,29.55
506,30.35,29.55
422,30.35,29.55
496,30.35,29.55
690,30.35,29.55
239,30.35,29.55
380,30.35,29.55
549,30.35,29.55
186,30.35,29.55
894,30.35,29.55
470,30.35,29.55
507,30.35,29.55
567,30.35,29.55
485,30.35,29.55
735,30.35,29.55
203,30.35,29.55
855,30.35,29.55
352,30.35,29.55
632,30.35,29.55
628,30.35,29.55
485,30.35,29.55
333,30.35,29.55
669,30.35,29.55
207,30.35,29.55
582,30.35,29.55
240,30.35,29.55
669,30.35,29.55
327,30.35,29.55
205,30.35,29.55
893,30.35,29.55
471,30.35,29.55
625,30.35,29.55
468,30.35,29.55
628,30.35,29.55
467,30.35,29.55
725,30.35,29.55
427,30.35,29.55
581,30.35,29.55
570,30.33,29.55
772,30.33,29.55
667,30.33,29.55
390,30.33,29.55
415,30.33,29.55
725,30.33,29.55
332,30.33,29.55
672,30.33,29.55
693,30.33,29.55
266,30.33,29.55
856,30.33,29.55
546,30.33,29.55
892,30.33,29.55
470,30.33,29.55
540,30.33,29.55
379,30.33,29.55
598,30.33,29.55
568,30.33,29.55
398,30.33,29.55
348,30.33,29.55
644,30.33,29.55
814,30.33,29.55
390,30.33,29.55
557,30.33,29.51
804,30.33,29.51
837,30.33,29.51
443,30.33,29.51
500,30.33,29.51
149,30.33,29.51
443,30.33,29.51
227,30.33,29.51
803,30.33,29.51
382,30.33,29.51
461,30.33,29.51
750,30.33,29.51
633,30.33,29.51
542,30.33,29.51
383,30.33,29.51
280,30.33,29.51
394,30.33,29.51
267,30.33,29.51
127,30.33,29.51
220,30.33,29.51
431,30.33,29.51
337,30.33,29.51
455,30.33,29.51
604,30.33,29.51
437,30.33,29.51
819,30.33,29.51
643,30.33,29.51
371,30.33,29.51
545,30.33,29.51
345,30.33,29.51
724,30.33,29.51
418,30.33,29.51
578,30.33,29.51
487,30.33,29.51
743,30.33,29.51
894,30.33,29.51
656,30.33,29.51
743,30.35,29.51
741,30.35,29.51
288,30.35,29.51
614,30.35,29.51
618,30.35,29.51
305,30.35,29.51
524,30.35,29.51
370,30.35,29.51
422,30.35,29.51
323,30.35,29.51
716,30.35,29.51
486,30.35,29.51
737,30.35,29.51
645,30.35,29.51
759,30.35,29.51
529,30.35,29.51
240,30.35,29.51
514,30.35,29.51
460,30.35,29.51
189,30.35,29.51
420,30.35,29.51
424,30.35,29.51
883,30.35,29.51
548,30.35,29.55
648,30.35,29.55
522,30.35,29.55
376,30.35,29.55
134,30.35,29.55
160,30.35,29.55
621,30.35,29.55
238,30.35,29.55
577,30.35,29.55
585,30.35,29.55
483,30.35,29.55
651,30.35,29.55
334,30.35,29.55
697,30.35,29.55
273,30.35,29.55
585,30.35,29.55
440,30.35,29.55
137,30.35,29.55
587,30.35,29.55
494,30.35,29.55
475,30.35,29.55
563,30.35,29.55
263,30.35,29.55
599,30.35,29.55
447,30.35,29.55
591,30.35,29.55
718,30.35,29.55
794,30.35,29.55
544,30.35,29.55
437,30.35,29.55
425,30.35,29.55
472,30.35,29.55
885,30.35,29.55
502,30.35,29.55
