757,30.29,29.55
565,30.29,29.55
234,30.29,29.55
470,30.29,29.55
386,30.29,29.39
133,30.29,29.39
440,30.29,29.39
843,30.29,29.39
621,30.29,29.39
182,30.29,29.39
150,30.29,29.39
391,30.29,29.39
602,30.29,29.39
352,30.29,29.39
394,30.29,29.39
711,30.29,29.39
623,30.29,29.39
626,30.29,29.39
686,30.29,29.39
291,30.29,29.39
492,30.29,29.39
733,30.29,29.39
361,30.29,29.39
396,30.29,29.39
671,30.29,29.39
432,30.29,29.39
409,30.29,29.39
625,30.29,29.39
592,30.29,29.39
687,30.29,29.39
396,30.29,29.39
731,30.29,29.39
472,30.29,29.39
267,30.29,29.39
762,30.29,29.39
124,30.29,29.39
429,30.29,29.39
665,30.29,29.39
533,30.29,29.39
575,30.29,29.39
718,30.29,29.39
608,30.29,29.39
753,30.29,29.39
328,30.29,29.39
342,30.29,29.39
718,30.29,29.39
492,30.29,29.39
371,30.29,29.39
604,30.29,29.39
861,30.29,29.39
661,30.29,29.39
628,30.29,29.39
344,30.29,29.39
879,30.29,29.39
522,30.29,29.39
686,30.29,29.39
359,30.29,29.39
382,30.29,29.39
661,30.29,29.39
370,30.29,29.39
735,30.29,29.39
404,30.29,29.39
647,30.29,29.39
708,30.29,29.39
724,30.29,29.49
370,30.29,29.49
602,30.29,29.49
342,30.29,29.49
543,30.29,29.49
131,30.29,29.49
789,30.29,29.49
560,30.29,29.49
556,30.29,29.49
704,30.29,29.49
649,30.29,29.49
908,30.29,29.49
326,30.29,29.49
685,30.29,29.49
643,30.29,29.49
445,30.29,29.49
365,30.29,29.49
773,30.29,29.49
331,30.29,29.49
779,30.29,29.49
137,30.29,29.49
893,30.29,29.49
528,30.29,29.49
848,30.29,29.49
225,30.29,29.49
289,30.29,29.49
811,30.29,29.49
128,30.29,29.49
621,30.29,29.49
250,30.29,29.49
362,30.29,29.49
685,30.29,29.49
729,30.29,29.49
287,30.29,29.49
856,30.29,29.49
506,30.29,29.49
664,30.29,29.49
522,30.29,29.49
330,30.29,29.49
726,30.29,29.49
311,30.29,29.49
534,30.29,29.49
521,30.29,29.49
634,30.29,29.49
796,30.29,29.49
893,30.29,29.49
520,30.29,29.49
685,30.29,29.49
333,30.29,29.49
875,30.29,29.49
321,30.29,29.49
340,30.29,29.49
521,30.29,29.49
308,30.29,29.49
791,30.29,29.49
548,30.29,29.49
531,30.29,29.49
142,30.29,29.49
893,30.29,29.49
315,30.29,29.49
129,30.29,29.57
581,30.29,29.57
557,30.29,29.57
552,30.29,29.57
570,30.29,29.57
589,30.29,29.57
272,30.29,29.57
675,30.29,29.57
490,30.29,29.57
892,30.29,29.57
330,30.29,29.57
758,30.29,29.57
463,30.29,29.57
470,30.29,29.57
186,30.29,29.57
379,30.29,29.57
508,30.29,29.57
730,30.29,29.57
724,30.29,29.57
586,30.29,29.57
694,30.29,29.57
287,30.29,29.57
864,30.29,29.57
485,30.29,29.57
363,30.29,29.57
490,30.29,29.57
781,30.29,29.57
417,30.29,29.57
755,30.29,29.57
314,30.29,29.57
618,30.29,29.57
572,30.29,29.57
347,30.29,29.57
252,30.29,29.57
129,30.29,29.57
236,30.29,29.57
441,30.31,29.57
809,30.31,29.57
184,30.31,29.57
613,30.31,29.57
773,30.31,29.57
750,30.31,29.57
688,30.31,29.57
660,30.31,29.57
678,30.31,29.57
621,30.31,29.57
455,30.31,29.57
558,30.31,29.57
759,30.31,29.57
458,30.31,29.57
291,30.31,29.57
477,30.31,29.57
513,30.31,29.57
128,30.31,29.57
796,30.31,29.57
128,30.31,29.57
726,30.31,29.57
554,30.31,29.57
460,30.31,29.57
755,30.31,29.51
467,30.31,29.51
654,30.31,29.51
682,30.31,29.51
479,30.31,29.51
407,30.31,29.51
199,30.31,29.51
707,30.31,29.51
504,30.31,29.51
708,30.31,29.51
892,30.31,29.51
342,30.31,29.51
694,30.31,29.51
316,30.31,29.51
535,30.31,29.51
426,30.31,29.51
524,30.31,29.51
786,30.31,29.51
647,30.31,29.51
768,30.31,29.51
462,30.31,29.51
453,30.31,29.51
295,30.31,29.51
417,30.31,29.51
303,30.31,29.51
455,30.31,29.51
161,30.31,29.51
646,30.31,29.51
453,30.31,29.51
493,30.31,29.51
447,30.31,29.51
615,30.31,29.51
418,30.31,29.51
676,30.31,29.51
569,30.31,29.51
652,30.31,29.51
844,30.31,29.51
429,30.29,29.51
705,30.29,29.51
165,30.29,29.51
460,30.29,29.51
807,30.29,29.51
466,30.29,29.51
603,30.29,29.51
399,30.29,29.51
565,30.29,29.51
757,30.29,29.51
266,30.29,29.51
688,30.29,29.51
347,30.29,29.51
476,30.29,29.51
847,30.29,29.51
329,30.29,29.51
894,30.29,29.51
269,30.29,29.51
601,30.29,29.51
682,30.29,29.51
511,30.29,29.51
391,30.29,29.51
179,30.29,29.51
128,30.29,29.31
259,30.29,29.31
210,30.29,29.31
232,30.29,29.31
450,30.29,29.31
438,30.29,29.31
547,30.29,29.31
448,30.29,29.31
711,30.29,29.31
322,30.29,29.31
623,30.29,29.31
611,30.29,29.31
396,30.29,29.31
600,30.29,29.31
885,30.29,29.31
496,30.29,29.31
540,30.29,29.31
337,30.29,29.31
604,30.29,29.31
566,30.29,29.31
582,30.29,29.31
570,30.29,29.31
499,30.29,29.31
814,30.29,29.31
169,30.29,29.31
662,30.29,29.31
789,30.29,29.31
216,30.29,29.31
477,30.29,29.31
590,30.29,29.31
354,30.29,29.31
303,30.29,29.31
137,30.29,29.31
340,30.29,29.31
353,30.29,29.31
409,30.29,29.31
425,30.31,29.31
192,30.31,29.31
639,30.31,29.31
410,30.31,29.31
662,30.31,29.31
504,30.31,29.31
630,30.31,29.31
519,30.31,29.31
686,30.31,29.31
672,30.31,29.31
311,30.31,29.31
755,30.31,29.31
784,30.31,29.31
544,30.31,29.31
714,30.31,29.31
809,30.31,29.31
495,30.31,29.31
842,30.31,29.31
423,30.31,29.31
638,30.31,29.31
418,30.31,29.31
760,30.31,29.31
433,30.31,29.31
805,30.31,29.31
465,30.31,29.49
308,30.31,29.49
893,30.31,29.49
358,30.31,29.49
764,30.31,29.49
510,30.31,29.49
486,30.31,29.49
422,30.31,29.49
497,30.31,29.49
510,30.31,29.49
523,30.31,29.49
480,30.31,29.49
701,30.31,29.49
512,30.31,29.49
133,30.31,29.49
602,30.31,29.49
660,30.31,29.49
565,30.31,29.49
480,30.31,29.49
551,30.31,29.49
440,30.31,29.49
638,30.31,29.49
428,30.31,29.49
678,30.31,29.49
539,30.31,29.49
338,30.31,29.49
781,30.31,29.49
333,30.31,29.49
157,30.31,29.49
211,30.31,29.49
604,30.31,29.49
730,30.31,29.49
399,30.31,29.49
553,30.31,29.49
432,30.31,29.49
496,30.31,29.49
537,30.29,29.49
129,30.29,29.49
293,30.29,29.49
316,30.29,29.49
515,30.29,29.49
657,30.29,29.49
193,30.29,29.49
782,30.29,29.49
465,30.29,29.49
697,30.29,29.49
160,30.29,29.49
445,30.29,29.49
799,30.29,29.49
440,30.29,29.49
415,30.29,29.49
443,30.29,29.49
466,30.29,29.49
378,30.29,29.49
340,30.29,29.49
642,30.29,29.49
273,30.29,29.49
272,30.29,29.49
591,30.29,29.49
130,30.29,29.55
620,30.29,29.55
129,30.29,29.55
480,30.29,29.55
453,30.29,29.55
777,30.29,29.55
345,30.29,29.55
640,30.29,29.55
359,30.29,29.55
396,30.29,29.55
513,30.29,29.55
129,30.29,29.55
634,30.29,29.55
415,30.29,29.55
479,30.29,29.55
895,30.29,29.55
615,30.29,29.55
367,30.29,29.55
786,30.29,29.55
334,30.29,29.55
782,30.29,29.55
179,30.29,29.55
774,30.29,29.55
754,30.29,29.55
272,30.29,29.55
723,30.29,29.55
201,30.29,29.55
683,30.29,29.55
202,30.29,29.55
593,30.29,29.55
428,30.29,29.55
540,30.29,29.55
593,30.29,29.55
395,30.29,29.55
853,30.29,29.55
576,30.29,29.55
242,30.29,29.55
557,30.29,29.55
374,30.29,29.55
373,30.29,29.55
704,30.29,29.55
144,30.29,29.55
827,30.29,29.55
570,30.29,29.55
804,30.29,29.55
350,30.29,29.55
299,30.29,29.55
543,30.29,29.55
317,30.29,29.55
284,30.29,29.55
237,30.29,29.55
329,30.29,29.55
132,30.29,29.55
754,30.29,29.55
374,30.29,29.55
584,30.29,29.55
812,30.29,29.55
