329,30.19,29.39
480,30.19,29.39
262,30.19,29.39
160,30.19,29.39
164,30.19,29.39
755,30.21,29.39
771,30.21,29.39
693,30.21,29.39
179,30.21,29.39
700,30.21,29.39
522,30.21,29.39
685,30.21,29.39
542,30.21,29.39
558,30.21,29.39
613,30.21,29.39
789,30.21,29.39
452,30.21,29.39
376,30.21,29.39
421,30.21,29.39
150,30.21,29.39
604,30.21,29.39
290,30.21,29.39
558,30.21,29.39
440,30.21,29.39
374,30.21,29.39
554,30.21,29.39
789,30.21,29.39
239,30.21,29.39
586,30.21,29.39
787,30.21,29.45
624,30.21,29.45
326,30.21,29.45
390,30.21,29.45
588,30.21,29.45
450,30.21,29.45
911,30.21,29.45
564,30.21,29.45
397,30.21,29.45
696,30.21,29.45
690,30.21,29.45
381,30.21,29.45
691,30.21,29.45
251,30.21,29.45
891,30.21,29.45
142,30.21,29.45
480,30.21,29.45
776,30.21,29.45
294,30.21,29.45
892,30.21,29.45
429,30.21,29.45
613,30.21,29.45
367,30.21,29.45
502,30.21,29.45
393,30.21,29.45
621,30.21,29.45
362,30.21,29.45
860,30.21,29.45
336,30.21,29.45
539,30.21,29.45
534,30.21,29.45
209,30.21,29.45
715,30.21,29.45
409,30.21,29.45
418,30.21,29.45
194,30.21,29.45
636,30.21,29.45
495,30.21,29.45
213,30.21,29.45
714,30.21,29.45
606,30.21,29.45
216,30.21,29.45
385,30.21,29.45
306,30.21,29.45
137,30.21,29.45
436,30.21,29.45
535,30.21,29.45
891,30.21,29.45
299,30.21,29.45
593,30.21,29.45
673,30.21,29.45
407,30.21,29.45
199,30.21,29.45
391,30.21,29.45
363,30.21,29.45
377,30.21,29.45
598,30.21,29.45
207,30.21,29.45
548,30.21,29.45
228,30.21,29.45
666,30.21,29.45
347,30.21,29.45
700,30.21,29.45
133,30.21,29.45
891,30.21,29.45
438,30.21,29.45
506,30.21,29.45
341,30.21,29.45
468,30.21,29.45
486,30.21,29.45
522,30.21,29.45
724,30.21,29.45
509,30.21,29.45
659,30.21,29.45
387,30.21,29.45
557,30.21,29.45
129,30.21,29.45
195,30.21,29.45
475,30.21,29.45
710,30.21,29.45
500,30.21,29.45
763,30.21,29.45
455,30.21,29.45
682,30.21,29.45
317,30.21,29.45
823,30.21,29.45
253,30.21,29.45
557,30.21,29.45
418,30.21,29.45
129,30.21,29.45
320,30.21,29.45
295,30.21,29.45
894,30.21,29.45
415,30.21,29.45
230,30.21,29.45
199,30.21,29.45
678,30.21,29.45
713,30.21,29.45
394,30.21,29.45
878,30.21,29.45
331,30.21,29.45
894,30.21,29.45
742,30.21,29.45
265,30.21,29.45
562,30.21,29.45
571,30.21,29.45
467,30.21,29.45
460,30.21,29.45
256,30.21,29.45
567,30.21,29.45
612,30.21,29.45
608,30.21,29.45
531,30.21,29.45
583,30.21,29.45
614,30.21,29.45
552,30.21,29.45
677,30.21,29.45
482,30.21,29.45
633,30.21,29.45
133,30.21,29.31
631,30.21,29.31
255,30.21,29.31
129,30.21,29.31
529,30.21,29.31
178,30.21,29.31
489,30.21,29.31
684,30.21,29.31
320,30.21,29.31
218,30.21,29.31
681,30.21,29.31
596,30.21,29.31
407,30.21,29.31
425,30.21,29.31
824,30.21,29.31
216,30.21,29.31
606,30.21,29.31
130,30.21,29.31
488,30.21,29.31
588,30.21,29.31
515,30.21,29.31
692,30.21,29.31
533,30.21,29.31
811,30.21,29.31
549,30.21,29.31
342,30.21,29.31
592,30.21,29.31
473,30.21,29.31
636,30.21,29.31
262,30.21,29.31
294,30.21,29.31
893,30.21,29.31
241,30.21,29.31
809,30.21,29.31
541,30.21,29.31
481,30.21,29.31
763,30.19,29.31
305,30.19,29.31
479,30.19,29.31
594,30.19,29.31
709,30.19,29.31
532,30.19,29.31
302,30.19,29.31
659,30.19,29.31
460,30.19,29.31
605,30.19,29.31
830,30.19,29.31
505,30.19,29.31
597,30.19,29.31
569,30.19,29.31
473,30.19,29.31
601,30.19,29.31
768,30.19,29.31
712,30.19,29.31
219,30.19,29.31
637,30.19,29.31
683,30.19,29.31
813,30.19,29.31
431,30.19,29.31
465,30.19,29.31
791,30.19,29.45
630,30.19,29.45
375,30.19,29.45
691,30.19,29.45
723,30.19,29.45
574,30.19,29.45
519,30.19,29.45
341,30.19,29.45
282,30.19,29.45
380,30.19,29.45
132,30.19,29.45
534,30.19,29.45
495,30.19,29.45
790,30.19,29.45
894,30.19,29.45
382,30.19,29.45
521,30.19,29.45
523,30.19,29.45
613,30.19,29.45
657,30.19,29.45
318,30.19,29.45
893,30.19,29.45
537,30.19,29.45
478,30.19,29.45
520,30.19,29.45
544,30.19,29.45
538,30.19,29.45
443,30.19,29.45
477,30.19,29.45
664,30.19,29.45
519,30.19,29.45
367,30.19,29.45
391,30.19,29.45
677,30.19,29.45
236,30.19,29.45
630,30.19,29.45
542,30.25,29.45
303,30.25,29.45
584,30.25,29.45
580,30.25,29.45
613,30.25,29.45
244,30.25,29.45
537,30.25,29.45
703,30.25,29.45
668,30.25,29.45
722,30.25,29.45
429,30.25,29.45
672,30.25,29.45
397,30.25,29.45
341,30.25,29.45
530,30.25,29.45
241,30.25,29.45
432,30.25,29.45
786,30.25,29.45
656,30.25,29.45
576,30.25,29.45
455,30.25,29.45
787,30.25,29.45
291,30.25,29.45
538,30.25,29.45
449,30.25,29.45
320,30.25,29.45
803,30.25,29.45
477,30.25,29.45
684,30.25,29.45
399,30.25,29.45
647,30.25,29.45
436,30.25,29.45
683,30.25,29.45
477,30.25,29.45
686,30.25,29.45
235,30.25,29.45
871,30.25,29.45
506,30.25,29.45
153,30.25,29.45
162,30.25,29.45
535,30.25,29.45
491,30.25,29.45
596,30.25,29.45
599,30.25,29.45
705,30.25,29.45
894,30.25,29.45
392,30.25,29.45
758,30.25,29.45
420,30.25,29.45
543,30.25,29.45
698,30.25,29.45
511,30.25,29.45
447,30.25,29.45
527,30.25,29.45
130,30.25,29.45
541,30.25,29.45
188,30.25,29.45
130,30.25,29.45
806,30.25,29.45
129,30.25,29.45
644,30.25,29.45
129,30.25,29.45
740,30.25,29.45
434,30.25,29.45
588,30.25,29.45
182,30.25,29.45
412,30.25,29.45
506,30.25,29.45
512,30.25,29.45
480,30.25,29.45
700,30.25,29.45
496,30.25,29.45
510,30.25,29.45
492,30.25,29.45
365,30.25,29.45
638,30.25,29.45
475,30.25,29.45
850,30.25,29.45
580,30.25,29.45
894,30.25,29.45
749,30.25,29.45
666,30.25,29.45
700,30.25,29.45
894,30.25,29.63
349,30.25,29.63
369,30.25,29.63
893,30.25,29.63
319,30.25,29.63
862,30.25,29.63
141,30.25,29.63
521,30.25,29.63
328,30.25,29.63
517,30.25,29.63
589,30.25,29.63
223,30.25,29.63
364,30.25,29.63
130,30.25,29.63
417,30.25,29.63
652,30.25,29.63
192,30.25,29.63
604,30.25,29.63
726,30.25,29.63
212,30.25,29.63
797,30.25,29.63
377,30.25,29.63
895,30.25,29.63
574,30.25,29.63
511,30.25,29.63
660,30.25,29.63
580,30.25,29.63
823,30.25,29.63
659,30.25,29.63
753,30.25,29.63
893,30.25,29.63
748,30.25,29.63
456,30.25,29.63
830,30.25,29.63
696,30.25,29.63
792,30.25,29.63
357,30.25,29.63
493,30.25,29.63
142,30.25,29.63
894,30.25,29.63
188,30.25,29.63
396,30.25,29.63
590,30.25,29.63
660,30.25,29.63
894,30.25,29.63
317,30.25,29.63
599,30.25,29.63
651,30.25,29.63
720,30.25,29.63
349,30.25,29.63
789,30.25,29.63
705,30.25,29.63
525,30.25,29.63
512,30.25,29.63
407,30.25,29.63
611,30.25,29.63
425,30.25,29.63
205,30.25,29.63
685,30.25,29.63
640,30.25,29.63
331,30.25,29.55
604,30.25,29.55
133,30.25,29.55
657,30.25,29.55
348,30.25,29.55
213,30.25,29.55
563,30.25,29.55
685,30.25,29.55
797,30.25,29.55
268,30.25,29.55
730,30.25,29.55
652,30.25,29.55
815,30.25,29.55
631,30.25,29.55
723,30.25,29.55
690,30.25,29.55
571,30.25,29.55
491,30.25,29.55
336,30.25,29.55
129,30.25,29.55
494,30.25,29.55
325,30.25,29.55
484,30.25,29.55
610,30.25,29.55
400,30.25,29.55
343,30.25,29.55
572,30.25,29.55
590,30.25,29.55
290,30.25,29.55
410,30.25,29.55
457,30.25,29.55
