554,30.39,29.71
600,30.39,29.71
293,30.39,29.71
484,30.39,29.71
171,30.39,29.71
534,30.39,29.71
702,30.39,29.71
159,30.39,29.71
481,30.39,29.71
243,30.39,29.71
815,30.39,29.71
476,30.39,29.71
603,30.39,29.71
302,30.39,29.71
545,30.39,29.71
530,30.39,29.57
423,30.39,29.57
134,30.39,29.57
469,30.39,29.57
579,30.39,29.57
448,30.39,29.57
775,30.39,29.57
715,30.39,29.57
693,30.39,29.57
398,30.39,29.57
610,30.39,29.57
287,30.39,29.57
291,30.39,29.57
230,30.39,29.57
569,30.39,29.57
674,30.39,29.57
710,30.39,29.57
420,30.39,29.57
790,30.39,29.57
442,30.39,29.57
705,30.39,29.57
496,30.39,29.57
491,30.39,29.57
636,30.39,29.57
472,30.39,29.57
894,30.39,29.57
416,30.39,29.57
373,30.39,29.57
488,30.39,29.57
581,30.39,29.57
602,30.39,29.57
230,30.39,29.57
593,30.39,29.57
155,30.39,29.57
452,30.39,29.57
785,30.39,29.57
823,30.35,29.57
512,30.35,29.57
255,30.35,29.57
660,30.35,29.57
281,30.35,29.57
378,30.35,29.57
574,30.35,29.57
366,30.35,29.57
630,30.35,29.57
322,30.35,29.57
466,30.35,29.57
789,30.35,29.57
545,30.35,29.57
777,30.35,29.57
352,30.35,29.57
636,30.35,29.57
655,30.35,29.57
367,30.35,29.57
606,30.35,29.57
479,30.35,29.57
524,30.35,29.57
733,30.35,29.57
407,30.35,29.57
179,30.35,29.63
321,30.35,29.63
156,30.35,29.63
438,30.35,29.63
588,30.35,29.63
480,30.35,29.63
687,30.35,29.63
556,30.35,29.63
444,30.35,29.63
681,30.35,29.63
379,30.35,29.63
322,30.35,29.63
371,30.35,29.63
596,30.35,29.63
509,30.35,29.63
615,30.35,29.63
837,30.35,29.63
891,30.35,29.63
572,30.35,29.63
403,30.35,29.63
264,30.35,29.63
692,30.35,29.63
250,30.35,29.63
782,30.35,29.63
530,30.35,29.63
214,30.35,29.63
892,30.35,29.63
130,30.35,29.63
462,30.35,29.63
591,30.35,29.63
237,30.35,29.63
671,30.35,29.63
851,30.35,29.63
891,30.35,29.63
705,30.35,29.63
641,30.35,29.63
572,30.35,29.63
644,30.35,29.63
307,30.35,29.63
561,30.35,29.63
879,30.35,29.63
720,30.35,29.63
494,30.35,29.63
706,30.35,29.63
312,30.35,29.63
771,30.35,29.63
359,30.35,29.63
400,30.35,29.63
728,30.35,29.63
495,30.35,29.63
634,30.35,29.63
641,30.35,29.63
725,30.35,29.63
543,30.35,29.63
639,30.35,29.63
412,30.35,29.63
691,30.35,29.63
565,30.35,29.63
543,30.35,29.63
795,30.35,29.63
654,30.35,29.55
363,30.35,29.55
605,30.35,29.55
244,30.35,29.55
134,30.35,29.55
521,30.35,29.55
129,30.35,29.55
832,30.35,29.55
155,30.35,29.55
817,30.35,29.55
282,30.35,29.55
318,30.35,29.55
393,30.35,29.55
197,30.35,29.55
895,30.35,29.55
231,30.35,29.55
328,30.35,29.55
761,30.35,29.55
386,30.35,29.55
691,30.35,29.55
615,30.35,29.55
607,30.35,29.55
867,30.35,29.55
130,30.35,29.55
769,30.35,29.55
420,30.35,29.55
559,30.35,29.55
368,30.35,29.55
663,30.35,29.55
371,30.35,29.55
532,30.35,29.55
624,30.35,29.55
659,30.35,29.55
595,30.35,29.55
392,30.35,29.55
460,30.35,29.55
485,30.39,29.55
529,30.39,29.55
828,30.39,29.55
406,30.39,29.55
318,30.39,29.55
598,30.39,29.55
438,30.39,29.55
621,30.39,29.55
666,30.39,29.55
730,30.39,29.55
771,30.39,29.55
133,30.39,29.55
389,30.39,29.55
325,30.39,29.55
578,30.39,29.55
487,30.39,29.55
554,30.39,29.55
879,30.39,29.55
891,30.39,29.55
796,30.39,29.55
671,30.39,29.55
489,30.39,29.55
431,30.39,29.55
581,30.39,29.55
320,30.39,29.77
819,30.39,29.77
383,30.39,29.77
771,30.39,29.77
706,30.39,29.77
826,30.39,29.77
411,30.39,29.77
847,30.39,29.77
518,30.39,29.77
469,30.39,29.77
747,30.39,29.77
386,30.39,29.77
357,30.39,29.77
429,30.39,29.77
406,30.39,29.77
344,30.39,29.77
383,30.39,29.77
498,30.39,29.77
691,30.39,29.77
482,30.39,29.77
648,30.39,29.77
224,30.39,29.77
596,30.39,29.77
402,30.39,29.77
894,30.39,29.77
514,30.39,29.77
626,30.39,29.77
750,30.39,29.77
343,30.39,29.77
894,30.39,29.77
586,30.39,29.77
895,30.39,29.77
666,30.39,29.77
608,30.39,29.77
542,30.39,29.77
333,30.39,29.77
569,30.41,29.77
611,30.41,29.77
147,30.41,29.77
661,30.41,29.77
417,30.41,29.77
864,30.41,29.77
225,30.41,29.77
211,30.41,29.77
355,30.41,29.77
402,30.41,29.77
397,30.41,29.77
170,30.41,29.77
507,30.41,29.77
439,30.41,29.77
437,30.41,29.77
400,30.41,29.77
793,30.41,29.77
702,30.41,29.77
416,30.41,29.77
758,30.41,29.77
188,30.41,29.77
342,30.41,29.77
536,30.41,29.77
567,30.41,29.55
825,30.41,29.55
498,30.41,29.55
369,30.41,29.55
164,30.41,29.55
130,30.41,29.55
691,30.41,29.55
162,30.41,29.55
478,30.41,29.55
130,30.41,29.55
435,30.41,29.55
368,30.41,29.55
329,30.41,29.55
172,30.41,29.55
403,30.41,29.55
405,30.41,29.55
711,30.41,29.55
706,30.41,29.55
436,30.41,29.55
748,30.41,29.55
773,30.41,29.55
893,30.41,29.55
343,30.41,29.55
625,30.41,29.55
417,30.41,29.55
699,30.41,29.55
586,30.41,29.55
417,30.41,29.55
720,30.41,29.55
443,30.41,29.55
325,30.41,29.55
264,30.41,29.55
641,30.41,29.55
608,30.41,29.55
250,30.41,29.55
258,30.41,29.55
554,30.41,29.55
228,30.41,29.55
680,30.41,29.55
466,30.41,29.55
881,30.41,29.55
651,30.41,29.55
687,30.41,29.55
514,30.41,29.55
598,30.41,29.55
609,30.41,29.55
387,30.41,29.55
659,30.41,29.55
155,30.41,29.55
892,30.41,29.55
559,30.41,29.55
351,30.41,29.55
510,30.41,29.55
730,30.41,29.55
189,30.41,29.55
132,30.41,29.55
585,30.41,29.55
240,30.41,29.55
418,30.41,29.55
385,30.41,29.55
227,30.41,29.55
592,30.41,29.55
532,30.41,29.55
631,30.41,29.55
548,30.41,29.55
259,30.41,29.55
889,30.41,29.55
385,30.41,29.55
594,30.41,29.55
521,30.41,29.55
353,30.41,29.55
788,30.41,29.55
468,30.41,29.55
375,30.41,29.55
483,30.41,29.55
729,30.41,29.55
324,30.41,29.55
466,30.41,29.55
371,30.41,29.55
407,30.41,29.55
459,30.41,29.55
698,30.41,29.55
616,30.41,29.55
311,30.41,29.55
496,30.41,29.55
691,30.41,29.55
651,30.41,29.55
170,30.41,29.55
259,30.41,29.55
130,30.41,29.55
473,30.41,29.55
130,30.41,29.55
435,30.41,29.55
142,30.41,29.55
235,30.41,29.55
876,30.41,29.55
462,30.39,29.55
486,30.39,29.55
724,30.39,29.55
557,30.39,29.55
621,30.39,29.55
784,30.39,29.55
201,30.39,29.55
771,30.39,29.55
420,30.39,29.55
668,30.39,29.55
354,30.39,29.55
443,30.39,29.55
891,30.39,29.55
609,30.39,29.55
334,30.39,29.55
634,30.39,29.55
557,30.39,29.55
809,30.39,29.55
639,30.39,29.55
402,30.39,29.55
621,30.39,29.55
142,30.39,29.55
522,30.39,29.55
280,30.39,29.55
758,30.39,29.55
627,30.39,29.55
324,30.39,29.55
679,30.39,29.55
388,30.39,29.55
717,30.39,29.55
491,30.39,29.55
131,30.39,29.55
659,30.39,29.55
518,30.39,29.55
469,30.39,29.55
788,30.39,29.55
267,30.39,29.55
891,30.39,29.55
382,30.39,29.55
426,30.39,29.55
425,30.39,29.55
778,30.39,29.55
889,30.39,29.55
686,30.39,29.55
484,30.39,29.55
871,30.39,29.55
691,30.39,29.55
563,30.39,29.55
517,30.39,29.55
203,30.39,29.55
631,30.39,29.55
315,30.39,29.55
538,30.39,29.55
431,30.39,29.55
618,30.39,29.55
456,30.39,29.55
709,30.39,29.55
759,30.39,29.55
516,30.39,29.55
334,30.39,29.55
553,30.35,29.55
451,30.35,29.55
625,30.35,29.55
740,30.35,29.55
398,30.35,29.55
728,30.35,29.55
337,30.35,29.55
686,30.35,29.55
644,30.35,29.55
