366,29.99,29.17
803,29.99,29.19
131,29.99,29.19
717,29.99,29.19
505,29.99,29.19
395,29.99,29.19
821,29.99,29.19
180,29.99,29.19
331,29.99,29.19
688,29.99,29.19
538,29.99,29.19
414,29.99,29.19
416,29.99,29.19
182,29.99,29.19
370,29.99,29.19
209,29.99,29.19
892,29.99,29.19
393,29.99,29.19
406,29.99,29.19
395,29.99,29.19
569,29.99,29.19
134,29.99,29.19
821,29.99,29.19
533,29.99,29.19
894,29.99,29.19
380,29.99,29.19
324,29.99,29.19
816,29.99,29.19
321,29.99,29.19
859,29.99,29.19
513,29.99,29.19
878,29.99,29.19
588,29.99,29.19
619,29.99,29.19
493,29.99,29.19
319,29.99,29.19
459,29.99,29.19
620,29.99,29.19
463,29.99,29.19
747,29.99,29.19
609,29.99,29.19
314,29.99,29.19
532,29.99,29.19
236,29.99,29.19
755,29.99,29.19
275,29.99,29.19
549,29.99,29.19
537,29.99,29.19
544,29.99,29.19
718,29.99,29.19
322,29.99,29.19
580,29.99,29.19
661,29.99,29.19
894,29.99,29.19
231,29.99,29.19
776,29.99,29.19
437,29.99,29.19
844,29.99,29.19
460,29.99,29.19
520,29.99,29.19
698,29.99,29.19
543,29.99,29.19
684,29.99,29.19
753,29.99,29.19
399,29.99,29.19
368,29.99,29.19
530,29.99,29.19
212,29.99,29.19
561,29.99,29.19
355,29.99,29.19
736,29.99,29.19
134,29.99,29.19
605,29.99,29.19
491,29.99,29.19
363,29.99,29.19
759,29.99,29.19
400,29.99,29.19
553,29.99,29.19
806,29.99,29.19
639,29.99,29.19
550,29.99,29.19
577,29.99,29.19
457,29.99,29.19
511,29.99,29.19
130,29.99,29.19
734,29.99,29.19
407,29.99,29.19
545,29.99,29.19
328,29.99,29.19
493,29.99,29.19
586,29.99,29.19
459,29.99,29.19
576,29.99,29.19
326,29.99,29.19
569,29.99,29.19
311,29.99,29.19
339,30.01,29.19
363,30.01,29.19
893,30.01,29.19
679,30.01,29.19
600,30.01,29.19
254,30.01,29.19
616,30.01,29.19
523,30.01,29.19
426,30.01,29.19
614,30.01,29.19
477,30.01,29.19
815,30.01,29.19
685,30.01,29.19
392,30.01,29.19
453,30.01,29.19
799,30.01,29.19
333,30.01,29.19
522,30.01,29.19
131,30.01,29.19
702,30.01,29.19
834,30.01,29.19
334,30.01,29.19
769,30.01,29.19
523,30.01,29.19
708,30.01,29.31
398,30.01,29.31
753,30.01,29.31
793,30.01,29.31
697,30.01,29.31
308,30.01,29.31
504,30.01,29.31
415,30.01,29.31
817,30.01,29.31
518,30.01,29.31
721,30.01,29.31
676,30.01,29.31
865,30.01,29.31
646,30.01,29.31
132,30.01,29.31
669,30.01,29.31
129,30.01,29.31
562,30.01,29.31
496,30.01,29.31
445,30.01,29.31
818,30.01,29.31
315,30.01,29.31
583,30.01,29.31
662,30.01,29.31
277,30.01,29.31
469,30.01,29.31
380,30.01,29.31
189,30.01,29.31
498,30.01,29.31
317,30.01,29.31
685,30.01,29.31
130,30.01,29.31
744,30.01,29.31
727,30.01,29.31
441,30.01,29.31
553,30.01,29.31
741,30.03,29.31
712,30.03,29.31
517,30.03,29.31
339,30.03,29.31
670,30.03,29.31
455,30.03,29.31
611,30.03,29.31
687,30.03,29.31
309,30.03,29.31
359,30.03,29.31
237,30.03,29.31
431,30.03,29.31
312,30.03,29.31
426,30.03,29.31
517,30.03,29.31
389,30.03,29.31
526,30.03,29.31
473,30.03,29.31
367,30.03,29.31
591,30.03,29.31
589,30.03,29.31
847,30.03,29.31
894,30.03,29.31
499,30.03,29.31
679,30.03,29.19
893,30.03,29.19
649,30.03,29.19
886,30.03,29.19
318,30.03,29.19
739,30.03,29.19
460,30.03,29.19
594,30.03,29.19
775,30.03,29.19
674,30.03,29.19
832,30.03,29.19
406,30.03,29.19
612,30.03,29.19
530,30.03,29.19
304,30.03,29.19
849,30.03,29.19
468,30.03,29.19
457,30.03,29.19
282,30.03,29.19
560,30.03,29.19
523,30.03,29.19
230,30.03,29.19
888,30.03,29.19
517,30.03,29.19
269,30.03,29.19
864,30.03,29.19
322,30.03,29.19
518,30.03,29.19
632,30.03,29.19
318,30.03,29.19
749,30.03,29.19
452,30.03,29.19
646,30.03,29.19
417,30.03,29.19
424,30.03,29.19
359,30.03,29.19
545,30.03,29.19
723,30.03,29.19
746,30.03,29.19
463,30.03,29.19
527,30.03,29.19
444,30.03,29.19
425,30.03,29.19
776,30.03,29.19
794,30.03,29.19
603,30.03,29.19
529,30.03,29.19
448,30.03,29.19
324,30.03,29.19
401,30.03,29.19
295,30.03,29.19
276,30.03,29.19
191,30.03,29.19
129,30.03,29.19
369,30.03,29.19
460,30.03,29.19
576,30.03,29.19
456,30.03,29.19
625,30.03,29.19
349,30.03,29.31
738,30.03,29.31
667,30.03,29.31
239,30.03,29.31
655,30.03,29.31
253,30.03,29.31
693,30.03,29.31
370,30.03,29.31
584,30.03,29.31
656,30.03,29.31
717,30.03,29.31
588,30.03,29.31
423,30.03,29.31
230,30.03,29.31
374,30.03,29.31
378,30.03,29.31
658,30.03,29.31
444,30.03,29.31
598,30.03,29.31
431,30.03,29.31
437,30.03,29.31
581,30.03,29.31
466,30.03,29.31
131,30.03,29.31
500,30.03,29.31
893,30.03,29.31
499,30.03,29.31
131,30.03,29.31
661,30.03,29.31
798,30.03,29.31
143,30.03,29.31
609,30.03,29.31
421,30.03,29.31
617,30.03,29.31
345,30.03,29.31
712,30.03,29.31
540,30.03,29.31
491,30.01,29.31
568,30.01,29.31
203,30.01,29.31
674,30.01,29.31
129,30.01,29.31
592,30.01,29.31
336,30.01,29.31
414,30.01,29.31
576,30.01,29.31
430,30.01,29.31
395,30.01,29.31
447,30.01,29.31
560,30.01,29.31
769,30.01,29.31
268,30.01,29.31
759,30.01,29.31
594,30.01,29.31
550,30.01,29.31
605,30.01,29.31
277,30.01,29.31
880,30.01,29.31
368,30.01,29.31
687,30.01,29.31
130,30.01,29.19
381,30.01,29.19
191,30.01,29.19
299,30.01,29.19
645,30.01,29.19
347,30.01,29.19
732,30.01,29.19
879,30.01,29.19
411,30.01,29.19
595,30.01,29.19
725,30.01,29.19
391,30.01,29.19
517,30.01,29.19
128,30.01,29.19
714,30.01,29.19
130,30.01,29.19
527,30.01,29.19
376,30.01,29.19
611,30.01,29.19
500,30.01,29.19
337,30.01,29.19
592,30.01,29.19
516,30.01,29.19
629,30.01,29.19
531,30.01,29.19
468,30.01,29.19
582,30.01,29.19
813,30.01,29.19
259,30.01,29.19
891,30.01,29.19
204,30.01,29.19
528,30.01,29.19
408,30.01,29.19
207,30.01,29.19
308,30.01,29.19
447,30.01,29.19
644,30.03,29.19
338,30.03,29.19
131,30.03,29.19
556,30.03,29.19
894,30.03,29.19
379,30.03,29.19
894,30.03,29.19
593,30.03,29.19
632,30.03,29.19
777,30.03,29.19
426,30.03,29.19
760,30.03,29.19
485,30.03,29.19
468,30.03,29.19
881,30.03,29.19
439,30.03,29.19
711,30.03,29.19
660,30.03,29.19
188,30.03,29.19
706,30.03,29.19
331,30.03,29.19
802,30.03,29.19
133,30.03,29.19
793,30.03,29.19
365,30.03,29.43
129,30.03,29.43
894,30.03,29.43
138,30.03,29.43
667,30.03,29.43
523,30.03,29.43
368,30.03,29.43
417,30.03,29.43
628,30.03,29.43
894,30.03,29.43
736,30.03,29.43
257,30.03,29.43
449,30.03,29.43
472,30.03,29.43
515,30.03,29.43
500,30.03,29.43
272,30.03,29.43
895,30.03,29.43
424,30.03,29.43
579,30.03,29.43
371,30.03,29.43
473,30.03,29.43
404,30.03,29.43
613,30.03,29.43
371,30.03,29.43
576,30.03,29.43
598,30.03,29.43
386,30.03,29.43
894,30.03,29.43
462,30.03,29.43
783,30.03,29.43
318,30.03,29.43
676,30.03,29.43
513,30.03,29.43
457,30.03,29.43
711,30.03,29.43
578,30.01,29.43
480,30.01,29.43
640,30.01,29.43
460,30.01,29.43
644,30.01,29.43
490,30.01,29.43
430,30.01,29.43
603,30.01,29.43
280,30.01,29.43
633,30.01,29.43
159,30.01,29.43
385,30.01,29.43
245,30.01,29.43
664,30.01,29.43
673,30.01,29.43
444,30.01,29.43
751,30.01,29.43
618,30.01,29.43
532,30.01,29.43
476,30.01,29.43
471,30.01,29.43
622,30.01,29.43
135,30.01,29.43
