555,30.39,29.57
892,30.39,29.57
434,30.39,29.57
375,30.39,29.57
484,30.39,29.57
260,30.39,29.57
146,30.39,29.57
514,30.39,29.57
438,30.39,29.57
342,30.39,29.57
722,30.39,29.57
454,30.39,29.57
676,30.39,29.57
698,30.39,29.57
624,30.39,29.57
520,30.39,29.57
153,30.39,29.57
459,30.39,29.57
409,30.39,29.57
241,30.39,29.57
501,30.39,29.57
538,30.39,29.57
279,30.39,29.57
716,30.39,29.57
322,30.39,29.57
664,30.39,29.57
423,30.39,29.57
334,30.39,29.57
368,30.39,29.57
503,30.39,29.57
891,30.39,29.57
864,30.39,29.57
603,30.39,29.57
234,30.39,29.57
889,30.39,29.57
564,30.39,29.57
434,30.39,29.57
476,30.39,29.57
530,30.39,29.57
718,30.39,29.57
405,30.39,29.57
437,30.39,29.57
680,30.39,29.57
155,30.39,29.57
892,30.39,29.57
600,30.39,29.57
132,30.39,29.57
876,30.39,29.57
131,30.39,29.57
613,30.39,29.57
132,30.39,29.57
359,30.39,29.57
301,30.39,29.57
282,30.39,29.57
667,30.39,29.57
571,30.39,29.57
442,30.39,29.57
667,30.39,29.57
525,30.39,29.57
727,30.39,29.57
448,30.39,29.57
601,30.39,29.57
336,30.39,29.57
685,30.39,29.57
859,30.39,29.57
404,30.39,29.57
520,30.39,29.57
609,30.39,29.57
536,30.39,29.57
207,30.39,29.57
542,30.39,29.57
319,30.39,29.57
649,30.39,29.57
505,30.39,29.57
635,30.39,29.57
694,30.39,29.57
288,30.39,29.57
503,30.39,29.57
488,30.39,29.57
220,30.39,29.69
178,30.39,29.69
269,30.39,29.69
614,30.39,29.69
189,30.39,29.69
808,30.39,29.69
889,30.39,29.69
237,30.39,29.69
744,30.39,29.69
854,30.39,29.69
436,30.39,29.69
458,30.39,29.69
343,30.39,29.69
882,30.39,29.69
442,30.39,29.69
364,30.39,29.69
839,30.39,29.69
364,30.39,29.69
438,30.39,29.69
272,30.39,29.69
415,30.39,29.69
449,30.39,29.69
514,30.39,29.69
713,30.39,29.69
133,30.39,29.69
430,30.39,29.69
413,30.39,29.69
568,30.39,29.69
488,30.39,29.69
397,30.39,29.69
714,30.39,29.69
442,30.39,29.69
656,30.39,29.69
571,30.39,29.69
335,30.39,29.69
665,30.39,29.69
379,30.39,29.69
532,30.39,29.69
407,30.39,29.69
274,30.39,29.69
492,30.39,29.69
377,30.39,29.69
731,30.39,29.69
551,30.39,29.69
491,30.39,29.69
788,30.39,29.69
486,30.39,29.69
620,30.39,29.69
417,30.39,29.69
359,30.39,29.69
387,30.39,29.69
320,30.39,29.69
583,30.39,29.69
548,30.39,29.69
377,30.39,29.69
808,30.39,29.69
750,30.39,29.69
623,30.39,29.69
370,30.39,29.69
346,30.39,29.45
484,30.39,29.45
457,30.39,29.45
412,30.39,29.45
348,30.39,29.45
456,30.39,29.45
476,30.39,29.45
610,30.39,29.45
182,30.39,29.45
309,30.39,29.45
474,30.39,29.45
463,30.39,29.45
624,30.39,29.45
514,30.39,29.45
605,30.39,29.45
443,30.39,29.45
660,30.39,29.45
509,30.39,29.45
662,30.39,29.45
682,30.39,29.45
702,30.39,29.45
683,30.39,29.45
678,30.39,29.45
476,30.39,29.45
394,30.39,29.45
188,30.39,29.45
842,30.39,29.45
443,30.39,29.45
137,30.39,29.45
370,30.39,29.45
131,30.39,29.45
481,30.39,29.45
239,30.39,29.45
503,30.39,29.45
407,30.39,29.45
232,30.39,29.45
608,30.39,29.45
770,30.39,29.45
371,30.39,29.45
689,30.39,29.45
201,30.39,29.45
430,30.39,29.45
555,30.39,29.45
607,30.39,29.45
528,30.39,29.45
252,30.39,29.45
209,30.39,29.45
214,30.39,29.45
202,30.39,29.45
539,30.39,29.45
565,30.39,29.45
517,30.39,29.45
371,30.39,29.45
489,30.39,29.45
811,30.39,29.45
632,30.39,29.45
699,30.39,29.45
710,30.39,29.45
159,30.39,29.45
763,30.39,29.45
318,30.39,29.63
737,30.39,29.63
226,30.39,29.63
680,30.39,29.63
405,30.39,29.63
205,30.39,29.63
585,30.39,29.63
458,30.39,29.63
527,30.39,29.63
687,30.39,29.63
703,30.39,29.63
144,30.39,29.63
894,30.39,29.63
450,30.39,29.63
574,30.39,29.63
430,30.39,29.63
383,30.39,29.63
486,30.39,29.63
820,30.39,29.63
893,30.39,29.63
640,30.39,29.63
440,30.39,29.63
834,30.39,29.63
463,30.39,29.63
431,30.39,29.63
554,30.39,29.63
281,30.39,29.63
891,30.39,29.63
581,30.39,29.63
875,30.39,29.63
736,30.39,29.63
487,30.39,29.63
741,30.39,29.63
346,30.39,29.63
182,30.39,29.63
304,30.39,29.63
286,30.35,29.63
412,30.35,29.63
802,30.35,29.63
421,30.35,29.63
791,30.35,29.63
374,30.35,29.63
860,30.35,29.63
560,30.35,29.63
457,30.35,29.63
675,30.35,29.63
623,30.35,29.63
483,30.35,29.63
581,30.35,29.63
322,30.35,29.63
467,30.35,29.63
742,30.35,29.63
688,30.35,29.63
727,30.35,29.63
482,30.35,29.63
891,30.35,29.63
532,30.35,29.63
695,30.35,29.63
130,30.35,29.63
408,30.35,29.63
522,30.35,29.51
193,30.35,29.51
754,30.35,29.51
685,30.35,29.51
681,30.35,29.51
763,30.35,29.51
179,30.35,29.51
302,30.35,29.51
292,30.35,29.51
130,30.35,29.51
343,30.35,29.51
242,30.35,29.51
893,30.35,29.51
464,30.35,29.51
458,30.35,29.51
367,30.35,29.51
723,30.35,29.51
732,30.35,29.51
486,30.35,29.51
663,30.35,29.51
636,30.35,29.51
511,30.35,29.51
251,30.35,29.51
432,30.35,29.51
626,30.35,29.51
548,30.35,29.51
391,30.35,29.51
636,30.35,29.51
811,30.35,29.51
892,30.35,29.51
664,30.35,29.51
731,30.35,29.51
571,30.35,29.51
398,30.35,29.51
654,30.35,29.51
152,30.35,29.51
827,30.41,29.51
422,30.41,29.51
554,30.41,29.51
410,30.41,29.51
533,30.41,29.51
679,30.41,29.51
479,30.41,29.51
524,30.41,29.51
491,30.41,29.51
405,30.41,29.51
389,30.41,29.51
382,30.41,29.51
235,30.41,29.51
721,30.41,29.51
418,30.41,29.51
515,30.41,29.51
458,30.41,29.51
802,30.41,29.51
535,30.41,29.51
670,30.41,29.51
465,30.41,29.51
714,30.41,29.51
207,30.41,29.51
374,30.41,29.69
895,30.41,29.69
703,30.41,29.69
524,30.41,29.69
865,30.41,29.69
550,30.41,29.69
705,30.41,29.69
283,30.41,29.69
659,30.41,29.69
303,30.41,29.69
298,30.41,29.69
704,30.41,29.69
133,30.41,29.69
793,30.41,29.69
242,30.41,29.69
521,30.41,29.69
587,30.41,29.69
256,30.41,29.69
749,30.41,29.69
650,30.41,29.69
879,30.41,29.69
432,30.41,29.69
153,30.41,29.69
520,30.41,29.69
536,30.41,29.69
491,30.41,29.69
818,30.41,29.69
290,30.41,29.69
664,30.41,29.69
361,30.41,29.69
409,30.41,29.69
427,30.41,29.69
407,30.41,29.69
336,30.41,29.69
669,30.41,29.69
542,30.41,29.69
412,30.41,29.69
667,30.41,29.69
181,30.41,29.69
604,30.41,29.69
466,30.41,29.69
600,30.41,29.69
409,30.41,29.69
708,30.41,29.69
693,30.41,29.69
292,30.41,29.69
818,30.41,29.69
390,30.41,29.69
399,30.41,29.69
525,30.41,29.69
310,30.41,29.69
673,30.41,29.69
537,30.41,29.69
315,30.41,29.69
730,30.41,29.69
131,30.41,29.69
669,30.41,29.69
131,30.41,29.69
287,30.41,29.69
497,30.41,29.69
539,30.41,29.79
711,30.41,29.79
511,30.41,29.79
486,30.41,29.79
495,30.41,29.79
557,30.41,29.79
714,30.41,29.79
405,30.41,29.79
354,30.41,29.79
367,30.41,29.79
132,30.41,29.79
625,30.41,29.79
436,30.41,29.79
733,30.41,29.79
551,30.41,29.79
332,30.41,29.79
377,30.41,29.79
877,30.41,29.79
295,30.41,29.79
891,30.41,29.79
649,30.41,29.79
250,30.41,29.79
819,30.41,29.79
133,30.41,29.79
442,30.41,29.79
534,30.41,29.79
547,30.41,29.79
844,30.41,29.79
388,30.41,29.79
631,30.41,29.79
891,30.41,29.79
495,30.41,29.79
770,30.41,29.79
749,30.41,29.79
344,30.41,29.79
599,30.41,29.79
511,30.39,29.79
646,30.39,29.79
365,30.39,29.79
665,30.39,29.79
137,30.39,29.79
398,30.39,29.79
