620,30.33,29.57
581,30.33,29.57
252,30.33,29.57
720,30.33,29.57
553,30.33,29.57
892,30.33,29.57
785,30.33,29.57
776,30.33,29.57
661,30.33,29.57
481,30.33,29.57
671,30.33,29.57
336,30.33,29.57
745,30.33,29.57
540,30.33,29.57
451,30.33,29.57
504,30.33,29.57
892,30.33,29.57
337,30.33,29.57
683,30.33,29.57
331,30.33,29.57
532,30.33,29.57
155,30.33,29.57
429,30.33,29.57
634,30.31,29.57
370,30.31,29.57
791,30.31,29.57
662,30.31,29.57
530,30.31,29.57
303,30.31,29.57
889,30.31,29.57
627,30.31,29.57
601,30.31,29.57
689,30.31,29.57
760,30.31,29.57
467,30.31,29.57
671,30.31,29.57
147,30.31,29.57
321,30.31,29.57
437,30.31,29.57
469,30.31,29.57
724,30.31,29.57
612,30.31,29.57
465,30.31,29.57
655,30.31,29.57
558,30.31,29.57
281,30.31,29.57
463,30.31,29.57
130,30.31,29.55
482,30.31,29.55
344,30.31,29.55
415,30.31,29.55
674,30.31,29.55
478,30.31,29.55
367,30.31,29.55
406,30.31,29.55
611,30.31,29.55
520,30.31,29.55
136,30.31,29.55
165,30.31,29.55
361,30.31,29.55
374,30.31,29.55
239,30.31,29.55
741,30.31,29.55
807,30.31,29.55
370,30.31,29.55
793,30.31,29.55
592,30.31,29.55
710,30.31,29.55
892,30.31,29.55
311,30.31,29.55
780,30.31,29.55
248,30.31,29.55
763,30.31,29.55
377,30.31,29.55
131,30.31,29.55
238,30.31,29.55
520,30.31,29.55
448,30.31,29.55
228,30.31,29.55
894,30.31,29.55
481,30.31,29.55
653,30.31,29.55
884,30.31,29.55
608,30.35,29.55
129,30.35,29.55
893,30.35,29.55
375,30.35,29.55
894,30.35,29.55
428,30.35,29.55
424,30.35,29.55
698,30.35,29.55
568,30.35,29.55
771,30.35,29.55
722,30.35,29.55
679,30.35,29.55
632,30.35,29.55
666,30.35,29.55
390,30.35,29.55
717,30.35,29.55
442,30.35,29.55
618,30.35,29.55
512,30.35,29.55
197,30.35,29.55
364,30.35,29.55
404,30.35,29.55
248,30.35,29.55
739,30.35,29.57
131,30.35,29.57
335,30.35,29.57
418,30.35,29.57
311,30.35,29.57
885,30.35,29.57
862,30.35,29.57
453,30.35,29.57
285,30.35,29.57
756,30.35,29.57
637,30.35,29.57
389,30.35,29.57
538,30.35,29.57
296,30.35,29.57
638,30.35,29.57
339,30.35,29.57
237,30.35,29.57
690,30.35,29.57
623,30.35,29.57
492,30.35,29.57
647,30.35,29.57
212,30.35,29.57
549,30.35,29.57
465,30.35,29.57
537,30.35,29.57
613,30.35,29.57
472,30.35,29.57
806,30.35,29.57
558,30.35,29.57
475,30.35,29.57
607,30.35,29.57
320,30.35,29.57
594,30.35,29.57
799,30.35,29.57
488,30.35,29.57
623,30.35,29.57
716,30.35,29.57
129,30.31,29.57
599,30.31,29.57
461,30.31,29.57
276,30.31,29.57
398,30.31,29.57
480,30.31,29.57
894,30.31,29.57
208,30.31,29.57
523,30.31,29.57
792,30.31,29.57
232,30.31,29.57
712,30.31,29.57
191,30.31,29.57
495,30.31,29.57
737,30.31,29.57
635,30.31,29.57
730,30.31,29.57
401,30.31,29.57
130,30.31,29.57
731,30.31,29.57
391,30.31,29.57
377,30.31,29.57
403,30.31,29.57
638,30.31,29.43
480,30.31,29.43
656,30.31,29.43
644,30.31,29.43
425,30.31,29.43
894,30.31,29.43
241,30.31,29.43
570,30.31,29.43
355,30.31,29.43
128,30.31,29.43
610,30.31,29.43
587,30.31,29.43
684,30.31,29.43
669,30.31,29.43
129,30.31,29.43
559,30.31,29.43
479,30.31,29.43
598,30.31,29.43
527,30.31,29.43
448,30.31,29.43
539,30.31,29.43
479,30.31,29.43
501,30.31,29.43
181,30.31,29.43
759,30.31,29.43
458,30.31,29.43
679,30.31,29.43
586,30.31,29.43
556,30.31,29.43
894,30.31,29.43
299,30.31,29.43
410,30.31,29.43
848,30.31,29.43
366,30.31,29.43
595,30.31,29.43
487,30.31,29.43
687,30.31,29.43
703,30.31,29.43
282,30.31,29.43
748,30.31,29.43
472,30.31,29.43
892,30.31,29.43
694,30.31,29.43
850,30.31,29.43
130,30.31,29.43
357,30.31,29.43
630,30.31,29.43
251,30.31,29.43
408,30.31,29.43
382,30.31,29.43
740,30.31,29.43
231,30.31,29.43
730,30.31,29.43
722,30.31,29.43
619,30.31,29.43
453,30.31,29.43
143,30.31,29.43
584,30.31,29.43
641,30.31,29.43
248,30.31,29.43
669,30.31,29.57
168,30.31,29.57
129,30.31,29.57
600,30.31,29.57
128,30.31,29.57
719,30.31,29.57
282,30.31,29.57
805,30.31,29.57
542,30.31,29.57
519,30.31,29.57
681,30.31,29.57
551,30.31,29.57
598,30.31,29.57
171,30.31,29.57
321,30.31,29.57
525,30.31,29.57
255,30.31,29.57
432,30.31,29.57
488,30.31,29.57
131,30.31,29.57
656,30.31,29.57
128,30.31,29.57
812,30.31,29.57
318,30.31,29.57
437,30.31,29.57
823,30.31,29.57
403,30.31,29.57
879,30.31,29.57
412,30.31,29.57
688,30.31,29.57
649,30.31,29.57
702,30.31,29.57
346,30.31,29.57
837,30.31,29.57
457,30.31,29.57
892,30.31,29.57
601,30.31,29.57
387,30.31,29.57
640,30.31,29.57
506,30.31,29.57
560,30.31,29.57
507,30.31,29.57
733,30.31,29.57
463,30.31,29.57
714,30.31,29.57
274,30.31,29.57
486,30.31,29.57
128,30.31,29.57
767,30.31,29.57
362,30.31,29.57
749,30.31,29.57
556,30.31,29.57
487,30.31,29.57
634,30.31,29.57
130,30.31,29.57
466,30.31,29.57
152,30.31,29.57
434,30.31,29.57
644,30.31,29.57
592,30.31,29.49
628,30.31,29.49
733,30.31,29.49
133,30.31,29.49
893,30.31,29.49
207,30.31,29.49
620,30.31,29.49
482,30.31,29.49
308,30.31,29.49
766,30.31,29.49
315,30.31,29.49
737,30.31,29.49
224,30.31,29.49
644,30.31,29.49
131,30.31,29.49
624,30.31,29.49
311,30.31,29.49
582,30.31,29.49
684,30.31,29.49
426,30.31,29.49
562,30.31,29.49
318,30.31,29.49
381,30.31,29.49
265,30.31,29.49
608,30.31,29.49
752,30.31,29.49
494,30.31,29.49
410,30.31,29.49
699,30.31,29.49
565,30.31,29.49
651,30.31,29.49
410,30.31,29.49
784,30.31,29.49
494,30.31,29.49
603,30.31,29.49
604,30.31,29.49
181,30.31,29.49
894,30.31,29.49
130,30.31,29.49
585,30.31,29.49
528,30.31,29.49
128,30.31,29.49
499,30.31,29.49
451,30.31,29.49
557,30.31,29.49
337,30.31,29.49
486,30.31,29.49
575,30.31,29.49
262,30.31,29.49
594,30.31,29.49
819,30.31,29.49
257,30.31,29.49
727,30.31,29.49
657,30.31,29.49
812,30.31,29.49
377,30.31,29.49
507,30.31,29.49
593,30.31,29.49
128,30.31,29.49
405,30.31,29.49
304,30.31,29.49
414,30.31,29.49
460,30.31,29.49
585,30.31,29.49
427,30.31,29.49
418,30.31,29.49
641,30.31,29.49
892,30.31,29.49
428,30.31,29.49
493,30.31,29.49
548,30.31,29.49
317,30.31,29.49
485,30.31,29.49
570,30.31,29.49
683,30.31,29.49
766,30.31,29.49
894,30.31,29.49
743,30.31,29.49
895,30.31,29.49
866,30.31,29.49
509,30.31,29.49
220,30.31,29.49
509,30.31,29.49
458,30.31,29.49
665,30.31,29.49
329,30.31,29.49
637,30.31,29.49
617,30.31,29.49
279,30.31,29.49
567,30.31,29.49
410,30.31,29.49
394,30.31,29.49
244,30.31,29.49
129,30.31,29.49
346,30.31,29.49
866,30.31,29.49
551,30.33,29.49
711,30.33,29.49
286,30.33,29.49
804,30.33,29.49
782,30.33,29.49
248,30.33,29.49
881,30.33,29.49
227,30.33,29.49
674,30.33,29.49
383,30.33,29.49
511,30.33,29.49
599,30.33,29.49
136,30.33,29.49
626,30.33,29.49
365,30.33,29.49
128,30.33,29.49
385,30.33,29.49
130,30.33,29.49
758,30.33,29.49
317,30.33,29.49
471,30.33,29.49
582,30.33,29.49
128,30.33,29.49
768,30.33,29.49
370,30.33,29.75
352,30.33,29.75
661,30.33,29.75
605,30.33,29.75
510,30.33,29.75
691,30.33,29.75
696,30.33,29.75
548,30.33,29.75
689,30.33,29.75
893,30.33,29.75
604,30.33,29.75
476,30.33,29.75
726,30.33,29.75
