232,30.27,29.49
641,30.27,29.49
870,30.27,29.49
301,30.27,29.49
750,30.27,29.49
133,30.27,29.49
721,30.27,29.49
660,30.27,29.49
266,30.27,29.49
461,30.27,29.49
736,30.27,29.49
892,30.27,29.49
607,30.27,29.49
576,30.27,29.49
825,30.27,29.49
348,30.27,29.49
670,30.27,29.49
642,30.27,29.49
339,30.27,29.49
768,30.27,29.49
388,30.27,29.49
720,30.27,29.49
333,30.27,29.49
297,30.27,29.49
604,30.27,29.49
418,30.27,29.49
319,30.27,29.49
633,30.27,29.49
533,30.27,29.49
429,30.27,29.49
266,30.27,29.49
649,30.27,29.49
675,30.27,29.49
365,30.27,29.49
547,30.27,29.49
539,30.27,29.49
380,30.27,29.49
792,30.27,29.49
298,30.27,29.49
460,30.27,29.49
628,30.27,29.49
322,30.27,29.49
622,30.27,29.49
545,30.27,29.49
494,30.27,29.49
335,30.27,29.49
699,30.27,29.49
513,30.27,29.49
266,30.27,29.49
613,30.27,29.49
498,30.27,29.49
360,30.27,29.49
692,30.27,29.49
249,30.27,29.57
682,30.27,29.57
247,30.27,29.57
398,30.27,29.57
494,30.27,29.57
592,30.27,29.57
371,30.27,29.57
505,30.27,29.57
303,30.27,29.57
489,30.27,29.57
678,30.27,29.57
692,30.27,29.57
474,30.27,29.57
419,30.27,29.57
614,30.27,29.57
723,30.27,29.57
454,30.27,29.57
507,30.27,29.57
219,30.27,29.57
457,30.27,29.57
402,30.27,29.57
491,30.27,29.57
520,30.27,29.57
606,30.27,29.57
728,30.27,29.57
402,30.27,29.57
173,30.27,29.57
303,30.27,29.57
132,30.27,29.57
748,30.27,29.57
586,30.27,29.57
443,30.27,29.57
621,30.27,29.57
309,30.27,29.57
516,30.27,29.57
753,30.27,29.57
388,30.27,29.57
754,30.27,29.57
139,30.27,29.57
694,30.27,29.57
491,30.27,29.57
160,30.27,29.57
435,30.27,29.57
477,30.27,29.57
894,30.27,29.57
630,30.27,29.57
508,30.27,29.57
637,30.27,29.57
581,30.27,29.57
781,30.27,29.57
457,30.27,29.57
489,30.27,29.57
561,30.27,29.57
176,30.27,29.57
835,30.27,29.57
191,30.27,29.57
495,30.27,29.57
650,30.27,29.57
355,30.27,29.57
824,30.27,29.43
624,30.27,29.43
895,30.27,29.43
605,30.27,29.43
607,30.27,29.43
688,30.27,29.43
550,30.27,29.43
681,30.27,29.43
329,30.27,29.43
471,30.27,29.43
624,30.27,29.43
201,30.27,29.43
519,30.27,29.43
585,30.27,29.43
689,30.27,29.43
894,30.27,29.43
393,30.27,29.43
637,30.27,29.43
250,30.27,29.43
545,30.27,29.43
366,30.27,29.43
321,30.27,29.43
558,30.27,29.43
887,30.27,29.43
129,30.27,29.43
702,30.27,29.43
808,30.27,29.43
529,30.27,29.43
724,30.27,29.43
354,30.27,29.43
406,30.27,29.43
164,30.27,29.43
376,30.27,29.43
629,30.27,29.43
243,30.27,29.43
281,30.27,29.43
497,30.27,29.43
130,30.29,29.43
658,30.29,29.43
229,30.29,29.43
734,30.29,29.43
320,30.29,29.43
502,30.29,29.43
740,30.29,29.43
129,30.29,29.43
887,30.29,29.43
134,30.29,29.43
646,30.29,29.43
346,30.29,29.43
380,30.29,29.43
558,30.29,29.43
582,30.29,29.43
895,30.29,29.43
769,30.29,29.43
132,30.29,29.43
756,30.29,29.43
321,30.29,29.43
343,30.29,29.43
713,30.29,29.43
597,30.29,29.43
804,30.29,29.25
481,30.29,29.25
599,30.29,29.25
403,30.29,29.25
271,30.29,29.25
502,30.29,29.25
261,30.29,29.25
557,30.29,29.25
488,30.29,29.25
547,30.29,29.25
461,30.29,29.25
713,30.29,29.25
407,30.29,29.25
792,30.29,29.25
417,30.29,29.25
570,30.29,29.25
277,30.29,29.25
285,30.29,29.25
168,30.29,29.25
406,30.29,29.25
295,30.29,29.25
801,30.29,29.25
661,30.29,29.25
492,30.29,29.25
613,30.29,29.25
444,30.29,29.25
895,30.29,29.25
133,30.29,29.25
764,30.29,29.25
569,30.29,29.25
367,30.29,29.25
299,30.29,29.25
744,30.29,29.25
392,30.29,29.25
623,30.29,29.25
712,30.29,29.25
237,30.31,29.25
295,30.31,29.25
356,30.31,29.25
412,30.31,29.25
535,30.31,29.25
819,30.31,29.25
132,30.31,29.25
690,30.31,29.25
264,30.31,29.25
895,30.31,29.25
537,30.31,29.25
408,30.31,29.25
589,30.31,29.25
771,30.31,29.25
446,30.31,29.25
729,30.31,29.25
719,30.31,29.25
197,30.31,29.25
739,30.31,29.25
245,30.31,29.25
591,30.31,29.25
508,30.31,29.25
590,30.31,29.25
568,30.31,29.25
535,30.31,29.55
538,30.31,29.55
682,30.31,29.55
465,30.31,29.55
761,30.31,29.55
540,30.31,29.55
335,30.31,29.55
645,30.31,29.55
359,30.31,29.55
550,30.31,29.55
659,30.31,29.55
350,30.31,29.55
604,30.31,29.55
523,30.31,29.55
568,30.31,29.55
424,30.31,29.55
388,30.31,29.55
512,30.31,29.55
560,30.31,29.55
490,30.31,29.55
134,30.31,29.55
523,30.31,29.55
741,30.31,29.55
496,30.31,29.55
556,30.31,29.55
473,30.31,29.55
699,30.31,29.55
644,30.31,29.55
519,30.31,29.55
471,30.31,29.55
135,30.31,29.55
331,30.31,29.55
129,30.31,29.55
504,30.31,29.55
535,30.31,29.55
395,30.31,29.55
524,30.29,29.55
151,30.29,29.55
462,30.29,29.55
614,30.29,29.55
422,30.29,29.55
427,30.29,29.55
373,30.29,29.55
528,30.29,29.55
525,30.29,29.55
610,30.29,29.55
527,30.29,29.55
746,30.29,29.55
641,30.29,29.55
497,30.29,29.55
198,30.29,29.55
381,30.29,29.55
588,30.29,29.55
132,30.29,29.55
651,30.29,29.55
569,30.29,29.55
852,30.29,29.55
343,30.29,29.55
760,30.29,29.55
816,30.29,29.49
356,30.29,29.49
469,30.29,29.49
265,30.29,29.49
738,30.29,29.49
895,30.29,29.49
379,30.29,29.49
701,30.29,29.49
798,30.29,29.49
762,30.29,29.49
802,30.29,29.49
384,30.29,29.49
693,30.29,29.49
347,30.29,29.49
379,30.29,29.49
710,30.29,29.49
592,30.29,29.49
755,30.29,29.49
515,30.29,29.49
296,30.29,29.49
533,30.29,29.49
379,30.29,29.49
641,30.29,29.49
558,30.29,29.49
272,30.29,29.49
356,30.29,29.49
222,30.29,29.49
879,30.29,29.49
144,30.29,29.49
428,30.29,29.49
648,30.29,29.49
392,30.29,29.49
621,30.29,29.49
469,30.29,29.49
715,30.29,29.49
623,30.29,29.49
130,30.29,29.49
551,30.31,29.49
641,30.31,29.49
655,30.31,29.49
524,30.31,29.49
521,30.31,29.49
566,30.31,29.49
413,30.31,29.49
447,30.31,29.49
463,30.31,29.49
511,30.31,29.49
353,30.31,29.49
601,30.31,29.49
411,30.31,29.49
732,30.31,29.49
516,30.31,29.49
653,30.31,29.49
717,30.31,29.49
413,30.31,29.49
747,30.31,29.49
494,30.31,29.49
407,30.31,29.49
727,30.31,29.49
830,30.31,29.49
884,30.31,29.35
551,30.31,29.35
625,30.31,29.35
813,30.31,29.35
129,30.31,29.35
577,30.31,29.35
609,30.31,29.35
556,30.31,29.35
627,30.31,29.35
369,30.31,29.35
894,30.31,29.35
670,30.31,29.35
704,30.31,29.35
550,30.31,29.35
379,30.31,29.35
531,30.31,29.35
520,30.31,29.35
473,30.31,29.35
233,30.31,29.35
417,30.31,29.35
608,30.31,29.35
543,30.31,29.35
700,30.31,29.35
605,30.31,29.35
556,30.31,29.35
660,30.31,29.35
597,30.31,29.35
617,30.31,29.35
142,30.31,29.35
654,30.31,29.35
298,30.31,29.35
413,30.31,29.35
407,30.31,29.35
613,30.31,29.35
728,30.31,29.35
424,30.31,29.35
780,30.31,29.35
133,30.31,29.35
549,30.31,29.35
767,30.31,29.35
557,30.31,29.35
475,30.31,29.35
130,30.31,29.35
544,30.31,29.35
658,30.31,29.35
238,30.31,29.35
658,30.31,29.35
401,30.31,29.35
128,30.31,29.35
541,30.31,29.35
128,30.31,29.35
586,30.31,29.35
305,30.31,29.35
424,30.31,29.35
374,30.31,29.35
430,30.31,29.35
464,30.31,29.35
550,30.31,29.35
579,30.31,29.35
779,30.31,29.35
772,30.31,29.57
501,30.31,29.57
648,30.31,29.57
384,30.31,29.57
430,30.31,29.57
291,30.31,29.57
228,30.31,29.57
362,30.31,29.57
