288,30.13,29.25
578,30.13,29.25
225,30.13,29.25
659,30.13,29.25
372,30.13,29.25
504,30.13,29.25
457,30.13,29.25
573,30.13,29.25
610,30.13,29.25
541,30.13,29.25
472,30.13,29.25
198,30.13,29.25
824,30.13,29.25
544,30.13,29.25
804,30.17,29.25
289,30.17,29.25
519,30.17,29.25
728,30.17,29.25
130,30.17,29.25
767,30.17,29.25
511,30.17,29.25
374,30.17,29.25
460,30.17,29.25
586,30.17,29.25
743,30.17,29.25
789,30.17,29.25
414,30.17,29.25
530,30.17,29.25
129,30.17,29.25
709,30.17,29.25
671,30.17,29.25
683,30.17,29.25
348,30.17,29.25
463,30.17,29.25
742,30.17,29.25
325,30.17,29.25
711,30.17,29.25
508,30.17,29.39
592,30.17,29.39
518,30.17,29.39
595,30.17,29.39
275,30.17,29.39
586,30.17,29.39
477,30.17,29.39
488,30.17,29.39
293,30.17,29.39
646,30.17,29.39
695,30.17,29.39
130,30.17,29.39
288,30.17,29.39
132,30.17,29.39
134,30.17,29.39
582,30.17,29.39
584,30.17,29.39
594,30.17,29.39
837,30.17,29.39
178,30.17,29.39
815,30.17,29.39
723,30.17,29.39
348,30.17,29.39
753,30.17,29.39
497,30.17,29.39
781,30.17,29.39
478,30.17,29.39
295,30.17,29.39
280,30.17,29.39
860,30.17,29.39
895,30.17,29.39
894,30.17,29.39
491,30.17,29.39
409,30.17,29.39
605,30.17,29.39
611,30.17,29.39
216,30.17,29.39
492,30.17,29.39
655,30.17,29.39
359,30.17,29.39
541,30.17,29.39
625,30.17,29.39
836,30.17,29.39
344,30.17,29.39
583,30.17,29.39
529,30.17,29.39
728,30.17,29.39
570,30.17,29.39
601,30.17,29.39
487,30.17,29.39
407,30.17,29.39
287,30.17,29.39
539,30.17,29.39
571,30.17,29.39
393,30.17,29.39
392,30.17,29.39
682,30.17,29.39
412,30.17,29.39
531,30.17,29.39
244,30.17,29.39
172,30.17,29.49
510,30.17,29.49
545,30.17,29.49
894,30.17,29.49
611,30.17,29.49
816,30.17,29.49
664,30.17,29.49
249,30.17,29.49
443,30.17,29.49
724,30.17,29.49
548,30.17,29.49
627,30.17,29.49
392,30.17,29.49
333,30.17,29.49
707,30.17,29.49
130,30.17,29.49
572,30.17,29.49
304,30.17,29.49
295,30.17,29.49
422,30.17,29.49
696,30.17,29.49
129,30.17,29.49
409,30.17,29.49
378,30.17,29.49
129,30.17,29.49
527,30.17,29.49
150,30.17,29.49
570,30.17,29.49
689,30.17,29.49
478,30.17,29.49
688,30.17,29.49
713,30.17,29.49
380,30.17,29.49
728,30.17,29.49
499,30.17,29.49
578,30.17,29.49
584,30.17,29.49
560,30.17,29.49
769,30.17,29.49
624,30.17,29.49
514,30.17,29.49
130,30.17,29.49
681,30.17,29.49
593,30.17,29.49
623,30.17,29.49
647,30.17,29.49
587,30.17,29.49
656,30.17,29.49
548,30.17,29.49
326,30.17,29.49
301,30.17,29.49
321,30.17,29.49
571,30.17,29.49
632,30.17,29.49
466,30.17,29.49
688,30.17,29.49
508,30.17,29.49
469,30.17,29.49
366,30.17,29.49
767,30.17,29.49
346,30.17,29.25
825,30.17,29.25
354,30.17,29.25
894,30.17,29.25
519,30.17,29.25
433,30.17,29.25
586,30.17,29.25
245,30.17,29.25
622,30.17,29.25
379,30.17,29.25
382,30.17,29.25
634,30.17,29.25
692,30.17,29.25
578,30.17,29.25
574,30.17,29.25
434,30.17,29.25
806,30.17,29.25
408,30.17,29.25
894,30.17,29.25
473,30.17,29.25
640,30.17,29.25
502,30.17,29.25
385,30.17,29.25
521,30.17,29.25
166,30.17,29.25
722,30.17,29.25
295,30.17,29.25
670,30.17,29.25
597,30.17,29.25
641,30.17,29.25
883,30.17,29.25
589,30.17,29.25
129,30.17,29.25
841,30.17,29.25
174,30.17,29.25
624,30.17,29.25
806,30.19,29.25
315,30.19,29.25
875,30.19,29.25
131,30.19,29.25
416,30.19,29.25
583,30.19,29.25
816,30.19,29.25
441,30.19,29.25
267,30.19,29.25
630,30.19,29.25
853,30.19,29.25
314,30.19,29.25
333,30.19,29.25
600,30.19,29.25
406,30.19,29.25
710,30.19,29.25
131,30.19,29.25
784,30.19,29.25
615,30.19,29.25
718,30.19,29.25
547,30.19,29.25
372,30.19,29.25
623,30.19,29.25
563,30.19,29.49
290,30.19,29.49
582,30.19,29.49
678,30.19,29.49
780,30.19,29.49
819,30.19,29.49
315,30.19,29.49
613,30.19,29.49
372,30.19,29.49
717,30.19,29.49
195,30.19,29.49
334,30.19,29.49
575,30.19,29.49
268,30.19,29.49
565,30.19,29.49
414,30.19,29.49
478,30.19,29.49
131,30.19,29.49
476,30.19,29.49
408,30.19,29.49
433,30.19,29.49
516,30.19,29.49
527,30.19,29.49
129,30.19,29.49
822,30.19,29.49
297,30.19,29.49
587,30.19,29.49
874,30.19,29.49
324,30.19,29.49
607,30.19,29.49
199,30.19,29.49
712,30.19,29.49
228,30.19,29.49
869,30.19,29.49
129,30.19,29.49
858,30.19,29.49
305,30.19,29.49
389,30.19,29.49
736,30.19,29.49
453,30.19,29.49
479,30.19,29.49
511,30.19,29.49
301,30.19,29.49
507,30.19,29.49
736,30.19,29.49
294,30.19,29.49
857,30.19,29.49
142,30.19,29.49
733,30.19,29.49
191,30.19,29.49
793,30.19,29.49
438,30.19,29.49
232,30.19,29.49
238,30.19,29.49
387,30.19,29.49
663,30.19,29.49
178,30.19,29.49
895,30.19,29.49
426,30.19,29.49
573,30.19,29.49
454,30.19,29.19
720,30.19,29.19
590,30.19,29.19
705,30.19,29.19
559,30.19,29.19
397,30.19,29.19
365,30.19,29.19
677,30.19,29.19
482,30.19,29.19
467,30.19,29.19
562,30.19,29.19
449,30.19,29.19
648,30.19,29.19
300,30.19,29.19
698,30.19,29.19
510,30.19,29.19
845,30.19,29.19
570,30.19,29.19
664,30.19,29.19
878,30.19,29.19
478,30.19,29.19
510,30.19,29.19
572,30.19,29.19
665,30.19,29.19
495,30.19,29.19
500,30.19,29.19
687,30.19,29.19
435,30.19,29.19
226,30.19,29.19
763,30.19,29.19
475,30.19,29.19
648,30.19,29.19
273,30.19,29.19
532,30.19,29.19
539,30.19,29.19
307,30.19,29.19
622,30.13,29.19
507,30.13,29.19
385,30.13,29.19
586,30.13,29.19
478,30.13,29.19
329,30.13,29.19
618,30.13,29.19
586,30.13,29.19
524,30.13,29.19
396,30.13,29.19
323,30.13,29.19
557,30.13,29.19
570,30.13,29.19
369,30.13,29.19
894,30.13,29.19
336,30.13,29.19
686,30.13,29.19
401,30.13,29.19
597,30.13,29.19
703,30.13,29.19
129,30.13,29.19
495,30.13,29.19
381,30.13,29.19
580,30.13,29.19
742,30.13,29.35
523,30.13,29.35
894,30.13,29.35
602,30.13,29.35
444,30.13,29.35
621,30.13,29.35
285,30.13,29.35
632,30.13,29.35
478,30.13,29.35
641,30.13,29.35
610,30.13,29.35
129,30.13,29.35
709,30.13,29.35
210,30.13,29.35
646,30.13,29.35
550,30.13,29.35
224,30.13,29.35
345,30.13,29.35
130,30.13,29.35
692,30.13,29.35
809,30.13,29.35
242,30.13,29.35
508,30.13,29.35
422,30.13,29.35
630,30.13,29.35
434,30.13,29.35
531,30.13,29.35
383,30.13,29.35
378,30.13,29.35
411,30.13,29.35
131,30.13,29.35
325,30.13,29.35
395,30.13,29.35
761,30.13,29.35
415,30.13,29.35
586,30.13,29.35
269,30.13,29.35
356,30.13,29.35
714,30.13,29.35
207,30.13,29.35
686,30.13,29.35
670,30.13,29.35
317,30.13,29.35
894,30.13,29.35
499,30.13,29.35
762,30.13,29.35
639,30.13,29.35
181,30.13,29.35
894,30.13,29.35
360,30.13,29.35
709,30.13,29.35
279,30.13,29.35
128,30.13,29.35
722,30.13,29.35
132,30.13,29.35
361,30.13,29.35
385,30.13,29.35
716,30.13,29.35
680,30.13,29.35
485,30.13,29.43
722,30.13,29.43
634,30.13,29.43
513,30.13,29.43
591,30.13,29.43
328,30.13,29.43
822,30.13,29.43
621,30.13,29.43
805,30.13,29.43
692,30.13,29.43
499,30.13,29.43
843,30.13,29.43
568,30.13,29.43
670,30.13,29.43
372,30.13,29.43
529,30.13,29.43
503,30.13,29.43
593,30.13,29.43
556,30.13,29.43
729,30.13,29.43
483,30.13,29.43
410,30.13,29.43
546,30.13,29.43
317,30.13,29.43
