410,29.87,29.09
545,29.87,29.09
161,29.87,29.09
508,29.87,29.09
703,29.87,29.09
606,29.87,29.09
779,29.87,29.09
178,29.87,29.09
565,29.87,29.09
291,29.87,29.09
472,29.87,29.09
483,29.87,29.09
226,29.87,29.09
480,29.87,29.09
742,29.87,29.09
729,29.87,29.09
529,29.87,29.09
567,29.87,29.09
391,29.87,29.09
616,29.87,29.09
492,29.87,29.09
627,29.87,29.09
409,29.87,29.09
499,29.87,29.09
892,29.87,29.09
847,29.87,29.09
464,29.87,29.09
761,29.87,29.09
625,29.87,29.09
766,29.87,29.09
554,29.87,29.09
601,29.85,29.09
575,29.85,29.09
450,29.85,29.09
472,29.85,29.09
418,29.85,29.09
733,29.85,29.09
601,29.85,29.09
705,29.85,29.09
712,29.85,29.09
349,29.85,29.09
751,29.85,29.09
165,29.85,29.09
328,29.85,29.09
395,29.85,29.09
133,29.85,29.09
770,29.85,29.09
544,29.85,29.09
891,29.85,29.09
587,29.85,29.09
582,29.85,29.09
406,29.85,29.09
672,29.85,29.09
425,29.85,29.09
551,29.85,29.09
479,29.85,29.15
453,29.85,29.15
603,29.85,29.15
536,29.85,29.15
348,29.85,29.15
226,29.85,29.15
832,29.85,29.15
308,29.85,29.15
650,29.85,29.15
279,29.85,29.15
341,29.85,29.15
513,29.85,29.15
484,29.85,29.15
260,29.85,29.15
773,29.85,29.15
797,29.85,29.15
581,29.85,29.15
718,29.85,29.15
408,29.85,29.15
782,29.85,29.15
257,29.85,29.15
386,29.85,29.15
892,29.85,29.15
422,29.85,29.15
645,29.85,29.15
744,29.85,29.15
133,29.85,29.15
577,29.85,29.15
453,29.85,29.15
275,29.85,29.15
704,29.85,29.15
391,29.85,29.15
852,29.85,29.15
248,29.85,29.15
802,29.85,29.15
661,29.85,29.15
793,29.87,29.15
428,29.87,29.15
207,29.87,29.15
714,29.87,29.15
244,29.87,29.15
245,29.87,29.15
397,29.87,29.15
545,29.87,29.15
138,29.87,29.15
811,29.87,29.15
291,29.87,29.15
601,29.87,29.15
419,29.87,29.15
746,29.87,29.15
306,29.87,29.15
543,29.87,29.15
655,29.87,29.15
571,29.87,29.15
892,29.87,29.15
334,29.87,29.15
618,29.87,29.15
515,29.87,29.15
697,29.87,29.15
360,29.87,29.15
658,29.87,29.19
595,29.87,29.19
139,29.87,29.19
301,29.87,29.19
533,29.87,29.19
451,29.87,29.19
392,29.87,29.19
702,29.87,29.19
227,29.87,29.19
574,29.87,29.19
262,29.87,29.19
290,29.87,29.19
223,29.87,29.19
895,29.87,29.19
535,29.87,29.19
592,29.87,29.19
475,29.87,29.19
571,29.87,29.19
892,29.87,29.19
351,29.87,29.19
257,29.87,29.19
522,29.87,29.19
629,29.87,29.19
156,29.87,29.19
729,29.87,29.19
184,29.87,29.19
879,29.87,29.19
397,29.87,29.19
361,29.87,29.19
762,29.87,29.19
320,29.87,29.19
643,29.87,29.19
132,29.87,29.19
417,29.87,29.19
428,29.87,29.19
365,29.87,29.19
511,29.83,29.19
811,29.83,29.19
132,29.83,29.19
780,29.83,29.19
131,29.83,29.19
821,29.83,29.19
356,29.83,29.19
621,29.83,29.19
496,29.83,29.19
315,29.83,29.19
838,29.83,29.19
175,29.83,29.19
700,29.83,29.19
290,29.83,29.19
552,29.83,29.19
711,29.83,29.19
566,29.83,29.19
350,29.83,29.19
642,29.83,29.19
336,29.83,29.19
409,29.83,29.19
468,29.83,29.19
409,29.83,29.19
723,29.83,29.09
301,29.83,29.09
628,29.83,29.09
216,29.83,29.09
524,29.83,29.09
299,29.83,29.09
589,29.83,29.09
346,29.83,29.09
774,29.83,29.09
382,29.83,29.09
640,29.83,29.09
821,29.83,29.09
386,29.83,29.09
608,29.83,29.09
158,29.83,29.09
822,29.83,29.09
326,29.83,29.09
749,29.83,29.09
340,29.83,29.09
739,29.83,29.09
472,29.83,29.09
561,29.83,29.09
330,29.83,29.09
259,29.83,29.09
373,29.83,29.09
573,29.83,29.09
651,29.83,29.09
616,29.83,29.09
691,29.83,29.09
221,29.83,29.09
767,29.83,29.09
609,29.83,29.09
871,29.83,29.09
645,29.83,29.09
355,29.83,29.09
183,29.83,29.09
273,29.83,29.09
360,29.85,29.09
396,29.85,29.09
531,29.85,29.09
729,29.85,29.09
540,29.85,29.09
620,29.85,29.09
760,29.85,29.09
503,29.85,29.09
473,29.85,29.09
130,29.85,29.09
422,29.85,29.09
262,29.85,29.09
680,29.85,29.09
413,29.85,29.09
510,29.85,29.09
478,29.85,29.09
490,29.85,29.09
532,29.85,29.09
418,29.85,29.09
599,29.85,29.09
434,29.85,29.09
874,29.85,29.09
880,29.85,29.09
132,29.85,29.03
180,29.85,29.03
351,29.85,29.03
303,29.85,29.03
752,29.85,29.03
461,29.85,29.03
486,29.85,29.03
463,29.85,29.03
611,29.85,29.03
743,29.85,29.03
465,29.85,29.03
531,29.85,29.03
358,29.85,29.03
409,29.85,29.03
132,29.85,29.03
308,29.85,29.03
373,29.85,29.03
448,29.85,29.03
704,29.85,29.03
317,29.85,29.03
294,29.85,29.03
304,29.85,29.03
892,29.85,29.03
445,29.85,29.03
422,29.85,29.03
892,29.85,29.03
501,29.85,29.03
612,29.85,29.03
441,29.85,29.03
282,29.85,29.03
552,29.85,29.03
634,29.85,29.03
788,29.85,29.03
665,29.85,29.03
862,29.85,29.03
774,29.85,29.03
571,29.85,29.03
513,29.85,29.03
215,29.85,29.03
693,29.85,29.03
735,29.85,29.03
507,29.85,29.03
499,29.85,29.03
391,29.85,29.03
623,29.85,29.03
365,29.85,29.03
319,29.85,29.03
336,29.85,29.03
730,29.85,29.03
578,29.85,29.03
826,29.85,29.03
577,29.85,29.03
892,29.85,29.03
131,29.85,29.03
651,29.85,29.03
560,29.85,29.03
529,29.85,29.03
681,29.85,29.03
747,29.85,29.03
622,29.85,29.03
773,29.85,29.17
458,29.85,29.17
417,29.85,29.17
687,29.85,29.17
409,29.85,29.17
785,29.85,29.17
372,29.85,29.17
315,29.85,29.17
304,29.85,29.17
384,29.85,29.17
698,29.85,29.17
600,29.85,29.17
537,29.85,29.17
674,29.85,29.17
891,29.85,29.17
502,29.85,29.17
734,29.85,29.17
552,29.85,29.17
625,29.85,29.17
413,29.85,29.17
656,29.85,29.17
307,29.85,29.17
637,29.85,29.17
304,29.85,29.17
615,29.85,29.17
705,29.85,29.17
363,29.85,29.17
565,29.85,29.17
195,29.85,29.17
605,29.85,29.17
137,29.85,29.17
422,29.85,29.17
893,29.85,29.17
696,29.85,29.17
727,29.85,29.17
574,29.85,29.17
358,29.85,29.17
321,29.85,29.17
470,29.85,29.17
332,29.85,29.17
529,29.85,29.17
418,29.85,29.17
629,29.85,29.17
893,29.85,29.17
139,29.85,29.17
542,29.85,29.17
652,29.85,29.17
382,29.85,29.17
419,29.85,29.17
790,29.85,29.17
559,29.85,29.17
791,29.85,29.17
280,29.85,29.17
712,29.85,29.17
258,29.85,29.17
413,29.85,29.17
531,29.85,29.17
399,29.85,29.17
631,29.85,29.17
880,29.85,29.17
465,29.85,29.03
367,29.85,29.03
451,29.85,29.03
446,29.85,29.03
576,29.85,29.03
330,29.85,29.03
771,29.85,29.03
336,29.85,29.03
892,29.85,29.03
606,29.85,29.03
818,29.85,29.03
378,29.85,29.03
430,29.85,29.03
859,29.85,29.03
274,29.85,29.03
892,29.85,29.03
605,29.85,29.03
614,29.85,29.03
143,29.85,29.03
640,29.85,29.03
286,29.85,29.03
634,29.85,29.03
729,29.85,29.03
549,29.85,29.03
753,29.85,29.03
589,29.85,29.03
504,29.85,29.03
738,29.85,29.03
617,29.85,29.03
300,29.85,29.03
449,29.85,29.03
615,29.85,29.03
488,29.85,29.03
440,29.85,29.03
777,29.85,29.03
548,29.85,29.03
541,29.85,29.03
741,29.85,29.03
268,29.85,29.03
691,29.85,29.03
132,29.85,29.03
701,29.85,29.03
593,29.85,29.03
449,29.85,29.03
622,29.85,29.03
357,29.85,29.03
891,29.85,29.03
483,29.85,29.03
385,29.85,29.03
556,29.85,29.03
627,29.85,29.03
212,29.85,29.03
592,29.85,29.03
440,29.85,29.03
704,29.85,29.03
618,29.85,29.03
806,29.85,29.03
375,29.85,29.03
815,29.85,29.03
504,29.85,29.03
739,29.85,29.11
512,29.85,29.11
215,29.85,29.11
823,29.85,29.11
187,29.85,29.11
