474,30.19,29.43
487,30.19,29.43
411,30.19,29.43
455,30.19,29.43
215,30.19,29.43
635,30.19,29.43
893,30.19,29.43
423,30.19,29.43
628,30.19,29.43
244,30.19,29.43
167,30.19,29.43
327,30.19,29.43
262,30.19,29.43
373,30.19,29.43
352,30.19,29.43
391,30.19,29.43
183,30.19,29.43
548,30.19,29.43
479,30.19,29.43
722,30.19,29.43
676,30.17,29.43
231,30.17,29.43
705,30.17,29.43
588,30.17,29.43
497,30.17,29.43
623,30.17,29.43
278,30.17,29.43
890,30.17,29.43
816,30.17,29.43
621,30.17,29.43
454,30.17,29.43
401,30.17,29.43
618,30.17,29.43
233,30.17,29.43
476,30.17,29.43
340,30.17,29.43
307,30.17,29.43
707,30.17,29.43
471,30.17,29.43
494,30.17,29.43
560,30.17,29.43
386,30.17,29.43
611,30.17,29.43
323,30.17,29.43
536,30.17,29.49
339,30.17,29.49
339,30.17,29.49
393,30.17,29.49
538,30.17,29.49
279,30.17,29.49
222,30.17,29.49
653,30.17,29.49
452,30.17,29.49
618,30.17,29.49
417,30.17,29.49
766,30.17,29.49
613,30.17,29.49
270,30.17,29.49
622,30.17,29.49
163,30.17,29.49
688,30.17,29.49
849,30.17,29.49
327,30.17,29.49
816,30.17,29.49
465,30.17,29.49
735,30.17,29.49
606,30.17,29.49
590,30.17,29.49
586,30.17,29.49
265,30.17,29.49
452,30.17,29.49
408,30.17,29.49
363,30.17,29.49
719,30.17,29.49
450,30.17,29.49
579,30.17,29.49
647,30.17,29.49
336,30.17,29.49
773,30.17,29.49
338,30.17,29.49
627,30.21,29.49
700,30.21,29.49
555,30.21,29.49
607,30.21,29.49
128,30.21,29.49
547,30.21,29.49
162,30.21,29.49
260,30.21,29.49
758,30.21,29.49
798,30.21,29.49
478,30.21,29.49
573,30.21,29.49
399,30.21,29.49
379,30.21,29.49
444,30.21,29.49
198,30.21,29.49
401,30.21,29.49
229,30.21,29.49
415,30.21,29.49
554,30.21,29.49
823,30.21,29.49
202,30.21,29.49
664,30.21,29.49
399,30.21,29.29
753,30.21,29.29
439,30.21,29.29
631,30.21,29.29
476,30.21,29.29
432,30.21,29.29
851,30.21,29.29
578,30.21,29.29
706,30.21,29.29
130,30.21,29.29
703,30.21,29.29
555,30.21,29.29
427,30.21,29.29
224,30.21,29.29
474,30.21,29.29
581,30.21,29.29
554,30.21,29.29
325,30.21,29.29
757,30.21,29.29
756,30.21,29.29
502,30.21,29.29
641,30.21,29.29
152,30.21,29.29
893,30.21,29.29
396,30.21,29.29
623,30.21,29.29
551,30.21,29.29
501,30.21,29.29
564,30.21,29.29
531,30.21,29.29
893,30.21,29.29
802,30.21,29.29
841,30.21,29.29
253,30.21,29.29
559,30.21,29.29
857,30.21,29.29
591,30.21,29.29
467,30.21,29.29
864,30.21,29.29
622,30.21,29.29
510,30.21,29.29
216,30.21,29.29
647,30.21,29.29
343,30.21,29.29
571,30.21,29.29
224,30.21,29.29
547,30.21,29.29
741,30.21,29.29
128,30.21,29.29
895,30.21,29.29
188,30.21,29.29
450,30.21,29.29
727,30.21,29.29
258,30.21,29.29
640,30.21,29.29
452,30.21,29.29
524,30.21,29.29
638,30.21,29.29
155,30.21,29.29
732,30.21,29.29
217,30.21,29.29
689,30.21,29.29
830,30.21,29.29
484,30.21,29.29
894,30.21,29.29
427,30.21,29.29
504,30.21,29.29
247,30.21,29.29
706,30.21,29.29
489,30.21,29.29
499,30.21,29.29
786,30.21,29.29
426,30.21,29.29
496,30.21,29.29
172,30.21,29.29
607,30.21,29.29
362,30.21,29.29
727,30.21,29.29
681,30.21,29.29
665,30.21,29.29
371,30.21,29.29
593,30.21,29.29
464,30.21,29.29
630,30.21,29.29
503,30.21,29.29
767,30.21,29.29
551,30.21,29.29
192,30.21,29.29
821,30.21,29.29
267,30.21,29.29
711,30.21,29.29
407,30.21,29.29
753,30.21,29.29
200,30.21,29.29
238,30.21,29.29
434,30.21,29.29
367,30.19,29.29
756,30.19,29.29
605,30.19,29.29
499,30.19,29.29
281,30.19,29.29
588,30.19,29.29
430,30.19,29.29
574,30.19,29.29
129,30.19,29.29
779,30.19,29.29
317,30.19,29.29
755,30.19,29.29
342,30.19,29.29
673,30.19,29.29
291,30.19,29.29
589,30.19,29.29
228,30.19,29.29
315,30.19,29.29
895,30.19,29.29
737,30.19,29.29
818,30.19,29.29
492,30.19,29.29
655,30.19,29.29
407,30.19,29.29
545,30.19,29.35
455,30.19,29.35
551,30.19,29.35
681,30.19,29.35
524,30.19,29.35
235,30.19,29.35
894,30.19,29.35
129,30.19,29.35
519,30.19,29.35
518,30.19,29.35
272,30.19,29.35
874,30.19,29.35
216,30.19,29.35
665,30.19,29.35
268,30.19,29.35
438,30.19,29.35
422,30.19,29.35
508,30.19,29.35
467,30.19,29.35
571,30.19,29.35
502,30.19,29.35
503,30.19,29.35
447,30.19,29.35
723,30.19,29.35
648,30.19,29.35
385,30.19,29.35
717,30.19,29.35
705,30.19,29.35
587,30.19,29.35
455,30.19,29.35
754,30.19,29.35
468,30.19,29.35
575,30.19,29.35
505,30.19,29.35
584,30.19,29.35
636,30.19,29.35
433,30.19,29.35
641,30.19,29.35
452,30.19,29.35
349,30.19,29.35
228,30.19,29.35
319,30.19,29.35
484,30.19,29.35
502,30.19,29.35
858,30.19,29.35
457,30.19,29.35
717,30.19,29.35
646,30.19,29.35
298,30.19,29.35
472,30.19,29.35
254,30.19,29.35
653,30.19,29.35
418,30.19,29.35
223,30.19,29.35
684,30.19,29.35
366,30.19,29.35
805,30.19,29.35
691,30.19,29.35
131,30.19,29.35
671,30.19,29.35
398,30.19,29.39
250,30.19,29.39
467,30.19,29.39
582,30.19,29.39
807,30.19,29.39
353,30.19,29.39
666,30.19,29.39
408,30.19,29.39
669,30.19,29.39
548,30.19,29.39
616,30.19,29.39
657,30.19,29.39
312,30.19,29.39
668,30.19,29.39
369,30.19,29.39
542,30.19,29.39
348,30.19,29.39
480,30.19,29.39
715,30.19,29.39
130,30.19,29.39
128,30.19,29.39
470,30.19,29.39
371,30.19,29.39
594,30.19,29.39
391,30.19,29.39
597,30.19,29.39
714,30.19,29.39
419,30.19,29.39
766,30.19,29.39
454,30.19,29.39
743,30.19,29.39
128,30.19,29.39
711,30.19,29.39
186,30.19,29.39
352,30.19,29.39
236,30.19,29.39
397,30.19,29.39
630,30.19,29.39
404,30.19,29.39
282,30.19,29.39
303,30.19,29.39
654,30.19,29.39
759,30.19,29.39
494,30.19,29.39
642,30.19,29.39
686,30.19,29.39
330,30.19,29.39
540,30.19,29.39
342,30.19,29.39
636,30.19,29.39
676,30.19,29.39
565,30.19,29.39
589,30.19,29.39
620,30.19,29.39
899,30.19,29.39
251,30.19,29.39
512,30.19,29.39
349,30.19,29.39
587,30.19,29.39
513,30.19,29.39
580,30.19,29.39
419,30.19,29.39
535,30.19,29.39
386,30.19,29.39
267,30.19,29.39
330,30.19,29.39
565,30.19,29.39
853,30.19,29.39
546,30.19,29.39
893,30.19,29.39
129,30.19,29.39
895,30.19,29.39
148,30.19,29.39
586,30.19,29.39
478,30.19,29.39
544,30.19,29.39
418,30.19,29.39
525,30.19,29.39
685,30.19,29.39
661,30.19,29.39
715,30.19,29.39
251,30.19,29.39
477,30.19,29.39
451,30.19,29.39
893,30.19,29.39
498,30.19,29.39
453,30.19,29.39
128,30.19,29.39
250,30.19,29.39
586,30.19,29.39
829,30.19,29.39
477,30.19,29.39
475,30.19,29.39
894,30.19,29.39
215,30.19,29.39
892,30.13,29.39
550,30.13,29.39
468,30.13,29.39
132,30.13,29.39
754,30.13,29.39
255,30.13,29.39
807,30.13,29.39
317,30.13,29.39
405,30.13,29.39
894,30.13,29.39
444,30.13,29.39
457,30.13,29.39
475,30.13,29.39
617,30.13,29.39
684,30.13,29.39
519,30.13,29.39
300,30.13,29.39
848,30.13,29.39
260,30.13,29.39
709,30.13,29.39
459,30.13,29.39
312,30.13,29.39
400,30.13,29.39
522,30.13,29.39
590,30.13,29.35
181,30.13,29.35
680,30.13,29.35
375,30.13,29.35
593,30.13,29.35
199,30.13,29.35
623,30.13,29.35
142,30.13,29.35
775,30.13,29.35
466,30.13,29.35
667,30.13,29.35
476,30.13,29.35
677,30.13,29.35
510,30.13,29.35
354,30.13,29.35
894,30.13,29.35
221,30.13,29.35
