425,29.83,28.91
641,29.83,28.91
633,29.83,28.91
387,29.83,28.91
136,29.83,28.91
656,29.83,28.91
460,29.83,28.91
335,29.83,28.91
421,29.83,28.91
865,29.83,28.91
890,29.83,28.91
305,29.83,28.91
521,29.83,28.91
611,29.83,28.91
325,29.83,28.91
460,29.83,28.91
414,29.83,28.91
611,29.83,28.91
487,29.83,28.91
371,29.83,28.91
279,29.83,28.91
193,29.83,28.91
135,29.83,28.91
835,29.83,28.91
305,29.83,28.91
418,29.85,28.91
804,29.85,28.91
466,29.85,28.91
372,29.85,28.91
428,29.85,28.91
485,29.85,28.91
486,29.85,28.91
559,29.85,28.91
547,29.85,28.91
741,29.85,28.91
374,29.85,28.91
748,29.85,28.91
198,29.85,28.91
530,29.85,28.91
272,29.85,28.91
846,29.85,28.91
703,29.85,28.91
738,29.85,28.91
432,29.85,28.91
567,29.85,28.91
662,29.85,28.91
563,29.85,28.91
651,29.85,28.91
410,29.85,28.91
758,29.85,29.03
341,29.85,29.03
887,29.85,29.03
629,29.85,29.03
771,29.85,29.03
131,29.85,29.03
449,29.85,29.03
318,29.85,29.03
489,29.85,29.03
542,29.85,29.03
459,29.85,29.03
714,29.85,29.03
550,29.85,29.03
734,29.85,29.03
394,29.85,29.03
793,29.85,29.03
738,29.85,29.03
602,29.85,29.03
719,29.85,29.03
279,29.85,29.03
643,29.85,29.03
734,29.85,29.03
449,29.85,29.03
502,29.85,29.03
546,29.85,29.03
526,29.85,29.03
834,29.85,29.03
363,29.85,29.03
788,29.85,29.03
552,29.85,29.03
622,29.85,29.03
413,29.85,29.03
352,29.85,29.03
678,29.85,29.03
433,29.85,29.03
366,29.85,29.03
640,29.83,29.03
412,29.83,29.03
198,29.83,29.03
705,29.83,29.03
149,29.83,29.03
531,29.83,29.03
636,29.83,29.03
510,29.83,29.03
894,29.83,29.03
285,29.83,29.03
570,29.83,29.03
491,29.83,29.03
430,29.83,29.03
340,29.83,29.03
295,29.83,29.03
733,29.83,29.03
756,29.83,29.03
358,29.83,29.03
835,29.83,29.03
295,29.83,29.03
505,29.83,29.03
522,29.83,29.03
449,29.83,29.03
492,29.83,29.03
149,29.83,28.91
695,29.83,28.91
132,29.83,28.91
697,29.83,28.91
432,29.83,28.91
599,29.83,28.91
447,29.83,28.91
584,29.83,28.91
657,29.83,28.91
702,29.83,28.91
661,29.83,28.91
881,29.83,28.91
814,29.83,28.91
367,29.83,28.91
678,29.83,28.91
425,29.83,28.91
644,29.83,28.91
398,29.83,28.91
663,29.83,28.91
421,29.83,28.91
833,29.83,28.91
553,29.83,28.91
518,29.83,28.91
327,29.83,28.91
481,29.83,28.91
516,29.83,28.91
130,29.83,28.91
331,29.83,28.91
461,29.83,28.91
689,29.83,28.91
794,29.83,28.91
396,29.83,28.91
545,29.83,28.91
451,29.83,28.91
352,29.83,28.91
706,29.83,28.91
601,29.83,28.91
792,29.83,28.91
357,29.83,28.91
716,29.83,28.91
196,29.83,28.91
639,29.83,28.91
546,29.83,28.91
404,29.83,28.91
556,29.83,28.91
489,29.83,28.91
239,29.83,28.91
578,29.83,28.91
130,29.83,28.91
433,29.83,28.91
252,29.83,28.91
230,29.83,28.91
730,29.83,28.91
333,29.83,28.91
661,29.83,28.91
363,29.83,28.91
487,29.83,28.91
191,29.83,28.91
539,29.83,28.91
818,29.83,28.91
243,29.83,29.11
217,29.83,29.11
537,29.83,29.11
585,29.83,29.11
538,29.83,29.11
384,29.83,29.11
726,29.83,29.11
594,29.83,29.11
479,29.83,29.11
622,29.83,29.11
796,29.83,29.11
539,29.83,29.11
457,29.83,29.11
328,29.83,29.11
598,29.83,29.11
576,29.83,29.11
751,29.83,29.11
535,29.83,29.11
613,29.83,29.11
469,29.83,29.11
636,29.83,29.11
251,29.83,29.11
331,29.83,29.11
645,29.83,29.11
533,29.83,29.11
474,29.83,29.11
746,29.83,29.11
691,29.83,29.11
387,29.83,29.11
545,29.83,29.11
234,29.83,29.11
686,29.83,29.11
765,29.83,29.11
137,29.83,29.11
617,29.83,29.11
360,29.83,29.11
326,29.83,29.11
756,29.83,29.11
347,29.83,29.11
544,29.83,29.11
621,29.83,29.11
639,29.83,29.11
771,29.83,29.11
836,29.83,29.11
423,29.83,29.11
641,29.83,29.11
537,29.83,29.11
448,29.83,29.11
486,29.83,29.11
520,29.83,29.11
584,29.83,29.11
564,29.83,29.11
696,29.83,29.11
301,29.83,29.11
588,29.83,29.11
210,29.83,29.11
855,29.83,29.11
537,29.83,29.11
201,29.83,29.11
707,29.83,28.91
585,29.83,28.91
834,29.83,28.91
634,29.83,28.91
465,29.83,28.91
764,29.83,28.91
478,29.83,28.91
662,29.83,28.91
419,29.83,28.91
234,29.83,28.91
354,29.83,28.91
517,29.83,28.91
507,29.83,28.91
654,29.83,28.91
310,29.83,28.91
893,29.83,28.91
530,29.83,28.91
582,29.83,28.91
238,29.83,28.91
785,29.83,28.91
696,29.83,28.91
517,29.83,28.91
453,29.83,28.91
149,29.83,28.91
868,29.83,28.91
545,29.83,28.91
779,29.83,28.91
392,29.83,28.91
693,29.83,28.91
208,29.83,28.91
513,29.83,28.91
339,29.83,28.91
715,29.83,28.91
406,29.83,28.91
349,29.83,28.91
428,29.83,28.91
765,29.83,28.91
592,29.83,28.91
609,29.83,28.91
749,29.83,28.91
410,29.83,28.91
715,29.83,28.91
374,29.83,28.91
893,29.83,28.91
389,29.83,28.91
727,29.83,28.91
361,29.83,28.91
134,29.83,28.91
448,29.83,28.91
294,29.83,28.91
663,29.83,28.91
274,29.83,28.91
414,29.83,28.91
681,29.83,28.91
557,29.83,28.91
343,29.83,28.91
587,29.83,28.91
130,29.83,28.91
846,29.83,28.91
575,29.83,28.91
555,29.83,28.97
455,29.83,28.97
231,29.83,28.97
644,29.83,28.97
439,29.83,28.97
460,29.83,28.97
411,29.83,28.97
641,29.83,28.97
212,29.83,28.97
550,29.83,28.97
162,29.83,28.97
658,29.83,28.97
360,29.83,28.97
412,29.83,28.97
675,29.83,28.97
575,29.83,28.97
611,29.83,28.97
352,29.83,28.97
271,29.83,28.97
130,29.83,28.97
294,29.83,28.97
252,29.83,28.97
668,29.83,28.97
458,29.83,28.97
892,29.83,28.97
185,29.83,28.97
893,29.83,28.97
463,29.83,28.97
739,29.83,28.97
864,29.83,28.97
130,29.83,28.97
893,29.83,28.97
131,29.83,28.97
416,29.83,28.97
301,29.83,28.97
556,29.83,28.97
791,29.87,28.97
772,29.87,28.97
495,29.87,28.97
765,29.87,28.97
213,29.87,28.97
892,29.87,28.97
372,29.87,28.97
278,29.87,28.97
757,29.87,28.97
130,29.87,28.97
893,29.87,28.97
168,29.87,28.97
719,29.87,28.97
322,29.87,28.97
389,29.87,28.97
320,29.87,28.97
574,29.87,28.97
433,29.87,28.97
442,29.87,28.97
445,29.87,28.97
295,29.87,28.97
582,29.87,28.97
236,29.87,28.97
773,29.87,28.97
551,29.87,28.89
734,29.87,28.89
599,29.87,28.89
633,29.87,28.89
132,29.87,28.89
893,29.87,28.89
439,29.87,28.89
685,29.87,28.89
859,29.87,28.89
340,29.87,28.89
892,29.87,28.89
331,29.87,28.89
728,29.87,28.89
339,29.87,28.89
886,29.87,28.89
242,29.87,28.89
529,29.87,28.89
804,29.87,28.89
131,29.87,28.89
646,29.87,28.89
468,29.87,28.89
246,29.87,28.89
412,29.87,28.89
734,29.87,28.89
520,29.87,28.89
345,29.87,28.89
713,29.87,28.89
550,29.87,28.89
130,29.87,28.89
496,29.87,28.89
513,29.87,28.89
507,29.87,28.89
384,29.87,28.89
807,29.87,28.89
629,29.87,28.89
568,29.87,28.89
838,29.81,28.89
313,29.81,28.89
762,29.81,28.89
311,29.81,28.89
644,29.81,28.89
227,29.81,28.89
131,29.81,28.89
650,29.81,28.89
559,29.81,28.89
578,29.81,28.89
531,29.81,28.89
892,29.81,28.89
573,29.81,28.89
553,29.81,28.89
453,29.81,28.89
750,29.81,28.89
517,29.81,28.89
534,29.81,28.89
199,29.81,28.89
766,29.81,28.89
511,29.81,28.89
552,29.81,28.89
593,29.81,28.89
481,29.81,28.89
733,29.81,28.99
334,29.81,28.99
838,29.81,28.99
345,29.81,28.99
537,29.81,28.99
275,29.81,28.99
600,29.81,28.99
610,29.81,28.99
736,29.81,28.99
766,29.81,28.99
699,29.81,28.99
