450,30.25,29.37
480,30.25,29.37
282,30.25,29.37
287,30.25,29.37
308,30.25,29.37
366,30.25,29.37
599,30.25,29.37
850,30.25,29.37
423,30.25,29.37
685,30.25,29.37
448,30.25,29.37
708,30.25,29.37
248,30.25,29.37
231,30.25,29.37
684,30.25,29.37
287,30.25,29.37
563,30.25,29.37
526,30.25,29.37
706,30.25,29.37
540,30.25,29.37
425,30.25,29.37
354,30.25,29.35
559,30.25,29.35
430,30.25,29.35
510,30.25,29.35
287,30.25,29.35
823,30.25,29.35
570,30.25,29.35
473,30.25,29.35
617,30.25,29.35
505,30.25,29.35
675,30.25,29.35
483,30.25,29.35
575,30.25,29.35
616,30.25,29.35
895,30.25,29.35
559,30.25,29.35
628,30.25,29.35
131,30.25,29.35
879,30.25,29.35
133,30.25,29.35
440,30.25,29.35
465,30.25,29.35
364,30.25,29.35
797,30.25,29.35
335,30.25,29.35
407,30.25,29.35
608,30.25,29.35
496,30.25,29.35
651,30.25,29.35
714,30.25,29.35
251,30.25,29.35
886,30.25,29.35
290,30.25,29.35
573,30.25,29.35
642,30.25,29.35
660,30.25,29.35
603,30.25,29.35
538,30.25,29.35
243,30.25,29.35
132,30.25,29.35
385,30.25,29.35
241,30.25,29.35
642,30.25,29.35
442,30.25,29.35
660,30.25,29.35
306,30.25,29.35
891,30.25,29.35
607,30.25,29.35
651,30.25,29.35
831,30.25,29.35
536,30.25,29.35
598,30.25,29.35
171,30.25,29.35
293,30.25,29.35
207,30.25,29.35
732,30.25,29.35
454,30.25,29.35
364,30.25,nan
606,30.25,29.35
387,30.25,29.35
609,30.25,29.51
413,30.25,29.51
535,30.25,29.51
536,30.25,29.51
352,30.25,29.51
488,30.25,29.51
377,30.25,29.51
206,30.25,29.51
272,30.25,29.51
853,30.25,29.51
569,30.25,29.51
541,30.25,29.51
280,30.25,29.51
723,30.25,29.51
796,30.25,29.51
557,30.25,29.51
481,30.25,29.51
714,30.25,29.51
794,30.25,29.51
661,30.25,29.51
690,30.25,29.51
709,30.25,29.51
393,30.25,29.51
468,30.25,29.51
518,30.25,29.51
130,30.25,29.51
705,30.25,29.51
334,30.25,29.51
544,30.25,29.51
438,30.25,29.51
658,30.25,29.51
566,30.25,29.51
672,30.25,29.51
632,30.25,29.51
810,30.25,29.51
481,30.25,29.51
133,30.23,29.51
458,30.23,29.51
662,30.23,29.51
613,30.23,29.51
258,30.23,29.51
563,30.23,29.51
442,30.23,29.51
613,30.23,29.51
315,30.23,29.51
551,30.23,29.51
793,30.23,29.51
807,30.23,29.51
551,30.23,29.51
501,30.23,29.51
504,30.23,29.51
137,30.23,29.51
799,30.23,29.51
436,30.23,29.51
522,30.23,29.51
618,30.23,29.51
546,30.23,29.51
289,30.23,29.51
617,30.23,29.51
564,30.23,29.35
202,30.23,29.35
310,30.23,29.35
299,30.23,29.35
865,30.23,29.35
538,30.23,29.35
686,30.23,29.35
274,30.23,29.35
891,30.23,29.35
354,30.23,29.35
894,30.23,29.35
362,30.23,29.35
602,30.23,29.35
499,30.23,29.35
584,30.23,29.35
451,30.23,29.35
601,30.23,29.35
890,30.23,29.35
141,30.23,29.35
548,30.23,29.35
646,30.23,29.35
417,30.23,29.35
584,30.23,29.35
597,30.23,29.35
495,30.23,29.35
540,30.23,29.35
155,30.23,29.35
658,30.23,29.35
639,30.23,29.35
622,30.23,29.35
463,30.23,29.35
568,30.23,29.35
452,30.23,29.35
132,30.23,29.35
519,30.23,29.35
305,30.23,29.35
648,30.23,29.35
722,30.25,29.35
556,30.25,29.35
508,30.25,29.35
508,30.25,29.35
596,30.25,29.35
630,30.25,29.35
131,30.25,29.35
807,30.25,29.35
510,30.25,29.35
448,30.25,29.35
781,30.25,29.35
140,30.25,29.35
884,30.25,29.35
255,30.25,29.35
555,30.25,29.35
307,30.25,29.35
586,30.25,29.35
521,30.25,29.35
832,30.25,29.35
756,30.25,29.35
295,30.25,29.35
441,30.25,29.35
324,30.25,29.35
298,30.25,29.63
372,30.25,29.63
216,30.25,29.63
580,30.25,29.63
584,30.25,29.63
468,30.25,29.63
844,30.25,29.63
204,30.25,29.63
549,30.25,29.63
570,30.25,29.63
893,30.25,29.63
532,30.25,29.63
274,30.25,29.63
415,30.25,29.63
348,30.25,29.63
649,30.25,29.63
199,30.25,29.63
591,30.25,29.63
598,30.25,29.63
581,30.25,29.63
615,30.25,29.63
436,30.25,29.63
615,30.25,29.63
377,30.25,29.63
205,30.25,29.63
545,30.25,29.63
339,30.25,29.63
624,30.25,29.63
423,30.25,29.63
550,30.25,29.63
568,30.25,29.63
432,30.25,29.63
502,30.25,29.63
311,30.25,29.63
667,30.25,29.63
762,30.25,29.63
540,30.27,29.63
470,30.27,29.63
825,30.27,29.63
375,30.27,29.63
527,30.27,29.63
590,30.27,29.63
468,30.27,29.63
646,30.27,29.63
362,30.27,29.63
793,30.27,29.63
662,30.27,29.63
406,30.27,29.63
496,30.27,29.63
135,30.27,29.63
263,30.27,29.63
692,30.27,29.63
356,30.27,29.63
894,30.27,29.63
351,30.27,29.63
631,30.27,29.63
627,30.27,29.63
158,30.27,29.63
532,30.27,29.63
221,30.27,29.63
895,30.27,29.69
552,30.27,29.69
807,30.27,29.69
724,30.27,29.69
729,30.27,29.69
521,30.27,29.69
280,30.27,29.69
634,30.27,29.69
561,30.27,29.69
323,30.27,29.69
856,30.27,29.69
328,30.27,29.69
546,30.27,29.69
601,30.27,29.69
133,30.27,29.69
615,30.27,29.69
208,30.27,29.69
789,30.27,29.69
413,30.27,29.69
552,30.27,29.69
224,30.27,29.69
673,30.27,29.69
410,30.27,29.69
240,30.27,29.69
698,30.27,29.69
430,30.27,29.69
752,30.27,29.69
454,30.27,29.69
413,30.27,29.69
894,30.27,29.69
294,30.27,29.69
543,30.27,29.69
614,30.27,29.69
134,30.27,29.69
826,30.27,29.69
131,30.27,29.69
697,30.27,29.69
638,30.27,29.69
502,30.27,29.69
570,30.27,29.69
229,30.27,29.69
711,30.27,29.69
706,30.27,29.69
390,30.27,29.69
616,30.27,29.69
499,30.27,29.69
276,30.27,29.69
528,30.27,29.69
571,30.27,29.69
448,30.27,29.69
407,30.27,29.69
624,30.27,29.69
399,30.27,29.69
798,30.27,29.69
778,30.27,29.69
644,30.27,29.69
511,30.27,29.69
295,30.27,29.69
789,30.27,29.69
129,30.27,29.69
669,30.27,29.49
455,30.27,29.49
716,30.27,29.49
611,30.27,29.49
723,30.27,29.49
461,30.27,29.49
423,30.27,29.49
361,30.27,29.49
444,30.27,29.49
447,30.27,29.49
234,30.27,29.49
605,30.27,29.49
270,30.27,29.49
341,30.27,29.49
231,30.27,29.49
827,30.27,29.49
329,30.27,29.49
895,30.27,29.49
516,30.27,29.49
571,30.27,29.49
350,30.27,29.49
338,30.27,29.49
733,30.27,29.49
352,30.27,29.49
461,30.27,29.49
524,30.27,29.49
191,30.27,29.49
127,30.27,29.49
212,30.27,29.49
391,30.27,29.49
515,30.27,29.49
479,30.27,29.49
638,30.27,29.49
365,30.27,29.49
773,30.27,29.49
330,30.27,29.49
789,30.25,29.49
246,30.25,29.49
126,30.25,29.49
498,30.25,29.49
128,30.25,29.49
875,30.25,29.49
559,30.25,29.49
131,30.25,29.49
239,30.25,29.49
616,30.25,29.49
359,30.25,29.49
424,30.25,29.49
345,30.25,29.49
564,30.25,29.49
467,30.25,29.49
863,30.25,29.49
347,30.25,29.49
765,30.25,29.49
706,30.25,29.49
337,30.25,29.49
575,30.25,29.49
147,30.25,29.49
829,30.25,29.49
472,30.25,29.49
772,30.25,29.49
620,30.25,29.49
819,30.25,29.49
895,30.25,29.49
652,30.25,29.49
605,30.25,29.49
485,30.25,29.49
593,30.25,29.49
199,30.25,29.49
630,30.25,29.49
349,30.25,29.49
589,30.25,29.49
384,30.25,29.49
361,30.25,29.49
540,30.25,29.49
476,30.25,29.49
470,30.25,29.49
503,30.25,29.49
477,30.25,29.49
128,30.25,29.49
529,30.25,29.49
236,30.25,29.49
769,30.25,29.49
367,30.25,29.49
705,30.25,29.49
417,30.25,29.49
793,30.25,29.49
625,30.25,29.49
816,30.25,29.49
398,30.25,29.49
130,30.25,29.49
353,30.25,29.49
359,30.25,29.49
461,30.25,29.49
558,30.25,29.49
513,30.27,29.49
537,30.27,29.49
715,30.27,29.49
496,30.27,29.49
