188,30.43,29.49
718,30.43,29.49
182,30.43,29.49
241,30.43,29.49
428,30.43,29.49
375,30.43,29.49
385,30.43,29.49
270,30.43,29.49
179,30.43,29.49
542,30.43,29.49
555,30.43,29.49
131,30.43,29.49
389,30.43,29.49
432,30.43,29.49
879,30.43,29.49
772,30.43,29.49
175,30.43,29.49
516,30.43,29.49
416,30.43,29.49
529,30.43,29.49
274,30.43,29.49
305,30.43,29.49
802,30.43,29.49
295,30.43,29.49
403,30.43,29.49
758,30.43,29.49
685,30.43,29.49
683,30.43,29.49
784,30.43,29.49
475,30.43,29.49
639,30.43,29.49
749,30.43,29.49
451,30.43,29.49
188,30.43,29.49
221,30.43,29.49
401,30.43,29.49
453,30.43,29.49
292,30.43,29.49
790,30.43,29.49
486,30.43,29.49
851,30.43,29.49
844,30.43,29.49
599,30.43,29.49
893,30.43,29.57
577,30.43,29.57
353,30.43,29.57
524,30.43,29.57
461,30.43,29.57
504,30.43,29.57
555,30.43,29.57
616,30.43,29.57
482,30.43,29.57
292,30.43,29.57
390,30.43,29.57
134,30.43,29.57
711,30.43,29.57
382,30.43,29.57
626,30.43,29.57
774,30.43,29.57
316,30.43,29.57
759,30.43,29.57
422,30.43,29.57
161,30.43,29.57
802,30.43,29.57
367,30.43,29.57
707,30.43,29.57
531,30.43,29.57
131,30.43,29.57
832,30.43,29.57
365,30.43,29.57
457,30.43,29.57
599,30.43,29.57
419,30.43,29.57
675,30.43,29.57
726,30.43,29.57
130,30.43,29.57
473,30.43,29.57
131,30.43,29.57
489,30.43,29.57
435,30.35,29.57
392,30.35,29.57
713,30.35,29.57
644,30.35,29.57
710,30.35,29.57
131,30.35,29.57
568,30.35,29.57
766,30.35,29.57
361,30.35,29.57
552,30.35,29.57
827,30.35,29.57
488,30.35,29.57
811,30.35,29.57
130,30.35,29.57
683,30.35,29.57
133,30.35,29.57
416,30.35,29.57
806,30.35,29.57
776,30.35,29.57
423,30.35,29.57
451,30.35,29.57
618,30.35,29.57
740,30.35,29.57
491,30.35,29.57
186,30.35,29.57
679,30.35,29.57
351,30.35,29.57
657,30.35,29.57
476,30.35,29.57
395,30.35,29.57
258,30.35,29.57
590,30.35,29.57
621,30.35,29.57
131,30.35,29.57
836,30.35,29.57
785,30.35,29.57
543,30.35,29.57
390,30.35,29.57
401,30.35,29.57
509,30.35,29.57
759,30.35,29.57
504,30.35,29.57
602,30.35,29.57
402,30.35,29.57
709,30.35,29.57
550,30.35,29.57
204,30.35,29.57
624,30.35,29.57
352,30.35,29.57
129,30.35,29.57
703,30.35,29.57
622,30.35,29.57
401,30.35,29.57
893,30.35,29.57
565,30.35,29.57
863,30.35,29.57
305,30.35,29.57
534,30.35,29.57
722,30.35,29.57
175,30.35,29.57
840,30.39,29.57
539,30.39,29.57
527,30.39,29.57
711,30.39,29.57
439,30.39,29.57
585,30.39,29.57
537,30.39,29.57
371,30.39,29.57
879,30.39,29.57
193,30.39,29.57
733,30.39,29.57
397,30.39,29.57
714,30.39,29.57
462,30.39,29.57
478,30.39,29.57
561,30.39,29.57
395,30.39,29.57
618,30.39,29.57
261,30.39,29.57
486,30.39,29.57
128,30.39,29.57
154,30.39,29.57
233,30.39,29.57
419,30.39,29.55
415,30.39,29.55
332,30.39,29.55
498,30.39,29.55
373,30.39,29.55
646,30.39,29.55
725,30.39,29.55
636,30.39,29.55
777,30.39,29.55
581,30.39,29.55
400,30.39,29.55
849,30.39,29.55
193,30.39,29.55
650,30.39,29.55
164,30.39,29.55
503,30.39,29.55
838,30.39,29.55
208,30.39,29.55
868,30.39,29.55
128,30.39,29.55
767,30.39,29.55
619,30.39,29.55
577,30.39,29.55
794,30.39,29.55
255,30.39,29.55
195,30.39,29.55
598,30.39,29.55
131,30.39,29.55
495,30.39,29.55
488,30.39,29.55
761,30.39,29.55
883,30.39,29.55
352,30.39,29.55
685,30.39,29.55
628,30.39,29.55
538,30.39,29.55
138,30.39,29.55
711,30.39,29.55
528,30.39,29.55
654,30.39,29.55
500,30.39,29.55
733,30.39,29.55
375,30.39,29.55
310,30.39,29.55
339,30.39,29.55
183,30.39,29.55
341,30.39,29.55
217,30.39,29.55
477,30.39,29.55
282,30.39,29.55
881,30.39,29.55
234,30.39,29.55
647,30.39,29.55
175,30.39,29.55
893,30.39,29.55
534,30.39,29.55
607,30.39,29.55
538,30.39,29.55
455,30.39,29.55
757,30.39,29.55
157,30.39,29.57
422,30.39,29.57
355,30.39,29.57
425,30.39,29.57
705,30.39,29.57
552,30.39,29.57
529,30.39,29.57
848,30.39,29.57
605,30.39,29.57
596,30.39,29.57
359,30.39,29.57
657,30.39,29.57
346,30.39,29.57
145,30.39,29.57
893,30.39,29.57
279,30.39,29.57
821,30.39,29.57
418,30.39,29.57
577,30.39,29.57
462,30.39,29.57
581,30.39,29.57
312,30.39,29.57
551,30.39,29.57
752,30.39,29.57
889,30.39,29.57
696,30.39,29.57
189,30.39,29.57
860,30.39,29.57
747,30.39,29.57
409,30.39,29.57
687,30.39,29.57
463,30.39,29.57
408,30.39,29.57
643,30.39,29.57
467,30.39,29.57
633,30.39,29.57
133,30.41,29.57
585,30.41,29.57
715,30.41,29.57
392,30.41,29.57
575,30.41,29.57
309,30.41,29.57
719,30.41,29.57
129,30.41,29.57
747,30.41,29.57
416,30.41,29.57
150,30.41,29.57
767,30.41,29.57
504,30.41,29.57
573,30.41,29.57
637,30.41,29.57
130,30.41,29.57
892,30.41,29.57
568,30.41,29.57
371,30.41,29.57
611,30.41,29.57
128,30.41,29.57
728,30.41,29.57
440,30.41,29.57
568,30.41,29.51
432,30.41,29.51
806,30.41,29.51
644,30.41,29.51
255,30.41,29.51
687,30.41,29.51
741,30.41,29.51
588,30.41,29.51
416,30.41,29.51
710,30.41,29.51
351,30.41,29.51
659,30.41,29.51
701,30.41,29.51
560,30.41,29.51
299,30.41,29.51
590,30.41,29.51
153,30.41,29.51
738,30.41,29.51
479,30.41,29.51
618,30.41,29.51
630,30.41,29.51
506,30.41,29.51
617,30.41,29.51
274,30.41,29.51
675,30.41,29.51
128,30.41,29.51
695,30.41,29.51
393,30.41,29.51
328,30.41,29.51
519,30.41,29.51
476,30.41,29.51
638,30.41,29.51
892,30.41,29.51
449,30.41,29.51
451,30.41,29.51
643,30.41,29.51
383,30.41,29.51
410,30.45,29.51
534,30.45,29.51
567,30.45,29.51
808,30.45,29.51
683,30.45,29.51
311,30.45,29.51
582,30.45,29.51
725,30.45,29.51
292,30.45,29.51
730,30.45,29.51
175,30.45,29.51
395,30.45,29.51
200,30.45,29.51
410,30.45,29.51
471,30.45,29.51
516,30.45,29.51
735,30.45,29.51
358,30.45,29.51
898,30.45,29.51
466,30.45,29.51
765,30.45,29.51
443,30.45,29.51
275,30.45,29.51
703,30.45,29.65
508,30.45,29.65
526,30.45,29.65
760,30.45,29.65
739,30.45,29.65
895,30.45,29.65
668,30.45,29.65
782,30.45,29.65
896,30.45,29.65
365,30.45,29.65
515,30.45,29.65
682,30.45,29.65
362,30.45,29.65
565,30.45,29.65
536,30.45,29.65
455,30.45,29.65
292,30.45,29.65
320,30.45,29.65
451,30.45,29.65
492,30.45,29.65
386,30.45,29.65
403,30.45,29.65
742,30.45,29.65
446,30.45,29.65
584,30.45,29.65
388,30.45,29.65
685,30.45,29.65
542,30.45,29.65
746,30.45,29.65
664,30.45,29.65
828,30.45,29.65
450,30.45,29.65
302,30.45,29.65
589,30.45,29.65
295,30.45,29.65
129,30.45,29.65
486,30.39,29.65
542,30.39,29.65
894,30.39,29.65
678,30.39,29.65
894,30.39,29.65
894,30.39,29.65
134,30.39,29.65
861,30.39,29.65
295,30.39,29.65
320,30.39,29.65
315,30.39,29.65
244,30.39,29.65
603,30.39,29.65
352,30.39,29.65
322,30.39,29.65
716,30.39,29.65
359,30.39,29.65
641,30.39,29.65
498,30.39,29.65
674,30.39,29.65
221,30.39,29.65
433,30.39,29.65
706,30.39,29.65
129,30.39,29.65
726,30.39,29.49
440,30.39,29.49
735,30.39,29.49
184,30.39,29.49
727,30.39,29.49
737,30.39,29.49
611,30.39,29.49
456,30.39,29.49
619,30.39,29.49
574,30.39,29.49
325,30.39,29.49
722,30.39,29.49
687,30.39,29.49
894,30.39,29.49
578,30.39,29.49
895,30.39,29.49
351,30.39,29.49
494,30.39,29.49
