472,30.25,29.43
621,30.25,29.43
135,30.25,29.43
264,30.25,29.43
463,30.25,29.43
408,30.25,29.43
679,30.25,29.43
671,30.25,29.43
746,30.25,29.43
531,30.25,29.43
758,30.25,29.43
261,30.25,29.43
767,30.25,29.43
436,30.25,29.43
230,30.25,29.43
829,30.25,29.43
519,30.27,29.43
826,30.27,29.43
610,30.27,29.43
391,30.27,29.43
576,30.27,29.43
468,30.27,29.43
696,30.27,29.43
318,30.27,29.43
336,30.27,29.43
463,30.27,29.43
210,30.27,29.43
773,30.27,29.43
134,30.27,29.43
433,30.27,29.43
738,30.27,29.43
337,30.27,29.43
803,30.27,29.43
668,30.27,29.43
655,30.27,29.43
488,30.27,29.43
557,30.27,29.43
696,30.27,29.43
227,30.27,29.43
636,30.27,29.43
512,30.27,29.37
260,30.27,29.37
643,30.27,29.37
438,30.27,29.37
893,30.27,29.37
304,30.27,29.37
461,30.27,29.37
536,30.27,29.37
275,30.27,29.37
761,30.27,29.37
668,30.27,29.37
496,30.27,29.37
680,30.27,29.37
496,30.27,29.37
355,30.27,29.37
615,30.27,29.37
380,30.27,29.37
601,30.27,29.37
639,30.27,29.37
497,30.27,29.37
508,30.27,29.37
377,30.27,29.37
441,30.27,29.37
649,30.27,29.37
380,30.27,29.37
748,30.27,29.37
470,30.27,29.37
399,30.27,29.37
592,30.27,29.37
132,30.27,29.37
609,30.27,29.37
214,30.27,29.37
644,30.27,29.37
348,30.27,29.37
592,30.27,29.37
345,30.27,29.37
277,30.25,29.37
892,30.25,29.37
223,30.25,29.37
471,30.25,29.37
281,30.25,29.37
645,30.25,29.37
169,30.25,29.37
496,30.25,29.37
165,30.25,29.37
852,30.25,29.37
136,30.25,29.37
514,30.25,29.37
612,30.25,29.37
674,30.25,29.37
470,30.25,29.37
527,30.25,29.37
147,30.25,29.37
844,30.25,29.37
837,30.25,29.37
377,30.25,29.37
734,30.25,29.37
314,30.25,29.37
677,30.25,29.37
893,30.25,29.31
713,30.25,29.31
515,30.25,29.31
708,30.25,29.31
893,30.25,29.31
848,30.25,29.31
322,30.25,29.31
667,30.25,29.31
601,30.25,29.31
665,30.25,29.31
757,30.25,29.31
274,30.25,29.31
717,30.25,29.31
147,30.25,29.31
722,30.25,29.31
703,30.25,29.31
584,30.25,29.31
894,30.25,29.31
604,30.25,29.31
897,30.25,29.31
295,30.25,29.31
637,30.25,29.31
432,30.25,29.31
299,30.25,29.31
609,30.25,29.31
523,30.25,29.31
225,30.25,29.31
618,30.25,29.31
543,30.25,29.31
806,30.25,29.31
458,30.25,29.31
370,30.25,29.31
684,30.25,29.31
129,30.25,29.31
473,30.25,29.31
349,30.25,29.31
598,30.25,29.31
130,30.25,29.31
795,30.25,29.31
454,30.25,29.31
265,30.25,29.31
431,30.25,29.31
809,30.25,29.31
402,30.25,29.31
363,30.25,29.31
394,30.25,29.31
517,30.25,29.31
446,30.25,29.31
283,30.25,29.31
732,30.25,29.31
354,30.25,29.31
895,30.25,29.31
564,30.25,29.31
853,30.25,29.31
316,30.25,29.31
547,30.25,29.31
127,30.25,29.31
226,30.25,29.31
284,30.25,29.31
262,30.25,29.31
564,30.25,29.39
483,30.25,29.39
383,30.25,29.39
715,30.25,29.39
382,30.25,29.39
538,30.25,29.39
605,30.25,29.39
467,30.25,29.39
633,30.25,29.39
377,30.25,29.39
894,30.25,29.39
711,30.25,29.39
882,30.25,29.39
243,30.25,29.39
331,30.25,29.39
790,30.25,29.39
416,30.25,29.39
703,30.25,29.39
613,30.25,29.39
891,30.25,29.39
421,30.25,29.39
485,30.25,29.39
480,30.25,29.39
511,30.25,29.39
502,30.25,29.39
762,30.25,29.39
302,30.25,29.39
172,30.25,29.39
423,30.25,29.39
710,30.25,29.39
130,30.25,29.39
480,30.25,29.39
751,30.25,29.39
129,30.25,29.39
873,30.25,29.39
384,30.25,29.39
652,30.25,29.39
295,30.25,29.39
465,30.25,29.39
567,30.25,29.39
254,30.25,29.39
458,30.25,29.39
687,30.25,29.39
149,30.25,29.39
137,30.25,29.39
347,30.25,29.39
339,30.25,29.39
350,30.25,29.39
245,30.25,29.39
706,30.25,29.39
525,30.25,29.39
890,30.25,29.39
485,30.25,29.39
839,30.25,29.39
453,30.25,29.39
372,30.25,29.39
602,30.25,29.39
128,30.25,29.39
425,30.25,29.39
454,30.25,29.39
893,30.25,29.57
797,30.25,29.57
569,30.25,29.57
822,30.25,29.57
829,30.25,29.57
515,30.25,29.57
656,30.25,29.57
348,30.25,29.57
295,30.25,29.57
373,30.25,29.57
785,30.25,29.57
515,30.25,29.57
683,30.25,29.57
621,30.25,29.57
327,30.25,29.57
740,30.25,29.57
500,30.25,29.57
464,30.25,29.57
277,30.25,29.57
882,30.25,29.57
822,30.25,29.57
376,30.25,29.57
824,30.25,29.57
542,30.25,29.57
402,30.25,29.57
719,30.25,29.57
418,30.25,29.57
895,30.25,29.57
192,30.25,29.57
740,30.25,29.57
519,30.25,29.57
555,30.25,29.57
643,30.25,29.57
222,30.25,29.57
496,30.25,29.57
142,30.25,29.57
380,30.25,29.57
306,30.25,29.57
382,30.25,29.57
537,30.25,29.57
369,30.25,29.57
883,30.25,29.57
556,30.25,29.57
142,30.25,29.57
612,30.25,29.57
283,30.25,29.57
489,30.25,29.57
260,30.25,29.57
517,30.25,29.57
771,30.25,29.57
263,30.25,29.57
391,30.25,29.57
347,30.25,29.57
476,30.25,29.57
132,30.25,29.57
562,30.25,29.57
343,30.25,29.57
128,30.25,29.57
658,30.25,29.57
408,30.25,29.57
608,30.25,29.57
474,30.25,29.57
468,30.25,29.57
616,30.25,29.57
206,30.25,29.57
514,30.25,29.57
703,30.25,29.57
128,30.25,29.57
745,30.25,29.57
226,30.25,29.57
631,30.25,29.57
754,30.25,29.57
254,30.25,29.57
690,30.25,29.57
597,30.25,29.57
604,30.25,29.57
383,30.25,29.57
744,30.25,29.57
181,30.25,29.57
451,30.25,29.57
369,30.25,29.57
421,30.25,29.57
810,30.25,29.57
754,30.25,29.57
618,30.25,29.57
578,30.25,29.57
474,30.25,29.57
807,30.25,29.57
619,30.25,29.57
301,30.25,29.57
856,30.25,29.57
336,30.25,29.57
651,30.25,29.57
348,30.25,29.57
872,30.25,29.57
883,30.25,29.57
506,30.25,29.57
388,30.25,29.57
533,30.25,29.57
127,30.25,29.57
329,30.25,29.57
534,30.25,29.57
335,30.25,29.57
591,30.25,29.57
726,30.25,29.57
592,30.25,29.57
387,30.25,29.57
442,30.25,29.57
521,30.25,29.57
853,30.25,29.57
488,30.25,29.57
829,30.25,29.57
459,30.25,29.57
319,30.25,29.57
795,30.25,29.57
303,30.25,29.57
857,30.25,29.57
681,30.25,29.57
576,30.25,29.57
411,30.25,29.43
894,30.25,29.43
538,30.25,29.43
840,30.25,29.43
308,30.25,29.43
700,30.25,29.43
648,30.25,29.43
240,30.25,29.43
730,30.25,29.43
751,30.25,29.43
443,30.25,29.43
746,30.25,29.43
176,30.25,29.43
280,30.25,29.43
146,30.25,29.43
128,30.25,29.43
664,30.25,29.43
167,30.25,29.43
820,30.25,29.43
877,30.25,29.43
147,30.25,29.43
549,30.25,29.43
399,30.25,29.43
826,30.25,29.43
440,30.25,29.43
539,30.25,29.43
550,30.25,29.43
487,30.25,29.43
588,30.25,29.43
340,30.25,29.43
728,30.25,29.43
840,30.25,29.43
340,30.25,29.43
579,30.25,29.43
767,30.25,29.43
894,30.25,29.43
645,30.25,29.43
460,30.25,29.43
648,30.25,29.43
543,30.25,29.43
735,30.25,29.43
443,30.25,29.43
525,30.25,29.43
362,30.25,29.43
611,30.25,29.43
343,30.25,29.43
442,30.25,29.43
332,30.25,29.43
892,30.25,29.43
565,30.25,29.43
231,30.25,29.43
186,30.25,29.43
504,30.25,29.43
296,30.25,29.43
435,30.25,29.43
679,30.25,29.43
197,30.25,29.43
624,30.25,29.43
415,30.25,29.43
894,30.25,29.43
449,30.25,29.49
774,30.25,29.49
421,30.25,29.49
495,30.25,29.49
657,30.25,29.49
200,30.25,29.49
637,30.25,29.49
659,30.25,29.49
894,30.25,29.49
593,30.25,29.49
455,30.25,29.49
379,30.25,29.49
610,30.25,29.49
408,30.25,29.49
384,30.25,29.49
391,30.25,29.49
742,30.25,29.49
371,30.25,29.49
859,30.25,29.49
449,30.25,29.49
