474,30.11,29.23
894,30.11,29.23
133,30.11,29.23
451,30.11,29.23
134,30.11,29.23
502,30.11,29.23
891,30.11,29.23
133,30.11,29.23
894,30.11,29.23
308,30.11,29.23
645,30.11,29.23
239,30.11,29.23
336,30.11,29.23
537,30.11,29.23
584,30.11,29.23
490,30.11,29.23
133,30.11,29.23
545,30.11,29.23
139,30.11,29.23
465,30.11,29.23
704,30.11,29.23
176,30.11,29.23
731,30.11,29.23
133,30.11,29.23
263,30.11,29.23
892,30.11,29.23
355,30.11,29.23
619,30.11,29.23
133,30.11,29.23
566,30.11,29.23
374,30.11,29.23
477,30.11,29.23
818,30.11,29.23
329,30.11,29.23
409,30.11,29.23
535,30.11,29.23
135,30.11,29.23
527,30.11,29.23
459,30.11,29.23
683,30.11,29.23
509,30.11,29.23
691,30.11,29.23
571,30.11,29.23
755,30.11,29.23
208,30.11,29.23
388,30.11,29.09
847,30.11,29.09
385,30.11,29.09
341,30.11,29.09
664,30.11,29.09
363,30.11,29.09
894,30.11,29.09
453,30.11,29.09
596,30.11,29.09
595,30.11,29.09
290,30.11,29.09
756,30.11,29.09
596,30.11,29.09
589,30.11,29.09
444,30.11,29.09
165,30.11,29.09
426,30.11,29.09
416,30.11,29.09
420,30.11,29.09
695,30.11,29.09
757,30.11,29.09
560,30.11,29.09
388,30.11,29.09
656,30.11,29.09
343,30.11,29.09
498,30.11,29.09
289,30.11,29.09
355,30.11,29.09
400,30.11,29.09
669,30.11,29.09
685,30.11,29.09
353,30.11,29.09
614,30.11,29.09
572,30.11,29.09
504,30.11,29.09
634,30.11,29.09
584,30.11,29.09
381,30.13,29.09
601,30.13,29.09
514,30.13,29.09
774,30.13,29.09
511,30.13,29.09
893,30.13,29.09
417,30.13,29.09
890,30.13,29.09
398,30.13,29.09
507,30.13,29.09
534,30.13,29.09
406,30.13,29.09
773,30.13,29.09
397,30.13,29.09
736,30.13,29.09
435,30.13,29.09
504,30.13,29.09
698,30.13,29.09
522,30.13,29.09
585,30.13,29.09
585,30.13,29.09
195,30.13,29.09
731,30.13,29.09
228,30.13,29.29
512,30.13,29.29
485,30.13,29.29
512,30.13,29.29
793,30.13,29.29
387,30.13,29.29
895,30.13,29.29
658,30.13,29.29
714,30.13,29.29
490,30.13,29.29
672,30.13,29.29
598,30.13,29.29
305,30.13,29.29
511,30.13,29.29
297,30.13,29.29
572,30.13,29.29
138,30.13,29.29
461,30.13,29.29
561,30.13,29.29
691,30.13,29.29
605,30.13,29.29
749,30.13,29.29
487,30.13,29.29
566,30.13,29.29
529,30.13,29.29
289,30.13,29.29
387,30.13,29.29
677,30.13,29.29
459,30.13,29.29
325,30.13,29.29
654,30.13,29.29
616,30.13,29.29
894,30.13,29.29
331,30.13,29.29
691,30.13,29.29
245,30.13,29.29
362,30.11,29.29
705,30.11,29.29
129,30.11,29.29
876,30.11,29.29
632,30.11,29.29
210,30.11,29.29
746,30.11,29.29
326,30.11,29.29
276,30.11,29.29
719,30.11,29.29
135,30.11,29.29
365,30.11,29.29
142,30.11,29.29
389,30.11,29.29
307,30.11,29.29
470,30.11,29.29
407,30.11,29.29
633,30.11,29.29
612,30.11,29.29
386,30.11,29.29
904,30.11,29.29
397,30.11,29.29
509,30.11,29.29
250,30.11,29.29
670,30.11,29.29
628,30.11,29.29
804,30.11,29.29
660,30.11,29.29
877,30.11,29.29
725,30.11,29.29
859,30.11,29.29
588,30.11,29.29
635,30.11,29.29
629,30.11,29.29
444,30.11,29.29
716,30.11,29.29
349,30.11,29.29
772,30.11,29.29
220,30.11,29.29
673,30.11,29.29
220,30.11,29.29
402,30.11,29.29
664,30.11,29.29
472,30.11,29.29
894,30.11,29.29
351,30.11,29.29
748,30.11,29.29
220,30.11,29.29
525,30.11,29.29
179,30.11,29.29
406,30.11,29.29
350,30.11,29.29
624,30.11,29.29
505,30.11,29.29
877,30.11,29.29
456,30.11,29.29
267,30.11,29.29
563,30.11,29.29
402,30.11,29.29
453,30.11,29.29
224,30.09,29.29
700,30.09,29.29
390,30.09,29.29
895,30.09,29.29
576,30.09,29.29
690,30.09,29.29
467,30.09,29.29
840,30.09,29.29
640,30.09,29.29
284,30.09,29.29
648,30.09,29.29
385,30.09,29.29
414,30.09,29.29
630,30.09,29.29
417,30.09,29.29
157,30.09,29.29
677,30.09,29.29
372,30.09,29.29
565,30.09,29.29
606,30.09,29.29
882,30.09,29.29
554,30.09,29.29
517,30.09,29.29
411,30.09,29.29
366,30.09,29.43
847,30.09,29.43
509,30.09,29.43
894,30.09,29.43
492,30.09,29.43
449,30.09,29.43
382,30.09,29.43
330,30.09,29.43
368,30.09,29.43
323,30.09,29.43
480,30.09,29.43
674,30.09,29.43
585,30.09,29.43
716,30.09,29.43
697,30.09,29.43
509,30.09,29.43
602,30.09,29.43
554,30.09,29.43
434,30.09,29.43
410,30.09,29.43
518,30.09,29.43
333,30.09,29.43
631,30.09,29.43
560,30.09,29.43
730,30.09,29.43
744,30.09,29.43
418,30.09,29.43
624,30.09,29.43
331,30.09,29.43
312,30.09,29.43
375,30.09,29.43
470,30.09,29.43
579,30.09,29.43
385,30.09,29.43
703,30.09,29.43
659,30.09,29.43
457,30.09,29.43
860,30.09,29.43
484,30.09,29.43
671,30.09,29.43
245,30.09,29.43
548,30.09,29.43
401,30.09,29.43
397,30.09,29.43
489,30.09,29.43
774,30.09,29.43
894,30.09,29.43
717,30.09,29.43
800,30.09,29.43
427,30.09,29.43
613,30.09,29.43
584,30.09,29.43
545,30.09,29.43
680,30.09,29.43
596,30.09,29.43
650,30.09,29.43
624,30.09,29.43
536,30.09,29.43
289,30.09,29.43
619,30.09,29.43
632,30.09,29.19
253,30.09,29.19
128,30.09,29.19
503,30.09,29.19
423,30.09,29.19
839,30.09,29.19
354,30.09,29.19
662,30.09,29.19
687,30.09,29.19
438,30.09,29.19
860,30.09,29.19
404,30.09,29.19
545,30.09,29.19
327,30.09,29.19
274,30.09,29.19
517,30.09,29.19
131,30.09,29.19
629,30.09,29.19
312,30.09,29.19
226,30.09,29.19
342,30.09,29.19
816,30.09,29.19
694,30.09,29.19
659,30.09,29.19
606,30.09,29.19
486,30.09,29.19
567,30.09,29.19
788,30.09,29.19
299,30.09,29.19
272,30.09,29.19
525,30.09,29.19
501,30.09,29.19
455,30.09,29.19
239,30.09,29.19
769,30.09,29.19
633,30.09,29.19
676,30.09,29.19
652,30.09,29.19
550,30.09,29.19
653,30.09,29.19
469,30.09,29.19
592,30.09,29.19
644,30.09,29.19
467,30.09,29.19
875,30.09,29.19
895,30.09,29.19
427,30.09,29.19
725,30.09,29.19
620,30.09,29.19
485,30.09,29.19
522,30.09,29.19
268,30.09,29.19
527,30.09,29.19
668,30.09,29.19
269,30.09,29.19
861,30.09,29.19
708,30.09,29.19
414,30.09,29.19
598,30.09,29.19
333,30.09,29.29
670,30.09,29.29
416,30.09,29.29
632,30.09,29.29
336,30.09,29.29
428,30.09,29.29
647,30.09,29.29
469,30.09,29.29
806,30.09,29.29
129,30.09,29.29
545,30.09,29.29
341,30.09,29.29
132,30.09,29.29
336,30.09,29.29
132,30.09,29.29
287,30.09,29.29
303,30.09,29.29
392,30.09,29.29
730,30.09,29.29
438,30.09,29.29
729,30.09,29.29
567,30.09,29.29
552,30.09,29.29
622,30.09,29.29
270,30.09,29.29
671,30.09,29.29
563,30.09,29.29
735,30.09,29.29
405,30.09,29.29
386,30.09,29.29
893,30.09,29.29
377,30.09,29.29
734,30.09,29.29
329,30.09,29.29
894,30.09,29.29
294,30.09,29.29
445,30.09,29.29
626,30.09,29.29
564,30.09,29.29
167,30.09,29.29
580,30.09,29.29
304,30.09,29.29
530,30.09,29.29
172,30.09,29.29
500,30.09,29.29
594,30.09,29.29
129,30.09,29.29
880,30.09,29.29
131,30.09,29.29
732,30.09,29.29
266,30.09,29.29
620,30.09,29.29
580,30.09,29.29
291,30.09,29.29
417,30.09,29.29
614,30.09,29.29
665,30.09,29.29
151,30.09,29.29
771,30.09,29.29
368,30.09,29.29
724,30.09,29.23
596,30.09,29.23
506,30.09,29.23
894,30.09,29.23
592,30.09,29.23
136,30.09,29.23
509,30.09,29.23
276,30.09,29.23
695,30.09,29.23
407,30.09,29.23
404,30.09,29.23
490,30.09,29.23
230,30.09,29.23
890,30.09,29.23
239,30.09,29.23
