647,29.91,29.15
373,29.91,29.15
380,29.91,29.15
298,29.91,29.15
131,29.91,29.15
893,29.91,29.15
641,29.91,29.15
316,29.91,29.17
787,29.91,29.17
714,29.91,29.17
477,29.91,29.17
555,29.91,29.17
133,29.91,29.17
519,29.91,29.17
556,29.91,29.17
711,29.91,29.17
644,29.91,29.17
346,29.91,29.17
391,29.91,29.17
549,29.91,29.17
560,29.91,29.17
276,29.91,29.17
767,29.91,29.17
237,29.91,29.17
364,29.91,29.17
762,29.91,29.17
540,29.91,29.17
624,29.91,29.17
430,29.91,29.17
366,29.91,29.17
171,29.91,29.17
534,29.91,29.17
130,29.91,29.17
488,29.91,29.17
744,29.91,29.17
685,29.91,29.17
603,29.91,29.17
227,29.91,29.17
541,29.91,29.17
614,29.91,29.17
487,29.91,29.17
627,29.91,29.17
822,29.91,29.17
648,29.89,29.17
466,29.89,29.17
479,29.89,29.17
350,29.89,29.17
131,29.89,29.17
571,29.89,29.17
410,29.89,29.17
132,29.89,29.17
503,29.89,29.17
626,29.89,29.17
300,29.89,29.17
310,29.89,29.17
496,29.89,29.17
704,29.89,29.17
395,29.89,29.17
818,29.89,29.17
525,29.89,29.17
661,29.89,29.17
509,29.89,29.17
338,29.89,29.17
963,29.89,29.17
642,29.89,29.17
739,29.89,29.17
454,29.89,28.75
128,29.89,28.75
266,29.89,28.75
138,29.89,28.75
416,29.89,28.75
381,29.89,28.75
601,29.89,28.75
681,29.89,28.75
371,29.89,28.75
893,29.89,28.75
154,29.89,28.75
851,29.89,28.75
621,29.89,28.75
640,29.89,28.75
894,29.89,28.75
162,29.89,28.75
554,29.89,28.75
669,29.89,28.75
892,29.89,28.75
638,29.89,28.75
580,29.89,28.75
750,29.89,28.75
699,29.89,28.75
455,29.89,28.75
556,29.89,28.75
639,29.89,28.75
686,29.89,28.75
513,29.89,28.75
601,29.89,28.75
539,29.89,28.75
615,29.89,28.75
393,29.89,28.75
343,29.89,28.75
699,29.89,28.75
297,29.89,28.75
558,29.89,28.75
700,29.89,28.75
688,29.89,28.75
346,29.89,28.75
474,29.89,28.75
548,29.89,28.75
740,29.89,28.75
735,29.89,28.75
336,29.89,28.75
536,29.89,28.75
753,29.89,28.75
591,29.89,28.75
801,29.89,28.75
311,29.89,28.75
486,29.89,28.75
893,29.89,28.75
291,29.89,28.75
337,29.89,28.75
131,29.89,28.75
128,29.89,28.75
424,29.89,28.75
296,29.89,28.75
649,29.89,28.75
314,29.89,28.75
895,29.89,28.75
600,29.89,28.97
284,29.89,28.97
700,29.89,28.97
325,29.89,28.97
521,29.89,28.97
494,29.89,28.97
675,29.89,28.97
243,29.89,28.97
885,29.89,28.97
711,29.89,28.97
233,29.89,28.97
427,29.89,28.97
391,29.89,28.97
438,29.89,28.97
360,29.89,28.97
337,29.89,28.97
865,29.89,28.97
427,29.89,28.97
637,29.89,28.97
690,29.89,28.97
400,29.89,28.97
678,29.89,28.97
199,29.89,28.97
761,29.89,28.97
548,29.89,28.97
410,29.89,28.97
154,29.89,28.97
186,29.89,28.97
428,29.89,28.97
499,29.89,28.97
510,29.89,28.97
549,29.89,28.97
596,29.89,28.97
862,29.89,28.97
215,29.89,28.97
842,29.89,28.97
337,29.89,28.97
350,29.89,28.97
893,29.89,28.97
130,29.89,28.97
749,29.89,28.97
229,29.89,28.97
494,29.89,28.97
857,29.89,28.97
134,29.89,28.97
892,29.89,28.97
568,29.89,28.97
311,29.89,28.97
633,29.89,28.97
260,29.89,28.97
342,29.89,28.97
511,29.89,28.97
528,29.89,28.97
733,29.89,28.97
416,29.89,28.97
657,29.89,28.97
457,29.89,28.97
707,29.89,28.97
768,29.89,28.97
623,29.89,28.97
520,29.89,29.17
382,29.89,29.17
833,29.89,29.17
340,29.89,29.17
397,29.89,29.17
167,29.89,29.17
895,29.89,29.17
417,29.89,29.17
594,29.89,29.17
580,29.89,29.17
641,29.89,29.17
594,29.89,29.17
648,29.89,29.17
633,29.89,29.17
408,29.89,29.17
758,29.89,29.17
750,29.89,29.17
320,29.89,29.17
894,29.89,29.17
564,29.89,29.17
424,29.89,29.17
471,29.89,29.17
177,29.89,29.17
612,29.89,29.17
262,29.89,29.17
574,29.89,29.17
470,29.89,29.17
315,29.89,29.17
766,29.89,29.17
240,29.89,29.17
646,29.89,29.17
158,29.89,29.17
310,29.89,29.17
439,29.89,29.17
420,29.89,29.17
535,29.89,29.17
529,29.95,29.17
163,29.95,29.17
347,29.95,29.17
393,29.95,29.17
683,29.95,29.17
511,29.95,29.17
654,29.95,29.17
545,29.95,29.17
431,29.95,29.17
892,29.95,29.17
129,29.95,29.17
812,29.95,29.17
524,29.95,29.17
291,29.95,29.17
719,29.95,29.17
606,29.95,29.17
894,29.95,29.17
645,29.95,29.17
331,29.95,29.17
788,29.95,29.17
234,29.95,29.17
553,29.95,29.17
399,29.95,29.17
185,29.95,29.17
803,29.95,29.25
304,29.95,29.25
832,29.95,29.25
294,29.95,29.25
557,29.95,29.25
574,29.95,29.25
604,29.95,29.25
129,29.95,29.25
129,29.95,29.25
575,29.95,29.25
129,29.95,29.25
644,29.95,29.25
324,29.95,29.25
672,29.95,29.25
333,29.95,29.25
757,29.95,29.25
732,29.95,29.25
624,29.95,29.25
496,29.95,29.25
689,29.95,29.25
711,29.95,29.25
289,29.95,29.25
624,29.95,29.25
584,29.95,29.25
512,29.95,29.25
894,29.95,29.25
755,29.95,29.25
142,29.95,29.25
613,29.95,29.25
419,29.95,29.25
637,29.95,29.25
487,29.95,29.25
460,29.95,29.25
817,29.95,29.25
480,29.95,29.25
873,29.95,29.25
428,29.91,29.25
552,29.91,29.25
528,29.91,29.25
489,29.91,29.25
893,29.91,29.25
530,29.91,29.25
601,29.91,29.25
615,29.91,29.25
249,29.91,29.25
369,29.91,29.25
130,29.91,29.25
596,29.91,29.25
594,29.91,29.25
278,29.91,29.25
824,29.91,29.25
164,29.91,29.25
615,29.91,29.25
682,29.91,29.25
415,29.91,29.25
413,29.91,29.25
683,29.91,29.25
255,29.91,29.25
544,29.91,29.25
323,29.91,29.25
504,29.91,29.19
753,29.91,29.19
799,29.91,29.19
359,29.91,29.19
458,29.91,29.19
487,29.91,29.19
489,29.91,29.19
581,29.91,29.19
838,29.91,29.19
797,29.91,29.19
146,29.91,29.19
660,29.91,29.19
255,29.91,29.19
855,29.91,29.19
609,29.91,29.19
337,29.91,29.19
894,29.91,29.19
611,29.91,29.19
640,29.91,29.19
593,29.91,29.19
257,29.91,29.19
628,29.91,29.19
471,29.91,29.19
366,29.91,29.19
898,29.91,29.19
286,29.91,29.19
892,29.91,29.19
419,29.91,29.19
579,29.91,29.19
441,29.91,29.19
131,29.91,29.19
166,29.91,29.19
129,29.91,29.19
282,29.91,29.19
294,29.91,29.19
534,29.91,29.19
365,29.89,29.19
131,29.89,29.19
496,29.89,29.19
720,29.89,29.19
428,29.89,29.19
743,29.89,29.19
581,29.89,29.19
419,29.89,29.19
424,29.89,29.19
294,29.89,29.19
603,29.89,29.19
128,29.89,29.19
613,29.89,29.19
427,29.89,29.19
338,29.89,29.19
893,29.89,29.19
881,29.89,29.19
426,29.89,29.19
611,29.89,29.19
431,29.89,29.19
522,29.89,29.19
312,29.89,29.19
352,29.89,29.19
893,29.89,29.05
233,29.89,29.05
603,29.89,29.05
327,29.89,29.05
478,29.89,29.05
789,29.89,29.05
431,29.89,29.05
565,29.89,29.05
836,29.89,29.05
665,29.89,29.05
449,29.89,29.05
317,29.89,29.05
735,29.89,29.05
612,29.89,29.05
665,29.89,29.05
327,29.89,29.05
421,29.89,29.05
700,29.89,29.05
130,29.89,29.05
537,29.89,29.05
243,29.89,29.05
787,29.89,29.05
879,29.89,29.05
586,29.89,29.05
652,29.89,29.05
774,29.89,29.05
697,29.89,29.05
498,29.89,29.05
430,29.89,29.05
887,29.89,29.05
464,29.89,29.05
624,29.89,29.05
703,29.89,29.05
517,29.89,29.05
803,29.89,29.05
349,29.89,29.05
818,29.89,29.05
288,29.91,29.05
731,29.91,29.05
385,29.91,29.05
255,29.91,29.05
222,29.91,29.05
278,29.91,29.05
536,29.91,29.05
267,29.91,29.05
811,29.91,29.05
672,29.91,29.05
495,29.91,29.05
420,29.91,29.05
682,29.91,29.05
433,29.91,29.05
863,29.91,29.05
214,29.91,29.05
607,29.91,29.05
