221,30.27,29.51
324,30.27,29.51
130,30.29,29.51
218,30.29,29.51
231,30.29,29.51
827,30.29,29.51
149,30.29,29.51
453,30.29,29.51
570,30.29,29.51
407,30.29,29.51
465,30.29,29.51
628,30.29,29.51
586,30.29,29.51
551,30.29,29.51
176,30.29,29.51
580,30.29,29.51
572,30.29,29.51
595,30.29,29.51
892,30.29,29.51
314,30.29,29.51
858,30.29,29.51
818,30.29,29.51
511,30.29,29.51
584,30.29,29.51
336,30.29,29.51
523,30.29,29.51
881,30.29,29.59
346,30.29,29.59
449,30.29,29.59
545,30.29,29.59
165,30.29,29.59
766,30.29,29.59
375,30.29,29.59
278,30.29,29.59
432,30.29,29.59
290,30.29,29.59
771,30.29,29.59
286,30.29,29.59
303,30.29,29.59
503,30.29,29.59
304,30.29,29.59
663,30.29,29.59
656,30.29,29.59
273,30.29,29.59
893,30.29,29.59
309,30.29,29.59
788,30.29,29.59
335,30.29,29.59
809,30.29,29.59
480,30.29,29.59
214,30.29,29.59
618,30.29,29.59
131,30.29,29.59
271,30.29,29.59
465,30.29,29.59
729,30.29,29.59
211,30.29,29.59
162,30.29,29.59
887,30.29,29.59
547,30.29,29.59
491,30.29,29.59
882,30.29,29.59
411,30.27,29.59
790,30.27,29.59
410,30.27,29.59
382,30.27,29.59
616,30.27,29.59
370,30.27,29.59
893,30.27,29.59
475,30.27,29.59
675,30.27,29.59
605,30.27,29.59
503,30.27,29.59
431,30.27,29.59
648,30.27,29.59
443,30.27,29.59
781,30.27,29.59
134,30.27,29.59
398,30.27,29.59
535,30.27,29.59
378,30.27,29.59
553,30.27,29.59
348,30.27,29.59
197,30.27,29.59
482,30.27,29.59
456,30.27,29.59
439,30.27,29.55
789,30.27,29.55
179,30.27,29.55
629,30.27,29.55
131,30.27,29.55
733,30.27,29.55
366,30.27,29.55
405,30.27,29.55
487,30.27,29.55
489,30.27,29.55
772,30.27,29.55
508,30.27,29.55
392,30.27,29.55
367,30.27,29.55
593,30.27,29.55
404,30.27,29.55
703,30.27,29.55
388,30.27,29.55
843,30.27,29.55
503,30.27,29.55
766,30.27,29.55
156,30.27,29.55
521,30.27,29.55
554,30.27,29.55
370,30.27,29.55
844,30.27,29.55
208,30.27,29.55
804,30.27,29.55
291,30.27,29.55
515,30.27,29.55
459,30.27,29.55
641,30.27,29.55
441,30.27,29.55
655,30.27,29.55
130,30.27,29.55
521,30.27,29.55
267,30.27,29.55
453,30.27,29.55
335,30.27,29.55
254,30.27,29.55
798,30.27,29.55
213,30.27,29.55
742,30.27,29.55
197,30.27,29.55
605,30.27,29.55
603,30.27,29.55
568,30.27,29.55
372,30.27,29.55
396,30.27,29.55
537,30.27,29.55
494,30.27,29.55
579,30.27,29.55
893,30.27,29.55
628,30.27,29.55
357,30.27,29.55
877,30.27,29.55
364,30.27,29.55
385,30.27,29.55
594,30.27,29.55
729,30.27,29.51
381,30.27,29.51
887,30.27,29.51
520,30.27,29.51
387,30.27,29.51
475,30.27,29.51
235,30.27,29.51
657,30.27,29.51
360,30.27,29.51
591,30.27,29.51
335,30.27,29.51
819,30.27,29.51
543,30.27,29.51
698,30.27,29.51
203,30.27,29.51
382,30.27,29.51
613,30.27,29.51
568,30.27,29.51
546,30.27,29.51
893,30.27,29.51
715,30.27,29.51
783,30.27,29.51
502,30.27,29.51
378,30.27,29.51
800,30.27,29.51
208,30.27,29.51
622,30.27,29.51
128,30.27,29.51
450,30.27,29.51
720,30.27,29.51
368,30.27,29.51
476,30.27,29.51
726,30.27,29.51
548,30.27,29.51
645,30.27,29.51
448,30.27,29.51
644,30.27,29.51
467,30.29,29.51
314,30.29,29.51
442,30.29,29.51
142,30.29,29.51
895,30.29,29.51
460,30.29,29.51
447,30.29,29.51
468,30.29,29.51
494,30.29,29.51
605,30.29,29.51
136,30.29,29.51
478,30.29,29.51
648,30.29,29.51
476,30.29,29.51
320,30.29,29.51
598,30.29,29.51
645,30.29,29.51
591,30.29,29.51
342,30.29,29.51
538,30.29,29.51
570,30.29,29.51
565,30.29,29.51
744,30.29,29.51
801,30.29,29.63
559,30.29,29.63
783,30.29,29.63
356,30.29,29.63
153,30.29,29.63
703,30.29,29.63
212,30.29,29.63
895,30.29,29.63
496,30.29,29.63
217,30.29,29.63
895,30.29,29.63
128,30.29,29.63
717,30.29,29.63
633,30.29,29.63
128,30.29,29.63
425,30.29,29.63
251,30.29,29.63
464,30.29,29.63
866,30.29,29.63
679,30.29,29.63
474,30.29,29.63
472,30.29,29.63
660,30.29,29.63
453,30.29,29.63
580,30.29,29.63
387,30.29,29.63
478,30.29,29.63
507,30.29,29.63
318,30.29,29.63
551,30.29,29.63
530,30.29,29.63
289,30.29,29.63
563,30.29,29.63
286,30.29,29.63
659,30.29,29.63
502,30.29,29.63
884,30.25,29.63
822,30.25,29.63
137,30.25,29.63
853,30.25,29.63
843,30.25,29.63
490,30.25,29.63
412,30.25,29.63
813,30.25,29.63
545,30.25,29.63
806,30.25,29.63
400,30.25,29.63
268,30.25,29.63
739,30.25,29.63
668,30.25,29.63
358,30.25,29.63
551,30.25,29.63
873,30.25,29.63
522,30.25,29.63
488,30.25,29.63
729,30.25,29.63
681,30.25,29.63
521,30.25,29.63
690,30.25,29.63
597,30.25,29.63
684,30.25,29.55
364,30.25,29.55
650,30.25,29.55
259,30.25,29.55
181,30.25,29.55
428,30.25,29.55
177,30.25,29.55
566,30.25,29.55
629,30.25,29.55
894,30.25,29.55
651,30.25,29.55
409,30.25,29.55
528,30.25,29.55
278,30.25,29.55
341,30.25,29.55
412,30.25,29.55
359,30.25,29.55
817,30.25,29.55
315,30.25,29.55
572,30.25,29.55
644,30.25,29.55
425,30.25,29.55
757,30.25,29.55
130,30.25,29.55
669,30.25,29.55
594,30.25,29.55
272,30.25,29.55
466,30.25,29.55
277,30.25,29.55
621,30.25,29.55
844,30.25,29.55
332,30.25,29.55
639,30.25,29.55
462,30.25,29.55
457,30.25,29.55
733,30.25,29.55
217,30.29,29.55
392,30.29,29.55
279,30.29,29.55
518,30.29,29.55
311,30.29,29.55
893,30.29,29.55
820,30.29,29.55
478,30.29,29.55
860,30.29,29.55
505,30.29,29.55
544,30.29,29.55
553,30.29,29.55
394,30.29,29.55
527,30.29,29.55
859,30.29,29.55
150,30.29,29.55
715,30.29,29.55
469,30.29,29.55
599,30.29,29.55
630,30.29,29.55
273,30.29,29.55
554,30.29,29.55
676,30.29,29.55
892,30.29,29.55
843,30.29,29.57
531,30.29,29.57
130,30.29,29.57
794,30.29,29.57
133,30.29,29.57
830,30.29,29.57
661,30.29,29.57
657,30.29,29.57
532,30.29,29.57
199,30.29,29.57
843,30.29,29.57
131,30.29,29.57
627,30.29,29.57
381,30.29,29.57
435,30.29,29.57
211,30.29,29.57
130,30.29,29.57
657,30.29,29.57
460,30.29,29.57
723,30.29,29.57
894,30.29,29.57
130,30.29,29.57
821,30.29,29.57
511,30.29,29.57
441,30.29,29.57
894,30.29,29.57
130,30.29,29.57
893,30.29,29.57
131,30.29,29.57
772,30.29,29.57
535,30.29,29.57
382,30.29,29.57
692,30.29,29.57
800,30.29,29.57
719,30.29,29.57
371,30.29,29.57
560,30.27,29.57
491,30.27,29.57
290,30.27,29.57
617,30.27,29.57
642,30.27,29.57
551,30.27,29.57
764,30.27,29.57
523,30.27,29.57
757,30.27,29.57
129,30.27,29.57
409,30.27,29.57
275,30.27,29.57
398,30.27,29.57
366,30.27,29.57
247,30.27,29.57
728,30.27,29.57
319,30.27,29.57
696,30.27,29.57
410,30.27,29.57
691,30.27,29.57
523,30.27,29.57
731,30.27,29.57
432,30.27,29.57
212,30.27,29.49
590,30.27,29.49
756,30.27,29.49
521,30.27,29.49
874,30.27,29.49
395,30.27,29.49
826,30.27,29.49
838,30.27,29.49
243,30.27,29.49
894,30.27,29.49
132,30.27,29.49
671,30.27,29.49
277,30.27,29.49
364,30.27,29.49
480,30.27,29.49
203,30.27,29.49
608,30.27,29.49
464,30.27,29.49
439,30.27,29.49
203,30.27,29.49
451,30.27,29.49
384,30.27,29.49
895,30.27,29.49
556,30.27,29.49
426,30.27,29.49
374,30.27,29.49
894,30.27,29.49
398,30.27,29.49
728,30.27,29.49
274,30.27,29.49
893,30.27,29.49
410,30.27,29.49
606,30.27,29.49
897,30.27,29.49
133,30.27,29.49
