663,29.99,29.31
385,29.99,29.31
732,29.99,29.31
578,29.99,29.31
532,29.99,29.31
266,29.99,29.31
723,29.99,29.31
334,29.99,29.31
751,29.99,29.31
138,29.99,29.31
825,29.99,29.31
597,29.99,29.31
653,29.99,29.31
434,29.99,29.31
658,29.99,29.31
765,29.99,29.11
453,29.99,29.11
516,29.99,29.11
349,29.99,29.11
684,29.99,29.11
735,29.99,29.11
643,29.99,29.11
631,29.99,29.11
885,29.99,29.11
893,29.99,29.11
877,29.99,29.11
558,29.99,29.11
768,29.99,29.11
323,29.99,29.11
421,29.99,29.11
455,29.99,29.11
574,29.99,29.11
898,29.99,29.11
131,29.99,29.11
788,29.99,29.11
426,29.99,29.11
623,29.99,29.11
855,29.99,29.11
516,29.99,29.11
392,29.99,29.11
441,29.99,29.11
629,29.99,29.11
497,29.99,29.11
140,29.99,29.11
309,29.99,29.11
747,29.99,29.11
131,29.99,29.11
679,29.99,29.11
496,29.99,29.11
489,29.99,29.11
608,29.99,29.11
554,29.95,29.11
559,29.95,29.11
379,29.95,29.11
575,29.95,29.11
380,29.95,29.11
304,29.95,29.11
528,29.95,29.11
397,29.95,29.11
129,29.95,29.11
586,29.95,29.11
151,29.95,29.11
753,29.95,29.11
265,29.95,29.11
511,29.95,29.11
676,29.95,29.11
251,29.95,29.11
530,29.95,29.11
392,29.95,29.11
344,29.95,29.11
540,29.95,29.11
470,29.95,29.11
211,29.95,29.11
897,29.95,29.11
485,29.95,29.11
780,29.95,29.09
341,29.95,29.09
646,29.95,29.09
547,29.95,29.09
327,29.95,29.09
534,29.95,29.09
129,29.95,29.09
711,29.95,29.09
345,29.95,29.09
541,29.95,29.09
486,29.95,29.09
247,29.95,29.09
548,29.95,29.09
624,29.95,29.09
189,29.95,29.09
350,29.95,29.09
206,29.95,29.09
539,29.95,29.09
569,29.95,29.09
370,29.95,29.09
684,29.95,29.09
167,29.95,29.09
808,29.95,29.09
305,29.95,29.09
545,29.95,29.09
532,29.95,29.09
572,29.95,29.09
438,29.95,29.09
456,29.95,29.09
685,29.95,29.09
301,29.95,29.09
602,29.95,29.09
648,29.95,29.09
760,29.95,29.09
409,29.95,29.09
409,29.95,29.09
525,30.01,29.09
346,30.01,29.09
421,30.01,29.09
503,30.01,29.09
794,30.01,29.09
593,30.01,29.09
408,30.01,29.09
494,30.01,29.09
133,30.01,29.09
148,30.01,29.09
516,30.01,29.09
393,30.01,29.09
133,30.01,29.09
334,30.01,29.09
279,30.01,29.09
512,30.01,29.09
381,30.01,29.09
133,30.01,29.09
278,30.01,29.09
647,30.01,29.09
471,30.01,29.09
649,30.01,29.09
506,30.01,29.09
446,30.01,29.09
218,30.01,29.25
185,30.01,29.25
441,30.01,29.25
462,30.01,29.25
591,30.01,29.25
896,30.01,29.25
677,30.01,29.25
476,30.01,29.25
478,30.01,29.25
252,30.01,29.25
225,30.01,29.25
202,30.01,29.25
790,30.01,29.25
475,30.01,29.25
716,30.01,29.25
583,30.01,29.25
366,30.01,29.25
693,30.01,29.25
163,30.01,29.25
335,30.01,29.25
282,30.01,29.25
294,30.01,29.25
210,30.01,29.25
178,30.01,29.25
828,30.01,29.25
389,30.01,29.25
530,30.01,29.25
687,30.01,29.25
234,30.01,29.25
884,30.01,29.25
573,30.01,29.25
304,30.01,29.25
473,30.01,29.25
189,30.01,29.25
648,30.01,29.25
344,30.01,29.25
203,29.99,29.25
665,29.99,29.25
271,29.99,29.25
536,29.99,29.25
730,29.99,29.25
691,29.99,29.25
817,29.99,29.25
486,29.99,29.25
331,29.99,29.25
794,29.99,29.25
459,29.99,29.25
418,29.99,29.25
763,29.99,29.25
410,29.99,29.25
454,29.99,29.25
540,29.99,29.25
658,29.99,29.25
579,29.99,29.25
370,29.99,29.25
445,29.99,29.25
349,29.99,29.25
548,29.99,29.25
251,29.99,29.25
706,29.99,29.25
206,29.99,29.23
135,29.99,29.23
838,29.99,29.23
508,29.99,29.23
312,29.99,29.23
890,29.99,29.23
195,29.99,29.23
734,29.99,29.23
402,29.99,29.23
335,29.99,29.23
890,29.99,29.23
364,29.99,29.23
894,29.99,29.23
718,29.99,29.23
129,29.99,29.23
893,29.99,29.23
395,29.99,29.23
603,29.99,29.23
690,29.99,29.23
417,29.99,29.23
615,29.99,29.23
360,29.99,29.23
504,29.99,29.23
549,29.99,29.23
387,29.99,29.23
615,29.99,29.23
350,29.99,29.23
358,29.99,29.23
386,29.99,29.23
586,29.99,29.23
493,29.99,29.23
894,29.99,29.23
879,29.99,29.23
229,29.99,29.23
373,29.99,29.23
555,29.99,29.23
693,29.99,29.23
281,29.99,29.23
564,29.99,29.23
480,29.99,29.23
624,29.99,29.23
409,29.99,29.23
557,29.99,29.23
492,29.99,29.23
346,29.99,29.23
606,29.99,29.23
508,29.99,29.23
168,29.99,29.23
656,29.99,29.23
707,29.99,29.23
613,29.99,29.23
472,29.99,29.23
790,29.99,29.23
894,29.99,29.23
294,29.99,29.23
800,29.99,29.23
281,29.99,29.23
555,29.99,29.23
582,29.99,29.23
236,29.99,29.25
637,29.99,29.25
723,29.99,29.25
470,29.99,29.25
513,29.99,29.25
416,29.99,29.25
890,29.99,29.25
870,29.99,29.25
453,29.99,29.25
687,29.99,29.25
129,29.99,29.25
333,29.99,29.25
221,29.99,29.25
512,29.99,29.25
352,29.99,29.25
627,29.99,29.25
584,29.99,29.25
475,29.99,29.25
246,29.99,29.25
480,29.99,29.25
559,29.99,29.25
224,29.99,29.25
613,29.99,29.25
820,29.99,29.25
263,29.99,29.25
609,29.99,29.25
802,29.99,29.25
199,29.99,29.25
498,29.99,29.25
270,29.99,29.25
892,29.99,29.25
811,29.99,29.25
500,29.99,29.25
690,29.99,29.25
425,29.99,29.25
752,29.99,29.25
301,30.01,29.25
793,30.01,29.25
361,30.01,29.25
611,30.01,29.25
831,30.01,29.25
507,30.01,29.25
494,30.01,29.25
377,30.01,29.25
582,30.01,29.25
350,30.01,29.25
458,30.01,29.25
480,30.01,29.25
840,30.01,29.25
520,30.01,29.25
751,30.01,29.25
300,30.01,29.25
332,30.01,29.25
134,30.01,29.25
278,30.01,29.25
129,30.01,29.25
306,30.01,29.25
129,30.01,29.25
435,30.01,29.25
738,30.01,29.25
212,30.01,29.29
881,30.01,29.29
135,30.01,29.29
893,30.01,29.29
649,30.01,29.29
605,30.01,29.29
514,30.01,29.29
337,30.01,29.29
306,30.01,29.29
350,30.01,29.29
331,30.01,29.29
586,30.01,29.29
665,30.01,29.29
676,30.01,29.29
545,30.01,29.29
758,30.01,29.29
585,30.01,29.29
139,30.01,29.29
447,30.01,29.29
372,30.01,29.29
755,30.01,29.29
591,30.01,29.29
231,30.01,29.29
597,30.01,29.29
443,30.01,29.29
661,30.01,29.29
352,30.01,29.29
490,30.01,29.29
447,30.01,29.29
358,30.01,29.29
419,30.01,29.29
568,30.01,29.29
742,30.01,29.29
397,30.01,29.29
513,30.01,29.29
400,30.01,29.29
737,29.99,29.29
292,29.99,29.29
840,29.99,29.29
457,29.99,29.29
257,29.99,29.29
477,29.99,29.29
444,29.99,29.29
344,29.99,29.29
771,29.99,29.29
411,29.99,29.29
555,29.99,29.29
869,29.99,29.29
596,29.99,29.29
894,29.99,29.29
535,29.99,29.29
516,29.99,29.29
598,29.99,29.29
372,29.99,29.29
674,29.99,29.29
234,29.99,29.29
746,29.99,29.29
825,29.99,29.29
188,29.99,29.29
613,29.99,29.29
129,29.99,29.17
680,29.99,29.17
688,29.99,29.17
581,29.99,29.17
534,29.99,29.17
569,29.99,29.17
648,29.99,29.17
328,29.99,29.17
382,29.99,29.17
469,29.99,29.17
523,29.99,29.17
511,29.99,29.17
516,29.99,29.17
426,29.99,29.17
838,29.99,29.17
392,29.99,29.17
505,29.99,29.17
736,29.99,29.17
633,29.99,29.17
894,29.99,29.17
633,29.99,29.17
240,29.99,29.17
441,29.99,29.17
235,29.99,29.17
265,29.99,29.17
445,29.99,29.17
236,29.99,29.17
836,29.99,29.17
254,29.99,29.17
554,29.99,29.17
658,29.99,29.17
321,29.99,29.17
415,29.99,29.17
298,29.99,29.17
232,29.99,29.17
469,29.99,29.17
434,29.99,29.17
425,29.99,29.17
487,29.99,29.17
473,29.99,29.17
691,29.99,29.17
203,29.99,29.17
693,29.99,29.17
672,29.99,29.17
541,29.99,29.17
