427,30.11,29.19
557,30.11,29.19
480,30.11,29.19
465,30.11,29.19
584,30.11,29.19
659,30.11,29.19
891,30.11,29.19
298,30.11,29.19
505,30.11,29.19
475,30.11,29.19
715,30.11,29.19
629,30.11,29.19
198,30.11,29.19
740,30.11,29.19
183,30.11,29.19
337,30.11,29.19
280,30.11,29.19
630,30.11,29.19
432,30.11,29.19
321,30.11,29.19
470,30.11,29.19
433,30.11,29.19
365,30.11,29.19
792,30.11,29.19
381,30.11,29.19
320,30.11,29.19
692,30.11,29.19
652,30.11,29.19
416,30.11,29.19
541,30.11,30.11
545,30.11,29.31
751,30.11,29.31
589,30.11,29.31
460,30.11,29.31
841,30.11,29.31
540,30.11,29.31
597,30.11,29.31
373,30.11,29.31
278,30.11,29.31
526,30.11,29.31
621,30.11,29.31
463,30.11,29.31
377,30.11,29.31
618,30.11,29.31
563,30.11,29.31
243,30.11,29.31
564,30.11,29.31
563,30.11,29.31
279,30.11,29.31
466,30.11,29.31
591,30.11,29.31
893,30.11,29.31
457,30.11,29.31
786,30.11,29.31
544,30.11,29.31
277,30.11,29.31
685,30.11,29.31
405,30.11,29.31
711,30.11,29.31
798,30.11,29.31
474,30.11,29.31
361,30.11,29.31
584,30.11,29.31
595,30.11,29.31
686,30.11,29.31
713,30.09,29.31
697,30.09,29.31
372,30.09,29.31
634,30.09,29.31
279,30.09,29.31
608,30.09,29.31
366,30.09,29.31
504,30.09,29.31
893,30.09,29.31
422,30.09,29.31
604,30.09,29.31
540,30.09,29.31
734,30.09,29.31
604,30.09,29.31
612,30.09,29.31
632,30.09,29.31
817,30.09,29.31
384,30.09,29.31
685,30.09,29.31
536,30.09,29.31
634,30.09,29.31
461,30.09,29.31
471,30.09,29.31
666,30.09,29.31
692,30.09,29.09
560,30.09,29.09
495,30.09,29.09
860,30.09,29.09
129,30.09,29.09
661,30.09,29.09
471,30.09,29.09
423,30.09,29.09
507,30.09,29.09
570,30.09,29.09
609,30.09,29.09
408,30.09,29.09
697,30.09,29.09
373,30.09,29.09
142,30.09,29.09
376,30.09,29.09
363,30.09,29.09
613,30.09,29.09
297,30.09,29.09
684,30.09,29.09
130,30.09,29.09
883,30.09,29.09
452,30.09,29.09
664,30.09,29.09
455,30.09,29.09
724,30.09,29.09
571,30.09,29.09
635,30.09,29.09
732,30.09,29.09
894,30.09,29.09
679,30.09,29.09
531,30.09,29.09
622,30.09,29.09
524,30.09,29.09
899,30.09,29.09
573,30.09,29.09
894,30.11,29.09
569,30.11,29.09
431,30.11,29.09
786,30.11,29.09
541,30.11,29.09
484,30.11,29.09
371,30.11,29.09
871,30.11,29.09
385,30.11,29.09
837,30.11,29.09
522,30.11,29.09
375,30.11,29.09
605,30.11,29.09
397,30.11,29.09
391,30.11,29.09
382,30.11,29.09
189,30.11,29.09
627,30.11,29.09
677,30.11,29.09
385,30.11,29.09
771,30.11,29.09
308,30.11,29.09
525,30.11,29.09
322,30.11,29.09
636,30.11,29.35
590,30.11,29.35
588,30.11,29.35
129,30.11,29.35
695,30.11,29.35
479,30.11,29.35
596,30.11,29.35
635,30.11,29.35
364,30.11,29.35
604,30.11,29.35
397,30.11,29.35
618,30.11,29.35
500,30.11,29.35
279,30.11,29.35
627,30.11,29.35
880,30.11,29.35
134,30.11,29.35
734,30.11,29.35
281,30.11,29.35
308,30.11,29.35
784,30.11,29.35
486,30.11,29.35
308,30.11,29.35
198,30.11,29.35
843,30.11,29.35
320,30.11,29.35
569,30.11,29.35
462,30.11,29.35
542,30.11,29.35
133,30.11,29.35
708,30.11,29.35
441,30.11,29.35
726,30.11,29.35
735,30.11,29.35
439,30.11,29.35
760,30.11,29.35
219,30.09,29.35
582,30.09,29.35
541,30.09,29.35
233,30.09,29.35
130,30.09,29.35
359,30.09,29.35
131,30.09,29.35
462,30.09,29.35
812,30.09,29.35
690,30.09,29.35
130,30.09,29.35
870,30.09,29.35
501,30.09,29.35
259,30.09,29.35
808,30.09,29.35
381,30.09,29.35
793,30.09,29.35
292,30.09,29.35
373,30.09,29.35
808,30.09,29.35
408,30.09,29.35
890,30.09,29.35
319,30.09,29.35
256,30.09,29.35
658,30.09,29.17
407,30.09,29.17
315,30.09,29.17
335,30.09,29.17
129,30.09,29.17
852,30.09,29.17
312,30.09,29.17
750,30.09,29.17
604,30.09,29.17
649,30.09,29.17
366,30.09,29.17
609,30.09,29.17
438,30.09,29.17
399,30.09,29.17
893,30.09,29.17
418,30.09,29.17
895,30.09,29.17
730,30.09,29.17
746,30.09,29.17
350,30.09,29.17
660,30.09,29.17
543,30.09,29.17
349,30.09,29.17
403,30.09,29.17
439,30.09,29.17
661,30.09,29.17
298,30.09,29.17
792,30.09,29.17
128,30.09,29.17
694,30.09,29.17
541,30.09,29.17
698,30.09,29.17
313,30.09,29.17
893,30.09,29.17
637,30.09,29.17
750,30.09,29.17
129,30.09,29.17
129,30.09,29.17
661,30.09,29.17
197,30.09,29.17
642,30.09,29.17
152,30.09,29.17
695,30.09,29.17
503,30.09,29.17
570,30.09,29.17
894,30.09,29.17
451,30.09,29.17
395,30.09,29.17
486,30.09,29.17
336,30.09,29.17
148,30.09,29.17
560,30.09,29.17
269,30.09,29.17
546,30.09,29.17
573,30.09,29.17
348,30.09,29.17
520,30.09,29.17
694,30.09,29.17
211,30.09,29.17
651,30.09,29.17
637,30.09,29.17
328,30.09,29.17
682,30.09,29.17
348,30.09,29.17
574,30.09,29.17
636,30.09,29.17
283,30.09,29.17
623,30.09,29.17
422,30.09,29.17
395,30.09,29.17
293,30.09,29.17
516,30.09,29.17
468,30.09,29.17
457,30.09,29.17
786,30.09,29.17
411,30.09,29.17
780,30.09,29.17
389,30.09,29.17
641,30.09,29.17
552,30.09,29.17
257,30.09,29.17
778,30.09,29.17
497,30.09,29.17
719,30.09,29.17
623,30.09,29.17
613,30.09,29.17
728,30.09,29.17
664,30.09,29.17
322,30.09,29.17
574,30.09,29.17
611,30.09,29.17
515,30.09,29.17
458,30.09,29.17
210,30.09,29.17
345,30.09,29.17
129,30.09,29.17
416,30.11,29.17
275,30.11,29.17
688,30.11,29.17
262,30.11,29.17
827,30.11,29.17
877,30.11,29.17
744,30.11,29.17
274,30.11,29.17
135,30.11,29.17
353,30.11,29.17
262,30.11,29.17
489,30.11,29.17
330,30.11,29.17
829,30.11,29.17
613,30.11,29.17
415,30.11,29.17
797,30.11,29.17
475,30.11,29.17
424,30.11,29.17
487,30.11,29.17
411,30.11,29.17
500,30.11,29.17
131,30.11,29.17
610,30.11,29.11
877,30.11,29.11
643,30.11,29.11
707,30.11,29.11
532,30.11,29.11
809,30.11,29.11
357,30.11,29.11
591,30.11,29.11
515,30.11,29.11
129,30.11,29.11
597,30.11,29.11
316,30.11,29.11
530,30.11,29.11
136,30.11,29.11
131,30.11,29.11
189,30.11,29.11
240,30.11,29.11
503,30.11,29.11
661,30.11,29.11
403,30.11,29.11
353,30.11,29.11
742,30.11,29.11
728,30.11,29.11
440,30.11,29.11
822,30.11,29.11
478,30.11,29.11
788,30.11,29.11
521,30.11,29.11
155,30.11,29.11
895,30.11,29.11
354,30.11,29.11
869,30.11,29.11
585,30.11,29.11
263,30.11,29.11
683,30.11,29.11
511,30.11,29.11
548,30.11,29.11
438,30.09,29.11
449,30.09,29.11
816,30.09,29.11
466,30.09,29.11
644,30.09,29.11
599,30.09,29.11
134,30.09,29.11
545,30.09,29.11
271,30.09,29.11
895,30.09,29.11
170,30.09,29.11
894,30.09,29.11
551,30.09,29.11
308,30.09,29.11
841,30.09,29.11
129,30.09,29.11
236,30.09,29.11
370,30.09,29.11
502,30.09,29.11
269,30.09,29.11
531,30.09,29.11
232,30.09,29.11
892,30.09,29.11
330,30.09,29.29
650,30.09,29.29
349,30.09,29.29
668,30.09,29.29
614,30.09,29.29
266,30.09,29.29
378,30.09,29.29
131,30.09,29.29
597,30.09,29.29
196,30.09,29.29
371,30.09,29.29
398,30.09,29.29
799,30.09,29.29
163,30.09,29.29
829,30.09,29.29
378,30.09,29.29
627,30.09,29.29
636,30.09,29.29
247,30.09,29.29
711,30.09,29.29
611,30.09,29.29
697,30.09,29.29
652,30.09,29.29
482,30.09,29.29
871,30.09,29.29
706,30.09,29.29
130,30.09,29.29
617,30.09,29.29
290,30.09,29.29
475,30.09,29.29
349,30.09,29.29
