406,30.31,29.57
550,30.31,29.57
131,30.31,29.57
439,30.31,29.57
144,30.31,29.57
450,30.31,29.57
618,30.31,29.57
405,30.31,29.57
862,30.31,29.57
646,30.31,29.57
893,30.31,29.63
483,30.31,29.63
522,30.31,29.63
677,30.31,29.63
373,30.31,29.63
263,30.31,29.63
227,30.31,29.63
584,30.31,29.63
646,30.31,29.63
266,30.31,29.63
567,30.31,29.63
413,30.31,29.63
793,30.31,29.63
315,30.31,29.63
140,30.31,29.63
709,30.31,29.63
270,30.31,29.63
372,30.31,29.63
355,30.31,29.63
506,30.31,29.63
585,30.31,29.63
399,30.31,29.63
668,30.31,29.63
711,30.31,29.63
515,30.31,29.63
187,30.31,29.63
569,30.31,29.63
383,30.31,29.63
602,30.31,29.63
670,30.31,29.63
134,30.31,29.63
384,30.31,29.63
656,30.31,29.63
145,30.31,29.63
754,30.31,29.63
396,30.31,29.63
893,30.29,29.63
702,30.29,29.63
139,30.29,29.63
649,30.29,29.63
274,30.29,29.63
712,30.29,29.63
440,30.29,29.63
607,30.29,29.63
736,30.29,29.63
517,30.29,29.63
366,30.29,29.63
584,30.29,29.63
255,30.29,29.63
523,30.29,29.63
152,30.29,29.63
634,30.29,29.63
529,30.29,29.63
755,30.29,29.63
693,30.29,29.63
132,30.29,29.63
786,30.29,29.63
479,30.29,29.63
547,30.29,29.63
434,30.29,29.63
419,30.29,29.45
403,30.29,29.45
714,30.29,29.45
328,30.29,29.45
468,30.29,29.45
508,30.29,29.45
673,30.29,29.45
550,30.29,29.45
680,30.29,29.45
723,30.29,29.45
752,30.29,29.45
566,30.29,29.45
130,30.29,29.45
250,30.29,29.45
535,30.29,29.45
578,30.29,29.45
542,30.29,29.45
683,30.29,29.45
340,30.29,29.45
707,30.29,29.45
383,30.29,29.45
315,30.29,29.45
403,30.29,29.45
152,30.29,29.45
566,30.29,29.45
430,30.29,29.45
503,30.29,29.45
326,30.29,29.45
399,30.29,29.45
655,30.29,29.45
674,30.29,29.45
270,30.29,29.45
726,30.29,29.45
433,30.29,29.45
746,30.29,29.45
255,30.29,29.45
393,30.29,29.45
682,30.29,29.45
371,30.29,29.45
861,30.29,29.45
400,30.29,29.45
484,30.29,29.45
508,30.29,29.45
624,30.29,29.45
571,30.29,29.45
328,30.29,29.45
517,30.29,29.45
384,30.29,29.45
460,30.29,29.45
592,30.29,29.45
372,30.29,29.45
720,30.29,29.45
468,30.29,29.45
592,30.29,29.45
591,30.29,29.45
149,30.29,29.45
761,30.29,29.45
368,30.29,29.45
128,30.29,29.45
129,30.29,29.45
287,30.29,29.49
304,30.29,29.49
223,30.29,29.49
807,30.29,29.49
523,30.29,29.49
611,30.29,29.49
720,30.29,29.49
429,30.29,29.49
321,30.29,29.49
645,30.29,29.49
381,30.29,29.49
717,30.29,29.49
398,30.29,29.49
627,30.29,29.49
513,30.29,29.49
775,30.29,29.49
764,30.29,29.49
543,30.29,29.49
579,30.29,29.49
308,30.29,29.49
637,30.29,29.49
240,30.29,29.49
442,30.29,29.49
220,30.29,29.49
714,30.29,29.49
585,30.29,29.49
884,30.29,29.49
739,30.29,29.49
893,30.29,29.49
626,30.29,29.49
533,30.29,29.49
782,30.29,29.49
681,30.29,29.49
806,30.29,29.49
599,30.29,29.49
530,30.29,29.49
512,30.29,29.49
569,30.29,29.49
274,30.29,29.49
894,30.29,29.49
137,30.29,29.49
895,30.29,29.49
445,30.29,29.49
430,30.29,29.49
776,30.29,29.49
275,30.29,29.49
746,30.29,29.49
612,30.29,29.49
318,30.29,29.49
143,30.29,29.49
246,30.29,29.49
375,30.29,29.49
737,30.29,29.49
335,30.29,29.49
341,30.29,29.49
437,30.29,29.49
863,30.29,29.49
489,30.29,29.49
429,30.29,29.49
783,30.29,29.57
743,30.29,29.57
531,30.29,29.57
174,30.29,29.57
584,30.29,29.57
640,30.29,29.57
797,30.29,29.57
708,30.29,29.57
536,30.29,29.57
510,30.29,29.57
353,30.29,29.57
491,30.29,29.57
319,30.29,29.57
498,30.29,29.57
477,30.29,29.57
622,30.29,29.57
640,30.29,29.57
319,30.29,29.57
610,30.29,29.57
422,30.29,29.57
300,30.29,29.57
755,30.29,29.57
131,30.29,29.57
189,30.29,29.57
199,30.29,29.57
128,30.29,29.57
795,30.29,29.57
155,30.29,29.57
893,30.29,29.57
239,30.29,29.57
697,30.29,29.57
655,30.29,29.57
243,30.29,29.57
895,30.29,29.57
370,30.29,29.57
472,30.29,29.57
553,30.33,29.57
295,30.33,29.57
533,30.33,29.57
605,30.33,29.57
270,30.33,29.57
757,30.33,29.57
366,30.33,29.57
701,30.33,29.57
604,30.33,29.57
432,30.33,29.57
432,30.33,29.57
605,30.33,29.57
386,30.33,29.57
220,30.33,29.57
668,30.33,29.57
776,30.33,29.57
684,30.33,29.57
442,30.33,29.57
462,30.33,29.57
309,30.33,29.57
626,30.33,29.57
236,30.33,29.57
445,30.33,29.57
279,30.33,29.57
828,30.33,29.59
555,30.33,29.59
198,30.33,29.59
229,30.33,29.59
837,30.33,29.59
487,30.33,29.59
356,30.33,29.59
708,30.33,29.59
360,30.33,29.59
455,30.33,29.59
298,30.33,29.59
646,30.33,29.59
302,30.33,29.59
647,30.33,29.59
484,30.33,29.59
380,30.33,29.59
895,30.33,29.59
601,30.33,29.59
397,30.33,29.59
624,30.33,29.59
315,30.33,29.59
648,30.33,29.59
482,30.33,29.59
419,30.33,29.59
666,30.33,29.59
459,30.33,29.59
678,30.33,29.59
568,30.33,29.59
386,30.33,29.59
162,30.33,29.59
494,30.33,29.59
532,30.33,29.59
240,30.33,29.59
439,30.33,29.59
398,30.33,29.59
592,30.33,29.59
291,30.29,29.59
808,30.29,29.59
665,30.29,29.59
491,30.29,29.59
622,30.29,29.59
644,30.29,29.59
149,30.29,29.59
639,30.29,29.59
157,30.29,29.59
266,30.29,29.59
339,30.29,29.59
491,30.29,29.59
439,30.29,29.59
729,30.29,29.59
891,30.29,29.59
488,30.29,29.59
848,30.29,29.59
630,30.29,29.59
412,30.29,29.59
556,30.29,29.59
259,30.29,29.59
434,30.29,29.59
782,30.29,29.59
452,30.29,29.39
851,30.29,29.39
159,30.29,29.39
423,30.29,29.39
658,30.29,29.39
370,30.29,29.39
432,30.29,29.39
598,30.29,29.39
792,30.29,29.39
545,30.29,29.39
520,30.29,29.39
296,30.29,29.39
657,30.29,29.39
173,30.29,29.39
741,30.29,29.39
461,30.29,29.39
630,30.29,29.39
851,30.29,29.39
339,30.29,29.39
721,30.29,29.39
233,30.29,29.39
233,30.29,29.39
570,30.29,29.39
515,30.29,29.39
893,30.29,29.39
411,30.29,29.39
668,30.29,29.39
828,30.29,29.39
311,30.29,29.39
879,30.29,29.39
318,30.29,29.39
632,30.29,29.39
493,30.29,29.39
307,30.29,29.39
832,30.29,29.39
129,30.29,29.39
556,30.29,29.39
571,30.29,29.39
256,30.29,29.39
625,30.29,29.39
264,30.29,29.39
479,30.29,29.39
510,30.29,29.39
271,30.29,29.39
549,30.29,29.39
132,30.29,29.39
629,30.29,29.39
597,30.29,29.39
440,30.29,29.39
747,30.29,29.39
274,30.29,29.39
516,30.29,29.39
586,30.29,29.39
454,30.29,29.39
332,30.29,29.39
621,30.29,29.39
220,30.29,29.39
566,30.29,29.39
229,30.29,29.39
611,30.29,29.39
849,30.29,29.49
419,30.29,29.49
405,30.29,29.49
486,30.29,29.49
395,30.29,29.49
582,30.29,29.49
388,30.29,29.49
534,30.29,29.49
414,30.29,29.49
170,30.29,29.49
740,30.29,29.49
218,30.29,29.49
875,30.29,29.49
715,30.29,29.49
488,30.29,29.49
576,30.29,29.49
460,30.29,29.49
581,30.29,29.49
521,30.29,29.49
562,30.29,29.49
486,30.29,29.49
610,30.29,29.49
624,30.29,29.49
532,30.29,29.49
317,30.29,29.49
759,30.29,29.49
196,30.29,29.49
695,30.29,29.49
361,30.29,29.49
183,30.29,29.49
403,30.29,29.49
203,30.29,29.49
315,30.29,29.49
771,30.29,29.49
863,30.29,29.49
509,30.29,29.49
595,30.29,29.49
528,30.29,29.49
863,30.29,29.49
242,30.29,29.49
759,30.29,29.49
750,30.29,29.49
484,30.29,29.49
562,30.29,29.49
390,30.29,29.49
663,30.29,29.49
723,30.29,29.49
683,30.29,29.49
677,30.29,29.49
469,30.29,29.49
553,30.29,29.49
