374,30.11,29.23
321,30.11,29.23
565,30.11,29.23
278,30.11,29.23
872,30.11,29.23
303,30.11,29.23
792,30.11,29.23
493,30.11,29.23
453,30.11,29.23
517,30.11,29.23
186,30.11,29.23
894,30.11,29.23
324,30.11,29.23
349,30.11,29.23
283,30.11,29.23
604,30.11,29.23
530,30.11,29.23
576,30.11,29.23
627,30.11,29.23
857,30.11,29.23
716,30.11,29.23
535,30.11,29.25
656,30.11,29.25
394,30.11,29.25
572,30.11,29.25
153,30.11,29.25
381,30.11,29.25
347,30.11,29.25
766,30.11,29.25
453,30.11,29.25
753,30.11,29.25
557,30.11,29.25
561,30.11,29.25
296,30.11,29.25
514,30.11,29.25
670,30.11,29.25
710,30.11,29.25
678,30.11,29.25
334,30.11,29.25
747,30.11,29.25
747,30.11,29.25
445,30.11,29.25
616,30.11,29.25
387,30.11,29.25
669,30.11,29.25
407,30.11,29.25
135,30.11,29.25
752,30.11,29.25
130,30.11,29.25
421,30.11,29.25
287,30.11,29.25
130,30.11,29.25
712,30.11,29.25
528,30.11,29.25
711,30.11,29.25
580,30.11,29.25
592,30.11,29.25
677,30.13,29.25
561,30.13,29.25
161,30.13,29.25
865,30.13,29.25
389,30.13,29.25
520,30.13,29.25
509,30.13,29.25
690,30.13,29.25
705,30.13,29.25
715,30.13,29.25
537,30.13,29.25
357,30.13,29.25
749,30.13,29.25
319,30.13,29.25
521,30.13,29.25
520,30.13,29.25
804,30.13,29.25
181,30.13,29.25
603,30.13,29.25
341,30.13,29.25
309,30.13,29.25
429,30.13,29.25
129,30.13,29.25
379,30.13,29.25
574,30.13,29.35
452,30.13,29.35
828,30.13,29.35
450,30.13,29.35
371,30.13,29.35
861,30.13,29.35
476,30.13,29.35
560,30.13,29.35
526,30.13,29.35
734,30.13,29.35
682,30.13,29.35
435,30.13,29.35
534,30.13,29.35
404,30.13,29.35
716,30.13,29.35
315,30.13,29.35
806,30.13,29.35
576,30.13,29.35
688,30.13,29.35
579,30.13,29.35
254,30.13,29.35
560,30.13,29.35
365,30.13,29.35
363,30.13,29.35
644,30.13,29.35
467,30.13,29.35
434,30.13,29.35
590,30.13,29.35
261,30.13,29.35
308,30.13,29.35
811,30.13,29.35
831,30.13,29.35
621,30.13,29.35
852,30.13,29.35
506,30.13,29.35
760,30.13,29.35
443,30.17,29.35
421,30.17,29.35
666,30.17,29.35
392,30.17,29.35
687,30.17,29.35
426,30.17,29.35
736,30.17,29.35
751,30.17,29.35
486,30.17,29.35
406,30.17,29.35
357,30.17,29.35
285,30.17,29.35
526,30.17,29.35
252,30.17,29.35
546,30.17,29.35
443,30.17,29.35
622,30.17,29.35
633,30.17,29.35
515,30.17,29.35
778,30.17,29.35
150,30.17,29.35
575,30.17,29.35
686,30.17,29.35
290,30.17,29.23
797,30.17,29.23
366,30.17,29.23
506,30.17,29.23
594,30.17,29.23
698,30.17,29.23
316,30.17,29.23
333,30.17,29.23
890,30.17,29.23
892,30.17,29.23
618,30.17,29.23
812,30.17,29.23
525,30.17,29.23
634,30.17,29.23
457,30.17,29.23
468,30.17,29.23
479,30.17,29.23
685,30.17,29.23
363,30.17,29.23
470,30.17,29.23
535,30.17,29.23
129,30.17,29.23
504,30.17,29.23
376,30.17,29.23
528,30.17,29.23
498,30.17,29.23
522,30.17,29.23
550,30.17,29.23
319,30.17,29.23
507,30.17,29.23
391,30.17,29.23
545,30.17,29.23
797,30.17,29.23
471,30.17,29.23
581,30.17,29.23
627,30.17,29.23
300,30.17,29.23
577,30.11,29.23
141,30.11,29.23
618,30.11,29.23
444,30.11,29.23
772,30.11,29.23
657,30.11,29.23
853,30.11,29.23
862,30.11,29.23
677,30.11,29.23
323,30.11,29.23
735,30.11,29.23
292,30.11,29.23
275,30.11,29.23
644,30.11,29.23
459,30.11,29.23
782,30.11,29.23
310,30.11,29.23
471,30.11,29.23
298,30.11,29.23
646,30.11,29.23
253,30.11,29.23
572,30.11,29.23
132,30.11,29.23
414,30.11,29.37
147,30.11,29.37
358,30.11,29.37
458,30.11,29.37
407,30.11,29.37
894,30.11,29.37
486,30.11,29.37
414,30.11,29.37
856,30.11,29.37
467,30.11,29.37
580,30.11,29.37
717,30.11,29.37
134,30.11,29.37
892,30.11,29.37
457,30.11,29.37
671,30.11,29.37
592,30.11,29.37
726,30.11,29.37
238,30.11,29.37
315,30.11,29.37
576,30.11,29.37
643,30.11,29.37
692,30.11,29.37
436,30.11,29.37
405,30.11,29.37
320,30.11,29.37
527,30.11,29.37
179,30.11,29.37
567,30.11,29.37
473,30.11,29.37
530,30.11,29.37
381,30.11,29.37
620,30.11,29.37
309,30.11,29.37
586,30.11,29.37
605,30.11,29.37
129,30.17,29.37
344,30.17,29.37
451,30.17,29.37
777,30.17,29.37
311,30.17,29.37
518,30.17,29.37
416,30.17,29.37
754,30.17,29.37
181,30.17,29.37
544,30.17,29.37
789,30.17,29.37
180,30.17,29.37
502,30.17,29.37
217,30.17,29.37
457,30.17,29.37
513,30.17,29.37
412,30.17,29.37
442,30.17,29.37
682,30.17,29.37
341,30.17,29.37
881,30.17,29.37
131,30.17,29.37
859,30.17,29.37
739,30.17,29.37
385,30.17,29.39
609,30.17,29.39
284,30.17,29.39
690,30.17,29.39
452,30.17,29.39
219,30.17,29.39
332,30.17,29.39
671,30.17,29.39
834,30.17,29.39
838,30.17,29.39
418,30.17,29.39
742,30.17,29.39
616,30.17,29.39
522,30.17,29.39
250,30.17,29.39
893,30.17,29.39
696,30.17,29.39
573,30.17,29.39
688,30.17,29.39
130,30.17,29.39
681,30.17,29.39
473,30.17,29.39
768,30.17,29.39
503,30.17,29.39
679,30.17,29.39
802,30.17,29.39
236,30.17,29.39
438,30.17,29.39
623,30.17,29.39
382,30.17,29.39
521,30.17,29.39
557,30.17,29.39
789,30.17,29.39
524,30.17,29.39
200,30.17,29.39
727,30.17,29.39
129,30.13,29.39
768,30.13,29.39
408,30.13,29.39
893,30.13,29.39
414,30.13,29.39
675,30.13,29.39
544,30.13,29.39
557,30.13,29.39
563,30.13,29.39
450,30.13,29.39
528,30.13,29.39
471,30.13,29.39
536,30.13,29.39
419,30.13,29.39
728,30.13,29.39
271,30.13,29.39
618,30.13,29.39
650,30.13,29.39
540,30.13,29.39
567,30.13,29.39
424,30.13,29.39
538,30.13,29.39
241,30.13,29.39
202,30.13,29.31
189,30.13,29.31
622,30.13,29.31
467,30.13,29.31
681,30.13,29.31
129,30.13,29.31
870,30.13,29.31
451,30.13,29.31
227,30.13,29.31
659,30.13,29.31
336,30.13,29.31
812,30.13,29.31
881,30.13,29.31
536,30.13,29.31
440,30.13,29.31
795,30.13,29.31
641,30.13,29.31
811,30.13,29.31
558,30.13,29.31
692,30.13,29.31
251,30.13,29.31
754,30.13,29.31
590,30.13,29.31
894,30.13,29.31
637,30.13,29.31
147,30.13,29.31
574,30.13,29.31
605,30.13,29.31
587,30.13,29.31
352,30.13,29.31
530,30.13,29.31
131,30.13,29.31
387,30.13,29.31
353,30.13,29.31
326,30.13,29.31
128,30.13,29.31
631,30.13,29.31
515,30.11,29.31
159,30.11,29.31
605,30.11,29.31
744,30.11,29.31
537,30.11,29.31
689,30.11,29.31
361,30.11,29.31
725,30.11,29.31
639,30.11,29.31
136,30.11,29.31
769,30.11,29.31
418,30.11,29.31
589,30.11,29.31
758,30.11,29.31
807,30.11,29.31
754,30.11,29.31
525,30.11,29.31
725,30.11,29.31
335,30.11,29.31
378,30.11,29.31
751,30.11,29.31
417,30.11,29.31
789,30.11,29.31
557,30.11,29.31
502,30.11,29.31
528,30.11,29.31
380,30.11,29.31
870,30.11,29.31
129,30.11,29.31
293,30.11,29.31
344,30.11,29.31
465,30.11,29.31
775,30.11,29.31
429,30.11,29.31
730,30.11,29.31
454,30.11,29.31
686,30.11,29.31
457,30.11,29.31
661,30.11,29.31
792,30.11,29.31
680,30.11,29.31
559,30.11,29.31
425,30.11,29.31
486,30.11,29.31
842,30.11,29.31
216,30.11,29.31
270,30.11,29.31
770,30.11,29.31
303,30.11,29.31
438,30.11,29.31
135,30.11,29.31
766,30.11,29.31
504,30.11,29.31
646,30.11,29.31
339,30.11,29.31
641,30.11,29.31
249,30.11,29.31
129,30.11,29.31
517,30.11,29.31
215,30.13,29.31
635,30.13,29.31
745,30.13,29.31
500,30.13,29.31
