593,30.17,29.29
585,30.17,29.29
486,30.17,29.29
432,30.17,29.29
854,30.17,29.29
519,30.17,29.29
767,30.17,29.29
255,30.17,29.29
746,30.17,29.29
526,30.17,29.29
427,30.17,29.29
621,30.17,29.29
272,30.17,29.29
892,30.17,29.29
349,30.17,29.29
457,30.17,29.29
511,30.17,29.29
490,30.17,29.29
474,30.17,29.29
131,30.17,29.29
615,30.17,29.29
296,30.17,29.29
131,30.17,29.29
416,30.17,29.29
263,30.17,29.29
446,30.17,29.29
772,30.17,29.29
712,30.21,29.29
814,30.21,29.29
401,30.21,29.29
866,30.21,29.29
138,30.21,29.29
492,30.21,29.29
332,30.21,29.29
414,30.21,29.29
389,30.21,29.29
365,30.21,29.29
393,30.21,29.29
682,30.21,29.29
494,30.21,29.29
473,30.21,29.29
774,30.21,29.29
131,30.21,29.29
454,30.21,29.29
170,30.21,29.29
552,30.21,29.29
481,30.21,29.29
688,30.21,29.29
226,30.21,29.29
520,30.21,29.29
764,30.21,29.49
672,30.21,29.49
519,30.21,29.49
578,30.21,29.49
744,30.21,29.49
508,30.21,29.49
790,30.21,29.49
131,30.21,29.49
828,30.21,29.49
132,30.21,29.49
789,30.21,29.49
724,30.21,29.49
433,30.21,29.49
894,30.21,29.49
526,30.21,29.49
366,30.21,29.49
612,30.21,29.49
408,30.21,29.49
439,30.21,29.49
373,30.21,29.49
311,30.21,29.49
878,30.21,29.49
131,30.21,29.49
782,30.21,29.49
385,30.21,29.49
364,30.21,29.49
724,30.21,29.49
882,30.21,29.49
269,30.21,29.49
610,30.21,29.49
895,30.21,29.49
459,30.21,29.49
352,30.21,29.49
275,30.21,29.49
759,30.21,29.49
161,30.21,29.49
727,30.19,29.49
253,30.19,29.49
867,30.19,29.49
495,30.19,29.49
563,30.19,29.49
431,30.19,29.49
205,30.19,29.49
675,30.19,29.49
206,30.19,29.49
418,30.19,29.49
561,30.19,29.49
722,30.19,29.49
360,30.19,29.49
622,30.19,29.49
220,30.19,29.49
487,30.19,29.49
352,30.19,29.49
619,30.19,29.49
599,30.19,29.49
257,30.19,29.49
691,30.19,29.49
225,30.19,29.49
893,30.19,29.49
769,30.19,29.49
349,30.19,29.35
492,30.19,29.35
802,30.19,29.35
658,30.19,29.35
894,30.19,29.35
129,30.19,29.35
709,30.19,29.35
444,30.19,29.35
128,30.19,29.35
463,30.19,29.35
465,30.19,29.35
773,30.19,29.35
382,30.19,29.35
750,30.19,29.35
464,30.19,29.35
638,30.19,29.35
465,30.19,29.35
460,30.19,29.35
522,30.19,29.35
441,30.19,29.35
665,30.19,29.35
498,30.19,29.35
691,30.19,29.35
612,30.19,29.35
395,30.19,29.35
462,30.19,29.35
711,30.19,29.35
410,30.19,29.35
686,30.19,29.35
315,30.19,29.35
608,30.19,29.35
581,30.19,29.35
673,30.19,29.35
589,30.19,29.35
644,30.19,29.35
893,30.19,29.35
362,30.19,29.35
869,30.19,29.35
378,30.19,29.35
645,30.19,29.35
573,30.19,29.35
530,30.19,29.35
627,30.19,29.35
717,30.19,29.35
432,30.19,29.35
498,30.19,29.35
136,30.19,29.35
591,30.19,29.35
705,30.19,29.35
454,30.19,29.35
476,30.19,29.35
330,30.19,29.35
894,30.19,29.35
315,30.19,29.35
764,30.19,29.35
879,30.19,29.35
767,30.19,29.35
502,30.19,29.35
349,30.19,29.35
495,30.19,29.35
537,30.19,29.49
791,30.19,29.49
662,30.19,29.49
558,30.19,29.49
717,30.19,29.49
669,30.19,29.49
364,30.19,29.49
645,30.19,29.49
450,30.19,29.49
727,30.19,29.49
529,30.19,29.49
664,30.19,29.49
532,30.19,29.49
579,30.19,29.49
369,30.19,29.49
426,30.19,29.49
892,30.19,29.49
462,30.19,29.49
666,30.19,29.49
392,30.19,29.49
703,30.19,29.49
554,30.19,29.49
340,30.19,29.49
532,30.19,29.49
506,30.19,29.49
656,30.19,29.49
815,30.19,29.49
198,30.19,29.49
720,30.19,29.49
658,30.19,29.49
501,30.19,29.49
148,30.19,29.49
210,30.19,29.49
432,30.19,29.49
515,30.19,29.49
314,30.19,29.49
784,30.23,29.49
781,30.23,29.49
444,30.23,29.49
689,30.23,29.49
435,30.23,29.49
365,30.23,29.49
623,30.23,29.49
456,30.23,29.49
748,30.23,29.49
883,30.23,29.49
588,30.23,29.49
701,30.23,29.49
256,30.23,29.49
810,30.23,29.49
605,30.23,29.49
517,30.23,29.49
665,30.23,29.49
248,30.23,29.49
895,30.23,29.49
289,30.23,29.49
350,30.23,29.49
632,30.23,29.49
169,30.23,29.49
505,30.23,29.57
289,30.23,29.57
454,30.23,29.57
613,30.23,29.57
632,30.23,29.57
649,30.23,29.57
128,30.23,29.57
655,30.23,29.57
371,30.23,29.57
419,30.23,29.57
638,30.23,29.57
242,30.23,29.57
796,30.23,29.57
254,30.23,29.57
397,30.23,29.57
474,30.23,29.57
132,30.23,29.57
571,30.23,29.57
593,30.23,29.57
356,30.23,29.57
892,30.23,29.57
396,30.23,29.57
506,30.23,29.57
754,30.23,29.57
631,30.23,29.57
504,30.23,29.57
400,30.23,29.57
564,30.23,29.57
888,30.23,29.57
600,30.23,29.57
293,30.23,29.57
698,30.23,29.57
132,30.23,29.57
895,30.23,29.57
686,30.23,29.57
387,30.23,29.57
459,30.21,29.57
526,30.21,29.57
809,30.21,29.57
130,30.21,29.57
510,30.21,29.57
529,30.21,29.57
536,30.21,29.57
411,30.21,29.57
706,30.21,29.57
192,30.21,29.57
894,30.21,29.57
189,30.21,29.57
627,30.21,29.57
181,30.21,29.57
893,30.21,29.57
226,30.21,29.57
274,30.21,29.57
810,30.21,29.57
201,30.21,29.57
659,30.21,29.57
259,30.21,29.57
369,30.21,29.57
461,30.21,29.57
694,30.21,29.57
586,30.21,29.35
893,30.21,29.35
460,30.21,29.35
673,30.21,29.35
611,30.21,29.35
515,30.21,29.35
506,30.21,29.35
644,30.21,29.35
542,30.21,29.35
135,30.21,29.35
636,30.21,29.35
484,30.21,29.35
550,30.21,29.35
362,30.21,29.35
856,30.21,29.35
509,30.21,29.35
519,30.21,29.35
607,30.21,29.35
418,30.21,29.35
754,30.21,29.35
249,30.21,29.35
445,30.21,29.35
602,30.21,29.35
677,30.21,29.35
504,30.21,29.35
451,30.21,29.35
378,30.21,29.35
507,30.21,29.35
136,30.21,29.35
766,30.21,29.35
266,30.21,29.35
346,30.21,29.35
651,30.21,29.35
293,30.21,29.35
649,30.21,29.35
315,30.21,29.35
796,30.19,29.35
430,30.19,29.35
647,30.19,29.35
317,30.19,29.35
514,30.19,29.35
333,30.19,29.35
477,30.19,29.35
817,30.19,29.35
439,30.19,29.35
627,30.19,29.35
508,30.19,29.35
797,30.19,29.35
411,30.19,29.35
590,30.19,29.35
451,30.19,29.35
559,30.19,29.35
352,30.19,29.35
386,30.19,29.35
145,30.19,29.35
779,30.19,29.35
357,30.19,29.35
619,30.19,29.35
271,30.19,29.35
617,30.19,29.35
834,30.19,29.37
132,30.19,29.37
660,30.19,29.37
132,30.19,29.37
587,30.19,29.37
555,30.19,29.37
315,30.19,29.37
544,30.19,29.37
806,30.19,29.37
326,30.19,29.37
893,30.19,29.37
530,30.19,29.37
784,30.19,29.37
445,30.19,29.37
204,30.19,29.37
783,30.19,29.37
159,30.19,29.37
630,30.19,29.37
130,30.19,29.37
743,30.19,29.37
129,30.19,29.37
458,30.19,29.37
460,30.19,29.37
640,30.19,29.37
753,30.19,29.37
612,30.19,29.37
599,30.19,29.37
591,30.19,29.37
480,30.19,29.37
163,30.19,29.37
358,30.19,29.37
620,30.19,29.37
616,30.19,29.37
519,30.19,29.37
676,30.19,29.37
464,30.19,29.37
783,30.19,29.37
353,30.19,29.37
380,30.19,29.37
501,30.19,29.37
205,30.19,29.37
721,30.19,29.37
130,30.19,29.37
715,30.19,29.37
347,30.19,29.37
646,30.19,29.37
723,30.19,29.37
445,30.19,29.37
350,30.19,29.37
329,30.19,29.37
503,30.19,29.37
245,30.19,29.37
434,30.19,29.37
895,30.19,29.37
638,30.19,29.37
386,30.19,29.37
639,30.19,29.37
664,30.19,29.37
780,30.19,29.37
129,30.19,29.37
710,30.19,29.37
310,30.19,29.37
430,30.19,29.37
781,30.19,29.37
440,30.19,29.37
483,30.19,29.37
568,30.19,29.37
543,30.19,29.37
343,30.19,29.37
