771,29.89,29.15
637,29.89,29.15
239,29.89,29.15
228,29.89,29.15
742,29.89,29.15
497,29.89,29.15
159,29.89,29.15
730,29.89,29.15
130,29.89,29.15
625,29.89,29.15
324,29.89,29.15
333,29.89,29.15
740,29.89,29.15
882,29.89,29.15
692,29.89,29.15
200,29.89,29.15
602,29.89,29.15
441,29.89,29.15
548,29.89,29.15
402,29.89,29.15
545,29.89,29.15
452,29.89,29.15
611,29.89,29.15
292,29.89,29.15
863,29.89,29.15
564,29.89,29.15
514,29.89,29.15
339,29.89,29.15
432,29.89,29.15
683,29.89,29.15
513,29.89,29.15
762,29.89,29.15
131,29.89,29.15
885,29.89,29.15
673,29.91,29.15
191,29.91,29.15
884,29.91,29.15
630,29.91,29.15
738,29.91,29.15
569,29.91,29.15
131,29.91,29.15
735,29.91,29.15
137,29.91,29.15
183,29.91,29.15
490,29.91,29.15
350,29.91,29.15
796,29.91,29.15
341,29.91,29.15
207,29.91,29.15
410,29.91,29.15
359,29.91,29.15
639,29.91,29.15
328,29.91,29.15
601,29.91,29.15
793,29.91,29.15
339,29.91,29.15
633,29.91,29.15
477,29.91,29.05
554,29.91,29.05
820,29.91,29.05
482,29.91,29.05
340,29.91,29.05
894,29.91,29.05
891,29.91,29.05
201,29.91,29.05
315,29.91,29.05
893,29.91,29.05
708,29.91,29.05
669,29.91,29.05
708,29.91,29.05
642,29.91,29.05
562,29.91,29.05
729,29.91,29.05
489,29.91,29.05
221,29.91,29.05
129,29.91,29.05
731,29.91,29.05
547,29.91,29.05
130,29.91,29.05
274,29.91,29.05
374,29.91,29.05
463,29.91,29.05
421,29.91,29.05
388,29.91,29.05
715,29.91,29.05
376,29.91,29.05
663,29.91,29.05
562,29.91,29.05
230,29.91,29.05
894,29.91,29.05
256,29.91,29.05
896,29.91,29.05
569,29.91,29.05
131,29.91,29.05
766,29.91,29.05
675,29.91,29.05
892,29.91,29.05
891,29.91,29.05
588,29.91,29.05
614,29.91,29.05
303,29.91,29.05
701,29.91,29.05
272,29.91,29.05
276,29.91,29.05
892,29.91,29.05
460,29.91,29.05
710,29.91,29.05
492,29.91,29.05
333,29.91,29.05
278,29.91,29.05
717,29.91,29.05
309,29.91,29.05
344,29.91,29.05
744,29.91,29.05
413,29.91,29.05
574,29.91,29.05
595,29.91,29.05
581,29.91,29.09
513,29.91,29.09
622,29.91,29.09
449,29.91,29.09
705,29.91,29.09
619,29.91,29.09
131,29.91,29.09
549,29.91,29.09
387,29.91,29.09
499,29.91,29.09
674,29.91,29.09
445,29.91,29.09
895,29.91,29.09
377,29.91,29.09
550,29.91,29.09
893,29.91,29.09
294,29.91,29.09
817,29.91,29.09
395,29.91,29.09
381,29.91,29.09
763,29.91,29.09
316,29.91,29.09
357,29.91,29.09
286,29.91,29.09
249,29.91,29.09
377,29.91,29.09
543,29.91,29.09
641,29.91,29.09
288,29.91,29.09
477,29.91,29.09
390,29.91,29.09
782,29.91,29.09
870,29.91,29.09
543,29.91,29.09
282,29.91,29.09
635,29.91,29.09
484,29.89,29.09
514,29.89,29.09
360,29.89,29.09
451,29.89,29.09
570,29.89,29.09
425,29.89,29.09
343,29.89,29.09
358,29.89,29.09
692,29.89,29.09
675,29.89,29.09
655,29.89,29.09
783,29.89,29.09
283,29.89,29.09
472,29.89,29.09
393,29.89,29.09
565,29.89,29.09
719,29.89,29.09
451,29.89,29.09
699,29.89,29.09
733,29.89,29.09
479,29.89,29.09
778,29.89,29.09
579,29.89,29.09
423,29.89,29.09
721,29.89,29.23
420,29.89,29.23
328,29.89,29.23
595,29.89,29.23
129,29.89,29.23
664,29.89,29.23
141,29.89,29.23
352,29.89,29.23
301,29.89,29.23
656,29.89,29.23
552,29.89,29.23
297,29.89,29.23
574,29.89,29.23
470,29.89,29.23
581,29.89,29.23
131,29.89,29.23
403,29.89,29.23
806,29.89,29.23
848,29.89,29.23
889,29.89,29.23
660,29.89,29.23
129,29.89,29.23
721,29.89,29.23
132,29.89,29.23
398,29.89,29.23
364,29.89,29.23
203,29.89,29.23
842,29.89,29.23
130,29.89,29.23
779,29.89,29.23
542,29.89,29.23
543,29.89,29.23
350,29.89,29.23
593,29.89,29.23
480,29.89,29.23
133,29.89,29.23
254,29.91,29.23
490,29.91,29.23
609,29.91,29.23
675,29.91,29.23
474,29.91,29.23
347,29.91,29.23
893,29.91,29.23
520,29.91,29.23
746,29.91,29.23
704,29.91,29.23
698,29.91,29.23
518,29.91,29.23
672,29.91,29.23
303,29.91,29.23
504,29.91,29.23
568,29.91,29.23
800,29.91,29.23
505,29.91,29.23
240,29.91,29.23
596,29.91,29.23
331,29.91,29.23
616,29.91,29.23
373,29.91,29.23
869,29.91,29.23
637,29.91,29.15
515,29.91,29.15
599,29.91,29.15
790,29.91,29.15
387,29.91,29.15
891,29.91,29.15
376,29.91,29.15
525,29.91,29.15
452,29.91,29.15
300,29.91,29.15
662,29.91,29.15
129,29.91,29.15
768,29.91,29.15
389,29.91,29.15
317,29.91,29.15
652,29.91,29.15
614,29.91,29.15
500,29.91,29.15
797,29.91,29.15
187,29.91,29.15
894,29.91,29.15
420,29.91,29.15
641,29.91,29.15
505,29.91,29.15
484,29.91,29.15
893,29.91,29.15
201,29.91,29.15
748,29.91,29.15
255,29.91,29.15
532,29.91,29.15
390,29.91,29.15
743,29.91,29.15
536,29.91,29.15
656,29.91,29.15
626,29.91,29.15
380,29.91,29.15
575,29.87,29.15
329,29.87,29.15
668,29.87,29.15
639,29.87,29.15
654,29.87,29.15
598,29.87,29.15
879,29.87,29.15
549,29.87,29.15
176,29.87,29.15
470,29.87,29.15
448,29.87,29.15
220,29.87,29.15
299,29.87,29.15
469,29.87,29.15
289,29.87,29.15
701,29.87,29.15
141,29.87,29.15
894,29.87,29.15
668,29.87,29.15
546,29.87,29.15
456,29.87,29.15
144,29.87,29.15
626,29.87,29.15
172,29.87,29.15
416,29.87,29.09
490,29.87,29.09
500,29.87,29.09
500,29.87,29.09
879,29.87,29.09
589,29.87,29.09
623,29.87,29.09
293,29.87,29.09
608,29.87,29.09
502,29.87,29.09
805,29.87,29.09
331,29.87,29.09
516,29.87,29.09
410,29.87,29.09
402,29.87,29.09
624,29.87,29.09
171,29.87,29.09
893,29.87,29.09
319,29.87,29.09
743,29.87,29.09
198,29.87,29.09
639,29.87,29.09
755,29.87,29.09
130,29.87,29.09
542,29.87,29.09
458,29.87,29.09
740,29.87,29.09
573,29.87,29.09
572,29.87,29.09
513,29.87,29.09
428,29.87,29.09
590,29.87,29.09
303,29.87,29.09
199,29.87,29.09
840,29.87,29.09
535,29.87,29.09
794,29.89,29.09
377,29.89,29.09
690,29.89,29.09
464,29.89,29.09
261,29.89,29.09
723,29.89,29.09
468,29.89,29.09
700,29.89,29.09
704,29.89,29.09
493,29.89,29.09
378,29.89,29.09
485,29.89,29.09
305,29.89,29.09
523,29.89,29.09
777,29.89,29.09
767,29.89,29.09
801,29.89,29.09
892,29.89,29.09
218,29.89,29.09
745,29.89,29.09
292,29.89,29.09
128,29.89,29.09
299,29.89,29.09
425,29.89,29.09
808,29.89,29.11
253,29.89,29.11
720,29.89,29.11
730,29.89,29.11
440,29.89,29.11
499,29.89,29.11
355,29.89,29.11
626,29.89,29.11
601,29.89,29.11
537,29.89,29.11
503,29.89,29.11
745,29.89,29.11
546,29.89,29.11
585,29.89,29.11
136,29.89,29.11
372,29.89,29.11
140,29.89,29.11
671,29.89,29.11
465,29.89,29.11
565,29.89,29.11
840,29.89,29.11
450,29.89,29.11
386,29.89,29.11
406,29.89,29.11
226,29.89,29.11
232,29.89,29.11
205,29.89,29.11
223,29.89,29.11
393,29.89,29.11
351,29.89,29.11
230,29.89,29.11
470,29.89,29.11
546,29.89,29.11
799,29.89,29.11
664,29.89,29.11
428,29.89,29.11
580,29.91,29.11
664,29.91,29.11
430,29.91,29.11
233,29.91,29.11
497,29.91,29.11
499,29.91,29.11
451,29.91,29.11
739,29.91,29.11
475,29.91,29.11
893,29.91,29.11
756,29.91,29.11
204,29.91,29.11
783,29.91,29.11
623,29.91,29.11
670,29.91,29.11
556,29.91,29.11
336,29.91,29.11
893,29.91,29.11
648,29.91,29.11
408,29.91,29.11
706,29.91,29.11
131,29.91,29.11
815,29.91,29.11
414,29.91,29.15
530,29.91,29.15
284,29.91,29.15
