369,29.71,28.95
864,29.71,28.95
130,29.71,28.95
694,29.71,28.95
210,29.71,28.95
532,29.71,28.95
720,29.71,28.95
687,29.71,28.95
863,29.71,28.95
483,29.71,28.95
894,29.71,28.95
519,29.71,28.95
520,29.71,28.95
149,29.71,28.95
362,29.71,28.95
459,29.71,28.95
786,29.71,28.95
432,29.71,28.95
134,29.71,28.95
536,29.71,28.95
642,29.71,28.95
576,29.71,28.95
317,29.71,28.95
828,29.71,28.95
652,29.71,28.95
526,29.71,28.95
284,29.71,28.95
389,29.71,28.95
505,29.71,29.03
780,29.71,29.03
311,29.71,29.03
436,29.71,29.03
135,29.71,29.03
647,29.71,29.03
429,29.71,29.03
132,29.71,29.03
519,29.71,29.03
271,29.71,29.03
279,29.71,29.03
779,29.71,29.03
762,29.71,29.03
299,29.71,29.03
587,29.71,29.03
481,29.71,29.03
742,29.71,29.03
645,29.71,29.03
429,29.71,29.03
358,29.71,29.03
527,29.71,29.03
771,29.71,29.03
715,29.71,29.03
826,29.71,29.03
651,29.71,29.03
738,29.71,29.03
860,29.71,29.03
452,29.71,29.03
247,29.71,29.03
563,29.71,29.03
639,29.71,29.03
222,29.71,29.03
611,29.71,29.03
360,29.71,29.03
768,29.71,29.03
537,29.71,29.03
259,29.71,29.03
567,29.71,29.03
893,29.71,29.03
131,29.71,29.03
600,29.71,29.03
547,29.71,29.03
758,29.71,29.03
350,29.71,29.03
300,29.71,29.03
555,29.71,29.03
345,29.71,29.03
722,29.71,29.03
299,29.71,29.03
894,29.71,29.03
421,29.71,29.03
638,29.71,29.03
558,29.71,29.03
129,29.71,29.03
536,29.71,29.03
415,29.71,29.03
141,29.71,29.03
646,29.71,29.03
534,29.71,29.03
766,29.71,29.03
759,29.71,28.99
130,29.71,28.99
885,29.71,28.99
262,29.71,28.99
535,29.71,28.99
474,29.71,28.99
656,29.71,28.99
533,29.71,28.99
647,29.71,28.99
218,29.71,28.99
706,29.71,28.99
611,29.71,28.99
132,29.71,28.99
720,29.71,28.99
157,29.71,28.99
134,29.71,28.99
289,29.71,28.99
679,29.71,28.99
438,29.71,28.99
450,29.71,28.99
311,29.71,28.99
391,29.71,28.99
497,29.71,28.99
693,29.71,28.99
654,29.71,28.99
771,29.71,28.99
580,29.71,28.99
794,29.71,28.99
603,29.71,28.99
131,29.71,28.99
893,29.71,28.99
332,29.71,28.99
538,29.71,28.99
284,29.71,28.99
592,29.71,28.99
658,29.71,28.99
198,29.69,28.99
491,29.69,28.99
836,29.69,28.99
396,29.69,28.99
669,29.69,28.99
674,29.69,28.99
301,29.69,28.99
664,29.69,28.99
130,29.69,28.99
423,29.69,28.99
227,29.69,28.99
679,29.69,28.99
800,29.69,28.99
577,29.69,28.99
315,29.69,28.99
654,29.69,28.99
446,29.69,28.99
132,29.69,28.99
452,29.69,28.99
348,29.69,28.99
649,29.69,28.99
343,29.69,28.99
728,29.69,28.99
556,29.69,28.99
671,29.69,28.85
561,29.69,28.85
435,29.69,28.85
575,29.69,28.85
722,29.69,28.85
630,29.69,28.85
743,29.69,28.85
893,29.69,28.85
584,29.69,28.85
608,29.69,28.85
195,29.69,28.85
816,29.69,28.85
460,29.69,28.85
653,29.69,28.85
415,29.69,28.85
549,29.69,28.85
735,29.69,28.85
132,29.69,28.85
394,29.69,28.85
327,29.69,28.85
474,29.69,28.85
484,29.69,28.85
391,29.69,28.85
827,29.69,28.85
470,29.69,28.85
490,29.69,28.85
405,29.69,28.85
247,29.69,28.85
471,29.69,28.85
665,29.69,28.85
461,29.69,28.85
485,29.69,28.85
463,29.69,28.85
767,29.69,28.85
489,29.69,28.85
436,29.69,28.85
442,29.71,28.85
320,29.71,28.85
351,29.71,28.85
500,29.71,28.85
549,29.71,28.85
135,29.71,28.85
636,29.71,28.85
174,29.71,28.85
572,29.71,28.85
666,29.71,28.85
390,29.71,28.85
891,29.71,28.85
567,29.71,28.85
456,29.71,28.85
640,29.71,28.85
298,29.71,28.85
360,29.71,28.85
462,29.71,28.85
808,29.71,28.85
804,29.71,28.85
844,29.71,28.85
517,29.71,28.85
894,29.71,28.85
894,29.71,28.97
529,29.71,28.97
774,29.71,28.97
706,29.71,28.97
257,29.71,28.97
511,29.71,28.97
687,29.71,28.97
735,29.71,28.97
660,29.71,28.97
531,29.71,28.97
275,29.71,28.97
130,29.71,28.97
439,29.71,28.97
193,29.71,28.97
484,29.71,28.97
502,29.71,28.97
682,29.71,28.97
632,29.71,28.97
190,29.71,28.97
637,29.71,28.97
477,29.71,28.97
541,29.71,28.97
376,29.71,28.97
797,29.71,28.97
625,29.71,28.97
779,29.71,28.97
694,29.71,28.97
546,29.71,28.97
271,29.71,28.97
780,29.71,28.97
212,29.71,28.97
846,29.71,28.97
295,29.71,28.97
636,29.71,28.97
572,29.71,28.97
130,29.71,28.97
763,29.71,28.97
371,29.69,28.97
551,29.69,28.97
744,29.69,28.97
314,29.69,28.97
583,29.69,28.97
308,29.69,28.97
419,29.69,28.97
554,29.69,28.97
130,29.69,28.97
385,29.69,28.97
413,29.69,28.97
391,29.69,28.97
136,29.69,28.97
538,29.69,28.97
184,29.69,28.97
133,29.69,28.97
697,29.69,28.97
300,29.69,28.97
348,29.69,28.97
581,29.69,28.97
677,29.69,28.97
578,29.69,28.97
573,29.69,28.97
347,29.69,28.99
623,29.69,28.99
618,29.69,28.99
209,29.69,28.99
640,29.69,28.99
241,29.69,28.99
467,29.69,28.99
745,29.69,28.99
463,29.69,28.99
763,29.69,28.99
197,29.69,28.99
508,29.69,28.99
381,29.69,28.99
412,29.69,28.99
565,29.69,28.99
376,29.69,28.99
605,29.69,28.99
456,29.69,28.99
492,29.69,28.99
583,29.69,28.99
376,29.69,28.99
456,29.69,28.99
757,29.69,28.99
295,29.69,28.99
550,29.69,28.99
392,29.69,28.99
806,29.69,28.99
235,29.69,28.99
356,29.69,28.99
418,29.69,28.99
347,29.69,28.99
418,29.69,28.99
626,29.69,28.99
449,29.69,28.99
587,29.69,28.99
606,29.69,28.99
490,29.71,28.99
707,29.71,28.99
492,29.71,28.99
427,29.71,28.99
587,29.71,28.99
653,29.71,28.99
389,29.71,28.99
622,29.71,28.99
577,29.71,28.99
576,29.71,28.99
788,29.71,28.99
368,29.71,28.99
398,29.71,28.99
591,29.71,28.99
721,29.71,28.99
297,29.71,28.99
611,29.71,28.99
249,29.71,28.99
641,29.71,28.99
565,29.71,28.99
132,29.71,28.99
287,29.71,28.99
130,29.71,28.99
584,29.71,28.99
250,29.71,29.15
304,29.71,29.15
582,29.71,29.15
633,29.71,29.15
219,29.71,29.15
552,29.71,29.15
281,29.71,29.15
730,29.71,29.15
164,29.71,29.15
404,29.71,29.15
721,29.71,29.15
679,29.71,29.15
676,29.71,29.15
633,29.71,29.15
699,29.71,29.15
130,29.71,29.15
620,29.71,29.15
134,29.71,29.15
637,29.71,29.15
437,29.71,29.15
666,29.71,29.15
179,29.71,29.15
670,29.71,29.15
671,29.71,29.15
661,29.71,29.15
616,29.71,29.15
132,29.71,29.15
659,29.71,29.15
449,29.71,29.15
224,29.71,29.15
159,29.71,29.15
474,29.71,29.15
297,29.71,29.15
676,29.71,29.15
130,29.71,29.15
893,29.71,29.15
446,29.75,29.15
474,29.75,29.15
454,29.75,29.15
418,29.75,29.15
709,29.75,29.15
421,29.75,29.15
669,29.75,29.15
293,29.75,29.15
652,29.75,29.15
681,29.75,29.15
500,29.75,29.15
449,29.75,29.15
726,29.75,29.15
839,29.75,29.15
690,29.75,29.15
392,29.75,29.15
692,29.75,29.15
352,29.75,29.15
284,29.75,29.15
655,29.75,29.15
602,29.75,29.15
893,29.75,29.15
251,29.75,29.15
770,29.75,29.15
392,29.75,28.83
327,29.75,28.83
569,29.75,28.83
429,29.75,28.83
568,29.75,28.83
528,29.75,28.83
871,29.75,28.83
676,29.75,28.83
150,29.75,28.83
566,29.75,28.83
626,29.75,28.83
169,29.75,28.83
802,29.75,28.83
190,29.75,28.83
904,29.75,28.83
392,29.75,28.83
493,29.75,28.83
651,29.75,28.83
538,29.75,28.83
704,29.75,28.83
178,29.75,28.83
681,29.75,28.83
132,29.75,28.83
385,29.75,28.83
132,29.75,28.83
276,29.75,28.83
404,29.75,28.83
576,29.75,28.83
287,29.75,28.83
782,29.75,28.83
466,29.75,28.83
461,29.75,28.83
