455,30.01,29.25
464,30.01,29.25
535,30.01,29.25
377,30.01,29.25
791,30.01,29.25
539,30.01,29.25
630,30.01,29.25
131,30.01,29.25
622,30.01,29.25
574,30.01,29.25
894,30.01,29.25
451,30.01,29.25
554,30.01,29.25
258,30.01,29.25
590,30.01,29.25
313,30.01,29.29
130,30.01,29.29
572,30.01,29.29
424,30.01,29.29
529,30.01,29.29
440,30.01,29.29
741,30.01,29.29
751,30.01,29.29
480,30.01,29.29
317,30.01,29.29
130,30.01,29.29
215,30.01,29.29
403,30.01,29.29
305,30.01,29.29
797,30.01,29.29
235,30.01,29.29
405,30.01,29.29
758,30.01,29.29
135,30.01,29.29
626,30.01,29.29
239,30.01,29.29
738,30.01,29.29
623,30.01,29.29
490,30.01,29.29
544,30.01,29.29
342,30.01,29.29
331,30.01,29.29
704,30.01,29.29
333,30.01,29.29
373,30.01,29.29
154,30.01,29.29
492,30.01,29.29
267,30.01,29.29
499,30.01,29.29
570,30.01,29.29
546,30.01,29.29
625,30.01,29.29
495,30.01,29.29
521,30.01,29.29
474,30.01,29.29
619,30.01,29.29
568,30.01,29.29
476,30.01,29.29
478,30.01,29.29
699,30.01,29.29
283,30.01,29.29
362,30.01,29.29
765,30.01,29.29
891,30.01,29.29
411,30.01,29.29
586,30.01,29.29
348,30.01,29.29
709,30.01,29.29
130,30.01,29.29
247,30.01,29.29
750,30.01,29.29
461,30.01,29.29
716,30.01,29.29
605,30.01,29.29
552,30.01,29.29
641,30.01,29.11
469,30.01,29.11
220,30.01,29.11
606,30.01,29.11
407,30.01,29.11
462,30.01,29.11
503,30.01,29.11
260,30.01,29.11
684,30.01,29.11
489,30.01,29.11
599,30.01,29.11
390,30.01,29.11
783,30.01,29.11
160,30.01,29.11
614,30.01,29.11
314,30.01,29.11
602,30.01,29.11
537,30.01,29.11
569,30.01,29.11
538,30.01,29.11
382,30.01,29.11
129,30.01,29.11
223,30.01,29.11
650,30.01,29.11
584,30.01,29.11
578,30.01,29.11
774,30.01,29.11
415,30.01,29.11
457,30.01,29.11
625,30.01,29.11
503,30.01,29.11
472,30.01,29.11
650,30.01,29.11
623,30.01,29.11
798,30.01,29.11
262,30.01,29.11
219,29.99,29.11
457,29.99,29.11
894,29.99,29.11
472,29.99,29.11
651,29.99,29.11
537,29.99,29.11
575,29.99,29.11
761,29.99,29.11
262,29.99,29.11
659,29.99,29.11
584,29.99,29.11
444,29.99,29.11
433,29.99,29.11
596,29.99,29.11
613,29.99,29.11
574,29.99,29.11
507,29.99,29.11
445,29.99,29.11
502,29.99,29.11
618,29.99,29.11
147,29.99,29.11
499,29.99,29.11
504,29.99,29.11
719,29.99,29.11
481,29.99,29.25
130,29.99,29.25
890,29.99,29.25
130,29.99,29.25
445,29.99,29.25
266,29.99,29.25
672,29.99,29.25
628,29.99,29.25
463,29.99,29.25
587,29.99,29.25
527,29.99,29.25
496,29.99,29.25
443,29.99,29.25
325,29.99,29.25
547,29.99,29.25
714,29.99,29.25
718,29.99,29.25
723,29.99,29.25
222,29.99,29.25
750,29.99,29.25
137,29.99,29.25
549,29.99,29.25
624,29.99,29.25
323,29.99,29.25
764,29.99,29.25
308,29.99,29.25
556,29.99,29.25
308,29.99,29.25
585,29.99,29.25
359,29.99,29.25
686,29.99,29.25
802,29.99,29.25
748,29.99,29.25
647,29.99,29.25
449,29.99,29.25
488,29.99,29.25
360,30.03,29.25
392,30.03,29.25
130,30.03,29.25
851,30.03,29.25
535,30.03,29.25
766,30.03,29.25
268,30.03,29.25
484,30.03,29.25
305,30.03,29.25
746,30.03,29.25
306,30.03,29.25
387,30.03,29.25
747,30.03,29.25
631,30.03,29.25
895,30.03,29.25
410,30.03,29.25
893,30.03,29.25
313,30.03,29.25
699,30.03,29.25
482,30.03,29.25
657,30.03,29.25
548,30.03,29.25
489,30.03,29.25
458,30.03,29.17
725,30.03,29.17
310,30.03,29.17
618,30.03,29.17
382,30.03,29.17
129,30.03,29.17
334,30.03,29.17
269,30.03,29.17
650,30.03,29.17
164,30.03,29.17
737,30.03,29.17
466,30.03,29.17
498,30.03,29.17
569,30.03,29.17
674,30.03,29.17
734,30.03,29.17
588,30.03,29.17
415,30.03,29.17
699,30.03,29.17
374,30.03,29.17
503,30.03,29.17
780,30.03,29.17
396,30.03,29.17
587,30.03,29.17
584,30.03,29.17
887,30.03,29.17
548,30.03,29.17
707,30.03,29.17
701,30.03,29.17
746,30.03,29.17
368,30.03,29.17
419,30.03,29.17
847,30.03,29.17
405,30.03,29.17
752,30.03,29.17
447,30.03,29.17
550,30.03,29.17
352,30.01,29.17
506,30.01,29.17
817,30.01,29.17
676,30.01,29.17
324,30.01,29.17
133,30.01,29.17
760,30.01,29.17
403,30.01,29.17
506,30.01,29.17
433,30.01,29.17
365,30.01,29.17
496,30.01,29.17
457,30.01,29.17
318,30.01,29.17
748,30.01,29.17
300,30.01,29.17
537,30.01,29.17
461,30.01,29.17
505,30.01,29.17
689,30.01,29.17
422,30.01,29.17
894,30.01,29.17
774,30.01,29.17
131,30.01,29.25
387,30.01,29.25
557,30.01,29.25
604,30.01,29.25
554,30.01,29.25
678,30.01,29.25
513,30.01,29.25
740,30.01,29.25
554,30.01,29.25
175,30.01,29.25
460,30.01,29.25
377,30.01,29.25
611,30.01,29.25
651,30.01,29.25
400,30.01,29.25
580,30.01,29.25
347,30.01,29.25
460,30.01,29.25
379,30.01,29.25
362,30.01,29.25
739,30.01,29.25
422,30.01,29.25
382,30.01,29.25
418,30.01,29.25
351,30.01,29.25
203,30.01,29.25
490,30.01,29.25
625,30.01,29.25
129,30.01,29.25
448,30.01,29.25
242,30.01,29.25
673,30.01,29.25
705,30.01,29.25
423,30.01,29.25
637,30.01,29.25
303,30.01,29.25
763,30.03,29.25
133,30.03,29.25
505,30.03,29.25
725,30.03,29.25
602,30.03,29.25
638,30.03,29.25
685,30.03,29.25
483,30.03,29.25
660,30.03,29.25
537,30.03,29.25
642,30.03,29.25
570,30.03,29.25
302,30.03,29.25
894,30.03,29.25
389,30.03,29.25
603,30.03,29.25
498,30.03,29.25
762,30.03,29.25
697,30.03,29.25
560,30.03,29.25
777,30.03,29.25
328,30.03,29.25
438,30.03,29.25
521,30.03,29.25
290,30.03,29.23
568,30.03,29.23
753,30.03,29.23
863,30.03,29.23
541,30.03,29.23
571,30.03,29.23
892,30.03,29.23
405,30.03,29.23
700,30.03,29.23
295,30.03,29.23
340,30.03,29.23
669,30.03,29.23
161,30.03,29.23
741,30.03,29.23
790,30.03,29.23
480,30.03,29.23
766,30.03,29.23
307,30.03,29.23
132,30.03,29.23
659,30.03,29.23
207,30.03,29.23
618,30.03,29.23
397,30.03,29.23
399,30.03,29.23
610,30.03,29.23
215,30.03,29.23
292,30.03,29.23
670,30.03,29.23
440,30.03,29.23
491,30.03,29.23
676,30.03,29.23
503,30.03,29.23
812,30.03,29.23
333,30.03,29.23
747,30.03,29.23
657,30.03,29.23
837,30.03,29.23
517,30.03,29.23
493,30.03,29.23
893,30.03,29.23
406,30.03,29.23
393,30.03,29.23
455,30.03,29.23
260,30.03,29.23
389,30.03,29.23
515,30.03,29.23
630,30.03,29.23
784,30.03,29.23
130,30.03,29.23
779,30.03,29.23
232,30.03,29.23
801,30.03,29.23
376,30.03,29.23
312,30.03,29.23
793,30.03,29.23
363,30.03,29.23
802,30.03,29.23
574,30.03,29.23
482,30.03,29.23
428,30.03,29.23
615,30.03,29.23
224,30.03,29.23
780,30.03,29.23
524,30.03,29.23
720,30.03,29.23
453,30.03,29.23
490,30.03,29.23
499,30.03,29.23
633,30.03,29.23
478,30.03,29.23
437,30.03,29.23
687,30.03,29.23
435,30.03,29.23
720,30.03,29.23
600,30.03,29.23
627,30.03,29.23
270,30.03,29.23
520,30.03,29.23
297,30.03,29.23
854,30.03,29.23
311,30.03,29.23
557,30.03,29.23
484,30.03,29.23
296,30.03,29.23
677,30.03,29.23
129,30.03,29.23
491,30.03,29.23
311,30.03,29.23
215,30.03,29.23
386,30.03,29.23
327,30.03,29.23
365,30.03,29.23
826,30.03,29.23
303,30.03,29.23
692,30.03,29.23
640,30.03,29.23
320,30.03,29.23
894,30.03,29.23
407,30.03,29.23
741,30.03,29.23
138,30.03,29.23
634,30.03,29.23
129,30.03,29.23
511,30.03,29.23
472,30.03,29.23
