241,30.21,29.45
737,30.21,29.45
130,30.21,29.45
761,30.21,29.45
252,30.21,29.45
402,30.21,29.45
760,30.21,29.45
891,30.21,29.45
338,30.21,29.45
625,30.21,29.45
198,30.21,29.45
699,30.21,29.45
130,30.21,29.45
375,30.21,29.45
382,30.21,29.45
445,30.21,29.45
545,30.21,29.45
350,30.21,29.45
754,30.21,29.45
167,30.21,29.45
772,30.21,29.45
408,30.21,29.45
445,30.21,29.45
387,30.21,29.45
470,30.21,29.45
614,30.21,29.45
348,30.21,29.45
740,30.21,29.45
806,30.21,29.45
386,30.21,29.45
445,30.23,29.45
776,30.23,29.45
389,30.23,29.45
562,30.23,29.45
309,30.23,29.45
640,30.23,29.45
134,30.23,29.45
739,30.23,29.45
305,30.23,29.45
756,30.23,29.45
429,30.23,29.45
418,30.23,29.45
574,30.23,29.45
648,30.23,29.45
753,30.23,29.45
583,30.23,29.45
530,30.23,29.45
342,30.23,29.45
454,30.23,29.45
447,30.23,29.45
591,30.23,29.45
438,30.23,29.45
624,30.23,29.45
288,30.23,29.31
850,30.23,29.31
336,30.23,29.31
623,30.23,29.31
576,30.23,29.31
306,30.23,29.31
602,30.23,29.31
707,30.23,29.31
892,30.23,29.31
611,30.23,29.31
585,30.23,29.31
330,30.23,29.31
709,30.23,29.31
485,30.23,29.31
581,30.23,29.31
531,30.23,29.31
722,30.23,29.31
490,30.23,29.31
367,30.23,29.31
443,30.23,29.31
135,30.23,29.31
511,30.23,29.31
456,30.23,29.31
324,30.23,29.31
611,30.23,29.31
742,30.23,29.31
624,30.23,29.31
465,30.23,29.31
611,30.23,29.31
403,30.23,29.31
747,30.23,29.31
269,30.23,29.31
724,30.23,29.31
599,30.23,29.31
506,30.23,29.31
810,30.23,29.31
682,30.23,29.31
505,30.21,29.31
801,30.21,29.31
638,30.21,29.31
394,30.21,29.31
432,30.21,29.31
814,30.21,29.31
575,30.21,29.31
593,30.21,29.31
578,30.21,29.31
560,30.21,29.31
824,30.21,29.31
426,30.21,29.31
716,30.21,29.31
404,30.21,29.31
505,30.21,29.31
630,30.21,29.31
497,30.21,29.31
503,30.21,29.31
719,30.21,29.31
608,30.21,29.31
521,30.21,29.31
621,30.21,29.31
264,30.21,29.31
621,30.21,29.49
472,30.21,29.49
294,30.21,29.49
618,30.21,29.49
412,30.21,29.49
385,30.21,29.49
772,30.21,29.49
192,30.21,29.49
807,30.21,29.49
479,30.21,29.49
345,30.21,29.49
792,30.21,29.49
698,30.21,29.49
603,30.21,29.49
858,30.21,29.49
806,30.21,29.49
133,30.21,29.49
147,30.21,29.49
597,30.21,29.49
407,30.21,29.49
419,30.21,29.49
855,30.21,29.49
489,30.21,29.49
762,30.21,29.49
363,30.21,29.49
625,30.21,29.49
432,30.21,29.49
236,30.21,29.49
762,30.21,29.49
128,30.21,29.49
487,30.21,29.49
251,30.21,29.49
483,30.21,29.49
624,30.21,29.49
893,30.21,29.49
723,30.21,29.49
562,30.23,29.49
642,30.23,29.49
532,30.23,29.49
460,30.23,29.49
455,30.23,29.49
528,30.23,29.49
414,30.23,29.49
600,30.23,29.49
500,30.23,29.49
663,30.23,29.49
694,30.23,29.49
721,30.23,29.49
527,30.23,29.49
333,30.23,29.49
423,30.23,29.49
778,30.23,29.49
167,30.23,29.49
290,30.23,29.49
715,30.23,29.49
142,30.23,29.49
872,30.23,29.49
489,30.23,29.49
754,30.23,29.49
428,30.23,29.49
334,30.23,29.39
443,30.23,29.39
842,30.23,29.39
367,30.23,29.39
532,30.23,29.39
498,30.23,29.39
677,30.23,29.39
845,30.23,29.39
431,30.23,29.39
298,30.23,29.39
660,30.23,29.39
375,30.23,29.39
439,30.23,29.39
421,30.23,29.39
578,30.23,29.39
618,30.23,29.39
136,30.23,29.39
578,30.23,29.39
306,30.23,29.39
500,30.23,29.39
468,30.23,29.39
467,30.23,29.39
129,30.23,29.39
339,30.23,29.39
685,30.23,29.39
552,30.23,29.39
404,30.23,29.39
707,30.23,29.39
431,30.23,29.39
312,30.23,29.39
852,30.23,29.39
471,30.23,29.39
895,30.23,29.39
266,30.23,29.39
794,30.23,29.39
459,30.23,29.39
755,30.21,29.39
849,30.21,29.39
712,30.21,29.39
326,30.21,29.39
220,30.21,29.39
416,30.21,29.39
743,30.21,29.39
325,30.21,29.39
587,30.21,29.39
887,30.21,29.39
210,30.21,29.39
841,30.21,29.39
487,30.21,29.39
841,30.21,29.39
377,30.21,29.39
276,30.21,29.39
692,30.21,29.39
680,30.21,29.39
337,30.21,29.39
529,30.21,29.39
892,30.21,29.39
585,30.21,29.39
657,30.21,29.39
405,30.21,29.39
794,30.21,29.51
426,30.21,29.51
580,30.21,29.51
328,30.21,29.51
374,30.21,29.51
318,30.21,29.51
859,30.21,29.51
438,30.21,29.51
533,30.21,29.51
418,30.21,29.51
317,30.21,29.51
319,30.21,29.51
466,30.21,29.51
761,30.21,29.51
447,30.21,29.51
776,30.21,29.51
156,30.21,29.51
771,30.21,29.51
485,30.21,29.51
327,30.21,29.51
508,30.21,29.51
607,30.21,29.51
730,30.21,29.51
543,30.21,29.51
749,30.21,29.51
738,30.21,29.51
464,30.21,29.51
259,30.21,29.51
495,30.21,29.51
129,30.21,29.51
501,30.21,29.51
128,30.21,29.51
639,30.21,29.51
129,30.21,29.51
403,30.21,29.51
430,30.21,29.51
384,30.25,29.51
873,30.25,29.51
480,30.25,29.51
716,30.25,29.51
263,30.25,29.51
747,30.25,29.51
562,30.25,29.51
512,30.25,29.51
659,30.25,29.51
757,30.25,29.51
130,30.25,29.51
261,30.25,29.51
317,30.25,29.51
534,30.25,29.51
528,30.25,29.51
128,30.25,29.51
530,30.25,29.51
349,30.25,29.51
763,30.25,29.51
391,30.25,29.51
682,30.25,29.51
498,30.25,29.51
260,30.25,29.51
385,30.25,29.43
339,30.25,29.43
289,30.25,29.43
646,30.25,29.43
724,30.25,29.43
433,30.25,29.43
734,30.25,29.43
208,30.25,29.43
654,30.25,29.43
476,30.25,29.43
601,30.25,29.43
284,30.25,29.43
576,30.25,29.43
463,30.25,29.43
863,30.25,29.43
713,30.25,29.43
392,30.25,29.43
380,30.25,29.43
361,30.25,29.43
677,30.25,29.43
433,30.25,29.43
640,30.25,29.43
377,30.25,29.43
712,30.25,29.43
188,30.25,29.43
618,30.25,29.43
470,30.25,29.43
596,30.25,29.43
601,30.25,29.43
778,30.25,29.43
362,30.25,29.43
690,30.25,29.43
556,30.25,29.43
711,30.25,29.43
463,30.25,29.43
463,30.25,29.43
353,30.23,29.43
127,30.23,29.43
815,30.23,29.43
129,30.23,29.43
699,30.23,29.43
659,30.23,29.43
557,30.23,29.43
485,30.23,29.43
419,30.23,29.43
565,30.23,29.43
477,30.23,29.43
872,30.23,29.43
544,30.23,29.43
530,30.23,29.43
374,30.23,29.43
725,30.23,29.43
454,30.23,29.43
442,30.23,29.43
130,30.23,29.43
344,30.23,29.43
220,30.23,29.43
489,30.23,29.43
338,30.23,29.43
425,30.23,29.43
250,30.23,29.43
456,30.23,29.43
769,30.23,29.43
128,30.23,29.43
836,30.23,29.43
327,30.23,29.43
568,30.23,29.43
851,30.23,29.43
129,30.23,29.43
535,30.23,29.43
201,30.23,29.43
528,30.23,29.43
269,30.23,29.43
350,30.23,29.43
895,30.23,29.43
512,30.23,29.43
264,30.23,29.43
607,30.23,29.43
129,30.23,29.43
778,30.23,29.43
307,30.23,29.43
519,30.23,29.43
436,30.23,29.43
249,30.23,29.43
697,30.23,29.43
560,30.23,29.43
729,30.23,29.43
685,30.23,29.43
489,30.23,29.43
249,30.23,29.43
662,30.23,29.43
701,30.23,29.43
675,30.23,29.43
282,30.23,29.43
510,30.23,29.43
771,30.23,29.43
467,30.19,29.43
720,30.19,29.43
628,30.19,29.43
172,30.19,29.43
723,30.19,29.43
589,30.19,29.43
540,30.19,29.43
892,30.19,29.43
526,30.19,29.43
681,30.19,29.43
129,30.19,29.43
288,30.19,29.43
209,30.19,29.43
432,30.19,29.43
551,30.19,29.43
306,30.19,29.43
754,30.19,29.43
339,30.19,29.43
491,30.19,29.43
710,30.19,29.43
389,30.19,29.43
855,30.19,29.43
236,30.19,29.43
443,30.19,29.43
743,30.19,29.35
196,30.19,29.35
706,30.19,29.35
495,30.19,29.35
897,30.19,29.35
598,30.19,29.35
