616,29.97,29.19
492,29.97,29.19
351,29.97,29.19
676,29.97,29.19
255,29.97,29.19
650,29.97,29.19
759,29.97,29.19
692,29.97,29.19
707,29.97,29.19
203,29.97,29.19
414,29.97,29.19
471,29.97,29.19
162,29.97,29.19
454,29.97,29.19
422,29.97,29.19
446,29.95,29.19
466,29.95,29.19
496,29.95,29.19
810,29.95,29.19
585,29.95,29.19
714,29.95,29.19
350,29.95,29.19
723,29.95,29.19
830,29.95,29.19
403,29.95,29.19
462,29.95,29.19
224,29.95,29.19
409,29.95,29.19
383,29.95,29.19
449,29.95,29.19
429,29.95,29.19
717,29.95,29.19
893,29.95,29.19
613,29.95,29.19
625,29.95,29.19
654,29.95,29.19
474,29.95,29.19
875,29.95,29.19
133,29.95,29.19
386,29.95,29.03
141,29.95,29.03
363,29.95,29.03
395,29.95,29.03
448,29.95,29.03
683,29.95,29.03
462,29.95,29.03
340,29.95,29.03
465,29.95,29.03
625,29.95,29.03
408,29.95,29.03
445,29.95,29.03
598,29.95,29.03
621,29.95,29.03
503,29.95,29.03
893,29.95,29.03
328,29.95,29.03
686,29.95,29.03
597,29.95,29.03
129,29.95,29.03
532,29.95,29.03
339,29.95,29.03
793,29.95,29.03
241,29.95,29.03
143,29.95,29.03
891,29.95,29.03
607,29.95,29.03
595,29.95,29.03
577,29.95,29.03
581,29.95,29.03
620,29.95,29.03
859,29.95,29.03
197,29.95,29.03
781,29.95,29.03
875,29.95,29.03
735,29.95,29.03
820,29.99,29.03
266,29.99,29.03
414,29.99,29.03
227,29.99,29.03
441,29.99,29.03
433,29.99,29.03
434,29.99,29.03
672,29.99,29.03
299,29.99,29.03
439,29.99,29.03
652,29.99,29.03
131,29.99,29.03
914,29.99,29.03
437,29.99,29.03
633,29.99,29.03
434,29.99,29.03
380,29.99,29.03
661,29.99,29.03
349,29.99,29.03
895,29.99,29.03
563,29.99,29.03
151,29.99,29.03
653,29.99,29.03
383,29.99,29.03
389,29.99,29.17
608,29.99,29.17
303,29.99,29.17
788,29.99,29.17
615,29.99,29.17
670,29.99,29.17
511,29.99,29.17
490,29.99,29.17
769,29.99,29.17
407,29.99,29.17
719,29.99,29.17
139,29.99,29.17
832,29.99,29.17
686,29.99,29.17
726,29.99,29.17
636,29.99,29.17
534,29.99,29.17
500,29.99,29.17
413,29.99,29.17
741,29.99,29.17
135,29.99,29.17
762,29.99,29.17
378,29.99,29.17
893,29.99,29.17
731,29.99,29.17
796,29.99,29.17
534,29.99,29.17
197,29.99,29.17
574,29.99,29.17
441,29.99,29.17
161,29.99,29.17
475,29.99,29.17
605,29.99,29.17
286,29.99,29.17
771,29.99,29.17
453,29.99,29.17
891,29.97,29.17
412,29.97,29.17
711,29.97,29.17
292,29.97,29.17
411,29.97,29.17
579,29.97,29.17
421,29.97,29.17
870,29.97,29.17
151,29.97,29.17
745,29.97,29.17
366,29.97,29.17
607,29.97,29.17
606,29.97,29.17
566,29.97,29.17
245,29.97,29.17
788,29.97,29.17
413,29.97,29.17
722,29.97,29.17
339,29.97,29.17
332,29.97,29.17
578,29.97,29.17
601,29.97,29.17
706,29.97,29.17
276,29.97,29.11
729,29.97,29.11
609,29.97,29.11
894,29.97,29.11
264,29.97,29.11
472,29.97,29.11
630,29.97,29.11
129,29.97,29.11
738,29.97,29.11
611,29.97,29.11
412,29.97,29.11
863,29.97,29.11
490,29.97,29.11
608,29.97,29.11
727,29.97,29.11
350,29.97,29.11
716,29.97,29.11
193,29.97,29.11
697,29.97,29.11
466,29.97,29.11
892,29.97,29.11
893,29.97,29.11
895,29.97,29.11
777,29.97,29.11
131,29.97,29.11
868,29.97,29.11
328,29.97,29.11
824,29.97,29.11
434,29.97,29.11
590,29.97,29.11
721,29.97,29.11
565,29.97,29.11
620,29.97,29.11
744,29.97,29.11
414,29.97,29.11
874,29.97,29.11
698,29.97,29.11
682,29.99,29.11
480,29.99,29.11
644,29.99,29.11
801,29.99,29.11
130,29.99,29.11
688,29.99,29.11
147,29.99,29.11
894,29.99,29.11
578,29.99,29.11
775,29.99,29.11
693,29.99,29.11
596,29.99,29.11
522,29.99,29.11
511,29.99,29.11
477,29.99,29.11
134,29.99,29.11
152,29.99,29.11
298,29.99,29.11
627,29.99,29.11
270,29.99,29.11
586,29.99,29.11
129,29.99,29.11
894,29.99,29.11
433,29.99,29.15
409,29.99,29.15
693,29.99,29.15
442,29.99,29.15
348,29.99,29.15
568,29.99,29.15
293,29.99,29.15
612,29.99,29.15
792,29.99,29.15
559,29.99,29.15
563,29.99,29.15
127,29.99,29.15
659,29.99,29.15
222,29.99,29.15
476,29.99,29.15
446,29.99,29.15
590,29.99,29.15
636,29.99,29.15
377,29.99,29.15
287,29.99,29.15
604,29.99,29.15
721,29.99,29.15
351,29.99,29.15
622,29.99,29.15
259,29.99,29.15
640,29.99,29.15
220,29.99,29.15
838,29.99,29.15
186,29.99,29.15
808,29.99,29.15
607,29.99,29.15
133,29.99,29.15
895,29.99,29.15
256,29.99,29.15
554,29.99,29.15
367,29.99,29.15
143,29.97,29.15
894,29.97,29.15
143,29.97,29.15
587,29.97,29.15
758,29.97,29.15
463,29.97,29.15
894,29.97,29.15
533,29.97,29.15
658,29.97,29.15
638,29.97,29.15
203,29.97,29.15
821,29.97,29.15
444,29.97,29.15
836,29.97,29.15
498,29.97,29.15
740,29.97,29.15
549,29.97,29.15
729,29.97,29.15
759,29.97,29.15
534,29.97,29.15
546,29.97,29.15
379,29.97,29.15
523,29.97,29.15
400,29.97,29.15
388,29.97,29.17
128,29.97,29.17
563,29.97,29.17
410,29.97,29.17
360,29.97,29.17
445,29.97,29.17
614,29.97,29.17
487,29.97,29.17
586,29.97,29.17
719,29.97,29.17
695,29.97,29.17
603,29.97,29.17
538,29.97,29.17
824,29.97,29.17
223,29.97,29.17
739,29.97,29.17
393,29.97,29.17
460,29.97,29.17
759,29.97,29.17
638,29.97,29.17
823,29.97,29.17
892,29.97,29.17
729,29.97,29.17
457,29.97,29.17
476,29.97,29.17
754,29.97,29.17
656,29.97,29.17
609,29.97,29.17
570,29.97,29.17
154,29.97,29.17
554,29.97,29.17
297,29.97,29.17
843,29.97,29.17
311,29.97,29.17
387,29.97,29.17
131,29.97,29.17
612,29.99,29.17
331,29.99,29.17
130,29.99,29.17
424,29.99,29.17
319,29.99,29.17
459,29.99,29.17
614,29.99,29.17
381,29.99,29.17
894,29.99,29.17
617,29.99,29.17
560,29.99,29.17
528,29.99,29.17
541,29.99,29.17
671,29.99,29.17
328,29.99,29.17
149,29.99,29.17
128,29.99,29.17
325,29.99,29.17
540,29.99,29.17
643,29.99,29.17
171,29.99,29.17
646,29.99,29.17
770,29.99,29.17
687,29.99,29.17
456,29.99,29.25
671,29.99,29.25
657,29.99,29.25
472,29.99,29.25
525,29.99,29.25
323,29.99,29.25
499,29.99,29.25
337,29.99,29.25
894,29.99,29.25
566,29.99,29.25
456,29.99,29.25
284,29.99,29.25
607,29.99,29.25
205,29.99,29.25
342,29.99,29.25
554,29.99,29.25
243,29.99,29.25
753,29.99,29.25
368,29.99,29.25
434,29.99,29.25
565,29.99,29.25
345,29.99,29.25
560,29.99,29.25
473,29.99,29.25
198,29.99,29.25
502,29.99,29.25
155,29.99,29.25
408,29.99,29.25
251,29.99,29.25
192,29.99,29.25
473,29.99,29.25
134,29.99,29.25
817,29.99,29.25
517,29.99,29.25
555,29.99,29.25
690,29.99,29.25
517,29.97,29.25
717,29.97,29.25
444,29.97,29.25
129,29.97,29.25
765,29.97,29.25
432,29.97,29.25
680,29.97,29.25
447,29.97,29.25
667,29.97,29.25
893,29.97,29.25
292,29.97,29.25
505,29.97,29.25
531,29.97,29.25
728,29.97,29.25
545,29.97,29.25
525,29.97,29.25
402,29.97,29.25
708,29.97,29.25
277,29.97,29.25
632,29.97,29.25
466,29.97,29.25
137,29.97,29.25
503,29.97,29.25
358,29.97,29.23
213,29.97,29.23
458,29.97,29.23
308,29.97,29.23
301,29.97,29.23
309,29.97,29.23
335,29.97,29.23
894,29.97,29.23
133,29.97,29.23
892,29.97,29.23
398,29.97,29.23
895,29.97,29.23
394,29.97,29.23
225,29.97,29.23
844,29.97,29.23
457,29.97,29.23
551,29.97,29.23
626,29.97,29.23
131,29.97,29.23
488,29.97,29.23
458,29.97,29.23
346,29.97,29.23
740,29.97,29.23
