745,30.39,29.57
524,30.39,29.57
555,30.39,29.57
431,30.39,29.57
472,30.39,29.57
278,30.39,29.57
533,30.39,29.75
613,30.39,29.75
248,30.39,29.75
893,30.39,29.75
365,30.39,29.75
130,30.39,29.75
444,30.39,29.75
278,30.39,29.75
533,30.39,29.75
520,30.39,29.75
664,30.39,29.75
717,30.39,29.75
130,30.39,29.75
456,30.39,29.75
539,30.39,29.75
130,30.39,29.75
789,30.39,29.75
720,30.39,29.75
880,30.39,29.75
607,30.39,29.75
618,30.39,29.75
668,30.39,29.75
441,30.39,29.75
574,30.39,29.75
439,30.39,29.75
441,30.39,29.75
296,30.39,29.75
641,30.39,29.75
280,30.39,29.75
284,30.39,29.75
130,30.39,29.75
760,30.39,29.75
303,30.39,29.75
535,30.39,29.75
459,30.39,29.75
574,30.39,29.75
597,30.35,29.75
286,30.35,29.75
460,30.35,29.75
655,30.35,29.75
654,30.35,29.75
622,30.35,29.75
892,30.35,29.75
256,30.35,29.75
891,30.35,29.75
131,30.35,29.75
504,30.35,29.75
238,30.35,29.75
353,30.35,29.75
487,30.35,29.75
355,30.35,29.75
529,30.35,29.75
245,30.35,29.75
654,30.35,29.75
606,30.35,29.75
422,30.35,29.75
419,30.35,29.75
192,30.35,29.75
129,30.35,29.75
555,30.35,29.49
138,30.35,29.49
347,30.35,29.49
225,30.35,29.49
759,30.35,29.49
527,30.35,29.49
259,30.35,29.49
598,30.35,29.49
827,30.35,29.49
800,30.35,29.49
408,30.35,29.49
582,30.35,29.49
213,30.35,29.49
685,30.35,29.49
500,30.35,29.49
696,30.35,29.49
395,30.35,29.49
685,30.35,29.49
712,30.35,29.49
693,30.35,29.49
259,30.35,29.49
475,30.35,29.49
465,30.35,29.49
308,30.35,29.49
714,30.35,29.49
302,30.35,29.49
470,30.35,29.49
294,30.35,29.49
616,30.35,29.49
566,30.35,29.49
136,30.35,29.49
373,30.35,29.49
716,30.35,29.49
268,30.35,29.49
416,30.35,29.49
318,30.35,29.49
482,30.35,29.49
701,30.39,29.49
408,30.39,29.49
737,30.39,29.49
175,30.39,29.49
893,30.39,29.49
433,30.39,29.49
743,30.39,29.49
597,30.39,29.49
439,30.39,29.49
834,30.39,29.49
269,30.39,29.49
738,30.39,29.49
668,30.39,29.49
718,30.39,29.49
286,30.39,29.49
754,30.39,29.49
595,30.39,29.49
534,30.39,29.49
428,30.39,29.49
716,30.39,29.49
698,30.39,29.49
282,30.39,29.49
663,30.39,29.49
255,30.39,29.59
558,30.39,29.59
894,30.39,29.59
630,30.39,29.59
270,30.39,29.59
802,30.39,29.59
381,30.39,29.59
644,30.39,29.59
130,30.39,29.59
393,30.39,29.59
235,30.39,29.59
177,30.39,29.59
514,30.39,29.59
408,30.39,29.59
894,30.39,29.59
732,30.39,29.59
454,30.39,29.59
811,30.39,29.59
372,30.39,29.59
557,30.39,29.59
407,30.39,29.59
369,30.39,29.59
589,30.39,29.59
537,30.39,29.59
780,30.39,29.59
582,30.39,29.59
588,30.39,29.59
309,30.39,29.59
355,30.39,29.59
415,30.39,29.59
682,30.39,29.59
750,30.39,29.59
502,30.39,29.59
372,30.39,29.59
596,30.39,29.59
804,30.39,29.59
391,30.39,29.59
552,30.39,29.59
434,30.39,29.59
657,30.39,29.59
420,30.39,29.59
473,30.39,29.59
337,30.39,29.59
128,30.39,29.59
269,30.39,29.59
778,30.39,29.59
129,30.39,29.59
356,30.39,29.59
668,30.39,29.59
215,30.39,29.59
771,30.39,29.59
353,30.39,29.59
605,30.39,29.59
648,30.39,29.59
259,30.39,29.59
894,30.39,29.59
232,30.39,29.59
150,30.39,29.59
672,30.39,29.59
466,30.39,29.59
857,30.39,29.59
637,30.39,29.59
428,30.39,29.59
727,30.39,29.59
607,30.39,29.59
612,30.39,29.59
354,30.39,29.59
872,30.39,29.59
452,30.39,29.59
495,30.39,29.59
503,30.39,29.59
129,30.39,29.59
521,30.39,29.59
189,30.39,29.59
128,30.39,29.59
381,30.39,29.59
461,30.39,29.59
611,30.39,29.59
784,30.39,29.59
459,30.39,29.59
474,30.39,29.59
539,30.39,29.59
565,30.39,29.59
393,30.39,29.59
884,30.39,29.59
433,30.39,29.59
759,30.39,29.59
253,30.39,29.59
349,30.39,29.59
615,30.39,29.59
210,30.39,29.59
483,30.39,29.59
439,30.39,29.59
762,30.39,29.59
657,30.39,29.59
354,30.39,29.59
509,30.39,29.59
513,30.39,29.59
298,30.39,29.59
718,30.39,29.59
319,30.39,29.59
770,30.39,29.59
330,30.39,29.59
576,30.39,29.59
504,30.39,29.59
205,30.39,29.59
872,30.39,29.59
664,30.39,29.59
779,30.39,29.59
325,30.39,29.59
893,30.39,29.59
431,30.39,29.59
628,30.39,29.59
370,30.39,29.59
539,30.39,29.59
557,30.39,29.59
405,30.39,29.59
555,30.39,29.59
580,30.39,29.59
519,30.39,29.57
588,30.39,29.57
544,30.39,29.57
632,30.39,29.57
550,30.39,29.57
268,30.39,29.57
709,30.39,29.57
620,30.39,29.57
844,30.39,29.57
602,30.39,29.57
422,30.39,29.57
566,30.39,29.57
579,30.39,29.57
592,30.39,29.57
273,30.39,29.57
881,30.39,29.57
715,30.39,29.57
639,30.39,29.57
487,30.39,29.57
252,30.39,29.57
597,30.39,29.57
776,30.39,29.57
183,30.39,29.57
587,30.39,29.57
794,30.39,29.57
747,30.39,29.57
831,30.39,29.57
719,30.39,29.57
562,30.39,29.57
232,30.39,29.57
681,30.39,29.57
487,30.39,29.57
580,30.39,29.57
711,30.39,29.57
451,30.39,29.57
495,30.39,29.57
890,30.39,29.57
452,30.41,29.57
525,30.41,29.57
495,30.41,29.57
460,30.41,29.57
746,30.41,29.57
299,30.41,29.57
562,30.41,29.57
192,30.41,29.57
527,30.41,29.57
333,30.41,29.57
403,30.41,29.57
301,30.41,29.57
715,30.41,29.57
376,30.41,29.57
652,30.41,29.57
622,30.41,29.57
497,30.41,29.57
522,30.41,29.57
300,30.41,29.57
523,30.41,29.57
378,30.41,29.57
664,30.41,29.57
284,30.41,29.57
853,30.41,29.63
425,30.41,29.63
377,30.41,29.63
703,30.41,29.63
369,30.41,29.63
427,30.41,29.63
770,30.41,29.63
423,30.41,29.63
843,30.41,29.63
463,30.41,29.63
132,30.41,29.63
603,30.41,29.63
130,30.41,29.63
752,30.41,29.63
419,30.41,29.63
370,30.41,29.63
539,30.41,29.63
641,30.41,29.63
366,30.41,29.63
450,30.41,29.63
685,30.41,29.63
460,30.41,29.63
806,30.41,29.63
256,30.41,29.63
525,30.41,29.63
601,30.41,29.63
479,30.41,29.63
664,30.41,29.63
670,30.41,29.63
563,30.41,29.63
837,30.41,29.63
341,30.41,29.63
694,30.41,29.63
323,30.41,29.63
502,30.41,29.63
214,30.41,29.63
184,30.39,29.63
892,30.39,29.63
218,30.39,29.63
620,30.39,29.63
374,30.39,29.63
527,30.39,29.63
352,30.39,29.63
361,30.39,29.63
534,30.39,29.63
567,30.39,29.63
578,30.39,29.63
847,30.39,29.63
678,30.39,29.63
456,30.39,29.63
227,30.39,29.63
395,30.39,29.63
448,30.39,29.63
428,30.39,29.63
709,30.39,29.63
499,30.39,29.63
731,30.39,29.63
630,30.39,29.63
654,30.39,29.63
365,30.39,29.63
452,30.39,29.63
414,30.39,29.63
408,30.39,29.63
131,30.39,29.63
225,30.39,29.63
403,30.39,29.63
134,30.39,29.63
724,30.39,29.63
499,30.39,29.63
324,30.39,29.63
524,30.39,29.63
603,30.39,29.63
241,30.39,29.63
631,30.39,29.63
471,30.39,29.63
899,30.39,29.63
300,30.39,29.63
512,30.39,29.63
522,30.39,29.63
297,30.39,29.63
850,30.39,29.63
436,30.39,29.63
718,30.39,29.63
548,30.39,29.63
564,30.39,29.63
859,30.39,29.63
510,30.39,29.63
631,30.39,29.63
579,30.39,29.63
531,30.39,29.63
622,30.39,29.63
304,30.39,29.63
895,30.39,29.63
452,30.39,29.63
608,30.39,29.63
230,30.39,29.63
400,30.41,29.63
824,30.41,29.63
332,30.41,29.63
683,30.41,29.63
537,30.41,29.63
887,30.41,29.63
557,30.41,29.63
415,30.41,29.63
468,30.41,29.63
143,30.41,29.63
300,30.41,29.63
696,30.41,29.63
419,30.41,29.63
698,30.41,29.63
181,30.41,29.63
783,30.41,29.63
304,30.41,29.63
530,30.41,29.63
724,30.41,29.63
209,30.41,29.63
