578,30.33,29.69
499,30.33,29.69
809,30.33,29.69
891,30.33,29.69
363,30.33,29.69
890,30.33,29.69
423,30.33,29.69
892,30.33,29.69
178,30.33,29.69
630,30.33,29.69
692,30.33,29.69
221,30.33,29.69
891,30.35,29.69
132,30.35,29.69
893,30.35,29.69
497,30.35,29.69
789,30.35,29.69
839,30.35,29.69
135,30.35,29.69
891,30.35,29.69
442,30.35,29.69
224,30.35,29.69
627,30.35,29.69
133,30.35,29.69
471,30.35,29.69
144,30.35,29.69
635,30.35,29.69
891,30.35,29.69
133,30.35,29.69
892,30.35,29.69
134,30.35,29.69
420,30.35,29.69
404,30.35,29.69
271,30.35,29.69
180,30.35,29.69
316,30.35,29.69
908,30.35,29.57
159,30.35,29.57
377,30.35,29.57
267,30.35,29.57
815,30.35,29.57
423,30.35,29.57
603,30.35,29.57
479,30.35,29.57
734,30.35,29.57
493,30.35,29.57
553,30.35,29.57
541,30.35,29.57
588,30.35,29.57
666,30.35,29.57
879,30.35,29.57
624,30.35,29.57
380,30.35,29.57
666,30.35,29.57
134,30.35,29.57
598,30.35,29.57
131,30.35,29.57
665,30.35,29.57
285,30.35,29.57
133,30.35,29.57
611,30.35,29.57
385,30.35,29.57
365,30.35,29.57
136,30.35,29.57
368,30.35,29.57
441,30.35,29.57
130,30.35,29.57
592,30.35,29.57
821,30.35,29.57
664,30.35,29.57
730,30.35,29.57
130,30.35,29.57
892,30.39,29.57
262,30.39,29.57
893,30.39,29.57
722,30.39,29.57
552,30.39,29.57
893,30.39,29.57
431,30.39,29.57
661,30.39,29.57
431,30.39,29.57
459,30.39,29.57
314,30.39,29.57
505,30.39,29.57
430,30.39,29.57
377,30.39,29.57
655,30.39,29.57
831,30.39,29.57
128,30.39,29.57
713,30.39,29.57
230,30.39,29.57
573,30.39,29.57
894,30.39,29.57
231,30.39,29.57
776,30.39,29.57
370,30.39,29.57
621,30.39,29.57
376,30.39,29.57
621,30.39,29.57
394,30.39,29.57
477,30.39,29.57
131,30.39,29.57
186,30.39,29.57
414,30.39,29.57
571,30.39,29.57
542,30.39,29.57
204,30.39,29.57
431,30.39,29.57
376,30.39,29.57
650,30.39,29.57
473,30.39,29.57
830,30.39,29.57
387,30.39,29.57
810,30.39,29.57
681,30.39,29.57
544,30.39,29.57
484,30.39,29.57
713,30.39,29.57
726,30.39,29.57
775,30.39,29.57
705,30.39,29.57
195,30.39,29.57
894,30.39,29.57
518,30.39,29.57
710,30.39,29.57
426,30.39,29.57
472,30.39,29.57
753,30.39,29.57
513,30.39,29.57
461,30.39,29.57
594,30.39,29.57
245,30.35,29.57
549,30.35,29.57
400,30.35,29.57
518,30.35,29.57
264,30.35,29.57
288,30.35,29.57
894,30.35,29.57
346,30.35,29.57
506,30.35,29.57
434,30.35,29.57
653,30.35,29.57
386,30.35,29.57
587,30.35,29.57
353,30.35,29.57
486,30.35,29.57
634,30.35,29.57
356,30.35,29.57
496,30.35,29.57
607,30.35,29.57
519,30.35,29.57
367,30.35,29.57
671,30.35,29.57
129,30.35,29.57
307,30.35,29.57
334,30.35,29.59
411,30.35,29.59
396,30.35,29.59
547,30.35,29.59
634,30.35,29.59
841,30.35,29.59
282,30.35,29.59
609,30.35,29.59
662,30.35,29.59
135,30.35,29.59
819,30.35,29.59
395,30.35,29.59
546,30.35,29.59
735,30.35,29.59
485,30.35,29.59
518,30.35,29.59
220,30.35,29.59
289,30.35,29.59
657,30.35,29.59
331,30.35,29.59
626,30.35,29.59
751,30.35,29.59
146,30.35,29.59
678,30.35,29.59
346,30.35,29.59
478,30.35,29.59
566,30.35,29.59
485,30.35,29.59
517,30.35,29.59
706,30.35,29.59
570,30.35,29.59
452,30.35,29.59
269,30.35,29.59
301,30.35,29.59
255,30.35,29.59
290,30.35,29.59
434,30.39,29.59
654,30.39,29.59
675,30.39,29.59
457,30.39,29.59
705,30.39,29.59
341,30.39,29.59
551,30.39,29.59
885,30.39,29.59
376,30.39,29.59
271,30.39,29.59
196,30.39,29.59
241,30.39,29.59
399,30.39,29.59
418,30.39,29.59
893,30.39,29.59
894,30.39,29.59
180,30.39,29.59
683,30.39,29.59
536,30.39,29.59
234,30.39,29.59
690,30.39,29.59
497,30.39,29.59
813,30.39,29.59
525,30.39,29.59
611,30.39,29.55
688,30.39,29.55
258,30.39,29.55
829,30.39,29.55
470,30.39,29.55
340,30.39,29.55
674,30.39,29.55
673,30.39,29.55
784,30.39,29.55
392,30.39,29.55
375,30.39,29.55
587,30.39,29.55
543,30.39,29.55
517,30.39,29.55
576,30.39,29.55
649,30.39,29.55
656,30.39,29.55
304,30.39,29.55
382,30.39,29.55
687,30.39,29.55
816,30.39,29.55
292,30.39,29.55
489,30.39,29.55
545,30.39,29.55
372,30.39,29.55
395,30.39,29.55
238,30.39,29.55
801,30.39,29.55
710,30.39,29.55
130,30.39,29.55
738,30.39,29.55
322,30.39,29.55
334,30.39,29.55
803,30.39,29.55
228,30.39,29.55
363,30.39,29.55
352,30.35,29.55
297,30.35,29.55
445,30.35,29.55
438,30.35,29.55
312,30.35,29.55
368,30.35,29.55
410,30.35,29.55
345,30.35,29.55
354,30.35,29.55
220,30.35,29.55
686,30.35,29.55
522,30.35,29.55
662,30.35,29.55
371,30.35,29.55
508,30.35,29.55
522,30.35,29.55
619,30.35,29.55
658,30.35,29.55
532,30.35,29.55
501,30.35,29.55
598,30.35,29.55
475,30.35,29.55
497,30.35,29.55
131,30.35,29.65
623,30.35,29.65
659,30.35,29.65
129,30.35,29.65
747,30.35,29.65
379,30.35,29.65
650,30.35,29.65
766,30.35,29.65
371,30.35,29.65
653,30.35,29.65
320,30.35,29.65
590,30.35,29.65
346,30.35,29.65
366,30.35,29.65
715,30.35,29.65
341,30.35,29.65
445,30.35,29.65
726,30.35,29.65
339,30.35,29.65
606,30.35,29.65
287,30.35,29.65
684,30.35,29.65
627,30.35,29.65
156,30.35,29.65
886,30.35,29.65
251,30.35,29.65
894,30.35,29.65
399,30.35,29.65
665,30.35,29.65
584,30.35,29.65
735,30.35,29.65
661,30.35,29.65
750,30.35,29.65
534,30.35,29.65
177,30.35,29.65
375,30.35,29.65
367,30.39,29.65
636,30.39,29.65
539,30.39,29.65
891,30.39,29.65
465,30.39,29.65
894,30.39,29.65
895,30.39,29.65
741,30.39,29.65
324,30.39,29.65
798,30.39,29.65
635,30.39,29.65
607,30.39,29.65
329,30.39,29.65
265,30.39,29.65
668,30.39,29.65
280,30.39,29.65
849,30.39,29.65
347,30.39,29.65
894,30.39,29.65
457,30.39,29.65
757,30.39,29.65
734,30.39,29.65
318,30.39,29.65
435,30.39,29.65
520,30.39,29.65
215,30.39,29.65
822,30.39,29.65
577,30.39,29.65
680,30.39,29.65
673,30.39,29.65
486,30.39,29.65
760,30.39,29.65
256,30.39,29.65
368,30.39,29.65
270,30.39,29.65
500,30.39,29.65
426,30.39,29.65
478,30.39,29.65
864,30.39,29.65
767,30.39,29.65
581,30.39,29.65
401,30.39,29.65
396,30.39,29.65
634,30.39,29.65
675,30.39,29.65
462,30.39,29.65
451,30.39,29.65
589,30.39,29.65
489,30.39,29.65
541,30.39,29.65
262,30.39,29.65
528,30.39,29.65
775,30.39,29.65
235,30.39,29.65
757,30.39,29.65
504,30.39,29.65
324,30.39,29.65
707,30.39,29.65
226,30.39,29.65
891,30.39,29.65
131,30.33,29.65
265,30.33,29.65
529,30.33,29.65
127,30.33,29.65
685,30.33,29.65
323,30.33,29.65
376,30.33,29.65
546,30.33,29.65
533,30.33,29.65
519,30.33,29.65
297,30.33,29.65
538,30.33,29.65
624,30.33,29.65
302,30.33,29.65
567,30.33,29.65
128,30.33,29.65
505,30.33,29.65
663,30.33,29.65
260,30.33,29.65
569,30.33,29.65
539,30.33,29.65
894,30.33,29.65
730,30.33,29.65
564,30.33,29.65
254,30.33,29.55
655,30.33,29.55
585,30.33,29.55
466,30.33,29.55
690,30.33,29.55
736,30.33,29.55
331,30.33,29.55
863,30.33,29.55
289,30.33,29.55
447,30.33,29.55
354,30.33,29.55
292,30.33,29.55
674,30.33,29.55
432,30.33,29.55
894,30.33,29.55
469,30.33,29.55
587,30.33,29.55
349,30.33,29.55
660,30.33,29.55
297,30.33,29.55
136,30.33,29.55
683,30.33,29.55
646,30.33,29.55
500,30.33,29.55
432,30.33,29.55
