356,30.33,29.45
450,30.33,29.45
581,30.33,29.45
464,30.33,29.45
270,30.33,29.45
405,30.33,29.45
677,30.33,29.45
612,30.33,29.45
256,30.33,29.45
727,30.33,29.45
359,30.33,29.45
696,30.33,29.45
646,30.33,29.45
344,30.33,29.45
645,30.33,29.45
863,30.33,29.45
467,30.33,29.45
477,30.33,29.45
280,30.33,29.45
349,30.33,29.45
298,30.33,29.45
491,30.33,29.45
663,30.33,29.45
131,30.33,29.45
786,30.33,29.45
213,30.33,29.45
893,30.33,29.45
439,30.33,29.45
443,30.33,29.45
698,30.33,29.45
418,30.33,29.45
871,30.33,29.45
425,30.33,29.45
239,30.33,29.45
500,30.33,29.45
630,30.33,29.45
587,30.33,29.45
768,30.33,29.45
129,30.33,29.45
589,30.33,29.45
418,30.33,29.45
282,30.33,29.45
396,30.33,29.45
420,30.33,29.45
572,30.33,29.45
471,30.33,29.45
228,30.33,29.45
412,30.33,29.45
377,30.33,29.45
499,30.33,29.45
546,30.33,29.45
511,30.33,29.45
563,30.33,29.45
349,30.33,29.45
138,30.33,29.45
261,30.33,29.45
750,30.33,29.45
419,30.33,29.45
347,30.33,29.65
845,30.33,29.65
640,30.33,29.65
789,30.33,29.65
624,30.33,29.65
401,30.33,29.65
468,30.33,29.65
729,30.33,29.65
174,30.33,29.65
622,30.33,29.65
429,30.33,29.65
618,30.33,29.65
751,30.33,29.65
268,30.33,29.65
350,30.33,29.65
349,30.33,29.65
893,30.33,29.65
705,30.33,29.65
601,30.33,29.65
526,30.33,29.65
440,30.33,29.65
376,30.33,29.65
615,30.33,29.65
235,30.33,29.65
538,30.33,29.65
135,30.33,29.65
767,30.33,29.65
822,30.33,29.65
207,30.33,29.65
894,30.33,29.65
129,30.33,29.65
892,30.33,29.65
130,30.33,29.65
800,30.33,29.65
793,30.33,29.65
874,30.33,29.65
561,30.35,29.65
337,30.35,29.65
699,30.35,29.65
509,30.35,29.65
237,30.35,29.65
315,30.35,29.65
786,30.35,29.65
252,30.35,29.65
488,30.35,29.65
710,30.35,29.65
537,30.35,29.65
196,30.35,29.65
793,30.35,29.65
187,30.35,29.65
735,30.35,29.65
741,30.35,29.65
512,30.35,29.65
679,30.35,29.65
533,30.35,29.65
745,30.35,29.65
539,30.35,29.65
634,30.35,29.65
144,30.35,29.65
870,30.35,29.65
438,30.35,29.55
454,30.35,29.55
736,30.35,29.55
750,30.35,29.55
750,30.35,29.55
437,30.35,29.55
656,30.35,29.55
381,30.35,29.55
333,30.35,29.55
343,30.35,29.55
476,30.35,29.55
318,30.35,29.55
475,30.35,29.55
240,30.35,29.55
627,30.35,29.55
397,30.35,29.55
762,30.35,29.55
478,30.35,29.55
846,30.35,29.55
562,30.35,29.55
462,30.35,29.55
847,30.35,29.55
129,30.35,29.55
760,30.35,29.55
614,30.35,29.55
410,30.35,29.55
581,30.35,29.55
407,30.35,29.55
379,30.35,29.55
446,30.35,29.55
128,30.35,29.55
416,30.35,29.55
284,30.35,29.55
624,30.35,29.55
626,30.35,29.55
394,30.35,29.55
895,30.35,29.55
307,30.35,29.55
637,30.35,29.55
224,30.35,29.55
597,30.35,29.55
335,30.35,29.55
471,30.35,29.55
484,30.35,29.55
584,30.35,29.55
298,30.35,29.55
620,30.35,29.55
350,30.35,29.55
576,30.35,29.55
625,30.35,29.55
829,30.35,29.55
400,30.35,29.55
281,30.35,29.55
550,30.35,29.55
441,30.35,29.55
514,30.35,29.55
250,30.35,29.55
768,30.35,29.55
614,30.35,29.55
514,30.35,29.55
451,30.35,29.55
539,30.35,29.55
590,30.35,29.55
334,30.35,29.55
423,30.35,29.55
202,30.35,29.55
497,30.35,29.55
471,30.35,29.55
389,30.35,29.55
608,30.35,29.55
372,30.35,29.55
451,30.35,29.55
756,30.35,29.55
299,30.35,29.55
767,30.35,29.55
642,30.35,29.55
266,30.35,29.55
430,30.35,29.55
159,30.35,29.55
822,30.35,29.55
476,30.35,29.55
435,30.35,29.55
909,30.35,29.55
643,30.35,29.55
471,30.35,29.55
476,30.35,29.55
646,30.35,29.55
794,30.35,29.55
810,30.35,29.55
463,30.35,29.55
668,30.35,29.55
357,30.35,29.55
528,30.35,29.55
468,30.35,29.55
651,30.35,29.55
721,30.35,29.55
651,30.39,29.55
606,30.39,29.55
461,30.39,29.55
743,30.39,29.55
869,30.39,29.55
636,30.39,29.55
742,30.39,29.55
566,30.39,29.55
646,30.39,29.55
710,30.39,29.55
144,30.39,29.55
848,30.39,29.55
224,30.39,29.55
644,30.39,29.55
608,30.39,29.55
455,30.39,29.55
894,30.39,29.55
129,30.39,29.55
462,30.39,29.55
641,30.39,29.55
130,30.39,29.55
530,30.39,29.55
207,30.39,29.55
352,30.39,29.63
534,30.39,29.63
308,30.39,29.63
547,30.39,29.63
130,30.39,29.63
435,30.39,29.63
571,30.39,29.63
413,30.39,29.63
586,30.39,29.63
514,30.39,29.63
592,30.39,29.63
329,30.39,29.63
535,30.39,29.63
590,30.39,29.63
292,30.39,29.63
631,30.39,29.63
691,30.39,29.63
608,30.39,29.63
423,30.39,29.63
485,30.39,29.63
354,30.39,29.63
193,30.39,29.63
530,30.39,29.63
338,30.39,29.63
510,30.39,29.63
503,30.39,29.63
580,30.39,29.63
408,30.39,29.63
472,30.39,29.63
475,30.39,29.63
443,30.39,29.63
548,30.39,29.63
542,30.39,29.63
420,30.39,29.63
843,30.39,29.63
882,30.39,29.63
871,30.33,29.63
541,30.33,29.63
424,30.33,29.63
663,30.33,29.63
153,30.33,29.63
609,30.33,29.63
338,30.33,29.63
616,30.33,29.63
286,30.33,29.63
554,30.33,29.63
649,30.33,29.63
534,30.33,29.63
642,30.33,29.63
786,30.33,29.63
281,30.33,29.63
268,30.33,29.63
412,30.33,29.63
415,30.33,29.63
129,30.33,29.63
224,30.33,29.63
527,30.33,29.63
228,30.33,29.63
855,30.33,29.63
500,30.33,29.63
587,30.33,29.65
440,30.33,29.65
485,30.33,29.65
327,30.33,29.65
129,30.33,29.65
657,30.33,29.65
144,30.33,29.65
285,30.33,29.65
463,30.33,29.65
572,30.33,29.65
550,30.33,29.65
812,30.33,29.65
377,30.33,29.65
741,30.33,29.65
328,30.33,29.65
523,30.33,29.65
789,30.33,29.65
564,30.33,29.65
790,30.33,29.65
507,30.33,29.65
612,30.33,29.65
245,30.33,29.65
456,30.33,29.65
283,30.33,29.65
809,30.33,29.65
694,30.33,29.65
496,30.33,29.65
700,30.33,29.65
489,30.33,29.65
506,30.33,29.65
373,30.33,29.65
375,30.33,29.65
772,30.33,29.65
688,30.33,29.65
598,30.33,29.65
806,30.33,29.65
343,30.33,29.65
662,30.33,29.65
353,30.33,29.65
729,30.33,29.65
320,30.33,29.65
541,30.33,29.65
378,30.33,29.65
785,30.33,29.65
894,30.33,29.65
129,30.33,29.65
894,30.33,29.65
446,30.33,29.65
649,30.33,29.65
421,30.33,29.65
152,30.33,29.65
755,30.33,29.65
580,30.33,29.65
285,30.33,29.65
632,30.33,29.65
145,30.33,29.65
605,30.33,29.65
206,30.33,29.65
166,30.33,29.65
384,30.33,29.55
156,30.33,29.55
655,30.33,29.55
129,30.33,29.55
736,30.33,29.55
130,30.33,29.55
690,30.33,29.55
475,30.33,29.55
521,30.33,29.55
762,30.33,29.55
475,30.33,29.55
378,30.33,29.55
437,30.33,29.55
378,30.33,29.55
579,30.33,29.55
825,30.33,29.55
163,30.33,29.55
135,30.33,29.55
128,30.33,29.55
130,30.33,29.55
687,30.33,29.55
737,30.33,29.55
244,30.33,29.55
837,30.33,29.55
603,30.33,29.55
658,30.33,29.55
456,30.33,29.55
356,30.33,29.55
767,30.33,29.55
132,30.33,29.55
747,30.33,29.55
526,30.33,29.55
387,30.33,29.55
357,30.33,29.55
401,30.33,29.55
604,30.33,29.55
544,30.33,29.55
359,30.35,29.55
685,30.35,29.55
474,30.35,29.55
757,30.35,29.55
364,30.35,29.55
278,30.35,29.55
611,30.35,29.55
144,30.35,29.55
894,30.35,29.55
130,30.35,29.55
808,30.35,29.55
677,30.35,29.55
644,30.35,29.55
717,30.35,29.55
162,30.35,29.55
674,30.35,29.55
324,30.35,29.55
492,30.35,29.55
408,30.35,29.55
277,30.35,29.55
467,30.35,29.55
700,30.35,29.55
610,30.35,29.55
893,30.35,29.49
138,30.35,29.49
764,30.35,29.49
