320,30.23,29.45
473,30.23,29.45
129,30.23,29.45
131,30.23,29.45
344,30.23,29.45
707,30.23,29.45
710,30.23,29.45
641,30.23,29.43
449,30.23,29.43
282,30.23,29.43
846,30.23,29.43
409,30.23,29.43
416,30.23,29.43
811,30.23,29.43
455,30.23,29.43
613,30.23,29.43
441,30.23,29.43
173,30.23,29.43
557,30.23,29.43
755,30.23,29.43
854,30.23,29.43
620,30.23,29.43
575,30.23,29.43
783,30.23,29.43
251,30.23,29.43
778,30.23,29.43
645,30.23,29.43
612,30.23,29.43
802,30.23,29.43
309,30.23,29.43
560,30.23,29.43
732,30.23,29.43
500,30.23,29.43
598,30.23,29.43
451,30.23,29.43
249,30.23,29.43
612,30.23,29.43
734,30.23,29.43
583,30.23,29.43
558,30.23,29.43
736,30.23,29.43
355,30.23,29.43
578,30.23,29.43
582,30.25,29.43
580,30.25,29.43
514,30.25,29.43
756,30.25,29.43
690,30.25,29.43
416,30.25,29.43
699,30.25,29.43
483,30.25,29.43
587,30.25,29.43
510,30.25,29.43
758,30.25,29.43
487,30.25,29.43
893,30.25,29.43
442,30.25,29.43
810,30.25,29.43
377,30.25,29.43
816,30.25,29.43
538,30.25,29.43
734,30.25,29.43
425,30.25,29.43
313,30.25,29.43
699,30.25,29.43
243,30.25,29.43
615,30.25,29.43
565,30.25,29.55
317,30.25,29.55
490,30.25,29.55
606,30.25,29.55
430,30.25,29.55
295,30.25,29.55
308,30.25,29.55
186,30.25,29.55
131,30.25,29.55
397,30.25,29.55
640,30.25,29.55
133,30.25,29.55
892,30.25,29.55
275,30.25,29.55
609,30.25,29.55
469,30.25,29.55
515,30.25,29.55
746,30.25,29.55
432,30.25,29.55
701,30.25,29.55
458,30.25,29.55
151,30.25,29.55
556,30.25,29.55
431,30.25,29.55
135,30.25,29.55
685,30.25,29.55
674,30.25,29.55
864,30.25,29.55
130,30.25,29.55
628,30.25,29.55
327,30.25,29.55
889,30.25,29.55
355,30.25,29.55
585,30.25,29.55
397,30.25,29.55
648,30.25,29.55
767,30.23,29.55
400,30.23,29.55
311,30.23,29.55
501,30.23,29.55
716,30.23,29.55
142,30.23,29.55
626,30.23,29.55
130,30.23,29.55
541,30.23,29.55
406,30.23,29.55
596,30.23,29.55
520,30.23,29.55
561,30.23,29.55
335,30.23,29.55
888,30.23,29.55
421,30.23,29.55
369,30.23,29.55
396,30.23,29.55
132,30.23,29.55
431,30.23,29.55
129,30.23,29.55
613,30.23,29.55
361,30.23,29.55
724,30.23,29.49
580,30.23,29.49
426,30.23,29.49
560,30.23,29.49
860,30.23,29.49
691,30.23,29.49
355,30.23,29.49
171,30.23,29.49
377,30.23,29.49
490,30.23,29.49
819,30.23,29.49
565,30.23,29.49
500,30.23,29.49
451,30.23,29.49
303,30.23,29.49
638,30.23,29.49
314,30.23,29.49
620,30.23,29.49
504,30.23,29.49
460,30.23,29.49
895,30.23,29.49
131,30.23,29.49
738,30.23,29.49
271,30.23,29.49
588,30.23,29.49
449,30.23,29.49
469,30.23,29.49
517,30.23,29.49
524,30.23,29.49
893,30.23,29.49
774,30.23,29.49
639,30.23,29.49
616,30.23,29.49
796,30.23,29.49
524,30.23,29.49
588,30.23,29.49
636,30.23,29.49
767,30.23,29.49
561,30.23,29.49
740,30.23,29.49
145,30.23,29.49
456,30.23,29.49
508,30.23,29.49
693,30.23,29.49
730,30.23,29.49
582,30.23,29.49
384,30.23,29.49
142,30.23,29.49
895,30.23,29.49
158,30.23,29.49
498,30.23,29.49
427,30.23,29.49
521,30.23,29.49
797,30.23,29.49
609,30.23,29.49
559,30.23,29.49
635,30.23,29.49
251,30.23,29.49
895,30.23,29.49
430,30.23,29.49
397,30.23,29.51
542,30.23,29.51
338,30.23,29.51
582,30.23,29.51
203,30.23,29.51
398,30.23,29.51
618,30.23,29.51
418,30.23,29.51
542,30.23,29.51
364,30.23,29.51
670,30.23,29.51
623,30.23,29.51
446,30.23,29.51
812,30.23,29.51
643,30.23,29.51
869,30.23,29.51
392,30.23,29.51
519,30.23,29.51
765,30.23,29.51
254,30.23,29.51
776,30.23,29.51
283,30.23,29.51
683,30.23,29.51
691,30.23,29.51
271,30.23,29.51
633,30.23,29.51
684,30.23,29.51
654,30.23,29.51
690,30.23,29.51
423,30.23,29.51
754,30.23,29.51
895,30.23,29.51
355,30.23,29.51
545,30.23,29.51
517,30.23,29.51
721,30.23,29.51
658,30.23,29.51
377,30.23,29.51
130,30.23,29.51
745,30.23,29.51
130,30.23,29.51
432,30.23,29.51
225,30.23,29.51
562,30.23,29.51
566,30.23,29.51
263,30.23,29.51
669,30.23,29.51
700,30.23,29.51
713,30.23,29.51
684,30.23,29.51
402,30.23,29.51
843,30.23,29.51
347,30.23,29.51
365,30.23,29.51
282,30.23,29.51
630,30.23,29.51
893,30.23,29.51
128,30.23,29.51
500,30.23,29.51
427,30.23,29.51
751,30.23,29.43
410,30.23,29.43
348,30.23,29.43
669,30.23,29.43
289,30.23,29.43
397,30.23,29.43
131,30.23,29.43
398,30.23,29.43
452,30.23,29.43
844,30.23,29.43
613,30.23,29.43
569,30.23,29.43
129,30.23,29.43
435,30.23,29.43
130,30.23,29.43
637,30.23,29.43
129,30.23,29.43
706,30.23,29.43
333,30.23,29.43
496,30.23,29.43
871,30.23,29.43
216,30.23,29.43
751,30.23,29.43
177,30.23,29.43
448,30.23,29.43
485,30.23,29.43
132,30.23,29.43
325,30.23,29.43
647,30.23,29.43
596,30.23,29.43
754,30.23,29.43
155,30.23,29.43
548,30.23,29.43
841,30.23,29.43
572,30.23,29.43
767,30.23,29.43
162,30.23,29.43
861,30.23,29.43
392,30.23,29.43
756,30.23,29.43
133,30.23,29.43
533,30.23,29.43
528,30.23,29.43
455,30.23,29.43
437,30.23,29.43
460,30.23,29.43
894,30.23,29.43
405,30.23,29.43
510,30.23,29.43
520,30.23,29.43
412,30.23,29.43
616,30.23,29.43
478,30.23,29.43
607,30.23,29.43
618,30.23,29.43
141,30.23,29.43
617,30.23,29.43
411,30.23,29.43
404,30.23,29.43
840,30.23,29.49
445,30.23,29.49
575,30.23,29.49
591,30.23,29.49
894,30.23,29.49
483,30.23,29.49
723,30.23,29.49
157,30.23,29.49
606,30.23,29.49
320,30.23,29.49
129,30.23,29.49
615,30.23,29.49
577,30.23,29.49
615,30.23,29.49
323,30.23,29.49
353,30.23,29.49
528,30.23,29.49
579,30.23,29.49
128,30.23,29.49
688,30.23,29.49
217,30.23,29.49
561,30.23,29.49
534,30.23,29.49
539,30.23,29.49
479,30.23,29.49
635,30.23,29.49
360,30.23,29.49
396,30.23,29.49
872,30.23,29.49
367,30.23,29.49
809,30.23,29.49
247,30.23,29.49
892,30.23,29.49
607,30.23,29.49
498,30.23,29.49
354,30.23,29.49
464,30.23,29.49
774,30.25,29.49
716,30.25,29.49
368,30.25,29.49
660,30.25,29.49
567,30.25,29.49
288,30.25,29.49
668,30.25,29.49
271,30.25,29.49
893,30.25,29.49
127,30.25,29.49
881,30.25,29.49
130,30.25,29.49
591,30.25,29.49
340,30.25,29.49
279,30.25,29.49
894,30.25,29.49
432,30.25,29.49
603,30.25,29.49
453,30.25,29.49
628,30.25,29.49
403,30.25,29.49
596,30.25,29.49
256,30.25,29.49
698,30.25,29.31
402,30.25,29.31
617,30.25,29.31
355,30.25,29.31
672,30.25,29.31
549,30.25,29.31
472,30.25,29.31
573,30.25,29.31
355,30.25,29.31
548,30.25,29.31
359,30.25,29.31
867,30.25,29.31
328,30.25,29.31
851,30.25,29.31
190,30.25,29.31
630,30.25,29.31
570,30.25,29.31
617,30.25,29.31
682,30.25,29.31
130,30.25,29.31
520,30.25,29.31
621,30.25,29.31
404,30.25,29.31
738,30.25,29.31
575,30.25,29.31
353,30.25,29.31
761,30.25,29.31
277,30.25,29.31
878,30.25,29.31
436,30.25,29.31
654,30.25,29.31
274,30.25,29.31
495,30.25,29.31
824,30.25,29.31
392,30.25,29.31
643,30.25,29.31
724,30.23,29.31
692,30.23,29.31
674,30.23,29.31
728,30.23,29.31
597,30.23,29.31
544,30.23,29.31
485,30.23,29.31
849,30.23,29.31
375,30.23,29.31
535,30.23,29.31
129,30.23,29.31
380,30.23,29.31
453,30.23,29.31
550,30.23,29.31
895,30.23,29.31
488,30.23,29.31
643,30.23,29.31
