791,29.83,29.11
489,29.83,29.11
257,29.83,29.11
750,29.83,29.11
492,29.83,29.11
877,29.83,29.11
647,29.83,29.11
760,29.83,29.11
394,29.85,29.11
371,29.85,29.11
604,29.85,29.11
732,29.85,29.11
507,29.85,29.11
683,29.85,29.11
477,29.85,29.11
242,29.85,29.11
401,29.85,29.11
557,29.85,29.11
432,29.85,29.11
533,29.85,29.11
533,29.85,29.11
394,29.85,29.11
527,29.85,29.11
360,29.85,29.11
421,29.85,29.11
524,29.85,29.11
441,29.85,29.11
428,29.85,29.11
382,29.85,29.11
707,29.85,29.11
437,29.85,29.11
537,29.85,29.11
308,29.85,29.23
331,29.85,29.23
695,29.85,29.23
465,29.85,29.23
769,29.85,29.23
365,29.85,29.23
836,29.85,29.23
674,29.85,29.23
754,29.85,29.23
504,29.85,29.23
376,29.85,29.23
505,29.85,29.23
518,29.85,29.23
746,29.85,29.23
464,29.85,29.23
391,29.85,29.23
822,29.85,29.23
405,29.85,29.23
427,29.85,29.23
422,29.85,29.23
139,29.85,29.23
328,29.85,29.23
487,29.85,29.23
269,29.85,29.23
499,29.85,29.23
198,29.85,29.23
887,29.85,29.23
434,29.85,29.23
553,29.85,29.23
492,29.85,29.23
722,29.85,29.23
570,29.85,29.23
304,29.85,29.23
461,29.85,29.23
171,29.85,29.23
897,29.85,29.23
403,29.81,29.23
541,29.81,29.23
539,29.81,29.23
177,29.81,29.23
288,29.81,29.23
552,29.81,29.23
216,29.81,29.23
671,29.81,29.23
325,29.81,29.23
415,29.81,29.23
530,29.81,29.23
261,29.81,29.23
893,29.81,29.23
470,29.81,29.23
586,29.81,29.23
251,29.81,29.23
893,29.81,29.23
227,29.81,29.23
600,29.81,29.23
657,29.81,29.23
133,29.81,29.23
756,29.81,29.23
640,29.81,29.23
812,29.81,29.23
462,29.81,28.99
672,29.81,28.99
615,29.81,28.99
723,29.81,28.99
478,29.81,28.99
596,29.81,28.99
556,29.81,28.99
532,29.81,28.99
608,29.81,28.99
386,29.81,28.99
262,29.81,28.99
607,29.81,28.99
317,29.81,28.99
504,29.81,28.99
571,29.81,28.99
150,29.81,28.99
851,29.81,28.99
324,29.81,28.99
585,29.81,28.99
338,29.81,28.99
422,29.81,28.99
591,29.81,28.99
186,29.81,28.99
649,29.81,28.99
397,29.81,28.99
393,29.81,28.99
290,29.81,28.99
245,29.81,28.99
684,29.81,28.99
871,29.81,28.99
132,29.81,28.99
569,29.81,28.99
146,29.81,28.99
778,29.81,28.99
425,29.81,28.99
593,29.81,28.99
429,29.83,28.99
276,29.83,28.99
893,29.83,28.99
270,29.83,28.99
784,29.83,28.99
690,29.83,28.99
415,29.83,28.99
372,29.83,28.99
743,29.83,28.99
435,29.83,28.99
624,29.83,28.99
325,29.83,28.99
353,29.83,28.99
300,29.83,28.99
366,29.83,28.99
605,29.83,28.99
440,29.83,28.99
614,29.83,28.99
181,29.83,28.99
717,29.83,28.99
197,29.83,28.99
797,29.83,28.99
195,29.83,28.99
160,29.83,28.91
515,29.83,28.91
586,29.83,28.91
294,29.83,28.91
130,29.83,28.91
576,29.83,28.91
375,29.83,28.91
729,29.83,28.91
572,29.83,28.91
660,29.83,28.91
394,29.83,28.91
704,29.83,28.91
353,29.83,28.91
732,29.83,28.91
429,29.83,28.91
882,29.83,28.91
702,29.83,28.91
369,29.83,28.91
768,29.83,28.91
200,29.83,28.91
700,29.83,28.91
250,29.83,28.91
528,29.83,28.91
242,29.83,28.91
733,29.83,28.91
704,29.83,28.91
442,29.83,28.91
615,29.83,28.91
740,29.83,28.91
637,29.83,28.91
367,29.83,28.91
732,29.83,28.91
545,29.83,28.91
463,29.83,28.91
577,29.83,28.91
397,29.83,28.91
263,29.83,28.91
893,29.83,28.91
266,29.83,28.91
839,29.83,28.91
741,29.83,28.91
875,29.83,28.91
824,29.83,28.91
516,29.83,28.91
430,29.83,28.91
315,29.83,28.91
893,29.83,28.91
135,29.83,28.91
894,29.83,28.91
371,29.83,28.91
600,29.83,28.91
594,29.83,28.91
491,29.83,28.91
425,29.83,28.91
668,29.83,28.91
230,29.83,28.91
506,29.83,28.91
676,29.83,28.91
866,29.83,28.91
604,29.83,28.91
134,29.83,29.03
838,29.83,29.03
464,29.83,29.03
749,29.83,29.03
306,29.83,29.03
753,29.83,29.03
306,29.83,29.03
841,29.83,29.03
389,29.83,29.03
812,29.83,29.03
842,29.83,29.03
592,29.83,29.03
682,29.83,29.03
503,29.83,29.03
602,29.83,29.03
481,29.83,29.03
419,29.83,29.03
340,29.83,29.03
543,29.83,29.03
406,29.83,29.03
765,29.83,29.03
227,29.83,29.03
594,29.83,29.03
512,29.83,29.03
679,29.83,29.03
306,29.83,29.03
419,29.83,29.03
738,29.83,29.03
130,29.83,29.03
545,29.83,29.03
550,29.83,29.03
771,29.83,29.03
525,29.83,29.03
387,29.83,29.03
554,29.83,29.03
606,29.83,29.03
693,29.79,29.03
597,29.79,29.03
627,29.79,29.03
543,29.79,29.03
483,29.79,29.03
759,29.79,29.03
874,29.79,29.03
309,29.79,29.03
650,29.79,29.03
665,29.79,29.03
460,29.79,29.03
276,29.79,29.03
314,29.79,29.03
538,29.79,29.03
448,29.79,29.03
358,29.79,29.03
155,29.79,29.03
506,29.79,29.03
419,29.79,29.03
609,29.79,29.03
272,29.79,29.03
658,29.79,29.03
477,29.79,29.03
130,29.79,29.03
781,29.79,28.89
336,29.79,28.89
467,29.79,28.89
892,29.79,28.89
457,29.79,28.89
603,29.79,28.89
239,29.79,28.89
175,29.79,28.89
780,29.79,28.89
228,29.79,28.89
624,29.79,28.89
429,29.79,28.89
680,29.79,28.89
283,29.79,28.89
516,29.79,28.89
598,29.79,28.89
148,29.79,28.89
515,29.79,28.89
585,29.79,28.89
810,29.79,28.89
703,29.79,28.89
584,29.79,28.89
412,29.79,28.89
256,29.79,28.89
339,29.79,28.89
339,29.79,28.89
397,29.79,28.89
260,29.79,28.89
386,29.79,28.89
471,29.79,28.89
444,29.79,28.89
331,29.79,28.89
551,29.79,28.89
529,29.79,28.89
432,29.79,28.89
584,29.79,28.89
263,29.81,28.89
130,29.81,28.89
218,29.81,28.89
401,29.81,28.89
868,29.81,28.89
760,29.81,28.89
510,29.81,28.89
892,29.81,28.89
473,29.81,28.89
386,29.81,28.89
603,29.81,28.89
471,29.81,28.89
713,29.81,28.89
134,29.81,28.89
247,29.81,28.89
375,29.81,28.89
456,29.81,28.89
863,29.81,28.89
620,29.81,28.89
490,29.81,28.89
534,29.81,28.89
506,29.81,28.89
281,29.81,28.89
285,29.81,28.89
519,29.81,29.03
644,29.81,29.03
786,29.81,29.03
131,29.81,29.03
813,29.81,29.03
770,29.81,29.03
432,29.81,29.03
612,29.81,29.03
491,29.81,29.03
504,29.81,29.03
738,29.81,29.03
587,29.81,29.03
636,29.81,29.03
449,29.81,29.03
625,29.81,29.03
638,29.81,29.03
364,29.81,29.03
593,29.81,29.03
346,29.81,29.03
892,29.81,29.03
140,29.81,29.03
722,29.81,29.03
433,29.81,29.03
132,29.81,29.03
752,29.81,29.03
252,29.81,29.03
566,29.81,29.03
554,29.81,29.03
225,29.81,29.03
494,29.81,29.03
134,29.81,29.03
619,29.81,29.03
813,29.81,29.03
136,29.81,29.03
963,29.81,29.03
133,29.81,29.03
486,29.83,29.03
805,29.83,29.03
354,29.83,29.03
880,29.83,29.03
269,29.83,29.03
654,29.83,29.03
171,29.83,29.03
893,29.83,29.03
892,29.83,29.03
704,29.83,29.03
434,29.83,29.03
135,29.83,29.03
527,29.83,29.03
413,29.83,29.03
450,29.83,29.03
591,29.83,29.03
559,29.83,29.03
532,29.83,29.03
281,29.83,29.03
704,29.83,29.03
847,29.83,29.03
175,29.83,29.03
644,29.83,29.03
219,29.83,29.03
745,29.83,29.15
639,29.83,29.15
246,29.83,29.15
405,29.83,29.15
658,29.83,29.15
786,29.83,29.15
132,29.83,29.15
858,29.83,29.15
577,29.83,29.15
602,29.83,29.15
486,29.83,29.15
132,29.83,29.15
344,29.83,29.15
819,29.83,29.15
595,29.83,29.15
555,29.83,29.15
155,29.83,29.15
261,29.83,29.15
381,29.83,29.15
643,29.83,29.15
676,29.83,29.15
132,29.83,29.15
863,29.83,29.15
131,29.83,29.15
879,29.83,29.15
374,29.83,29.15
824,29.83,29.15
589,29.83,29.15
