739,30.27,29.63
490,30.27,29.63
178,30.27,29.63
732,30.27,29.63
637,30.27,29.63
804,30.27,29.63
892,30.27,29.63
631,30.27,29.63
506,30.27,29.63
356,30.27,29.63
619,30.27,29.63
682,30.27,29.63
577,30.27,29.63
135,30.27,29.63
590,30.27,29.63
182,30.27,29.63
447,30.27,29.63
436,30.27,29.63
495,30.27,29.63
679,30.27,29.63
309,30.27,29.63
738,30.27,29.63
738,30.27,29.63
480,30.27,29.63
504,30.27,29.63
445,30.27,29.63
571,30.25,29.63
266,30.25,29.63
131,30.25,29.63
328,30.25,29.63
304,30.25,29.63
893,30.25,29.63
135,30.25,29.63
561,30.25,29.63
139,30.25,29.63
711,30.25,29.63
621,30.25,29.63
182,30.25,29.63
679,30.25,29.63
455,30.25,29.63
416,30.25,29.63
243,30.25,29.63
377,30.25,29.63
395,30.25,29.63
816,30.25,29.63
607,30.25,29.63
824,30.25,29.63
130,30.25,29.63
634,30.25,29.63
309,30.25,29.43
358,30.25,29.43
394,30.25,29.43
133,30.25,29.43
841,30.25,29.43
409,30.25,29.43
671,30.25,29.43
466,30.25,29.43
358,30.25,29.43
360,30.25,29.43
452,30.25,29.43
133,30.25,29.43
269,30.25,29.43
131,30.25,29.43
617,30.25,29.43
648,30.25,29.43
693,30.25,29.43
505,30.25,29.43
286,30.25,29.43
594,30.25,29.43
547,30.25,29.43
654,30.25,29.43
466,30.25,29.43
859,30.25,29.43
578,30.25,29.43
890,30.25,29.43
130,30.25,29.43
496,30.25,29.43
794,30.25,29.43
795,30.25,29.43
791,30.25,29.43
311,30.25,29.43
893,30.25,29.43
271,30.25,29.43
533,30.25,29.43
295,30.25,29.43
223,30.25,29.43
647,30.27,29.43
585,30.27,29.43
373,30.27,29.43
893,30.27,29.43
259,30.27,29.43
484,30.27,29.43
389,30.27,29.43
424,30.27,29.43
815,30.27,29.43
130,30.27,29.43
584,30.27,29.43
650,30.27,29.43
900,30.27,29.43
605,30.27,29.43
553,30.27,29.43
447,30.27,29.43
632,30.27,29.43
401,30.27,29.43
505,30.27,29.43
518,30.27,29.43
824,30.27,29.43
495,30.27,29.43
481,30.27,29.43
592,30.27,29.45
450,30.27,29.45
894,30.27,29.45
239,30.27,29.45
442,30.27,29.45
894,30.27,29.45
642,30.27,29.45
782,30.27,29.45
748,30.27,29.45
711,30.27,29.45
796,30.27,29.45
179,30.27,29.45
634,30.27,29.45
894,30.27,29.45
333,30.27,29.45
760,30.27,29.45
373,30.27,29.45
802,30.27,29.45
569,30.27,29.45
614,30.27,29.45
527,30.27,29.45
562,30.27,29.45
888,30.27,29.45
704,30.27,29.45
634,30.27,29.45
388,30.27,29.45
783,30.27,29.45
395,30.27,29.45
480,30.27,29.45
466,30.27,29.45
844,30.27,29.45
288,30.27,29.45
639,30.27,29.45
270,30.27,29.45
325,30.27,29.45
542,30.27,29.45
252,30.25,29.45
702,30.25,29.45
369,30.25,29.45
597,30.25,29.45
503,30.25,29.45
650,30.25,29.45
592,30.25,29.45
556,30.25,29.45
284,30.25,29.45
562,30.25,29.45
257,30.25,29.45
440,30.25,29.45
410,30.25,29.45
552,30.25,29.45
407,30.25,29.45
762,30.25,29.45
732,30.25,29.45
216,30.25,29.45
767,30.25,29.45
439,30.25,29.45
812,30.25,29.45
129,30.25,29.45
568,30.25,29.45
531,30.25,29.45
271,30.25,29.63
481,30.25,29.63
506,30.25,29.63
590,30.25,29.63
375,30.25,29.63
369,30.25,29.63
546,30.25,29.63
549,30.25,29.63
355,30.25,29.63
669,30.25,29.63
481,30.25,29.63
870,30.25,29.63
398,30.25,29.63
892,30.25,29.63
604,30.25,29.63
848,30.25,29.63
467,30.25,29.63
489,30.25,29.63
575,30.25,29.63
438,30.25,29.63
619,30.25,29.63
382,30.25,29.63
722,30.25,29.63
253,30.25,29.63
747,30.25,29.63
446,30.25,29.63
609,30.25,29.63
616,30.25,29.63
764,30.25,29.63
482,30.25,29.63
683,30.25,29.63
502,30.25,29.63
613,30.25,29.63
507,30.25,29.63
566,30.25,29.63
749,30.25,29.63
440,30.25,29.63
704,30.25,29.63
315,30.25,29.63
567,30.25,29.63
464,30.25,29.63
448,30.25,29.63
528,30.25,29.63
606,30.25,29.63
527,30.25,29.63
670,30.25,29.63
273,30.25,29.63
545,30.25,29.63
713,30.25,29.63
678,30.25,29.63
247,30.25,29.63
128,30.25,29.63
592,30.25,29.63
435,30.25,29.63
151,30.25,29.63
845,30.25,29.63
716,30.25,29.63
300,30.25,29.63
817,30.25,29.63
537,30.25,29.19
354,30.25,29.19
488,30.25,29.19
596,30.25,29.19
644,30.25,29.19
646,30.25,29.19
561,30.25,29.19
882,30.25,29.19
405,30.25,29.19
769,30.25,29.19
788,30.25,29.19
504,30.25,29.19
552,30.25,29.19
338,30.25,29.19
894,30.25,29.19
360,30.25,29.19
459,30.25,29.19
579,30.25,29.19
232,30.25,29.19
729,30.25,29.19
297,30.25,29.19
587,30.25,29.19
427,30.25,29.19
623,30.25,29.19
476,30.25,29.19
131,30.25,29.19
498,30.25,29.19
562,30.25,29.19
345,30.25,29.19
741,30.25,29.19
267,30.25,29.19
819,30.25,29.19
233,30.25,29.19
381,30.25,29.19
681,30.25,29.19
164,30.25,29.19
729,30.25,29.19
605,30.25,29.19
607,30.25,29.19
850,30.25,29.19
658,30.25,29.19
560,30.25,29.19
645,30.25,29.19
640,30.25,29.19
452,30.25,29.19
517,30.25,29.19
711,30.25,29.19
626,30.25,29.19
620,30.25,29.19
168,30.25,29.19
538,30.25,29.19
335,30.25,29.19
598,30.25,29.19
536,30.25,29.19
460,30.25,29.19
841,30.25,29.19
536,30.25,29.19
804,30.25,29.19
313,30.25,29.19
511,30.25,29.19
587,30.25,29.57
425,30.25,29.57
396,30.25,29.57
688,30.25,29.57
613,30.25,29.57
646,30.25,29.57
136,30.25,29.57
654,30.25,29.57
318,30.25,29.57
894,30.25,29.57
473,30.25,29.57
228,30.25,29.57
743,30.25,29.57
227,30.25,29.57
524,30.25,29.57
289,30.25,29.57
547,30.25,29.57
490,30.25,29.57
473,30.25,29.57
680,30.25,29.57
780,30.25,29.57
421,30.25,29.57
858,30.25,29.57
390,30.25,29.57
502,30.25,29.57
436,30.25,29.57
401,30.25,29.57
554,30.25,29.57
418,30.25,29.57
253,30.25,29.57
686,30.25,29.57
559,30.25,29.57
193,30.25,29.57
779,30.25,29.57
304,30.25,29.57
360,30.25,29.57
737,30.25,29.57
396,30.25,29.57
737,30.25,29.57
426,30.25,29.57
400,30.25,29.57
576,30.25,29.57
557,30.25,29.57
432,30.25,29.57
507,30.25,29.57
343,30.25,29.57
127,30.25,29.57
258,30.25,29.57
613,30.25,29.57
414,30.25,29.57
252,30.25,29.57
571,30.25,29.57
538,30.25,29.57
829,30.25,29.57
189,30.25,29.57
722,30.25,29.57
319,30.25,29.57
520,30.25,29.57
500,30.25,29.57
205,30.25,29.57
536,30.25,29.55
557,30.25,29.55
708,30.25,29.55
724,30.25,29.55
625,30.25,29.55
234,30.25,29.55
653,30.25,29.55
296,30.25,29.55
682,30.25,29.55
431,30.25,29.55
526,30.25,29.55
634,30.25,29.55
362,30.25,29.55
502,30.25,29.55
642,30.25,29.55
224,30.25,29.55
619,30.25,29.55
497,30.25,29.55
250,30.25,29.55
658,30.25,29.55
128,30.25,29.55
849,30.25,29.55
340,30.25,29.55
417,30.25,29.55
420,30.25,29.55
229,30.25,29.55
898,30.25,29.55
464,30.25,29.55
659,30.25,29.55
814,30.25,29.55
515,30.25,29.55
538,30.25,29.55
454,30.25,29.55
395,30.25,29.55
477,30.25,29.55
408,30.25,29.55
455,30.27,29.55
129,30.27,29.55
335,30.27,29.55
373,30.27,29.55
262,30.27,29.55
482,30.27,29.55
607,30.27,29.55
883,30.27,29.55
430,30.27,29.55
806,30.27,29.55
404,30.27,29.55
765,30.27,29.55
348,30.27,29.55
325,30.27,29.55
792,30.27,29.55
754,30.27,29.55
601,30.27,29.55
790,30.27,29.55
184,30.27,29.55
514,30.27,29.55
368,30.27,29.55
427,30.27,29.55
592,30.27,29.55
190,30.27,29.49
894,30.27,29.49
128,30.27,29.49
815,30.27,29.49
527,30.27,29.49
652,30.27,29.49
573,30.27,29.49
411,30.27,29.49
657,30.27,29.49
564,30.27,29.49
578,30.27,29.49
515,30.27,29.49
