434,30.13,29.37
725,30.13,29.37
526,30.13,29.37
588,30.13,29.37
204,30.13,29.37
579,30.13,29.37
401,30.13,29.37
220,30.13,29.37
895,30.13,29.37
274,30.13,29.37
568,30.13,29.37
179,30.13,29.37
243,30.13,29.37
283,30.13,29.37
648,30.13,29.37
741,30.13,29.37
861,30.13,29.37
652,30.13,29.37
314,30.13,29.37
724,30.13,29.37
169,30.13,29.37
893,30.13,29.37
242,30.13,29.37
449,30.13,29.37
716,30.13,29.37
419,30.13,29.37
538,30.13,29.37
534,30.13,29.37
542,30.13,29.37
506,30.13,29.37
370,30.13,29.37
147,30.13,29.37
376,30.13,29.37
537,30.13,29.37
691,30.13,29.37
307,30.13,29.37
696,30.13,29.37
449,30.13,29.37
704,30.13,29.37
373,30.13,29.37
358,30.13,29.37
568,30.13,29.37
259,30.13,29.37
358,30.13,29.37
365,30.13,29.37
575,30.13,29.37
530,30.13,29.37
495,30.13,29.37
451,30.13,29.37
665,30.13,29.37
468,30.13,29.37
813,30.13,29.37
520,30.13,29.37
392,30.13,29.37
520,30.13,29.37
403,30.13,29.37
470,30.13,29.37
379,30.13,29.37
190,30.13,29.37
268,30.13,29.37
620,30.13,29.37
380,30.13,29.37
895,30.13,29.37
213,30.13,29.23
467,30.13,29.23
469,30.13,29.23
393,30.13,29.23
711,30.13,29.23
249,30.13,29.23
682,30.13,29.23
845,30.13,29.23
343,30.13,29.23
574,30.13,29.23
451,30.13,29.23
723,30.13,29.23
870,30.13,29.23
536,30.13,29.23
669,30.13,29.23
223,30.13,29.23
894,30.13,29.23
638,30.13,29.23
412,30.13,29.23
490,30.13,29.23
594,30.13,29.23
894,30.13,29.23
131,30.13,29.23
848,30.13,29.23
740,30.13,29.23
329,30.13,29.23
627,30.13,29.23
312,30.13,29.23
562,30.13,29.23
607,30.13,29.23
367,30.13,29.23
552,30.13,29.23
656,30.13,29.23
895,30.13,29.23
760,30.13,29.23
265,30.13,29.23
377,30.17,29.23
287,30.17,29.23
553,30.17,29.23
228,30.17,29.23
700,30.17,29.23
690,30.17,29.23
254,30.17,29.23
632,30.17,29.23
508,30.17,29.23
177,30.17,29.23
274,30.17,29.23
451,30.17,29.23
130,30.17,29.23
427,30.17,29.23
397,30.17,29.23
525,30.17,29.23
283,30.17,29.23
761,30.17,29.23
639,30.17,29.23
356,30.17,29.23
375,30.17,29.23
707,30.17,29.23
606,30.17,29.23
624,30.17,29.23
237,30.17,29.37
547,30.17,29.37
452,30.17,29.37
557,30.17,29.37
732,30.17,29.37
135,30.17,29.37
203,30.17,29.37
130,30.17,29.37
323,30.17,29.37
495,30.17,29.37
483,30.17,29.37
720,30.17,29.37
378,30.17,29.37
505,30.17,29.37
713,30.17,29.37
265,30.17,29.37
766,30.17,29.37
371,30.17,29.37
881,30.17,29.37
830,30.17,29.37
571,30.17,29.37
593,30.17,29.37
728,30.17,29.37
894,30.17,29.37
534,30.17,29.37
509,30.17,29.37
744,30.17,29.37
396,30.17,29.37
478,30.17,29.37
673,30.17,29.37
691,30.17,29.37
804,30.17,29.37
429,30.17,29.37
694,30.17,29.37
289,30.17,29.37
221,30.17,29.37
718,30.17,29.37
129,30.17,29.37
296,30.17,29.37
129,30.17,29.37
520,30.17,29.37
715,30.17,29.37
383,30.17,29.37
561,30.17,29.37
768,30.17,29.37
329,30.17,29.37
667,30.17,29.37
608,30.17,29.37
328,30.17,29.37
668,30.17,29.37
543,30.17,29.37
620,30.17,29.37
888,30.17,29.37
422,30.17,29.37
490,30.17,29.37
374,30.17,29.37
310,30.17,29.37
678,30.17,29.37
255,30.17,29.37
713,30.17,29.37
490,30.17,29.37
404,30.17,29.37
552,30.17,29.37
395,30.17,29.37
870,30.17,29.37
541,30.17,29.37
664,30.17,29.37
439,30.17,29.37
579,30.17,29.37
578,30.17,29.37
362,30.17,29.37
745,30.17,29.37
473,30.17,29.37
131,30.17,29.37
603,30.17,29.37
332,30.17,29.37
809,30.17,29.37
452,30.17,29.37
338,30.17,29.37
716,30.17,29.37
429,30.17,29.37
747,30.17,29.37
593,30.17,29.37
397,30.17,29.37
547,30.17,29.37
496,30.17,29.37
412,30.17,29.37
266,30.17,29.37
677,30.17,29.37
453,30.17,29.37
653,30.17,29.37
381,30.17,29.37
330,30.17,29.37
421,30.17,29.37
397,30.17,29.37
522,30.11,29.37
615,30.11,29.37
412,30.11,29.37
716,30.11,29.37
424,30.11,29.37
674,30.11,29.37
339,30.11,29.37
511,30.11,29.37
342,30.11,29.37
454,30.11,29.37
886,30.11,29.37
427,30.11,29.37
500,30.11,29.37
257,30.11,29.37
623,30.11,29.37
129,30.11,29.37
391,30.11,29.37
576,30.11,29.37
742,30.11,29.37
573,30.11,29.37
448,30.11,29.37
250,30.11,29.37
504,30.11,29.37
139,30.11,29.37
437,30.11,29.19
561,30.11,29.19
128,30.11,29.19
687,30.11,29.19
315,30.11,29.19
540,30.11,29.19
261,30.11,29.19
270,30.11,29.19
304,30.11,29.19
502,30.11,29.19
546,30.11,29.19
798,30.11,29.19
263,30.11,29.19
414,30.11,29.19
757,30.11,29.19
478,30.11,29.19
676,30.11,29.19
378,30.11,29.19
679,30.11,29.19
344,30.11,29.19
261,30.11,29.19
129,30.11,29.19
535,30.11,29.19
224,30.11,29.19
658,30.11,29.19
402,30.11,29.19
229,30.11,29.19
894,30.11,29.19
881,30.11,29.19
609,30.11,29.19
810,30.11,29.19
577,30.11,29.19
373,30.11,29.19
915,30.11,29.19
128,30.11,29.19
444,30.11,29.19
240,30.17,29.19
277,30.17,29.19
639,30.17,29.19
529,30.17,29.19
444,30.17,29.19
750,30.17,29.19
403,30.17,29.19
831,30.17,29.19
591,30.17,29.19
228,30.17,29.19
870,30.17,29.19
531,30.17,29.19
895,30.17,29.19
327,30.17,29.19
769,30.17,29.19
573,30.17,29.19
724,30.17,29.19
838,30.17,29.19
458,30.17,29.19
139,30.17,29.19
290,30.17,29.19
520,30.17,29.19
355,30.17,29.19
129,30.17,29.19
438,30.17,29.35
793,30.17,29.35
221,30.17,29.35
762,30.17,29.35
517,30.17,29.35
753,30.17,29.35
654,30.17,29.35
388,30.17,29.35
633,30.17,29.35
395,30.17,29.35
752,30.17,29.35
646,30.17,29.35
623,30.17,29.35
772,30.17,29.35
640,30.17,29.35
128,30.17,29.35
824,30.17,29.35
389,30.17,29.35
859,30.17,29.35
316,30.17,29.35
711,30.17,29.35
547,30.17,29.35
306,30.17,29.35
683,30.17,29.35
299,30.17,29.35
397,30.17,29.35
608,30.17,29.35
504,30.17,29.35
491,30.17,29.35
895,30.17,29.35
321,30.17,29.35
818,30.17,29.35
131,30.17,29.35
457,30.17,29.35
540,30.17,29.35
290,30.17,29.35
584,30.13,29.35
542,30.13,29.35
578,30.13,29.35
412,30.13,29.35
672,30.13,29.35
448,30.13,29.35
681,30.13,29.35
656,30.13,29.35
547,30.13,29.35
299,30.13,29.35
642,30.13,29.35
212,30.13,29.35
663,30.13,29.35
361,30.13,29.35
354,30.13,29.35
540,30.13,29.35
130,30.13,29.35
856,30.13,29.35
351,30.13,29.35
625,30.13,29.35
667,30.13,29.35
491,30.13,29.35
579,30.13,29.35
785,30.13,29.57
412,30.13,29.57
648,30.13,29.57
258,30.13,29.57
488,30.13,29.57
611,30.13,29.57
749,30.13,29.57
449,30.13,29.57
606,30.13,29.57
696,30.13,29.57
260,30.13,29.57
910,30.13,29.57
348,30.13,29.57
591,30.13,29.57
555,30.13,29.57
557,30.13,29.57
688,30.13,29.57
241,30.13,29.57
625,30.13,29.57
410,30.13,29.57
757,30.13,29.57
654,30.13,29.57
777,30.13,29.57
349,30.13,29.57
423,30.13,29.57
234,30.13,29.57
583,30.13,29.57
610,30.13,29.57
622,30.13,29.57
597,30.13,29.57
872,30.13,29.57
596,30.13,29.57
668,30.13,29.57
622,30.13,29.57
147,30.13,29.57
733,30.13,29.57
761,30.13,29.57
612,30.13,29.57
353,30.13,29.57
882,30.13,29.57
638,30.13,29.57
573,30.13,29.57
463,30.13,29.57
583,30.13,29.57
748,30.13,29.57
347,30.13,29.57
491,30.13,29.57
455,30.13,29.57
204,30.13,29.57
799,30.13,29.57
263,30.13,29.57
612,30.13,29.57
676,30.13,29.57
165,30.13,29.57
578,30.13,29.57
548,30.13,29.57
656,30.13,29.57
