336,30.09,29.19
330,30.09,29.19
353,30.09,29.19
251,30.09,29.19
629,30.09,29.19
562,30.09,29.19
357,30.09,29.19
496,30.09,29.19
767,30.09,29.19
392,30.09,29.19
564,30.09,29.19
568,30.09,29.19
375,30.09,29.19
812,30.09,29.19
223,30.09,29.19
669,30.09,29.19
724,30.09,29.19
458,30.09,29.19
580,30.09,29.19
130,30.09,29.19
670,30.09,29.19
207,30.09,29.19
755,30.09,29.19
301,30.09,29.19
626,30.09,29.19
726,30.09,29.19
192,30.09,29.19
647,30.09,29.19
401,30.09,29.19
442,30.09,29.19
674,30.09,29.19
131,30.09,29.19
844,30.09,29.19
893,30.09,29.19
727,30.09,29.19
892,30.09,29.19
131,30.09,29.19
702,30.09,29.19
291,30.09,29.19
229,30.09,29.19
287,30.09,29.19
486,30.09,29.19
609,30.09,29.19
662,30.09,29.19
714,30.09,29.31
625,30.09,29.31
686,30.09,29.31
419,30.09,29.31
510,30.09,29.31
520,30.09,29.31
564,30.09,29.31
276,30.09,29.31
536,30.09,29.31
449,30.09,29.31
806,30.09,29.31
440,30.09,29.31
507,30.09,29.31
587,30.09,29.31
673,30.09,29.31
503,30.09,29.31
662,30.09,29.31
550,30.09,29.31
166,30.09,29.31
572,30.09,29.31
264,30.09,29.31
647,30.09,29.31
570,30.09,29.31
828,30.09,29.31
412,30.09,29.31
516,30.09,29.31
895,30.09,29.31
478,30.09,29.31
766,30.09,29.31
131,30.09,29.31
857,30.09,29.31
491,30.09,29.31
614,30.09,29.31
513,30.09,29.31
843,30.09,29.31
217,30.09,29.31
894,30.09,29.31
459,30.09,29.31
528,30.09,29.31
598,30.09,29.31
442,30.09,29.31
396,30.09,29.31
206,30.09,29.31
546,30.09,29.31
299,30.09,29.31
759,30.09,29.31
400,30.09,29.31
895,30.09,29.31
540,30.09,29.31
270,30.09,29.31
765,30.09,29.31
590,30.09,29.31
603,30.09,29.31
454,30.09,29.31
346,30.09,29.31
467,30.09,29.31
633,30.09,29.31
585,30.09,29.31
868,30.09,29.31
602,30.09,29.31
892,30.09,29.23
539,30.09,29.23
655,30.09,29.23
591,30.09,29.23
130,30.09,29.23
864,30.09,29.23
190,30.09,29.23
856,30.09,29.23
509,30.09,29.23
810,30.09,29.23
601,30.09,29.23
404,30.09,29.23
456,30.09,29.23
360,30.09,29.23
540,30.09,29.23
329,30.09,29.23
895,30.09,29.23
866,30.09,29.23
893,30.09,29.23
280,30.09,29.23
819,30.09,29.23
616,30.09,29.23
784,30.09,29.23
495,30.09,29.23
391,30.09,29.23
802,30.09,29.23
517,30.09,29.23
608,30.09,29.23
482,30.09,29.23
502,30.09,29.23
509,30.09,29.23
349,30.09,29.23
392,30.09,29.23
681,30.09,29.23
557,30.09,29.23
894,30.09,29.23
515,30.05,29.23
330,30.05,29.23
601,30.05,29.23
290,30.05,29.23
811,30.05,29.23
440,30.05,29.23
516,30.05,29.23
658,30.05,29.23
441,30.05,29.23
610,30.05,29.23
355,30.05,29.23
423,30.05,29.23
675,30.05,29.23
727,30.05,29.23
881,30.05,29.23
579,30.05,29.23
570,30.05,29.23
834,30.05,29.23
525,30.05,29.23
647,30.05,29.23
129,30.05,29.23
664,30.05,29.23
365,30.05,29.23
598,30.05,29.23
741,30.05,29.25
486,30.05,29.25
543,30.05,29.25
432,30.05,29.25
487,30.05,29.25
635,30.05,29.25
386,30.05,29.25
426,30.05,29.25
797,30.05,29.25
440,30.05,29.25
312,30.05,29.25
486,30.05,29.25
138,30.05,29.25
666,30.05,29.25
289,30.05,29.25
319,30.05,29.25
769,30.05,29.25
481,30.05,29.25
612,30.05,29.25
730,30.05,29.25
464,30.05,29.25
659,30.05,29.25
407,30.05,29.25
699,30.05,29.25
278,30.05,29.25
221,30.05,29.25
893,30.05,29.25
504,30.05,29.25
504,30.05,29.25
320,30.05,29.25
633,30.05,29.25
136,30.05,29.25
518,30.05,29.25
642,30.05,29.25
403,30.05,29.25
357,30.05,29.25
508,30.09,29.25
403,30.09,29.25
634,30.09,29.25
818,30.09,29.25
722,30.09,29.25
845,30.09,29.25
460,30.09,29.25
506,30.09,29.25
316,30.09,29.25
781,30.09,29.25
329,30.09,29.25
726,30.09,29.25
689,30.09,29.25
130,30.09,29.25
740,30.09,29.25
715,30.09,29.25
451,30.09,29.25
694,30.09,29.25
553,30.09,29.25
129,30.09,29.25
591,30.09,29.25
129,30.09,29.25
432,30.09,29.25
396,30.09,29.29
436,30.09,29.29
448,30.09,29.29
170,30.09,29.29
673,30.09,29.29
740,30.09,29.29
362,30.09,29.29
674,30.09,29.29
570,30.09,29.29
371,30.09,29.29
627,30.09,29.29
229,30.09,29.29
794,30.09,29.29
592,30.09,29.29
582,30.09,29.29
660,30.09,29.29
472,30.09,29.29
405,30.09,29.29
352,30.09,29.29
624,30.09,29.29
129,30.09,29.29
548,30.09,29.29
217,30.09,29.29
216,30.09,29.29
800,30.09,29.29
710,30.09,29.29
637,30.09,29.29
358,30.09,29.29
182,30.09,29.29
554,30.09,29.29
521,30.09,29.29
553,30.09,29.29
602,30.09,29.29
131,30.09,29.29
509,30.09,29.29
147,30.09,29.29
455,30.09,29.29
194,30.09,29.29
429,30.09,29.29
763,30.09,29.29
379,30.09,29.29
506,30.09,29.29
406,30.09,29.29
391,30.09,29.29
495,30.09,29.29
264,30.09,29.29
558,30.09,29.29
520,30.09,29.29
596,30.09,29.29
529,30.09,29.29
894,30.09,29.29
672,30.09,29.29
710,30.09,29.29
501,30.09,29.29
576,30.09,29.29
445,30.09,29.29
500,30.09,29.29
219,30.09,29.29
644,30.09,29.29
424,30.09,29.29
446,30.09,29.17
489,30.09,29.17
291,30.09,29.17
562,30.09,29.17
894,30.09,29.17
494,30.09,29.17
677,30.09,29.17
768,30.09,29.17
699,30.09,29.17
633,30.09,29.17
148,30.09,29.17
581,30.09,29.17
495,30.09,29.17
132,30.09,29.17
875,30.09,29.17
360,30.09,29.17
508,30.09,29.17
543,30.09,29.17
396,30.09,29.17
791,30.09,29.17
635,30.09,29.17
582,30.09,29.17
585,30.09,29.17
241,30.09,29.17
312,30.09,29.17
130,30.09,29.17
774,30.09,29.17
135,30.09,29.17
677,30.09,29.17
292,30.09,29.17
337,30.09,29.17
760,30.09,29.17
679,30.09,29.17
424,30.09,29.17
828,30.09,29.17
460,30.09,29.17
566,30.09,29.17
285,30.07,29.17
556,30.07,29.17
538,30.07,29.17
694,30.07,29.17
873,30.07,29.17
416,30.07,29.17
367,30.07,29.17
286,30.07,29.17
583,30.07,29.17
510,30.07,29.17
716,30.07,29.17
350,30.07,29.17
890,30.07,29.17
736,30.07,29.17
459,30.07,29.17
804,30.07,29.17
212,30.07,29.17
597,30.07,29.17
281,30.07,29.17
728,30.07,29.17
637,30.07,29.17
534,30.07,29.17
710,30.07,29.17
640,30.07,29.29
614,30.07,29.29
606,30.07,29.29
607,30.07,29.29
888,30.07,29.29
579,30.07,29.29
590,30.07,29.29
678,30.07,29.29
130,30.07,29.29
847,30.07,29.29
149,30.07,29.29
588,30.07,29.29
433,30.07,29.29
515,30.07,29.29
791,30.07,29.29
389,30.07,29.29
639,30.07,29.29
483,30.07,29.29
493,30.07,29.29
362,30.07,29.29
404,29.29,29.29
663,30.07,29.29
843,30.07,29.29
451,30.07,29.29
596,30.07,29.29
676,30.07,29.29
599,30.07,29.29
604,30.07,29.29
618,30.07,29.29
580,30.07,29.29
701,30.07,29.29
719,30.07,29.29
130,30.07,29.29
893,30.07,29.29
579,30.07,29.29
894,30.07,29.29
230,30.09,29.29
724,30.09,29.29
733,30.09,29.29
794,30.09,29.29
857,30.09,29.29
431,30.09,29.29
817,30.09,29.29
411,30.09,29.29
626,30.09,29.29
441,30.09,29.29
130,30.09,29.29
523,30.09,29.29
248,30.09,29.29
297,30.09,29.29
816,30.09,29.29
404,30.09,29.29
638,30.09,29.29
301,30.09,29.29
392,30.09,29.29
849,30.09,29.29
289,30.09,29.29
894,30.09,29.29
352,30.09,29.29
895,30.09,29.29
361,30.09,29.39
788,30.09,29.39
536,30.09,29.39
292,30.09,29.39
895,30.09,29.39
616,30.09,29.39
149,30.09,29.39
485,30.09,29.39
409,30.09,29.39
317,30.09,29.39
442,30.09,29.39
491,30.09,29.39
834,30.09,29.39
277,30.09,29.39
568,30.09,29.39
362,30.09,29.39
622,30.09,29.39
