128,30.25,29.43
736,30.25,29.43
131,30.25,29.43
364,30.25,29.43
252,30.25,29.43
471,30.25,29.43
549,30.25,29.43
308,30.25,29.43
637,30.25,29.43
309,30.25,29.43
788,30.25,29.43
670,30.25,29.43
817,30.25,29.43
258,30.25,29.43
689,30.25,29.43
770,30.25,29.43
511,30.25,29.43
654,30.25,29.43
284,30.25,29.43
145,30.25,29.43
591,30.25,29.43
407,30.25,29.43
191,30.25,29.43
892,30.25,29.43
568,30.25,29.43
282,30.25,29.43
841,30.25,29.43
617,30.25,29.43
450,30.25,29.43
892,30.25,29.43
131,30.25,29.43
569,30.25,29.43
379,30.25,29.43
145,30.25,29.43
814,30.25,29.43
606,30.25,29.43
822,30.25,29.43
577,30.25,29.43
635,30.25,29.43
595,30.25,29.43
425,30.25,29.43
593,30.25,29.43
395,30.25,29.43
277,30.25,29.43
603,30.25,29.43
278,30.25,29.43
557,30.25,29.43
253,30.25,29.43
556,30.25,29.43
690,30.25,29.43
634,30.25,29.43
682,30.25,29.43
163,30.25,29.43
797,30.25,29.43
255,30.25,29.43
281,30.25,29.43
633,30.25,29.43
216,30.25,29.43
380,30.25,29.43
694,30.25,29.43
590,30.25,29.43
513,30.25,29.43
698,30.25,29.43
456,30.25,29.35
817,30.25,29.35
236,30.25,29.35
461,30.25,29.35
185,30.25,29.35
224,30.25,29.35
131,30.25,29.35
407,30.25,29.35
637,30.25,29.35
774,30.25,29.35
659,30.25,29.35
603,30.25,29.35
172,30.25,29.35
601,30.25,29.35
465,30.25,29.35
311,30.25,29.35
813,30.25,29.35
170,30.25,29.35
840,30.25,29.35
864,30.25,29.35
320,30.25,29.35
737,30.25,29.35
875,30.25,29.35
533,30.25,29.35
677,30.25,29.35
424,30.25,29.35
534,30.25,29.35
172,30.25,29.35
277,30.25,29.35
759,30.25,29.35
303,30.25,29.35
786,30.25,29.35
459,30.25,29.35
285,30.25,29.35
637,30.25,29.35
264,30.25,29.35
432,30.27,29.35
340,30.27,29.35
329,30.27,29.35
440,30.27,29.35
301,30.27,29.35
160,30.27,29.35
248,30.27,29.35
646,30.27,29.35
501,30.27,29.35
254,30.27,29.35
744,30.27,29.35
547,30.27,29.35
596,30.27,29.35
568,30.27,29.35
494,30.27,29.35
601,30.27,29.35
540,30.27,29.35
296,30.27,29.35
787,30.27,29.35
894,30.27,29.35
657,30.27,29.35
564,30.27,29.35
419,30.27,29.35
740,30.27,29.45
526,30.27,29.45
423,30.27,29.45
648,30.27,29.45
635,30.27,29.45
727,30.27,29.45
391,30.27,29.45
235,30.27,29.45
893,30.27,29.45
218,30.27,29.45
852,30.27,29.45
366,30.27,29.45
225,30.27,29.45
895,30.27,29.45
256,30.27,29.45
690,30.27,29.45
603,30.27,29.45
675,30.27,29.45
242,30.27,29.45
191,30.27,29.45
556,30.27,29.45
710,30.27,29.45
461,30.27,29.45
735,30.27,29.45
543,30.27,29.45
687,30.27,29.45
331,30.27,29.45
362,30.27,29.45
616,30.27,29.45
128,30.27,29.45
460,30.27,29.45
265,30.27,29.45
701,30.27,29.45
132,30.27,29.45
793,30.27,29.45
335,30.27,29.45
385,30.31,29.45
822,30.31,29.45
649,30.31,29.45
336,30.31,29.45
774,30.31,29.45
432,30.31,29.45
809,30.31,29.45
558,30.31,29.45
278,30.31,29.45
567,30.31,29.45
225,30.31,29.45
231,30.31,29.45
236,30.31,29.45
477,30.31,29.45
212,30.31,29.45
724,30.31,29.45
129,30.31,29.45
416,30.31,29.45
428,30.31,29.45
441,30.31,29.45
300,30.31,29.45
386,30.31,29.45
587,30.31,29.45
376,30.31,29.45
291,30.31,29.51
633,30.31,29.51
569,30.31,29.51
385,30.31,29.51
829,30.31,29.51
337,30.31,29.51
895,30.31,29.51
645,30.31,29.51
894,30.31,29.51
309,30.31,29.51
781,30.31,29.51
263,30.31,29.51
352,30.31,29.51
709,30.31,29.51
464,30.31,29.51
894,30.31,29.51
279,30.31,29.51
687,30.31,29.51
493,30.31,29.51
860,30.31,29.51
612,30.31,29.51
594,30.31,29.51
420,30.31,29.51
856,30.31,29.51
675,30.31,29.51
546,30.31,29.51
339,30.31,29.51
395,30.31,29.51
755,30.31,29.51
400,30.31,29.51
765,30.31,29.51
320,30.31,29.51
759,30.31,29.51
238,30.31,29.51
553,30.31,29.51
768,30.31,29.51
456,30.27,29.51
682,30.27,29.51
531,30.27,29.51
559,30.27,29.51
457,30.27,29.51
385,30.27,29.51
305,30.27,29.51
783,30.27,29.51
327,30.27,29.51
894,30.27,29.51
130,30.27,29.51
852,30.27,29.51
397,30.27,29.51
823,30.27,29.51
339,30.27,29.51
140,30.27,29.51
294,30.27,29.51
391,30.27,29.51
638,30.27,29.51
337,30.27,29.51
847,30.27,29.51
541,30.27,29.51
894,30.27,29.51
129,30.27,29.51
662,30.27,29.45
564,30.27,29.45
130,30.27,29.45
644,30.27,29.45
339,30.27,29.45
479,30.27,29.45
732,30.27,29.45
481,30.27,29.45
895,30.27,29.45
729,30.27,29.45
335,30.27,29.45
866,30.27,29.45
139,30.27,29.45
647,30.27,29.45
133,30.27,29.45
838,30.27,29.45
816,30.27,29.45
682,30.27,29.45
686,30.27,29.45
168,30.27,29.45
691,30.27,29.45
587,30.27,29.45
599,30.27,29.45
379,30.27,29.45
365,30.27,29.45
416,30.27,29.45
532,30.27,29.45
520,30.27,29.45
812,30.27,29.45
412,30.27,29.45
608,30.27,29.45
822,30.27,29.45
507,30.27,29.45
694,30.27,29.45
273,30.27,29.45
522,30.27,29.45
446,30.23,29.45
753,30.23,29.45
253,30.23,29.45
894,30.23,29.45
357,30.23,29.45
752,30.23,29.45
635,30.23,29.45
174,30.23,29.45
656,30.23,29.45
511,30.23,29.45
676,30.23,29.45
332,30.23,29.45
268,30.23,29.45
448,30.23,29.45
474,30.23,29.45
268,30.23,29.45
467,30.23,29.45
304,30.23,29.45
778,30.23,29.45
435,30.23,29.45
894,30.23,29.45
625,30.23,29.45
650,30.23,29.45
291,30.23,29.45
396,30.23,29.45
738,30.23,29.45
487,30.23,29.45
712,30.23,29.45
509,30.23,29.45
252,30.23,29.45
596,30.23,29.45
128,30.23,29.45
314,30.23,29.45
431,30.23,29.45
409,30.23,29.45
697,30.23,29.45
287,30.23,29.45
609,30.23,29.45
602,30.23,29.45
412,30.23,29.45
325,30.23,29.45
139,30.23,29.45
741,30.23,29.45
626,30.23,29.45
874,30.23,29.45
841,30.23,29.45
692,30.23,29.45
820,30.23,29.45
736,30.23,29.45
238,30.23,29.45
324,30.23,29.45
529,30.23,29.45
703,30.23,29.45
425,30.23,29.45
573,30.23,29.45
769,30.23,29.45
471,30.23,29.45
409,30.23,29.45
576,30.23,29.45
128,30.23,29.45
128,30.25,29.45
148,30.25,29.45
329,30.25,29.45
576,30.25,29.45
331,30.25,29.45
496,30.25,29.45
568,30.25,29.45
593,30.25,29.45
822,30.25,29.45
445,30.25,29.45
519,30.25,29.45
592,30.25,29.45
561,30.25,29.45
355,30.25,29.45
138,30.25,29.45
454,30.25,29.45
526,30.25,29.45
738,30.25,29.45
808,30.25,29.45
501,30.25,29.45
894,30.25,29.45
507,30.25,29.45
234,30.25,29.45
358,30.25,29.31
129,30.25,29.31
434,30.25,29.31
387,30.25,29.31
560,30.25,29.31
820,30.25,29.31
153,30.25,29.31
720,30.25,29.31
348,30.25,29.31
175,30.25,29.31
352,30.25,29.31
421,30.25,29.31
362,30.25,29.31
522,30.25,29.31
894,30.25,29.31
850,30.25,29.31
390,30.25,29.31
833,30.25,29.31
652,30.25,29.31
463,30.25,29.31
389,30.25,29.31
635,30.25,29.31
801,30.25,29.31
299,30.25,29.31
386,30.25,29.31
391,30.25,29.31
127,30.25,29.31
597,30.25,29.31
403,30.25,29.31
676,30.25,29.31
546,30.25,29.31
401,30.25,29.31
457,30.25,29.31
350,30.25,29.31
350,30.25,29.31
734,30.25,29.31
149,30.27,29.31
327,30.27,29.31
851,30.27,29.31
304,30.27,29.31
863,30.27,29.31
374,30.27,29.31
414,30.27,29.31
629,30.27,29.31
604,30.27,29.31
455,30.27,29.31
128,30.27,29.31
740,30.27,29.31
338,30.27,29.31
449,30.27,29.31
643,30.27,29.31
469,30.27,29.31
433,30.27,29.31
498,30.27,29.31
668,30.27,29.31
701,30.27,29.31
160,30.27,29.31
