592,30.09,29.37
582,30.09,29.37
152,30.09,29.37
437,30.09,29.37
467,30.09,29.37
401,30.09,29.37
470,30.09,29.37
512,30.09,29.37
420,30.09,29.37
725,30.13,29.37
541,30.13,29.37
589,30.13,29.37
780,30.13,29.37
506,30.13,29.37
754,30.13,29.37
451,30.13,29.37
747,30.13,29.37
502,30.13,29.37
326,30.13,29.37
173,30.13,29.37
608,30.13,29.37
604,30.13,29.37
130,30.13,29.37
685,30.13,29.37
432,30.13,29.37
505,30.13,29.37
638,30.13,29.37
283,30.13,29.37
581,30.13,29.37
345,30.13,29.37
130,30.13,29.37
339,30.13,29.37
266,30.13,29.37
725,30.13,29.39
613,30.13,29.39
627,30.13,29.39
692,30.13,29.39
134,30.13,29.39
893,30.13,29.39
129,30.13,29.39
594,30.13,29.39
132,30.13,29.39
445,30.13,29.39
436,30.13,29.39
131,30.13,29.39
527,30.13,29.39
411,30.13,29.39
175,30.13,29.39
436,30.13,29.39
407,30.13,29.39
600,30.13,29.39
637,30.13,29.39
491,30.13,29.39
893,30.13,29.39
132,30.13,29.39
322,30.13,29.39
454,30.13,29.39
511,30.13,29.39
446,30.13,29.39
806,30.13,29.39
154,30.13,29.39
729,30.13,29.39
737,30.13,29.39
422,30.13,29.39
894,30.13,29.39
129,30.13,29.39
636,30.13,29.39
631,30.13,29.39
623,30.13,29.39
687,30.09,29.39
834,30.09,29.39
834,30.09,29.39
649,30.09,29.39
421,30.09,29.39
609,30.09,29.39
360,30.09,29.39
654,30.09,29.39
857,30.09,29.39
130,30.09,29.39
894,30.09,29.39
130,30.09,29.39
875,30.09,29.39
274,30.09,29.39
618,30.09,29.39
791,30.09,29.39
501,30.09,29.39
741,30.09,29.39
129,30.09,29.39
212,30.09,29.39
430,30.09,29.39
380,30.09,29.39
446,30.09,29.39
480,30.09,29.17
469,30.09,29.17
526,30.09,29.17
769,30.09,29.17
675,30.09,29.17
292,30.09,29.17
623,30.09,29.17
303,30.09,29.17
261,30.09,29.17
787,30.09,29.17
131,30.09,29.17
657,30.09,29.17
527,30.09,29.17
894,30.09,29.17
541,30.09,29.17
774,30.09,29.17
445,30.09,29.17
794,30.09,29.17
413,30.09,29.17
347,30.09,29.17
734,30.09,29.17
434,30.09,29.17
574,30.09,29.17
596,30.09,29.17
145,30.09,29.17
685,30.09,29.17
716,30.09,29.17
417,30.09,29.17
543,30.09,29.17
204,30.09,29.17
622,30.09,29.17
215,30.09,29.17
338,30.09,29.17
828,30.09,29.17
279,30.09,29.17
647,30.09,29.17
599,30.09,29.17
890,30.09,29.17
191,30.09,29.17
515,30.09,29.17
649,30.09,29.17
644,30.09,29.17
218,30.09,29.17
645,30.09,29.17
639,30.09,29.17
267,30.09,29.17
339,30.09,29.17
419,30.09,29.17
461,30.09,29.17
363,30.09,29.17
818,30.09,29.17
771,30.09,29.17
437,30.09,29.17
483,30.09,29.17
629,30.09,29.17
369,30.09,29.17
736,30.09,29.17
204,30.09,29.17
707,30.09,29.17
684,30.09,29.17
331,30.09,29.05
528,30.09,29.05
299,30.09,29.05
365,30.09,29.05
133,30.09,29.05
684,30.09,29.05
379,30.09,29.05
385,30.09,29.05
600,30.09,29.05
564,30.09,29.05
628,30.09,29.05
835,30.09,29.05
699,30.09,29.05
558,30.09,29.05
439,30.09,29.05
291,30.09,29.05
304,30.09,29.05
137,30.09,29.05
387,30.09,29.05
675,30.09,29.05
862,30.09,29.05
588,30.09,29.05
657,30.09,29.05
528,30.09,29.05
342,30.09,29.05
617,30.09,29.05
304,30.09,29.05
515,30.09,29.05
585,30.09,29.05
458,30.09,29.05
626,30.09,29.05
429,30.09,29.05
595,30.09,29.05
525,30.09,29.05
701,30.09,29.05
372,30.09,29.05
453,30.09,29.05
407,30.11,29.05
247,30.11,29.05
591,30.11,29.05
192,30.11,29.05
384,30.11,29.05
629,30.11,29.05
539,30.11,29.05
650,30.11,29.05
536,30.11,29.05
628,30.11,29.05
503,30.11,29.05
832,30.11,29.05
605,30.11,29.05
438,30.11,29.05
866,30.11,29.05
599,30.11,29.05
894,30.11,29.05
893,30.11,29.05
711,30.11,29.05
398,30.11,29.05
430,30.11,29.05
479,30.11,29.05
418,30.11,29.05
290,30.11,29.17
455,30.11,29.17
633,30.11,29.17
769,30.11,29.17
893,30.11,29.17
396,30.11,29.17
528,30.11,29.17
758,30.11,29.17
557,30.11,29.17
550,30.11,29.17
826,30.11,29.17
128,30.11,29.17
640,30.11,29.17
349,30.11,29.17
236,30.11,29.17
704,30.11,29.17
487,30.11,29.17
895,30.11,29.17
422,30.11,29.17
716,30.11,29.17
447,30.11,29.17
871,30.11,29.17
599,30.11,29.17
132,30.11,29.17
453,30.11,29.17
445,30.11,29.17
490,30.11,29.17
292,30.11,29.17
243,30.11,29.17
774,30.11,29.17
701,30.11,29.17
562,30.11,29.17
585,30.11,29.17
444,30.11,29.17
889,30.11,29.17
131,30.11,29.17
846,30.13,29.17
594,30.13,29.17
408,30.13,29.17
431,30.13,29.17
552,30.13,29.17
730,30.13,29.17
464,30.13,29.17
511,30.13,29.17
647,30.13,29.17
787,30.13,29.17
630,30.13,29.17
738,30.13,29.17
278,30.13,29.17
466,30.13,29.17
433,30.13,29.17
405,30.13,29.17
660,30.13,29.17
754,30.13,29.17
781,30.13,29.17
719,30.13,29.17
336,30.13,29.17
497,30.13,29.17
775,30.13,29.17
550,30.13,29.17
765,30.13,29.35
642,30.13,29.35
850,30.13,29.35
657,30.13,29.35
446,30.13,29.35
409,30.13,29.35
703,30.13,29.35
395,30.13,29.35
569,30.13,29.35
583,30.13,29.35
360,30.13,29.35
481,30.13,29.35
202,30.13,29.35
598,30.13,29.35
346,30.13,29.35
294,30.13,29.35
319,30.13,29.35
676,30.13,29.35
173,30.13,29.35
768,30.13,29.35
597,30.13,29.35
548,30.13,29.35
574,30.13,29.35
607,30.13,29.35
687,30.13,29.35
130,30.13,29.35
773,30.13,29.35
476,30.13,29.35
614,30.13,29.35
638,30.13,29.35
648,30.13,29.35
567,30.13,29.35
576,30.13,29.35
895,30.13,29.35
659,30.13,29.35
474,30.13,29.35
653,30.11,29.35
267,30.11,29.35
552,30.11,29.35
436,30.11,29.35
238,30.11,29.35
894,30.11,29.35
284,30.11,29.35
835,30.11,29.35
351,30.11,29.35
396,30.11,29.35
375,30.11,29.35
535,30.11,29.35
667,30.11,29.35
764,30.11,29.35
325,30.11,29.35
551,30.11,29.35
869,30.11,29.35
655,30.11,29.35
638,30.11,29.35
315,30.11,29.35
520,30.11,29.35
708,30.11,29.35
616,30.11,29.35
200,30.11,29.19
689,30.11,29.19
534,30.11,29.19
717,30.11,29.19
412,30.11,29.19
451,30.11,29.19
626,30.11,29.19
416,30.11,29.19
442,30.11,29.19
304,30.11,29.19
610,30.11,29.19
449,30.11,29.19
656,30.11,29.19
183,30.11,29.19
862,30.11,29.19
627,30.11,29.19
676,30.11,29.19
499,30.11,29.19
623,30.11,29.19
637,30.11,29.19
715,30.11,29.19
155,30.11,29.19
621,30.11,29.19
894,30.11,29.19
166,30.11,29.19
655,30.11,29.19
179,30.11,29.19
285,30.11,29.19
129,30.11,29.19
580,30.11,29.19
420,30.11,29.19
599,30.11,29.19
553,30.11,29.19
512,30.11,29.19
793,30.11,29.19
517,30.11,29.19
606,30.11,29.19
206,30.11,29.19
494,30.11,29.19
194,30.11,29.19
556,30.11,29.19
228,30.11,29.19
714,30.11,29.19
329,30.11,29.19
893,30.11,29.19
722,30.11,29.19
413,30.11,29.19
822,30.11,29.19
129,30.11,29.19
582,30.11,29.19
212,30.11,29.19
707,30.11,29.19
453,30.11,29.19
726,30.11,29.19
737,30.11,29.19
449,30.11,29.19
283,30.11,29.19
227,30.11,29.19
324,30.11,29.19
359,30.11,29.19
139,30.11,29.25
583,30.11,29.25
788,30.11,29.25
130,30.11,29.25
695,30.11,29.25
384,30.11,29.25
459,30.11,29.25
463,30.11,29.25
710,30.11,29.25
510,30.11,29.25
799,30.11,29.25
681,30.11,29.25
271,30.11,29.25
518,30.11,29.25
265,30.11,29.25
503,30.11,29.25
727,30.11,29.25
587,30.11,29.25
799,30.11,29.25
883,30.11,29.25
466,30.11,29.25
510,30.11,29.25
448,30.11,29.25
624,30.11,29.25
409,30.11,29.25
521,30.11,29.25
536,30.11,29.25
832,30.11,29.25
