591,30.31,29.55
654,30.31,29.55
476,30.31,29.55
386,30.31,29.55
837,30.31,29.45
512,30.31,29.45
882,30.31,29.45
296,30.31,29.45
384,30.31,29.45
354,30.31,29.45
315,30.31,29.45
410,30.31,29.45
405,30.31,29.45
873,30.31,29.45
516,30.31,29.45
594,30.31,29.45
280,30.31,29.45
428,30.31,29.45
876,30.31,29.45
773,30.31,29.45
358,30.31,29.45
595,30.31,29.45
211,30.31,29.45
262,30.31,29.45
627,30.31,29.45
440,30.31,29.45
456,30.31,29.45
277,30.31,29.45
892,30.31,29.45
384,30.31,29.45
752,30.31,29.45
493,30.31,29.45
230,30.31,29.45
463,30.31,29.45
693,30.31,29.45
561,30.31,29.45
696,30.31,29.45
564,30.31,29.45
374,30.31,29.45
896,30.31,29.45
386,30.33,29.45
761,30.33,29.45
575,30.33,29.45
714,30.33,29.45
258,30.33,29.45
698,30.33,29.45
330,30.33,29.45
769,30.33,29.45
510,30.33,29.45
598,30.33,29.45
486,30.33,29.45
633,30.33,29.45
649,30.33,29.45
246,30.33,29.45
678,30.33,29.45
140,30.33,29.45
304,30.33,29.45
436,30.33,29.45
433,30.33,29.45
227,30.33,29.45
892,30.33,29.45
132,30.33,29.45
524,30.33,29.45
519,30.33,29.69
359,30.33,29.69
381,30.33,29.69
561,30.33,29.69
563,30.33,29.69
283,30.33,29.69
460,30.33,29.69
507,30.33,29.69
533,30.33,29.69
534,30.33,29.69
596,30.33,29.69
293,30.33,29.69
669,30.33,29.69
318,30.33,29.69
288,30.33,29.69
694,30.33,29.69
617,30.33,29.69
764,30.33,29.69
435,30.33,29.69
530,30.33,29.69
458,30.33,29.69
322,30.33,29.69
255,30.33,29.69
485,30.33,29.69
131,30.33,29.69
149,30.33,29.69
354,30.33,29.69
135,30.33,29.69
279,30.33,29.69
131,30.33,29.69
659,30.33,29.69
365,30.33,29.69
678,30.33,29.69
737,30.33,29.69
660,30.33,29.69
224,30.33,29.69
571,30.33,29.69
415,30.33,29.69
761,30.33,29.69
411,30.33,29.69
737,30.33,29.69
238,30.33,29.69
397,30.33,29.69
620,30.33,29.69
134,30.33,29.69
861,30.33,29.69
363,30.33,29.69
719,30.33,29.69
708,30.33,29.69
594,30.33,29.69
600,30.33,29.69
382,30.33,29.69
157,30.33,29.69
551,30.33,29.69
369,30.33,29.69
550,30.33,29.69
446,30.33,29.69
679,30.33,29.69
130,30.33,29.69
130,30.33,29.69
271,30.33,29.63
131,30.33,29.63
541,30.33,29.63
391,30.33,29.63
572,30.33,29.63
253,30.33,29.63
643,30.33,29.63
422,30.33,29.63
492,30.33,29.63
547,30.33,29.63
696,30.33,29.63
628,30.33,29.63
385,30.33,29.63
547,30.33,29.63
661,30.33,29.63
334,30.33,29.63
479,30.33,29.63
721,30.33,29.63
492,30.33,29.63
674,30.33,29.63
370,30.33,29.63
500,30.33,29.63
892,30.33,29.63
583,30.33,29.63
668,30.33,29.63
408,30.33,29.63
133,30.33,29.63
495,30.33,29.63
667,30.33,29.63
344,30.33,29.63
411,30.33,29.63
764,30.33,29.63
371,30.33,29.63
406,30.33,29.63
439,30.33,29.63
627,30.33,29.63
382,30.35,29.63
566,30.35,29.63
432,30.35,29.63
249,30.35,29.63
482,30.35,29.63
551,30.35,29.63
430,30.35,29.63
707,30.35,29.63
131,30.35,29.63
306,30.35,29.63
311,30.35,29.63
521,30.35,29.63
456,30.35,29.63
272,30.35,29.63
540,30.35,29.63
892,30.35,29.63
502,30.35,29.63
348,30.35,29.63
545,30.35,29.63
572,30.35,29.63
416,30.35,29.63
822,30.35,29.63
631,30.35,29.63
762,30.35,29.63
740,30.35,29.57
497,30.35,29.57
642,30.35,29.57
361,30.35,29.57
393,30.35,29.57
336,30.35,29.57
387,30.35,29.57
660,30.35,29.57
733,30.35,29.57
474,30.35,29.57
687,30.35,29.57
128,30.35,29.57
619,30.35,29.57
453,30.35,29.57
395,30.35,29.57
630,30.35,29.57
546,30.35,29.57
349,30.35,29.57
224,30.35,29.57
549,30.35,29.57
487,30.35,29.57
894,30.35,29.57
411,30.35,29.57
678,30.35,29.57
128,30.35,29.57
401,30.35,29.57
271,30.35,29.57
429,30.35,29.57
342,30.35,29.57
262,30.35,29.57
605,30.35,29.57
179,30.35,29.57
617,30.35,29.57
514,30.35,29.57
713,30.35,29.57
562,30.35,29.57
611,30.35,29.57
253,30.35,29.57
774,30.35,29.57
128,30.35,29.57
683,30.35,29.57
371,30.35,29.57
461,30.35,29.57
893,30.35,29.57
188,30.35,29.57
788,30.35,29.57
354,30.35,29.57
386,30.35,29.57
480,30.35,29.57
678,30.35,29.57
701,30.35,29.57
452,30.35,29.57
246,30.35,29.57
819,30.35,29.57
247,30.35,29.57
693,30.35,29.57
321,30.35,29.57
480,30.35,29.57
701,30.35,29.57
333,30.35,29.55
643,30.35,29.55
204,30.35,29.55
784,30.35,29.55
263,30.35,29.55
515,30.35,29.55
734,30.35,29.55
757,30.35,29.55
513,30.35,29.55
619,30.35,29.55
403,30.35,29.55
424,30.35,29.55
630,30.35,29.55
665,30.35,29.55
462,30.35,29.55
368,30.35,29.55
892,30.35,29.55
367,30.35,29.55
623,30.35,29.55
131,30.35,29.55
577,30.35,29.55
517,30.35,29.55
680,30.35,29.55
675,30.35,29.55
633,30.35,29.55
568,30.35,29.55
292,30.35,29.55
653,30.35,29.55
129,30.35,29.55
713,30.35,29.55
146,30.35,29.55
403,30.35,29.55
783,30.35,29.55
632,30.35,29.55
772,30.35,29.55
331,30.35,29.55
432,30.35,29.55
672,30.33,29.55
448,30.33,29.55
367,30.33,29.55
895,30.33,29.55
172,30.33,29.55
742,30.33,29.55
237,30.33,29.55
504,30.33,29.55
211,30.33,29.55
502,30.33,29.55
503,30.33,29.55
419,30.33,29.55
550,30.33,29.55
382,30.33,29.55
477,30.33,29.55
229,30.33,29.55
770,30.33,29.55
147,30.33,29.55
740,30.33,29.55
456,30.33,29.55
564,30.33,29.55
549,30.33,29.55
547,30.33,29.55
249,30.33,29.75
831,30.33,29.75
401,30.33,29.75
437,30.33,29.75
756,30.33,29.75
497,30.33,29.75
799,30.33,29.75
476,30.33,29.75
471,30.33,29.75
145,30.33,29.75
616,30.33,29.75
398,30.33,29.75
581,30.33,29.75
365,30.33,29.75
312,30.33,29.75
264,30.33,29.75
789,30.33,29.75
128,30.33,29.75
603,30.33,29.75
280,30.33,29.75
318,30.33,29.75
649,30.33,29.75
707,30.33,29.75
761,30.33,29.75
427,30.33,29.75
849,30.33,29.75
595,30.33,29.75
569,30.33,29.75
610,30.33,29.75
866,30.33,29.75
355,30.33,29.75
540,30.33,29.75
418,30.33,29.75
459,30.33,29.75
473,30.33,29.75
193,30.33,29.75
632,30.33,29.75
464,30.33,29.75
499,30.33,29.75
632,30.33,29.75
825,30.33,29.75
492,30.33,29.75
395,30.33,29.75
191,30.33,29.75
890,30.33,29.75
219,30.33,29.75
610,30.33,29.75
691,30.33,29.75
195,30.33,29.75
787,30.33,29.75
224,30.33,29.75
806,30.33,29.75
333,30.33,29.75
681,30.33,29.75
684,30.33,29.75
696,30.33,29.75
713,30.33,29.75
469,30.33,29.75
592,30.33,29.75
592,30.33,29.75
130,30.33,29.55
234,30.33,29.55
687,30.33,29.55
610,30.33,29.55
776,30.33,29.55
396,30.33,29.55
602,30.33,29.55
304,30.33,29.55
738,30.33,29.55
256,30.33,29.55
347,30.33,29.55
425,30.33,29.55
132,30.33,29.55
337,30.33,29.55
696,30.33,29.55
755,30.33,29.55
318,30.33,29.55
750,30.33,29.55
244,30.33,29.55
290,30.33,29.55
445,30.33,29.55
130,30.33,29.55
895,30.33,29.55
576,30.33,29.55
321,30.33,29.55
812,30.33,29.55
174,30.33,29.55
821,30.33,29.55
770,30.33,29.55
691,30.33,29.55
723,30.33,29.55
741,30.33,29.55
772,30.33,29.55
647,30.33,29.55
381,30.33,29.55
673,30.33,29.55
497,30.33,29.55
636,30.33,29.55
652,30.33,29.55
263,30.33,29.55
590,30.33,29.55
319,30.33,29.55
678,30.33,29.55
413,30.33,29.55
889,30.33,29.55
675,30.33,29.55
712,30.33,29.55
894,30.33,29.55
318,30.33,29.55
607,30.33,29.55
526,30.33,29.55
453,30.33,29.55
652,30.33,29.55
263,30.33,29.55
461,30.33,29.55
683,30.33,29.55
