697,30.39,29.49
393,30.39,29.49
714,30.39,29.49
438,30.39,29.49
132,30.39,29.49
457,30.39,29.49
210,30.39,29.49
628,30.39,29.49
631,30.39,29.49
596,30.39,29.49
449,30.39,29.49
239,30.39,29.49
541,30.39,29.49
406,30.39,29.49
188,30.39,29.49
373,30.39,29.49
509,30.39,29.49
615,30.39,29.49
625,30.39,29.49
626,30.39,29.49
749,30.39,29.49
541,30.39,29.49
629,30.39,29.49
151,30.39,29.49
297,30.39,29.49
431,30.39,29.49
558,30.35,29.49
558,30.35,29.49
792,30.35,29.49
816,30.35,29.49
373,30.35,29.49
579,30.35,29.49
685,30.35,29.49
743,30.35,29.49
399,30.35,29.49
670,30.35,29.49
496,30.35,29.49
353,30.35,29.49
233,30.35,29.49
343,30.35,29.49
625,30.35,29.49
368,30.35,29.49
327,30.35,29.49
788,30.35,29.49
702,30.35,29.49
846,30.35,29.49
719,30.35,29.49
423,30.35,29.49
825,30.35,29.49
351,30.35,29.49
396,30.35,29.55
261,30.35,29.55
354,30.35,29.55
674,30.35,29.55
439,30.35,29.55
692,30.35,29.55
409,30.35,29.55
370,30.35,29.55
433,30.35,29.55
386,30.35,29.55
567,30.35,29.55
692,30.35,29.55
876,30.35,29.55
738,30.35,29.55
242,30.35,29.55
450,30.35,29.55
217,30.35,29.55
641,30.35,29.55
628,30.35,29.55
366,30.35,29.55
741,30.35,29.55
354,30.35,29.55
729,30.35,29.55
484,30.35,29.55
132,30.35,29.55
322,30.35,29.55
705,30.35,29.55
396,30.35,29.55
649,30.35,29.55
448,30.35,29.55
542,30.35,29.55
743,30.35,29.55
599,30.35,29.55
806,30.35,29.55
406,30.35,29.55
294,30.35,29.55
315,30.41,29.55
636,30.41,29.55
570,30.41,29.55
419,30.41,29.55
400,30.41,29.55
513,30.41,29.55
420,30.41,29.55
790,30.41,29.55
214,30.41,29.55
378,30.41,29.55
568,30.41,29.55
436,30.41,29.55
445,30.41,29.55
300,30.41,29.55
887,30.41,29.55
749,30.41,29.55
477,30.41,29.55
537,30.41,29.55
790,30.41,29.55
249,30.41,29.55
600,30.41,29.55
600,30.41,29.55
467,30.41,29.55
304,30.41,29.55
645,30.41,29.69
468,30.41,29.69
558,30.41,29.69
655,30.41,29.69
133,30.41,29.69
742,30.41,29.69
135,30.41,29.69
891,30.41,29.69
544,30.41,29.69
476,30.41,29.69
351,30.41,29.69
135,30.41,29.69
560,30.41,29.69
156,30.41,29.69
563,30.41,29.69
589,30.41,29.69
259,30.41,29.69
698,30.41,29.69
786,30.41,29.69
202,30.41,29.69
457,30.41,29.69
527,30.41,29.69
571,30.41,29.69
130,30.41,29.69
770,30.41,29.69
490,30.41,29.69
505,30.41,29.69
400,30.41,29.69
243,30.41,29.69
846,30.41,29.69
135,30.41,29.69
893,30.41,29.69
460,30.41,29.69
188,30.41,29.69
313,30.41,29.69
517,30.41,29.69
201,30.35,29.69
892,30.35,29.69
633,30.35,29.69
562,30.35,29.69
308,30.35,29.69
378,30.35,29.69
643,30.35,29.69
472,30.35,29.69
654,30.35,29.69
782,30.35,29.69
442,30.35,29.69
402,30.35,29.69
861,30.35,29.69
487,30.35,29.69
894,30.35,29.69
240,30.35,29.69
408,30.35,29.69
591,30.35,29.69
447,30.35,29.69
593,30.35,29.69
335,30.35,29.69
579,30.35,29.69
528,30.35,29.69
751,30.35,29.63
620,30.35,29.63
827,30.35,29.63
479,30.35,29.63
569,30.35,29.63
473,30.35,29.63
423,30.35,29.63
475,30.35,29.63
255,30.35,29.63
656,30.35,29.63
409,30.35,29.63
716,30.35,29.63
631,30.35,29.63
865,30.35,29.63
171,30.35,29.63
738,30.35,29.63
161,30.35,29.63
503,30.35,29.63
458,30.35,29.63
475,30.35,29.63
720,30.35,29.63
129,30.35,29.63
716,30.35,29.63
432,30.35,29.63
261,30.35,29.63
518,30.35,29.63
383,30.35,29.63
130,30.35,29.63
698,30.35,29.63
247,30.35,29.63
894,30.35,29.63
197,30.35,29.63
894,30.35,29.63
396,30.35,29.63
487,30.35,29.63
607,30.35,29.63
512,30.35,29.63
701,30.35,29.63
325,30.35,29.63
691,30.35,29.63
493,30.35,29.63
772,30.35,29.63
618,30.35,29.63
700,30.35,29.63
413,30.35,29.63
129,30.35,29.63
128,30.35,29.63
507,30.35,29.63
152,30.35,29.63
550,30.35,29.63
831,30.35,29.63
218,30.35,29.63
654,30.35,29.63
451,30.35,29.63
511,30.35,29.63
352,30.35,29.63
590,30.35,29.63
454,30.35,29.63
860,30.35,29.63
191,30.35,29.63
790,30.35,29.51
740,30.35,29.51
722,30.35,29.51
691,30.35,29.51
668,30.35,29.51
450,30.35,29.51
769,30.35,29.51
699,30.35,29.51
689,30.35,29.51
617,30.35,29.51
355,30.35,29.51
701,30.35,29.51
297,30.35,29.51
587,30.35,29.51
463,30.35,29.51
530,30.35,29.51
480,30.35,29.51
597,30.35,29.51
418,30.35,29.51
393,30.35,29.51
754,30.35,29.51
378,30.35,29.51
894,30.35,29.51
296,30.35,29.51
547,30.35,29.51
617,30.35,29.51
460,30.35,29.51
440,30.35,29.51
811,30.35,29.51
410,30.35,29.51
866,30.35,29.51
617,30.35,29.51
350,30.35,29.51
543,30.35,29.51
144,30.35,29.51
277,30.35,29.51
128,30.33,29.51
476,30.33,29.51
134,30.33,29.51
859,30.33,29.51
504,30.33,29.51
321,30.33,29.51
730,30.33,29.51
573,30.33,29.51
703,30.33,29.51
763,30.33,29.51
489,30.33,29.51
727,30.33,29.51
282,30.33,29.51
665,30.33,29.51
810,30.33,29.51
134,30.33,29.51
672,30.33,29.51
458,30.33,29.51
592,30.33,29.51
463,30.33,29.51
262,30.33,29.51
583,30.33,29.51
416,30.33,29.51
799,30.33,29.51
384,30.33,29.49
477,30.33,29.49
473,30.33,29.49
546,30.33,29.49
194,30.33,29.49
170,30.33,29.49
618,30.33,29.49
245,30.33,29.49
276,30.33,29.49
368,30.33,29.49
320,30.33,29.49
342,30.33,29.49
484,30.33,29.49
692,30.33,29.49
288,30.33,29.49
335,30.33,29.49
516,30.33,29.49
546,30.33,29.49
757,30.33,29.49
363,30.33,29.49
652,30.33,29.49
495,30.33,29.49
403,30.33,29.49
808,30.33,29.49
565,30.33,29.49
710,30.33,29.49
387,30.33,29.49
442,30.33,29.49
464,30.33,29.49
248,30.33,29.49
710,30.33,29.49
460,30.33,29.49
774,30.33,29.49
396,30.33,29.49
272,30.33,29.49
825,30.33,29.49
172,30.39,29.49
777,30.39,29.49
391,30.39,29.49
352,30.39,29.49
479,30.39,29.49
315,30.39,29.49
615,30.39,29.49
130,30.39,29.49
409,30.39,29.49
517,30.39,29.49
385,30.39,29.49
143,30.39,29.49
336,30.39,29.49
893,30.39,29.49
580,30.39,29.49
533,30.39,29.49
719,30.39,29.49
472,30.39,29.49
840,30.39,29.49
215,30.39,29.49
639,30.39,29.49
128,30.39,29.49
193,30.39,29.49
216,30.39,29.69
128,30.39,29.69
555,30.39,29.69
736,30.39,29.69
710,30.39,29.69
391,30.39,29.69
620,30.39,29.69
875,30.39,29.69
278,30.39,29.69
894,30.39,29.69
132,30.39,29.69
546,30.39,29.69
795,30.39,29.69
128,30.39,29.69
766,30.39,29.69
286,30.39,29.69
473,30.39,29.69
629,30.39,29.69
398,30.39,29.69
894,30.39,29.69
474,30.39,29.69
290,30.39,29.69
492,30.39,29.69
186,30.39,29.69
525,30.39,29.69
468,30.39,29.69
686,30.39,29.69
763,30.39,29.69
260,30.39,29.69
737,30.39,29.69
222,30.39,29.69
757,30.39,29.69
401,30.39,29.69
289,30.39,29.69
216,30.39,29.69
486,30.39,29.69
875,30.35,29.69
151,30.35,29.69
433,30.35,29.69
557,30.35,29.69
684,30.35,29.69
272,30.35,29.69
616,30.35,29.69
826,30.35,29.69
457,30.35,29.69
794,30.35,29.69
484,30.35,29.69
609,30.35,29.69
683,30.35,29.69
589,30.35,29.69
700,30.35,29.69
151,30.35,29.69
132,30.35,29.69
551,30.35,29.69
368,30.35,29.69
580,30.35,29.69
129,30.35,29.69
692,30.35,29.69
381,30.35,29.69
691,30.35,29.69
618,30.35,29.63
237,30.35,29.63
894,30.35,29.63
253,30.35,29.63
798,30.35,29.63
541,30.35,29.63
293,30.35,29.63
567,30.35,29.63
623,30.35,29.63
713,30.35,29.63
892,30.35,29.63
