601,30.33,29.63
874,30.33,29.63
447,30.33,29.63
395,30.33,29.63
189,30.33,29.63
518,30.33,29.63
662,30.33,29.63
552,30.33,29.63
510,30.33,29.63
595,30.33,29.63
327,30.33,29.63
154,30.33,29.63
589,30.33,29.63
448,30.33,29.63
283,30.33,29.63
590,30.33,29.63
530,30.33,29.63
389,30.33,29.63
871,30.33,29.63
473,30.33,29.63
888,30.33,29.63
406,30.33,29.63
328,30.33,29.63
476,30.33,29.63
392,30.33,29.63
152,30.33,29.63
716,30.33,29.63
528,30.33,29.63
765,30.33,29.63
733,30.33,29.63
485,30.33,29.63
646,30.33,29.63
576,30.33,29.63
677,30.33,29.63
214,30.33,29.63
524,30.33,29.63
531,30.33,29.63
547,30.33,29.63
409,30.33,29.63
584,30.33,29.63
525,30.33,29.63
401,30.33,29.63
892,30.33,29.63
801,30.33,29.63
206,30.33,29.63
575,30.33,29.63
259,30.33,29.63
131,30.33,29.63
687,30.33,29.63
204,30.33,29.63
665,30.33,29.63
481,30.35,29.63
551,30.35,29.63
328,30.35,29.63
206,30.35,29.63
252,30.35,29.63
482,30.35,29.63
818,30.35,29.63
590,30.35,29.63
662,30.35,29.63
433,30.35,29.63
678,30.35,29.63
608,30.35,29.63
600,30.35,29.63
301,30.35,29.63
689,30.35,29.63
642,30.35,29.63
756,30.35,29.63
786,30.35,29.63
338,30.35,29.63
728,30.35,29.63
137,30.35,29.63
690,30.35,29.63
264,30.35,29.63
613,30.35,29.63
212,30.35,29.57
522,30.35,29.57
134,30.35,29.57
133,30.35,29.57
637,30.35,29.57
410,30.35,29.57
719,30.35,29.57
597,30.35,29.57
383,30.35,29.57
241,30.35,29.57
833,30.35,29.57
396,30.35,29.57
828,30.35,29.57
457,30.35,29.57
851,30.35,29.57
370,30.35,29.57
490,30.35,29.57
509,30.35,29.57
631,30.35,29.57
128,30.35,29.57
255,30.35,29.57
571,30.35,29.57
129,30.35,29.57
765,30.35,29.57
238,30.35,29.57
854,30.35,29.57
826,30.35,29.57
737,30.35,29.57
764,30.35,29.57
533,30.35,29.57
382,30.35,29.57
322,30.35,29.57
138,30.35,29.57
328,30.35,29.57
377,30.35,29.57
487,30.35,29.57
267,30.31,29.57
479,30.31,29.57
751,30.31,29.57
128,30.31,29.57
894,30.31,29.57
299,30.31,29.57
796,30.31,29.57
399,30.31,29.57
521,30.31,29.57
701,30.31,29.57
569,30.31,29.57
691,30.31,29.57
729,30.31,29.57
546,30.31,29.57
758,30.31,29.57
452,30.31,29.57
594,30.31,29.57
552,30.31,29.57
165,30.31,29.57
806,30.31,29.57
285,30.31,29.57
577,30.31,29.57
442,30.31,29.57
651,30.31,29.29
535,30.31,29.29
484,30.31,29.29
756,30.31,29.29
552,30.31,29.29
189,30.31,29.29
128,30.31,29.29
569,30.31,29.29
129,30.31,29.29
309,30.31,29.29
776,30.31,29.29
852,30.31,29.29
537,30.31,29.29
518,30.31,29.29
584,30.31,29.29
518,30.31,29.29
235,30.31,29.29
855,30.31,29.29
727,30.31,29.29
135,30.31,29.29
661,30.31,29.29
338,30.31,29.29
895,30.31,29.29
327,30.31,29.29
846,30.31,29.29
469,30.31,29.29
228,30.31,29.29
502,30.31,29.29
660,30.31,29.29
418,30.31,29.29
636,30.31,29.29
498,30.31,29.29
275,30.31,29.29
299,30.31,29.29
366,30.31,29.29
541,30.31,29.29
322,30.31,29.29
617,30.35,29.29
512,30.35,29.29
739,30.35,29.29
458,30.35,29.29
624,30.35,29.29
520,30.35,29.29
215,30.35,29.29
485,30.35,29.29
376,30.35,29.29
585,30.35,29.29
746,30.35,29.29
583,30.35,29.29
374,30.35,29.29
856,30.35,29.29
487,30.35,29.29
581,30.35,29.29
815,30.35,29.29
646,30.35,29.29
802,30.35,29.29
313,30.35,29.29
289,30.35,29.29
690,30.35,29.29
161,30.35,29.29
735,30.35,29.51
433,30.35,29.51
141,30.35,29.51
889,30.35,29.51
212,30.35,29.51
607,30.35,29.51
192,30.35,29.51
444,30.35,29.51
676,30.35,29.51
320,30.35,29.51
583,30.35,29.51
439,30.35,29.51
703,30.35,29.51
592,30.35,29.51
426,30.35,29.51
681,30.35,29.51
133,30.35,29.51
719,30.35,29.51
423,30.35,29.51
128,30.35,29.51
457,30.35,29.51
218,30.35,29.51
467,30.35,29.51
273,30.35,29.51
818,30.35,29.51
416,30.35,29.51
607,30.35,29.51
649,30.35,29.51
316,30.35,29.51
688,30.35,29.51
516,30.35,29.51
556,30.35,29.51
327,30.35,29.51
620,30.35,29.51
714,30.35,29.51
129,30.35,29.51
278,30.31,29.51
682,30.31,29.51
402,30.31,29.51
766,30.31,29.51
243,30.31,29.51
861,30.31,29.51
417,30.31,29.51
391,30.31,29.51
777,30.31,29.51
329,30.31,29.51
475,30.31,29.51
461,30.31,29.51
450,30.31,29.51
595,30.31,29.51
705,30.31,29.51
829,30.31,29.51
129,30.31,29.51
135,30.31,29.51
776,30.31,29.51
303,30.31,29.51
232,30.31,29.51
218,30.31,29.51
668,30.31,29.51
385,30.31,29.51
486,30.31,29.49
453,30.31,29.49
657,30.31,29.49
472,30.31,29.49
436,30.31,29.49
692,30.31,29.49
295,30.31,29.49
502,30.31,29.49
359,30.31,29.49
411,30.31,29.49
711,30.31,29.49
637,30.31,29.49
222,30.31,29.49
559,30.31,29.49
254,30.31,29.49
568,30.31,29.49
376,30.31,29.49
514,30.31,29.49
355,30.31,29.49
523,30.31,29.49
597,30.31,29.49
211,30.31,29.49
787,30.31,29.49
401,30.31,29.49
836,30.31,29.49
320,30.31,29.49
306,30.31,29.49
671,30.31,29.49
132,30.31,29.49
719,30.31,29.49
478,30.31,29.49
161,30.31,29.49
391,30.31,29.49
525,30.31,29.49
838,30.31,29.49
801,30.31,29.49
303,30.33,29.49
716,30.33,29.49
262,30.33,29.49
555,30.33,29.49
452,30.33,29.49
406,30.33,29.49
371,30.33,29.49
643,30.33,29.49
893,30.33,29.49
253,30.33,29.49
663,30.33,29.49
265,30.33,29.49
830,30.33,29.49
449,30.33,29.49
668,30.33,29.49
519,30.33,29.49
765,30.33,29.49
541,30.33,29.49
534,30.33,29.49
342,30.33,29.49
402,30.33,29.49
180,30.33,29.49
692,30.33,29.49
649,30.33,29.71
475,30.33,29.71
822,30.33,29.71
513,30.33,29.71
826,30.33,29.71
128,30.33,29.71
606,30.33,29.71
625,30.33,29.71
705,30.33,29.71
459,30.33,29.71
495,30.33,29.71
701,30.33,29.71
382,30.33,29.71
563,30.33,29.71
368,30.33,29.71
337,30.33,29.71
513,30.33,29.71
692,30.33,29.71
436,30.33,29.71
501,30.33,29.71
133,30.33,29.71
532,30.33,29.71
486,30.33,29.71
620,30.33,29.71
611,30.33,29.71
478,30.33,29.71
473,30.33,29.71
456,30.33,29.71
833,30.33,29.71
463,30.33,29.71
541,30.33,29.71
211,30.33,29.71
750,30.33,29.71
327,30.33,29.71
751,30.33,29.71
756,30.33,29.71
856,30.33,29.71
895,30.33,29.71
624,30.33,29.71
426,30.33,29.71
518,30.33,29.71
519,30.33,29.71
393,30.33,29.71
893,30.33,29.71
131,30.33,29.71
816,30.33,29.71
322,30.33,29.71
735,30.33,29.71
214,30.33,29.71
747,30.33,29.71
411,30.33,29.71
332,30.33,29.71
805,30.33,29.71
221,30.33,29.71
677,30.33,29.71
173,30.33,29.71
454,30.33,29.71
247,30.33,29.71
456,30.33,29.71
440,30.33,29.71
710,30.33,29.51
497,30.33,29.51
702,30.33,29.51
155,30.33,29.51
272,30.33,29.51
386,30.33,29.51
346,30.33,29.51
894,30.33,29.51
373,30.33,29.51
822,30.33,29.51
419,30.33,29.51
893,30.33,29.51
219,30.33,29.51
607,30.33,29.51
343,30.33,29.51
579,30.33,29.51
460,30.33,29.51
442,30.33,29.51
658,30.33,29.51
319,30.33,29.51
470,30.33,29.51
358,30.33,29.51
132,30.33,29.51
172,30.33,29.51
344,30.33,29.51
128,30.33,29.51
702,30.33,29.51
129,30.33,29.51
750,30.33,29.51
179,30.33,29.51
128,30.33,29.51
826,30.33,29.51
530,30.33,29.51
333,30.33,29.51
772,30.33,29.51
422,30.33,29.51
598,30.33,29.51
480,30.33,29.51
169,30.33,29.51
650,30.33,29.51
564,30.33,29.51
894,30.33,29.51
741,30.33,29.51
608,30.33,29.51
866,30.33,29.51
859,30.33,29.51
