565,30.41,29.59
457,30.41,29.59
440,30.41,29.59
180,30.41,29.59
590,30.41,29.59
300,30.41,29.59
620,30.41,29.59
225,30.41,29.59
727,30.41,29.59
341,30.41,29.59
603,30.41,29.59
131,30.41,29.59
548,30.41,29.59
533,30.41,29.59
579,30.41,29.59
766,30.41,29.59
630,30.41,29.59
436,30.41,29.59
527,30.41,29.59
230,30.41,29.59
635,30.41,29.59
311,30.41,29.59
385,30.41,29.59
669,30.41,29.59
564,30.41,29.59
477,30.41,29.59
458,30.41,29.59
781,30.41,29.59
576,30.41,29.59
366,30.41,29.59
591,30.41,29.59
507,30.41,29.59
558,30.41,29.59
569,30.41,29.59
745,30.41,29.59
608,30.41,29.59
416,30.41,29.59
247,30.41,29.59
458,30.41,29.59
413,30.41,29.59
715,30.41,29.59
527,30.41,29.59
467,30.41,29.59
338,30.41,29.59
377,30.41,29.59
740,30.41,29.59
525,30.41,29.59
608,30.41,29.59
724,30.41,29.59
708,30.41,29.59
150,30.41,29.59
832,30.41,29.59
534,30.41,29.59
695,30.41,29.59
299,30.41,29.59
308,30.41,29.59
881,30.41,29.59
399,30.41,29.59
373,30.41,29.55
429,30.41,29.55
861,30.41,29.55
185,30.41,29.55
377,30.41,29.55
257,30.41,29.55
795,30.41,29.55
679,30.41,29.55
457,30.41,29.55
505,30.41,29.55
498,30.41,29.55
231,30.41,29.55
348,30.41,29.55
467,30.41,29.55
233,30.41,29.55
876,30.41,29.55
310,30.41,29.55
623,30.41,29.55
130,30.41,29.55
129,30.41,29.55
252,30.41,29.55
263,30.41,29.55
224,30.41,29.55
642,30.41,29.55
770,30.41,29.55
444,30.41,29.55
318,30.41,29.55
387,30.41,29.55
726,30.41,29.55
472,30.41,29.55
504,30.41,29.55
709,30.41,29.55
435,30.41,29.55
199,30.41,29.55
501,30.41,29.55
239,30.41,29.55
466,30.41,29.55
178,30.41,29.55
349,30.41,29.55
449,30.41,29.55
443,30.41,29.55
655,30.41,29.55
314,30.41,29.55
835,30.41,29.55
511,30.41,29.55
476,30.41,29.55
756,30.41,29.55
376,30.41,29.55
795,30.41,29.55
838,30.41,29.55
452,30.41,29.55
894,30.41,29.55
295,30.41,29.55
894,30.41,29.55
827,30.41,29.55
388,30.41,29.55
660,30.41,29.55
695,30.41,29.55
733,30.41,29.55
260,30.41,29.51
830,30.41,29.51
506,30.41,29.51
666,30.41,29.51
446,30.41,29.51
129,30.41,29.51
458,30.41,29.51
652,30.41,29.51
455,30.41,29.51
489,30.41,29.51
668,30.41,29.51
890,30.41,29.51
573,30.41,29.51
505,30.41,29.51
827,30.41,29.51
135,30.41,29.51
727,30.41,29.51
452,30.41,29.51
785,30.41,29.51
858,30.41,29.51
475,30.41,29.51
679,30.41,29.51
347,30.41,29.51
615,30.41,29.51
595,30.41,29.51
380,30.41,29.51
258,30.41,29.51
306,30.41,29.51
517,30.41,29.51
623,30.41,29.51
464,30.41,29.51
262,30.41,29.51
436,30.41,29.51
654,30.41,29.51
337,30.41,29.51
635,30.41,29.51
338,30.43,29.51
576,30.43,29.51
420,30.43,29.51
323,30.43,29.51
807,30.43,29.51
399,30.43,29.51
509,30.43,29.51
524,30.43,29.51
488,30.43,29.51
286,30.43,29.51
413,30.43,29.51
374,30.43,29.51
526,30.43,29.51
643,30.43,29.51
288,30.43,29.51
581,30.43,29.51
856,30.43,29.51
129,30.43,29.51
862,30.43,29.51
130,30.43,29.51
632,30.43,29.51
430,30.43,29.51
227,30.43,29.51
587,30.43,29.51
477,30.43,29.45
722,30.43,29.45
757,30.43,29.45
474,30.43,29.45
585,30.43,29.45
595,30.43,29.45
364,30.43,29.45
894,30.43,29.45
618,30.43,29.45
762,30.43,29.45
495,30.43,29.45
517,30.43,29.45
696,30.43,29.45
484,30.43,29.45
596,30.43,29.45
410,30.43,29.45
512,30.43,29.45
269,30.43,29.45
648,30.43,29.45
319,30.43,29.45
386,30.43,29.45
227,30.43,29.45
348,30.43,29.45
407,30.43,29.45
381,30.43,29.45
663,30.43,29.45
568,30.43,29.45
369,30.43,29.45
765,30.43,29.45
311,30.43,29.45
494,30.43,29.45
256,30.43,29.45
533,30.43,29.45
569,30.43,29.45
455,30.43,29.45
779,30.43,29.45
386,30.39,29.45
851,30.39,29.45
570,30.39,29.45
302,30.39,29.45
816,30.39,29.45
529,30.39,29.45
872,30.39,29.45
470,30.39,29.45
549,30.39,29.45
375,30.39,29.45
536,30.39,29.45
251,30.39,29.45
290,30.39,29.45
593,30.39,29.45
523,30.39,29.45
469,30.39,29.45
274,30.39,29.45
258,30.39,29.45
408,30.39,29.45
567,30.39,29.45
748,30.39,29.45
506,30.39,29.45
587,30.39,29.45
757,30.39,29.45
271,30.39,29.59
893,30.39,29.59
527,30.39,29.59
639,30.39,29.59
352,30.39,29.59
565,30.39,29.59
794,30.39,29.59
342,30.39,29.59
384,30.39,29.59
307,30.39,29.59
599,30.39,29.59
376,30.39,29.59
361,30.39,29.59
505,30.39,29.59
893,30.39,29.59
387,30.39,29.59
643,30.39,29.59
454,30.39,29.59
662,30.39,29.59
144,30.39,29.59
611,30.39,29.59
599,30.39,29.59
367,30.39,29.59
894,30.39,29.59
717,30.39,29.59
477,30.39,29.59
127,30.39,29.59
601,30.39,29.59
137,30.39,29.59
498,30.39,29.59
242,30.39,29.59
699,30.39,29.59
452,30.39,29.59
360,30.39,29.59
528,30.39,29.59
520,30.39,29.59
236,30.39,29.59
554,30.39,29.59
380,30.39,29.59
356,30.39,29.59
781,30.39,29.59
300,30.39,29.59
825,30.39,29.59
275,30.39,29.59
513,30.39,29.59
359,30.39,29.59
270,30.39,29.59
692,30.39,29.59
440,30.39,29.59
615,30.39,29.59
314,30.39,29.59
502,30.39,29.59
533,30.39,29.59
700,30.39,29.59
479,30.39,29.59
616,30.39,29.59
200,30.39,29.59
575,30.39,29.59
130,30.39,29.59
543,30.39,29.45
252,30.39,29.45
319,30.39,29.45
713,30.39,29.45
605,30.39,29.45
839,30.39,29.45
510,30.39,29.45
625,30.39,29.45
740,30.39,29.45
470,30.39,29.45
378,30.39,29.45
357,30.39,29.45
127,30.39,29.45
493,30.39,29.45
850,30.39,29.45
541,30.39,29.45
582,30.39,29.45
282,30.39,29.45
649,30.39,29.45
284,30.39,29.45
573,30.39,29.45
261,30.39,29.45
128,30.39,29.45
620,30.39,29.45
538,30.39,29.45
395,30.39,29.45
894,30.39,29.45
348,30.39,29.45
679,30.39,29.45
282,30.39,29.45
589,30.39,29.45
508,30.39,29.45
164,30.39,29.45
895,30.39,29.45
156,30.39,29.45
327,30.39,29.45
553,30.39,29.45
142,30.43,29.45
442,30.43,29.45
658,30.43,29.45
147,30.43,29.45
599,30.43,29.45
814,30.43,29.45
782,30.43,29.45
643,30.43,29.45
294,30.43,29.45
649,30.43,29.45
300,30.43,29.45
769,30.43,29.45
131,30.43,29.45
808,30.43,29.45
510,30.43,29.45
652,30.43,29.45
539,30.43,29.45
421,30.43,29.45
824,30.43,29.45
577,30.43,29.45
647,30.43,29.45
401,30.43,29.45
697,30.43,29.45
276,30.43,29.49
643,30.43,29.49
384,30.43,29.49
676,30.43,29.49
129,30.43,29.49
742,30.43,29.49
458,30.43,29.49
727,30.43,29.49
470,30.43,29.49
881,30.43,29.49
321,30.43,29.49
260,30.43,29.49
615,30.43,29.49
219,30.43,29.49
798,30.43,29.49
453,30.43,29.49
661,30.43,29.49
404,30.43,29.49
411,30.43,29.49
332,30.43,29.49
523,30.43,29.49
318,30.43,29.49
432,30.43,29.49
756,30.43,29.49
811,30.43,29.49
825,30.43,29.49
868,30.43,29.49
134,30.43,29.49
482,30.43,29.49
542,30.43,29.49
392,30.43,29.49
773,30.43,29.49
321,30.43,29.49
615,30.43,29.49
476,30.43,29.49
490,30.43,29.49
617,30.39,29.49
537,30.39,29.49
614,30.39,29.49
223,30.39,29.49
334,30.39,29.49
453,30.39,29.49
304,30.39,29.49
659,30.39,29.49
273,30.39,29.49
504,30.39,29.49
563,30.39,29.49
276,30.39,29.49
463,30.39,29.49
309,30.39,29.49
625,30.39,29.49
787,30.39,29.49
617,30.39,29.49
627,30.39,29.49
272,30.39,29.49
712,30.39,29.49
714,30.39,29.49
511,30.39,29.49
541,30.39,29.49
442,30.39,29.49
605,30.39,29.45
129,30.39,29.45
385,30.39,29.45
