704,30.39,29.65
613,30.39,29.65
411,30.39,29.65
222,30.39,29.65
652,30.39,29.65
502,30.39,29.65
814,30.39,29.65
802,30.39,29.65
524,30.39,29.65
391,30.39,29.65
652,30.39,29.65
330,30.39,29.65
382,30.39,29.65
508,30.39,29.65
417,30.39,29.65
506,30.39,29.65
256,30.39,29.65
543,30.39,29.65
401,30.39,29.65
443,30.39,29.65
402,30.39,29.65
524,30.39,29.65
413,30.39,29.65
835,30.39,29.65
479,30.39,29.65
526,30.39,29.65
602,30.39,29.45
725,30.39,29.45
774,30.39,29.45
338,30.39,29.45
572,30.39,29.45
661,30.39,29.45
704,30.39,29.45
130,30.39,29.45
698,30.39,29.45
469,30.39,29.45
838,30.39,29.45
312,30.39,29.45
656,30.39,29.45
131,30.39,29.45
130,30.39,29.45
130,30.39,29.45
519,30.39,29.45
482,30.39,29.45
433,30.39,29.45
867,30.39,29.45
300,30.39,29.45
883,30.39,29.45
496,30.39,29.45
597,30.39,29.45
484,30.39,29.45
658,30.39,29.45
438,30.39,29.45
248,30.39,29.45
191,30.39,29.45
809,30.39,29.45
661,30.39,29.45
893,30.39,29.45
771,30.39,29.45
658,30.39,29.45
893,30.39,29.45
446,30.39,29.45
851,30.41,29.45
259,30.41,29.45
447,30.41,29.45
637,30.41,29.45
423,30.41,29.45
345,30.41,29.45
765,30.41,29.45
295,30.41,29.45
498,30.41,29.45
301,30.41,29.45
256,30.41,29.45
243,30.41,29.45
158,30.41,29.45
683,30.41,29.45
716,30.41,29.45
892,30.41,29.45
579,30.41,29.45
377,30.41,29.45
495,30.41,29.45
557,30.41,29.45
263,30.41,29.45
624,30.41,29.45
596,30.41,29.45
643,30.41,29.63
457,30.41,29.63
316,30.41,29.63
485,30.41,29.63
432,30.41,29.63
729,30.41,29.63
411,30.41,29.63
690,30.41,29.63
403,30.41,29.63
587,30.41,29.63
504,30.41,29.63
194,30.41,29.63
494,30.41,29.63
892,30.41,29.63
242,30.41,29.63
542,30.41,29.63
895,30.41,29.63
344,30.41,29.63
894,30.41,29.63
146,30.41,29.63
672,30.41,29.63
384,30.41,29.63
427,30.41,29.63
604,30.41,29.63
258,30.41,29.63
712,30.41,29.63
842,30.41,29.63
262,30.41,29.63
254,30.41,29.63
393,30.41,29.63
201,30.41,29.63
428,30.41,29.63
445,30.41,29.63
802,30.41,29.63
224,30.41,29.63
760,30.41,29.63
479,30.41,29.63
296,30.41,29.63
570,30.41,29.63
213,30.41,29.63
649,30.41,29.63
246,30.41,29.63
489,30.41,29.63
429,30.41,29.63
674,30.41,29.63
633,30.41,29.63
648,30.41,29.63
328,30.41,29.63
498,30.41,29.63
352,30.41,29.63
493,30.41,29.63
200,30.41,29.63
469,30.41,29.63
519,30.41,29.63
469,30.41,29.63
479,30.41,29.63
354,30.41,29.63
794,30.41,29.63
464,30.41,29.63
892,30.41,29.63
721,30.41,29.59
820,30.41,29.59
494,30.41,29.59
454,30.41,29.59
283,30.41,29.59
757,30.41,29.59
687,30.41,29.59
450,30.41,29.59
754,30.41,29.59
630,30.41,29.59
722,30.41,29.59
423,30.41,29.59
610,30.41,29.59
410,30.41,29.59
516,30.41,29.59
273,30.41,29.59
723,30.41,29.59
714,30.41,29.59
743,30.41,29.59
715,30.41,29.59
139,30.41,29.59
765,30.41,29.59
697,30.41,29.59
651,30.41,29.59
474,30.41,29.59
787,30.41,29.59
385,30.41,29.59
624,30.41,29.59
299,30.41,29.59
387,30.41,29.59
674,30.41,29.59
680,30.41,29.59
688,30.41,29.59
693,30.41,29.59
312,30.41,29.59
663,30.41,29.59
462,30.41,29.59
248,30.41,29.59
848,30.41,29.59
129,30.41,29.59
895,30.41,29.59
425,30.41,29.59
538,30.41,29.59
740,30.41,29.59
464,30.41,29.59
563,30.41,29.59
528,30.41,29.59
639,30.41,29.59
288,30.41,29.59
546,30.41,29.59
392,30.41,29.59
736,30.41,29.59
560,30.41,29.59
463,30.41,29.59
288,30.41,29.59
744,30.41,29.59
425,30.41,29.59
506,30.41,29.59
294,30.41,29.59
792,30.41,29.59
465,30.41,29.57
504,30.41,29.57
427,30.41,29.57
289,30.41,29.57
895,30.41,29.57
762,30.41,29.57
632,30.41,29.57
484,30.41,29.57
767,30.41,29.57
536,30.41,29.57
341,30.41,29.57
779,30.41,29.57
497,30.41,29.57
894,30.41,29.57
435,30.41,29.57
371,30.41,29.57
761,30.41,29.57
262,30.41,29.57
598,30.41,29.57
451,30.41,29.57
164,30.41,29.57
739,30.41,29.57
128,30.41,29.57
757,30.41,29.57
557,30.41,29.57
572,30.41,29.57
562,30.41,29.57
125,30.41,29.57
611,30.41,29.57
405,30.41,29.57
339,30.41,29.57
591,30.41,29.57
378,30.41,29.57
806,30.41,29.57
465,30.41,29.57
482,30.41,29.57
654,30.41,29.57
304,30.41,29.57
771,30.41,29.57
325,30.41,29.57
488,30.41,29.57
306,30.41,29.57
405,30.41,29.57
299,30.41,29.57
514,30.41,29.57
795,30.41,29.57
539,30.41,29.57
566,30.41,29.57
786,30.41,29.57
545,30.41,29.57
576,30.41,29.57
334,30.41,29.57
347,30.41,29.57
687,30.41,29.57
520,30.41,29.57
422,30.41,29.57
640,30.41,29.57
188,30.41,29.57
383,30.41,29.57
776,30.41,29.69
128,30.41,29.69
603,30.41,29.69
599,30.41,29.69
427,30.41,29.69
441,30.41,29.69
514,30.41,29.69
741,30.41,29.69
540,30.41,29.69
347,30.41,29.69
736,30.41,29.69
402,30.41,29.69
706,30.41,29.69
594,30.41,29.69
230,30.41,29.69
471,30.41,29.69
154,30.41,29.69
488,30.41,29.69
374,30.41,29.69
543,30.41,29.69
593,30.41,29.69
447,30.41,29.69
814,30.41,29.69
777,30.41,29.69
667,30.41,29.69
469,30.41,29.69
428,30.41,29.69
587,30.41,29.69
272,30.41,29.69
708,30.41,29.69
467,30.41,29.69
283,30.41,29.69
493,30.41,29.69
653,30.41,29.69
577,30.41,29.69
339,30.41,29.69
630,30.41,29.69
652,30.39,29.69
256,30.39,29.69
870,30.39,29.69
605,30.39,29.69
808,30.39,29.69
266,30.39,29.69
888,30.39,29.69
573,30.39,29.69
379,30.39,29.69
514,30.39,29.69
513,30.39,29.69
742,30.39,29.69
558,30.39,29.69
595,30.39,29.69
784,30.39,29.69
838,30.39,29.69
539,30.39,29.69
709,30.39,29.69
495,30.39,29.69
717,30.39,29.69
323,30.39,29.69
723,30.39,29.69
518,30.39,29.69
434,30.39,29.57
716,30.39,29.57
762,30.39,29.57
477,30.39,29.57
325,30.39,29.57
736,30.39,29.57
415,30.39,29.57
697,30.39,29.57
193,30.39,29.57
780,30.39,29.57
430,30.39,29.57
625,30.39,29.57
637,30.39,29.57
281,30.39,29.57
589,30.39,29.57
549,30.39,29.57
614,30.39,29.57
750,30.39,29.57
753,30.39,29.57
344,30.39,29.57
693,30.39,29.57
412,30.39,29.57
520,30.39,29.57
209,30.39,29.57
769,30.39,29.57
535,30.39,29.57
464,30.39,29.57
350,30.39,29.57
386,30.39,29.57
905,30.39,29.57
629,30.39,29.57
722,30.39,29.57
542,30.39,29.57
588,30.39,29.57
646,30.39,29.57
674,30.39,29.57
389,30.43,29.57
499,30.43,29.57
629,30.43,29.57
728,30.43,29.57
595,30.43,29.57
331,30.43,29.57
638,30.43,29.57
128,30.43,29.57
575,30.43,29.57
443,30.43,29.57
570,30.43,29.57
277,30.43,29.57
299,30.43,29.57
304,30.43,29.57
591,30.43,29.57
190,30.43,29.57
437,30.43,29.57
631,30.43,29.57
360,30.43,29.57
691,30.43,29.57
128,30.43,29.57
129,30.43,29.57
127,30.43,29.57
206,30.43,29.57
327,30.43,29.79
506,30.43,29.79
231,30.43,29.79
822,30.43,29.79
286,30.43,29.79
764,30.43,29.79
869,30.43,29.79
503,30.43,29.79
656,30.43,29.79
202,30.43,29.79
834,30.43,29.79
299,30.43,29.79
491,30.43,29.79
235,30.43,29.79
893,30.43,29.79
786,30.43,29.79
537,30.43,29.79
419,30.43,29.79
753,30.43,29.79
399,30.43,29.79
715,30.43,29.79
271,30.43,29.79
450,30.43,29.79
648,30.43,29.79
192,30.43,29.79
704,30.43,29.79
131,30.43,29.79
630,30.43,29.79
518,30.43,29.79
391,30.43,29.79
487,30.43,29.79
512,30.43,29.79
211,30.43,29.79
871,30.43,29.79
