626,30.01,29.23
672,30.01,29.23
307,30.01,29.23
392,30.01,29.23
180,30.01,29.23
671,30.01,29.23
422,30.01,29.23
429,30.01,29.23
412,30.01,29.23
742,30.01,29.23
550,30.01,29.23
430,30.01,29.23
500,30.01,29.23
628,30.01,29.23
444,30.01,29.23
743,30.01,29.23
255,30.01,29.23
677,30.01,29.23
698,30.01,29.23
574,30.01,29.23
748,30.01,29.23
325,30.01,29.23
675,30.01,29.23
387,30.01,29.23
538,30.01,29.11
589,30.01,29.11
130,30.01,29.11
279,30.01,29.11
131,30.01,29.11
663,30.01,29.11
680,30.01,29.11
461,30.01,29.11
519,30.01,29.11
237,30.01,29.11
894,30.01,29.11
378,30.01,29.11
377,30.01,29.11
610,30.01,29.11
194,30.01,29.11
796,30.01,29.11
302,30.01,29.11
530,30.01,29.11
759,30.01,29.11
893,30.01,29.11
893,30.01,29.11
803,30.01,29.11
131,30.01,29.11
514,30.01,29.11
369,30.01,29.11
354,30.01,29.11
492,30.01,29.11
374,30.01,29.11
663,30.01,29.11
130,30.01,29.11
892,30.01,29.11
634,30.01,29.11
741,30.01,29.11
178,30.01,29.11
852,30.01,29.11
346,30.01,29.11
548,30.01,29.11
298,30.01,29.11
893,30.01,29.11
699,30.01,29.11
559,30.01,29.11
434,30.01,29.11
292,30.01,29.11
882,30.01,29.11
453,30.01,29.11
689,30.01,29.11
645,30.01,29.11
486,30.01,29.11
716,30.01,29.11
668,30.01,29.11
181,30.01,29.11
695,30.01,29.11
448,30.01,29.11
473,30.01,29.11
493,30.01,29.11
206,30.01,29.11
890,30.01,29.11
260,30.01,29.11
748,30.01,29.11
133,30.01,29.11
557,30.01,28.97
332,30.01,28.97
337,30.01,28.97
721,30.01,28.97
561,30.01,28.97
492,30.01,28.97
703,30.01,28.97
490,30.01,28.97
315,30.01,28.97
133,30.01,28.97
138,30.01,28.97
676,30.01,28.97
128,30.01,28.97
893,30.01,28.97
394,30.01,28.97
193,30.01,28.97
812,30.01,28.97
720,30.01,28.97
439,30.01,28.97
339,30.01,28.97
569,30.01,28.97
508,30.01,28.97
834,30.01,28.97
286,30.01,28.97
362,30.01,28.97
136,30.01,28.97
629,30.01,28.97
410,30.01,28.97
716,30.01,28.97
313,30.01,28.97
863,30.01,28.97
894,30.01,28.97
545,30.01,28.97
714,30.01,28.97
218,30.01,28.97
499,30.01,28.97
432,30.01,28.97
730,30.01,28.97
455,30.01,28.97
893,30.01,28.97
455,30.01,28.97
697,30.01,28.97
236,30.01,28.97
417,30.01,28.97
664,30.01,28.97
143,30.01,28.97
894,30.01,28.97
761,30.01,28.97
526,30.01,28.97
528,30.01,28.97
569,30.01,28.97
373,30.01,28.97
549,30.01,28.97
379,30.01,28.97
608,30.01,28.97
731,30.01,28.97
503,30.01,28.97
303,30.01,28.97
462,30.01,28.97
557,30.01,28.97
198,30.01,29.09
476,30.01,29.09
448,30.01,29.09
893,30.01,29.09
645,30.01,29.09
895,30.01,29.09
684,30.01,29.09
659,30.01,29.09
731,30.01,29.09
177,30.01,29.09
628,30.01,29.09
210,30.01,29.09
598,30.01,29.09
268,30.01,29.09
255,30.01,29.09
731,30.01,29.09
424,30.01,29.09
484,30.01,29.09
497,30.01,29.09
509,30.01,29.09
404,30.01,29.09
282,30.01,29.09
469,30.01,29.09
759,30.01,29.09
625,30.01,29.09
686,30.01,29.09
129,30.01,29.09
791,30.01,29.09
377,30.01,29.09
865,30.01,29.09
583,30.01,29.09
383,30.01,29.09
895,30.01,29.09
129,30.01,29.09
641,30.01,29.09
447,30.01,29.09
301,30.03,29.09
604,30.03,29.09
493,30.03,29.09
650,30.03,29.09
617,30.03,29.09
576,30.03,29.09
467,30.03,29.09
778,30.03,29.09
221,30.03,29.09
307,30.03,29.09
709,30.03,29.09
134,30.03,29.09
554,30.03,29.09
784,30.03,29.09
258,30.03,29.09
892,30.03,29.09
891,30.03,29.09
798,30.03,29.09
793,30.03,29.09
237,30.03,29.09
801,30.03,29.09
455,30.03,29.09
422,30.03,29.09
139,30.03,29.09
733,30.03,29.31
301,30.03,29.31
580,30.03,29.31
505,30.03,29.31
669,30.03,29.31
785,30.03,29.31
300,30.03,29.31
662,30.03,29.31
296,30.03,29.31
776,30.03,29.31
761,30.03,29.31
636,30.03,29.31
644,30.03,29.31
855,30.03,29.31
425,30.03,29.31
590,30.03,29.31
405,30.03,29.31
724,30.03,29.31
720,30.03,29.31
129,30.03,29.31
432,30.03,29.31
665,30.03,29.31
655,30.03,29.31
502,30.03,29.31
715,30.03,29.31
130,30.03,29.31
596,30.03,29.31
129,30.03,29.31
401,30.03,29.31
456,30.03,29.31
477,30.03,29.31
564,30.03,29.31
129,30.03,29.31
571,30.03,29.31
829,30.03,29.31
250,30.03,29.31
872,30.03,29.31
503,30.03,29.31
554,30.03,29.31
185,30.03,29.31
301,30.03,29.31
660,30.03,29.31
415,30.03,29.31
716,30.03,29.31
644,30.03,29.31
337,30.03,29.31
232,30.03,29.31
283,30.03,29.31
795,30.03,29.31
240,30.03,29.31
568,30.03,29.31
271,30.03,29.31
147,30.03,29.31
768,30.03,29.31
555,30.03,29.31
417,30.03,29.31
507,30.03,29.31
131,30.03,29.31
602,30.03,29.31
595,30.03,29.23
603,30.03,29.23
579,30.03,29.23
609,30.03,29.23
894,30.03,29.23
525,30.03,29.23
534,30.03,29.23
513,30.03,29.23
340,30.03,29.23
412,30.03,29.23
492,30.03,29.23
527,30.03,29.23
647,30.03,29.23
613,30.03,29.23
573,30.03,29.23
588,30.03,29.23
309,30.03,29.23
821,30.03,29.23
686,30.03,29.23
350,30.03,29.23
551,30.03,29.23
387,30.03,29.23
507,30.03,29.23
602,30.03,29.23
524,30.03,29.23
857,30.03,29.23
603,30.03,29.23
559,30.03,29.23
807,30.03,29.23
554,30.03,29.23
512,30.03,29.23
131,30.03,29.23
560,30.03,29.23
436,30.03,29.23
798,30.03,29.23
699,30.03,29.23
388,30.03,29.23
431,30.03,29.23
756,30.03,29.23
472,30.03,29.23
290,30.03,29.23
299,30.03,29.23
492,30.03,29.23
152,30.03,29.23
689,30.03,29.23
250,30.03,29.23
574,30.03,29.23
652,30.03,29.23
379,30.03,29.23
611,30.03,29.23
604,30.03,29.23
308,30.03,29.23
681,30.03,29.23
626,30.03,29.23
634,30.03,29.23
610,30.03,29.23
604,30.03,29.23
699,30.03,29.23
378,30.03,29.23
675,30.03,29.23
406,30.03,29.29
811,30.03,29.29
461,30.03,29.29
528,30.03,29.29
573,30.03,29.29
150,30.03,29.29
611,30.03,29.29
225,30.03,29.29
645,30.03,29.29
533,30.03,29.29
841,30.03,29.29
747,30.03,29.29
734,30.03,29.29
319,30.03,29.29
743,30.03,29.29
440,30.03,29.29
401,30.03,29.29
517,30.03,29.29
167,30.03,29.29
620,30.03,29.29
666,30.03,29.29
492,30.03,29.29
506,30.03,29.29
560,30.03,29.29
131,30.03,29.29
634,30.03,29.29
609,30.03,29.29
324,30.03,29.29
247,30.03,29.29
757,30.03,29.29
535,30.03,29.29
340,30.03,29.29
357,30.03,29.29
291,30.03,29.29
832,30.03,29.29
552,30.03,29.29
548,30.01,29.29
628,30.01,29.29
646,30.01,29.29
420,30.01,29.29
228,30.01,29.29
275,30.01,29.29
843,30.01,29.29
392,30.01,29.29
555,30.01,29.29
588,30.01,29.29
321,30.01,29.29
759,30.01,29.29
129,30.01,29.29
649,30.01,29.29
591,30.01,29.29
520,30.01,29.29
490,30.01,29.29
311,30.01,29.29
462,30.01,29.29
648,30.01,29.29
130,30.01,29.29
435,30.01,29.29
396,30.01,29.29
600,30.01,29.29
405,30.01,29.17
442,30.01,29.17
489,30.01,29.17
161,30.01,29.17
461,30.01,29.17
129,30.01,29.17
514,30.01,29.17
269,30.01,29.17
735,30.01,29.17
387,30.01,29.17
792,30.01,29.17
820,30.01,29.17
505,30.01,29.17
645,30.01,29.17
272,30.01,29.17
791,30.01,29.17
653,30.01,29.17
739,30.01,29.17
671,30.01,29.17
759,30.01,29.17
891,30.01,29.17
774,30.01,29.17
597,30.01,29.17
750,30.01,29.17
349,30.01,29.17
864,30.01,29.17
316,30.01,29.17
546,30.01,29.17
839,30.01,29.17
129,30.01,29.17
791,30.01,29.17
131,30.01,29.17
386,30.01,29.17
470,30.01,29.17
227,30.01,29.17
484,30.01,29.17
