712,30.25,29.43
481,30.25,29.43
529,30.25,29.43
188,30.25,29.43
525,30.25,29.43
415,30.25,29.43
682,30.25,29.43
564,30.25,29.43
732,30.25,29.43
171,30.25,29.43
466,30.25,29.43
573,30.25,29.43
656,30.25,29.43
247,30.25,29.43
484,30.25,29.43
792,30.25,29.43
786,30.25,29.43
366,30.25,29.43
596,30.25,29.43
893,30.25,29.43
187,30.25,29.43
525,30.25,29.43
308,30.25,29.43
630,30.25,29.43
439,30.25,29.43
592,30.25,29.43
673,30.25,29.43
382,30.25,29.43
375,30.25,29.43
649,30.25,29.43
288,30.25,29.43
782,30.25,29.43
794,30.25,29.43
646,30.25,29.43
536,30.25,29.43
516,30.25,29.43
665,30.25,29.43
132,30.25,29.43
802,30.25,29.43
435,30.25,29.43
786,30.25,29.43
469,30.25,29.43
280,30.25,29.43
245,30.25,29.43
651,30.25,29.43
499,30.25,29.43
345,30.25,29.43
711,30.25,29.43
259,30.25,29.43
737,30.25,29.43
625,30.25,29.43
438,30.25,29.43
777,30.23,29.43
679,30.23,29.43
205,30.23,29.43
560,30.23,29.43
474,30.23,29.43
725,30.23,29.43
133,30.23,29.43
814,30.23,29.43
644,30.23,29.43
485,30.23,29.43
560,30.23,29.43
369,30.23,29.43
613,30.23,29.43
374,30.23,29.43
756,30.23,29.43
891,30.23,29.43
892,30.23,29.43
798,30.23,29.43
758,30.23,29.43
238,30.23,29.43
851,30.23,29.43
319,30.23,29.43
875,30.23,29.43
604,30.23,29.43
387,30.23,29.49
679,30.23,29.49
565,30.23,29.49
582,30.23,29.49
303,30.23,29.49
630,30.23,29.49
568,30.23,29.49
667,30.23,29.49
167,30.23,29.49
581,30.23,29.49
191,30.23,29.49
416,30.23,29.49
129,30.23,29.49
721,30.23,29.49
506,30.23,29.49
518,30.23,29.49
895,30.23,29.49
553,30.23,29.49
769,30.23,29.49
254,30.23,29.49
642,30.23,29.49
332,30.23,29.49
524,30.23,29.49
515,30.23,29.49
885,30.23,29.49
581,30.23,29.49
822,30.23,29.49
831,30.23,29.49
171,30.23,29.49
709,30.23,29.49
640,30.23,29.49
647,30.23,29.49
621,30.23,29.49
457,30.23,29.49
193,30.23,29.49
804,30.23,29.49
128,30.23,29.49
818,30.23,29.49
192,30.23,29.49
822,30.23,29.49
895,30.23,29.49
529,30.23,29.49
489,30.23,29.49
515,30.23,29.49
666,30.23,29.49
135,30.23,29.49
795,30.23,29.49
323,30.23,29.49
465,30.23,29.49
471,30.23,29.49
420,30.23,29.49
536,30.23,29.49
435,30.23,29.49
191,30.23,29.49
500,30.23,29.49
728,30.23,29.49
871,30.23,29.49
482,30.23,29.49
162,30.23,29.49
850,30.23,29.49
465,30.23,29.43
420,30.23,29.43
184,30.23,29.43
741,30.23,29.43
276,30.23,29.43
535,30.23,29.43
415,30.23,29.43
636,30.23,29.43
760,30.23,29.43
240,30.23,29.43
840,30.23,29.43
211,30.23,29.43
413,30.23,29.43
437,30.23,29.43
364,30.23,29.43
264,30.23,29.43
388,30.23,29.43
341,30.23,29.43
652,30.23,29.43
387,30.23,29.43
795,30.23,29.43
488,30.23,29.43
430,30.23,29.43
891,30.23,29.43
229,30.23,29.43
608,30.23,29.43
238,30.23,29.43
713,30.23,29.43
308,30.23,29.43
837,30.23,29.43
220,30.23,29.43
461,30.23,29.43
538,30.23,29.43
130,30.23,29.43
448,30.23,29.43
575,30.23,29.43
626,30.23,29.43
436,30.23,29.43
590,30.23,29.43
488,30.23,29.43
894,30.23,29.43
462,30.23,29.43
705,30.23,29.43
410,30.23,29.43
131,30.23,29.43
179,30.23,29.43
524,30.23,29.43
196,30.23,29.43
502,30.23,29.43
595,30.23,29.43
445,30.23,29.43
842,30.23,29.43
321,30.23,29.43
727,30.23,29.43
221,30.23,29.43
699,30.23,29.43
713,30.23,29.43
637,30.23,29.43
806,30.23,29.43
315,30.23,29.49
404,30.23,29.49
790,30.23,29.49
352,30.23,29.49
660,30.23,29.49
851,30.23,29.49
452,30.23,29.49
737,30.23,29.49
293,30.23,29.49
767,30.23,29.49
439,30.23,29.49
455,30.23,29.49
435,30.23,29.49
586,30.23,29.49
342,30.23,29.49
362,30.23,29.49
387,30.23,29.49
622,30.23,29.49
444,30.23,29.49
161,30.23,29.49
211,30.23,29.49
409,30.23,29.49
561,30.23,29.49
466,30.23,29.49
325,30.23,29.49
128,30.23,29.49
717,30.23,29.49
334,30.23,29.49
359,30.23,29.49
412,30.23,29.49
892,30.23,29.49
646,30.23,29.49
411,30.23,29.49
761,30.23,29.49
400,30.23,29.49
894,30.23,29.49
278,30.23,29.49
465,30.23,29.49
548,30.23,29.49
296,30.23,29.49
874,30.23,29.49
711,30.23,29.49
473,30.23,29.49
893,30.23,29.49
477,30.23,29.49
632,30.23,29.49
376,30.23,29.49
505,30.23,29.49
531,30.23,29.49
196,30.23,29.49
759,30.23,29.49
488,30.23,29.49
438,30.23,29.49
703,30.23,29.49
588,30.23,29.49
221,30.23,29.49
399,30.23,29.49
315,30.23,29.49
510,30.23,29.49
888,30.23,29.49
894,30.23,29.37
465,30.23,29.37
558,30.23,29.37
557,30.23,29.37
841,30.23,29.37
404,30.23,29.37
543,30.23,29.37
620,30.23,29.37
641,30.23,29.37
492,30.23,29.37
589,30.23,29.37
499,30.23,29.37
578,30.23,29.37
892,30.23,29.37
542,30.23,29.37
462,30.23,29.37
656,30.23,29.37
894,30.23,29.37
582,30.23,29.37
605,30.23,29.37
513,30.23,29.37
744,30.23,29.37
213,30.23,29.37
680,30.23,29.37
567,30.23,29.37
502,30.23,29.37
749,30.23,29.37
267,30.23,29.37
628,30.23,29.37
135,30.23,29.37
301,30.23,29.37
167,30.23,29.37
187,30.23,29.37
412,30.23,29.37
355,30.23,29.37
175,30.23,29.37
477,30.25,29.37
523,30.25,29.37
624,30.25,29.37
501,30.25,29.37
324,30.25,29.37
479,30.25,29.37
718,30.25,29.37
782,30.25,29.37
289,30.25,29.37
724,30.25,29.37
656,30.25,29.37
792,30.25,29.37
294,30.25,29.37
619,30.25,29.37
856,30.25,29.37
231,30.25,29.37
894,30.25,29.37
559,30.25,29.37
908,30.25,29.37
792,30.25,29.37
527,30.25,29.37
895,30.25,29.37
691,30.25,29.37
214,30.25,29.37
521,30.25,29.43
203,30.25,29.43
692,30.25,29.43
278,30.25,29.43
360,30.25,29.43
319,30.25,29.43
308,30.25,29.43
661,30.25,29.43
222,30.25,29.43
605,30.25,29.43
168,30.25,29.43
698,30.25,29.43
243,30.25,29.43
293,30.25,29.43
575,30.25,29.43
667,30.25,29.43
507,30.25,29.43
521,30.25,29.43
412,30.25,29.43
503,30.25,29.43
523,30.25,29.43
130,30.25,29.43
792,30.25,29.43
128,30.25,29.43
569,30.25,29.43
331,30.25,29.43
420,30.25,29.43
310,30.25,29.43
775,30.25,29.43
337,30.25,29.43
850,30.25,29.43
489,30.25,29.43
345,30.25,29.43
739,30.25,29.43
259,30.25,29.43
838,30.25,29.43
498,30.23,29.43
582,30.23,29.43
638,30.23,29.43
792,30.23,29.43
895,30.23,29.43
894,30.23,29.43
235,30.23,29.43
642,30.23,29.43
433,30.23,29.43
418,30.23,29.43
544,30.23,29.43
573,30.23,29.43
668,30.23,29.43
262,30.23,29.43
618,30.23,29.43
348,30.23,29.43
638,30.23,29.43
590,30.23,29.43
594,30.23,29.43
520,30.23,29.43
598,30.23,29.43
893,30.23,29.43
615,30.23,29.43
368,30.23,29.37
211,30.23,29.37
403,30.23,29.37
128,30.23,29.37
836,30.23,29.37
670,30.23,29.37
867,30.23,29.37
325,30.23,29.37
580,30.23,29.37
579,30.23,29.37
461,30.23,29.37
257,30.23,29.37
432,30.23,29.37
436,30.23,29.37
895,30.23,29.37
894,30.23,29.37
892,30.23,29.37
891,30.23,29.37
350,30.23,29.37
762,30.23,29.37
257,30.23,29.37
589,30.23,29.37
321,30.23,29.37
378,30.23,29.37
477,30.23,29.37
370,30.23,29.37
419,30.23,29.37
451,30.23,29.37
554,30.23,29.37
529,30.23,29.37
578,30.23,29.37
138,30.23,29.37
307,30.23,29.37
200,30.23,29.37
627,30.23,29.37
131,30.23,29.37
662,30.23,29.37
398,30.23,29.37
784,30.23,29.37
755,30.23,29.37
451,30.23,29.37
816,30.23,29.37
658,30.23,29.37
576,30.23,29.37
506,30.23,29.37
