580,30.25,29.45
470,30.25,29.45
133,30.25,29.45
156,30.25,29.45
133,30.25,29.45
391,30.25,29.45
404,30.25,29.45
548,30.25,29.45
151,30.25,29.45
303,30.25,29.45
687,30.25,29.45
593,30.25,29.45
709,30.25,29.45
434,30.25,29.45
559,30.25,29.45
455,30.25,29.45
675,30.25,29.45
496,30.25,29.45
378,30.25,29.45
818,30.25,29.45
793,30.25,29.45
749,30.25,29.45
484,30.25,29.45
523,30.25,29.45
665,30.25,29.45
554,30.25,29.45
613,30.25,29.45
549,30.25,29.45
329,30.25,29.45
892,30.25,29.45
436,30.25,29.45
705,30.25,29.45
347,30.25,29.45
563,30.25,29.45
733,30.25,29.45
174,30.21,29.45
846,30.21,29.45
336,30.21,29.45
650,30.21,29.45
130,30.21,29.45
518,30.21,29.45
434,30.21,29.45
677,30.21,29.45
640,30.21,29.45
739,30.21,29.45
411,30.21,29.45
185,30.21,29.45
333,30.21,29.45
754,30.21,29.45
381,30.21,29.45
723,30.21,29.45
604,30.21,29.45
410,30.21,29.45
745,30.21,29.45
417,30.21,29.45
778,30.21,29.45
398,30.21,29.45
806,30.21,29.45
680,30.21,29.49
462,30.21,29.49
509,30.21,29.49
132,30.21,29.49
893,30.21,29.49
379,30.21,29.49
445,30.21,29.49
485,30.21,29.49
538,30.21,29.49
621,30.21,29.49
560,30.21,29.49
134,30.21,29.49
592,30.21,29.49
214,30.21,29.49
508,30.21,29.49
717,30.21,29.49
855,30.21,29.49
380,30.21,29.49
516,30.21,29.49
701,30.21,29.49
464,30.21,29.49
645,30.21,29.49
547,30.21,29.49
668,30.21,29.49
722,30.21,29.49
356,30.21,29.49
533,30.21,29.49
379,30.21,29.49
235,30.21,29.49
383,30.21,29.49
286,30.21,29.49
304,30.21,29.49
440,30.21,29.49
131,30.21,29.49
485,30.21,29.49
497,30.21,29.49
520,30.21,29.49
179,30.25,29.49
894,30.25,29.49
218,30.25,29.49
534,30.25,29.49
196,30.25,29.49
525,30.25,29.49
644,30.25,29.49
129,30.25,29.49
447,30.25,29.49
136,30.25,29.49
584,30.25,29.49
683,30.25,29.49
559,30.25,29.49
251,30.25,29.49
669,30.25,29.49
353,30.25,29.49
688,30.25,29.49
300,30.25,29.49
830,30.25,29.49
423,30.25,29.49
587,30.25,29.49
382,30.25,29.49
443,30.25,29.49
811,30.25,29.51
128,30.25,29.51
838,30.25,29.51
481,30.25,29.51
531,30.25,29.51
618,30.25,29.51
580,30.25,29.51
663,30.25,29.51
769,30.25,29.51
284,30.25,29.51
660,30.25,29.51
239,30.25,29.51
663,30.25,29.51
604,30.25,29.51
619,30.25,29.51
873,30.25,29.51
793,30.25,29.51
730,30.25,29.51
292,30.25,29.51
534,30.25,29.51
373,30.25,29.51
518,30.25,29.51
129,30.25,29.51
444,30.25,29.51
280,30.25,29.51
130,30.25,29.51
894,30.25,29.51
266,30.25,29.51
276,30.25,29.51
757,30.25,29.51
670,30.25,29.51
796,30.25,29.51
552,30.25,29.51
520,30.25,29.51
491,30.25,29.51
308,30.25,29.51
657,30.23,29.51
286,30.23,29.51
894,30.23,29.51
671,30.23,29.51
851,30.23,29.51
894,30.23,29.51
606,30.23,29.51
608,30.23,29.51
248,30.23,29.51
748,30.23,29.51
372,30.23,29.51
460,30.23,29.51
859,30.23,29.51
559,30.23,29.51
444,30.23,29.51
613,30.23,29.51
354,30.23,29.51
624,30.23,29.51
477,30.23,29.51
710,30.23,29.51
716,30.23,29.51
129,30.23,29.51
706,30.23,29.51
243,30.23,29.51
673,30.23,29.51
131,30.23,29.51
763,30.23,29.51
557,30.23,29.51
445,30.23,29.51
696,30.23,29.51
494,30.23,29.51
503,30.23,29.51
447,30.23,29.51
476,30.23,29.51
444,30.23,29.51
552,30.23,29.51
774,30.23,29.51
499,30.23,29.51
510,30.23,29.51
894,30.23,29.51
413,30.23,29.51
670,30.23,29.51
358,30.23,29.51
878,30.23,29.51
651,30.23,29.51
142,30.23,29.51
499,30.23,29.51
322,30.23,29.51
456,30.23,29.51
518,30.23,29.51
505,30.23,29.51
431,30.23,29.51
734,30.23,29.51
618,30.23,29.51
228,30.23,29.51
288,30.23,29.51
677,30.23,29.51
199,30.23,29.51
133,30.23,29.51
429,30.23,29.51
521,30.21,29.51
131,30.21,29.51
843,30.21,29.51
280,30.21,29.51
792,30.21,29.51
519,30.21,29.51
304,30.21,29.51
717,30.21,29.51
509,30.21,29.51
646,30.21,29.51
332,30.21,29.51
637,30.21,29.51
894,30.21,29.51
693,30.21,29.51
665,30.21,29.51
459,30.21,29.51
555,30.21,29.51
655,30.21,29.51
265,30.21,29.51
708,30.21,29.51
389,30.21,29.51
767,30.21,29.51
475,30.21,29.51
233,30.21,29.51
748,30.21,29.55
325,30.21,29.55
508,30.21,29.55
470,30.21,29.55
376,30.21,29.55
812,30.21,29.55
560,30.21,29.55
443,30.21,29.55
547,30.21,29.55
451,30.21,29.55
393,30.21,29.55
490,30.21,29.55
751,30.21,29.55
583,30.21,29.55
797,30.21,29.55
510,30.21,29.55
130,30.21,29.55
528,30.21,29.55
382,30.21,29.55
515,30.21,29.55
348,30.21,29.55
547,30.21,29.55
724,30.21,29.55
566,30.21,29.55
591,30.21,29.55
309,30.21,29.55
778,30.21,29.55
632,30.21,29.55
684,30.21,29.55
380,30.21,29.55
702,30.21,29.55
345,30.21,29.55
782,30.21,29.55
566,30.21,29.55
353,30.21,29.55
341,30.21,29.55
695,30.23,29.55
346,30.23,29.55
344,30.23,29.55
443,30.23,29.55
334,30.23,29.55
703,30.23,29.55
129,30.23,29.55
691,30.23,29.55
383,30.23,29.55
399,30.23,29.55
404,30.23,29.55
655,30.23,29.55
401,30.23,29.55
282,30.23,29.55
141,30.23,29.55
452,30.23,29.55
628,30.23,29.55
358,30.23,29.55
475,30.23,29.55
485,30.23,29.55
296,30.23,29.55
128,30.23,29.55
301,30.23,29.55
354,30.23,29.59
611,30.23,29.59
282,30.23,29.59
894,30.23,29.59
493,30.23,29.59
628,30.23,29.59
520,30.23,29.59
457,30.23,29.59
590,30.23,29.59
132,30.23,29.59
415,30.23,29.59
391,30.23,29.59
513,30.23,29.59
578,30.23,29.59
502,30.23,29.59
785,30.23,29.59
667,30.23,29.59
611,30.23,29.59
573,30.23,29.59
462,30.23,29.59
690,30.23,29.59
377,30.23,29.59
637,30.23,29.59
403,30.23,29.59
247,30.23,29.59
754,30.23,29.59
383,30.23,29.59
745,30.23,29.59
299,30.23,29.59
440,30.23,29.59
756,30.23,29.59
510,30.23,29.59
895,30.23,29.59
388,30.23,29.59
240,30.23,29.59
585,30.23,29.59
504,30.25,29.59
466,30.25,29.59
574,30.25,29.59
619,30.25,29.59
565,30.25,29.59
281,30.25,29.59
349,30.25,29.59
234,30.25,29.59
669,30.25,29.59
894,30.25,29.59
891,30.25,29.59
711,30.25,29.59
539,30.25,29.59
898,30.25,29.59
341,30.25,29.59
617,30.25,29.59
503,30.25,29.59
307,30.25,29.59
274,30.25,29.59
689,30.25,29.59
574,30.25,29.59
610,30.25,29.59
570,30.25,29.59
361,30.25,29.59
709,30.25,29.31
245,30.25,29.31
670,30.25,29.31
388,30.25,29.31
294,30.25,29.31
260,30.25,29.31
320,30.25,29.31
175,30.25,29.31
572,30.25,29.31
424,30.25,29.31
842,30.25,29.31
423,30.25,29.31
684,30.25,29.31
516,30.25,29.31
642,30.25,29.31
621,30.25,29.31
443,30.25,29.31
552,30.25,29.31
832,30.25,29.31
894,30.25,29.31
668,30.25,29.31
536,30.25,29.31
746,30.25,29.31
235,30.25,29.31
505,30.25,29.31
796,30.25,29.31
433,30.25,29.31
730,30.25,29.31
560,30.25,29.31
627,30.25,29.31
671,30.25,29.31
154,30.25,29.31
618,30.25,29.31
481,30.25,29.31
486,30.25,29.31
283,30.25,29.31
399,30.23,29.31
340,30.23,29.31
609,30.23,29.31
817,30.23,29.31
642,30.23,29.31
250,30.23,29.31
880,30.23,29.31
580,30.23,29.31
432,30.23,29.31
449,30.23,29.31
439,30.23,29.31
857,30.23,29.31
466,30.23,29.31
556,30.23,29.31
561,30.23,29.31
746,30.23,29.31
569,30.23,29.31
589,30.23,29.31
535,30.23,29.31
810,30.23,29.31
627,30.23,29.31
128,30.23,29.31
426,30.23,29.31
131,30.23,29.31
140,30.23,29.49
604,30.23,29.49
364,30.23,29.49
