720,30.13,29.35
129,30.13,29.35
789,30.13,29.35
132,30.13,29.35
609,30.13,29.35
131,30.13,29.35
732,30.13,29.35
511,30.13,29.35
136,30.13,29.35
811,30.13,29.35
131,30.13,29.35
727,30.13,29.35
133,30.13,29.35
790,30.13,29.35
532,30.13,29.35
513,30.13,29.35
670,30.13,29.35
632,30.13,29.35
184,30.13,29.35
643,30.13,29.35
195,30.13,29.35
455,30.13,29.35
648,30.13,29.35
514,30.13,29.35
850,30.13,29.35
394,30.13,29.35
670,30.13,29.35
817,30.13,29.35
222,30.13,29.35
572,30.13,29.35
636,30.13,29.35
382,30.13,29.35
620,30.13,29.35
201,30.13,29.35
600,30.13,29.35
661,30.13,29.35
694,30.13,29.35
478,30.13,29.35
614,30.13,29.35
640,30.17,29.35
482,30.17,29.35
676,30.17,29.35
381,30.17,29.35
643,30.17,29.35
551,30.17,29.35
557,30.17,29.35
342,30.17,29.35
479,30.17,29.35
556,30.17,29.35
635,30.17,29.35
541,30.17,29.35
357,30.17,29.35
135,30.17,29.35
461,30.17,29.35
588,30.17,29.35
339,30.17,29.35
694,30.17,29.35
380,30.17,29.35
554,30.17,29.35
503,30.17,29.35
774,30.17,29.35
514,30.17,29.35
832,30.17,29.35
330,30.17,29.39
356,30.17,29.39
730,30.17,29.39
142,30.17,29.39
649,30.17,29.39
650,30.17,29.39
893,30.17,29.39
609,30.17,29.39
507,30.17,29.39
442,30.17,29.39
574,30.17,29.39
493,30.17,29.39
692,30.17,29.39
452,30.17,29.39
792,30.17,29.39
366,30.17,29.39
665,30.17,29.39
355,30.17,29.39
232,30.17,29.39
897,30.17,29.39
369,30.17,29.39
658,30.17,29.39
249,30.17,29.39
839,30.17,29.39
620,30.17,29.39
464,30.17,29.39
704,30.17,29.39
290,30.17,29.39
528,30.17,29.39
430,30.17,29.39
399,30.17,29.39
478,30.17,29.39
327,30.17,29.39
581,30.17,29.39
630,30.17,29.39
306,30.17,29.39
534,30.11,29.39
279,30.11,29.39
583,30.11,29.39
363,30.11,29.39
602,30.11,29.39
874,30.11,29.39
403,30.11,29.39
531,30.11,29.39
384,30.11,29.39
169,30.11,29.39
502,30.11,29.39
312,30.11,29.39
850,30.11,29.39
320,30.11,29.39
894,30.11,29.39
570,30.11,29.39
343,30.11,29.39
391,30.11,29.39
367,30.11,29.39
894,30.11,29.39
322,30.11,29.39
439,30.11,29.39
599,30.11,29.39
531,30.11,29.35
414,30.11,29.35
560,30.11,29.35
709,30.11,29.35
721,30.11,29.35
569,30.11,29.35
175,30.11,29.35
556,30.11,29.35
619,30.11,29.35
318,30.11,29.35
732,30.11,29.35
404,30.11,29.35
543,30.11,29.35
863,30.11,29.35
608,30.11,29.35
611,30.11,29.35
557,30.11,29.35
365,30.11,29.35
578,30.11,29.35
376,30.11,29.35
641,30.11,29.35
359,30.11,29.35
768,30.11,29.35
495,30.11,29.35
696,30.11,29.35
701,30.11,29.35
329,30.11,29.35
410,30.11,29.35
893,30.11,29.35
613,30.11,29.35
423,30.11,29.35
259,30.11,29.35
778,30.11,29.35
874,30.11,29.35
618,30.11,29.35
458,30.11,29.35
379,30.11,29.35
671,30.19,29.35
313,30.19,29.35
416,30.19,29.35
339,30.19,29.35
519,30.19,29.35
193,30.19,29.35
531,30.19,29.35
747,30.19,29.35
340,30.19,29.35
801,30.19,29.35
405,30.19,29.35
516,30.19,29.35
451,30.19,29.35
140,30.19,29.35
207,30.19,29.35
131,30.19,29.35
512,30.19,29.35
487,30.19,29.35
279,30.19,29.35
741,30.19,29.35
629,30.19,29.35
895,30.19,29.35
396,30.19,29.35
568,30.19,29.37
838,30.19,29.37
129,30.19,29.37
867,30.19,29.37
132,30.19,29.37
316,30.19,29.37
594,30.19,29.37
698,30.19,29.37
451,30.19,29.37
487,30.19,29.37
764,30.19,29.37
894,30.19,29.37
553,30.19,29.37
684,30.19,29.37
376,30.19,29.37
486,30.19,29.37
673,30.19,29.37
487,30.19,29.37
407,30.19,29.37
147,30.19,29.37
689,30.19,29.37
304,30.19,29.37
586,30.19,29.37
592,30.19,29.37
495,30.19,29.37
461,30.19,29.37
276,30.19,29.37
538,30.19,29.37
432,30.19,29.37
128,30.19,29.37
620,30.19,29.37
815,30.19,29.37
200,30.19,29.37
632,30.19,29.37
466,30.19,29.37
703,30.19,29.37
548,30.17,29.37
384,30.17,29.37
304,30.17,29.37
837,30.17,29.37
539,30.17,29.37
552,30.17,29.37
162,30.17,29.37
236,30.17,29.37
794,30.17,29.37
207,30.17,29.37
690,30.17,29.37
509,30.17,29.37
618,30.17,29.37
573,30.17,29.37
490,30.17,29.37
218,30.17,29.37
600,30.17,29.37
326,30.17,29.37
358,30.17,29.37
343,30.17,29.37
890,30.17,29.37
763,30.17,29.37
493,30.17,29.37
341,30.17,29.37
456,30.17,29.37
640,30.17,29.37
132,30.17,29.37
822,30.17,29.37
129,30.17,29.37
561,30.17,29.37
391,30.17,29.37
265,30.17,29.37
803,30.17,29.37
606,30.17,29.37
499,30.17,29.37
273,30.17,29.37
518,30.17,29.37
527,30.17,29.37
640,30.17,29.37
312,30.17,29.37
619,30.17,29.37
270,30.17,29.37
888,30.17,29.37
254,30.17,29.37
894,30.17,29.37
530,30.17,29.37
850,30.17,29.37
550,30.17,29.37
145,30.17,29.37
763,30.17,29.37
129,30.17,29.37
609,30.17,29.37
428,30.17,29.37
895,30.17,29.37
724,30.17,29.37
688,30.17,29.37
619,30.17,29.37
527,30.17,29.37
442,30.17,29.37
554,30.17,29.37
698,30.19,29.37
407,30.19,29.37
850,30.19,29.37
341,30.19,29.37
863,30.19,29.37
459,30.19,29.37
894,30.19,29.37
508,30.19,29.37
604,30.19,29.37
130,30.19,29.37
128,30.19,29.37
302,30.19,29.37
516,30.19,29.37
472,30.19,29.37
244,30.19,29.37
781,30.19,29.37
159,30.19,29.37
672,30.19,29.37
338,30.19,29.37
730,30.19,29.37
454,30.19,29.37
486,30.19,29.37
848,30.19,29.37
484,30.19,29.37
641,30.19,29.29
891,30.19,29.29
665,30.19,29.29
894,30.19,29.29
894,30.19,29.29
490,30.19,29.29
866,30.19,29.29
415,30.19,29.29
760,30.19,29.29
293,30.19,29.29
747,30.19,29.29
387,30.19,29.29
792,30.19,29.29
729,30.19,29.29
431,30.19,29.29
895,30.19,29.29
367,30.19,29.29
415,30.19,29.29
692,30.19,29.29
518,30.19,29.29
552,30.19,29.29
632,30.19,29.29
300,30.19,29.29
514,30.19,29.29
257,30.19,29.29
707,30.19,29.29
546,30.19,29.29
591,30.19,29.29
657,30.19,29.29
833,30.19,29.29
403,30.19,29.29
682,30.19,29.29
419,30.19,29.29
531,30.19,29.29
749,30.19,29.29
345,30.19,29.29
832,30.17,29.29
725,30.17,29.29
295,30.17,29.29
818,30.17,29.29
483,30.17,29.29
158,30.17,29.29
509,30.17,29.29
408,30.17,29.29
837,30.17,29.29
253,30.17,29.29
772,30.17,29.29
694,30.17,29.29
129,30.17,29.29
535,30.17,29.29
218,30.17,29.29
713,30.17,29.29
577,30.17,29.29
592,30.17,29.29
678,30.17,29.29
540,30.17,29.29
853,30.17,29.29
619,30.17,29.29
367,30.17,29.29
466,30.17,29.35
380,30.17,29.35
562,30.17,29.35
555,30.17,29.35
669,30.17,29.35
724,30.17,29.35
353,30.17,29.35
542,30.17,29.35
471,30.17,29.35
236,30.17,29.35
330,30.17,29.35
131,30.17,29.35
534,30.17,29.35
332,30.17,29.35
445,30.17,29.35
426,30.17,29.35
500,30.17,29.35
497,30.17,29.35
858,30.17,29.35
378,30.17,29.35
475,30.17,29.35
657,30.17,29.35
479,30.17,29.35
490,30.17,29.35
383,30.17,29.35
336,30.17,29.35
128,30.17,29.35
385,30.17,29.35
609,30.17,29.35
465,30.17,29.35
610,30.17,29.35
753,30.17,29.35
252,30.17,29.35
678,30.17,29.35
765,30.17,29.35
530,30.17,29.35
315,30.11,29.35
667,30.11,29.35
491,30.11,29.35
502,30.11,29.35
698,30.11,29.35
510,30.11,29.35
350,30.11,29.35
469,30.11,29.35
510,30.11,29.35
739,30.11,29.35
129,30.11,29.35
819,30.11,29.35
616,30.11,29.35
134,30.11,29.35
569,30.11,29.35
334,30.11,29.35
672,30.11,29.35
418,30.11,29.35
482,30.11,29.35
708,30.11,29.35
535,30.11,29.35
