645,30.43,29.65
381,30.43,29.65
134,30.43,29.65
437,30.43,29.65
697,30.43,29.65
130,30.43,29.63
685,30.43,29.63
484,30.43,29.63
633,30.43,29.63
545,30.43,29.63
321,30.43,29.63
732,30.43,29.63
457,30.43,29.63
617,30.43,29.63
298,30.43,29.63
596,30.43,29.63
586,30.43,29.63
877,30.43,29.63
141,30.43,29.63
531,30.43,29.63
195,30.43,29.63
875,30.43,29.63
454,30.43,29.63
539,30.43,29.63
481,30.43,29.63
288,30.43,29.63
480,30.43,29.63
371,30.43,29.63
702,30.43,29.63
206,30.43,29.63
489,30.43,29.63
735,30.43,29.63
892,30.43,29.63
700,30.43,29.63
859,30.43,29.63
314,30.43,29.63
893,30.43,29.63
460,30.43,29.63
702,30.43,29.63
521,30.43,29.63
657,30.43,29.63
888,30.43,29.63
130,30.41,29.63
605,30.41,29.63
299,30.41,29.63
592,30.41,29.63
728,30.41,29.63
393,30.41,29.63
470,30.41,29.63
394,30.41,29.63
419,30.41,29.63
758,30.41,29.63
130,30.41,29.63
454,30.41,29.63
346,30.41,29.63
253,30.41,29.63
556,30.41,29.63
555,30.41,29.63
849,30.41,29.63
617,30.41,29.63
880,30.41,29.63
486,30.41,29.63
243,30.41,29.63
442,30.41,29.63
628,30.41,29.63
575,30.41,29.63
799,30.41,29.63
485,30.41,29.63
631,30.41,29.63
879,30.41,29.63
619,30.41,29.63
790,30.41,29.63
305,30.41,29.63
436,30.41,29.63
717,30.41,29.63
475,30.41,29.63
670,30.41,29.63
334,30.41,29.63
468,30.41,29.63
677,30.41,29.63
135,30.41,29.63
345,30.41,29.63
726,30.41,29.63
362,30.41,29.63
893,30.41,29.63
193,30.41,29.63
617,30.41,29.63
563,30.41,29.63
245,30.41,29.63
875,30.41,29.63
652,30.41,29.63
418,30.41,29.63
754,30.41,29.63
332,30.41,29.63
841,30.41,29.63
414,30.41,29.63
268,30.41,29.63
744,30.41,29.63
130,30.41,29.63
558,30.41,29.63
131,30.41,29.63
657,30.39,29.63
507,30.39,29.63
753,30.39,29.63
415,30.39,29.63
390,30.39,29.63
519,30.39,29.63
456,30.39,29.63
279,30.39,29.63
388,30.39,29.63
358,30.39,29.63
143,30.39,29.63
437,30.39,29.63
367,30.39,29.63
840,30.39,29.63
669,30.39,29.63
692,30.39,29.63
540,30.39,29.63
749,30.39,29.63
685,30.39,29.63
570,30.39,29.63
184,30.39,29.63
368,30.39,29.63
693,30.39,29.63
212,30.39,29.63
623,30.39,29.65
178,30.39,29.65
414,30.39,29.65
274,30.39,29.65
315,30.39,29.65
304,30.39,29.65
564,30.39,29.65
780,30.39,29.65
341,30.39,29.65
325,30.39,29.65
311,30.39,29.65
170,30.39,29.65
339,30.39,29.65
451,30.39,29.65
509,30.39,29.65
719,30.39,29.65
202,30.39,29.65
876,30.39,29.65
398,30.39,29.65
596,30.39,29.65
766,30.39,29.65
137,30.39,29.65
605,30.39,29.65
132,30.39,29.65
377,30.39,29.65
441,30.39,29.65
648,30.39,29.65
469,30.39,29.65
760,30.39,29.65
521,30.39,29.65
710,30.39,29.65
617,30.39,29.65
776,30.39,29.65
460,30.39,29.65
493,30.39,29.65
447,30.39,29.65
609,30.41,29.65
524,30.41,29.65
235,30.41,29.65
642,30.41,29.65
768,30.41,29.65
894,30.41,29.65
602,30.41,29.65
651,30.41,29.65
725,30.41,29.65
649,30.41,29.65
502,30.41,29.65
544,30.41,29.65
132,30.41,29.65
661,30.41,29.65
437,30.41,29.65
698,30.41,29.65
563,30.41,29.65
292,30.41,29.65
319,30.41,29.65
661,30.41,29.65
141,30.41,29.65
400,30.41,29.65
130,30.41,29.65
413,30.41,29.59
620,30.41,29.59
459,30.41,29.59
436,30.41,29.59
130,30.41,29.59
664,30.41,29.59
892,30.41,29.59
276,30.41,29.59
560,30.41,29.59
323,30.41,29.59
838,30.41,29.59
872,30.41,29.59
129,30.41,29.59
871,30.41,29.59
405,30.41,29.59
621,30.41,29.59
440,30.41,29.59
265,30.41,29.59
650,30.41,29.59
190,30.41,29.59
127,30.41,29.59
470,30.41,29.59
230,30.41,29.59
680,30.41,29.59
455,30.41,29.59
691,30.41,29.59
592,30.41,29.59
178,30.41,29.59
797,30.41,29.59
434,30.41,29.59
453,30.41,29.59
557,30.41,29.59
234,30.41,29.59
499,30.41,29.59
428,30.41,29.59
893,30.41,29.59
394,30.41,29.59
394,30.39,29.59
693,30.39,29.59
456,30.39,29.59
225,30.39,29.59
579,30.39,29.59
534,30.39,29.59
850,30.39,29.59
418,30.39,29.59
484,30.39,29.59
330,30.39,29.59
186,30.39,29.59
287,30.39,29.59
441,30.39,29.59
706,30.39,29.59
130,30.39,29.59
671,30.39,29.59
347,30.39,29.59
649,30.39,29.59
617,30.39,29.59
538,30.39,29.59
533,30.39,29.59
132,30.39,29.59
602,30.39,29.59
130,30.39,29.75
582,30.39,29.75
436,30.39,29.75
567,30.39,29.75
466,30.39,29.75
188,30.39,29.75
575,30.39,29.75
275,30.39,29.75
434,30.39,29.75
607,30.39,29.75
130,30.39,29.75
595,30.39,29.75
131,30.39,29.75
484,30.39,29.75
691,30.39,29.75
214,30.39,29.75
897,30.39,29.75
520,30.39,29.75
747,30.39,29.75
652,30.39,29.75
345,30.39,29.75
389,30.39,29.75
329,30.39,29.75
671,30.39,29.75
329,30.39,29.75
829,30.39,29.75
572,30.39,29.75
530,30.39,29.75
719,30.39,29.75
135,30.39,29.75
484,30.39,29.75
821,30.39,29.75
267,30.39,29.75
894,30.39,29.75
130,30.39,29.75
644,30.39,29.75
756,30.39,29.75
392,30.39,29.75
664,30.39,29.75
178,30.39,29.75
530,30.39,29.75
416,30.39,29.75
606,30.39,29.75
131,30.39,29.75
520,30.39,29.75
340,30.39,29.75
425,30.39,29.75
683,30.39,29.75
200,30.39,29.75
645,30.39,29.75
826,30.39,29.75
367,30.39,29.75
518,30.39,29.75
130,30.39,29.75
341,30.39,29.75
736,30.39,29.75
204,30.39,29.75
471,30.39,29.75
131,30.39,29.75
447,30.39,29.75
559,30.39,29.89
846,30.39,29.89
665,30.39,29.89
129,30.39,29.89
413,30.39,29.89
472,30.39,29.89
568,30.39,29.89
265,30.39,29.89
384,30.39,29.89
611,30.39,29.89
410,30.39,29.89
635,30.39,29.89
365,30.39,29.89
289,30.39,29.89
893,30.39,29.89
248,30.39,29.89
596,30.39,29.89
195,30.39,29.89
810,30.39,29.89
884,30.39,29.89
156,30.39,29.89
894,30.39,29.89
189,30.39,29.89
682,30.39,29.89
559,30.39,29.89
422,30.39,29.89
547,30.39,29.89
636,30.39,29.89
588,30.39,29.89
393,30.39,29.89
760,30.39,29.89
622,30.39,29.89
546,30.39,29.89
128,30.39,29.89
161,30.39,29.89
186,30.39,29.89
285,30.39,29.89
582,30.39,29.89
868,30.39,29.89
623,30.39,29.89
720,30.39,29.89
143,30.39,29.89
729,30.39,29.89
562,30.39,29.89
245,30.39,29.89
208,30.39,29.89
488,30.39,29.89
895,30.39,29.89
894,30.39,29.89
568,30.39,29.89
272,30.39,29.89
895,30.39,29.89
615,30.39,29.89
322,30.39,29.89
579,30.39,29.89
445,30.39,29.89
565,30.39,29.89
484,30.39,29.89
132,30.39,29.89
893,30.39,29.71
130,30.39,29.71
862,30.39,29.71
511,30.39,29.71
132,30.39,29.71
894,30.39,29.71
130,30.39,29.71
676,30.39,29.71
365,30.39,29.71
256,30.39,29.71
610,30.39,29.71
201,30.39,29.71
503,30.39,29.71
367,30.39,29.71
717,30.39,29.71
523,30.39,29.71
623,30.39,29.71
895,30.39,29.71
130,30.39,29.71
518,30.39,29.71
842,30.39,29.71
363,30.39,29.71
894,30.39,29.71
131,30.39,29.71
518,30.39,29.71
233,30.39,29.71
546,30.39,29.71
533,30.39,29.71
419,30.39,29.71
798,30.39,29.71
544,30.39,29.71
595,30.39,29.71
802,30.39,29.71
588,30.39,29.71
256,30.39,29.71
895,30.39,29.71
595,30.39,29.71
130,30.39,29.71
524,30.39,29.71
367,30.39,29.71
581,30.39,29.71
891,30.39,29.71
335,30.39,29.71
894,30.39,29.71
533,30.39,29.71
699,30.39,29.71
894,30.39,29.71
130,30.39,29.71
793,30.39,29.71
231,30.39,29.71
894,30.39,29.71
437,30.39,29.71
290,30.39,29.71
789,30.39,29.71
139,30.39,29.71
