650,30.13,29.43
791,30.13,29.43
134,30.13,29.43
133,30.13,29.43
484,30.13,29.43
131,30.13,29.43
731,30.13,29.43
131,30.13,29.43
563,30.13,29.43
893,30.13,29.43
130,30.13,29.35
796,30.13,29.35
542,30.13,29.35
774,30.13,29.35
791,30.13,29.35
131,30.13,29.35
538,30.13,29.35
132,30.13,29.35
128,30.13,29.35
217,30.13,29.35
452,30.13,29.35
683,30.13,29.35
367,30.13,29.35
584,30.13,29.35
352,30.13,29.35
698,30.13,29.35
574,30.13,29.35
504,30.13,29.35
872,30.13,29.35
217,30.13,29.35
854,30.13,29.35
204,30.13,29.35
680,30.13,29.35
812,30.13,29.35
836,30.13,29.35
667,30.13,29.35
186,30.13,29.35
760,30.13,29.35
508,30.13,29.35
217,30.13,29.35
469,30.13,29.35
892,30.13,29.35
892,30.13,29.35
586,30.13,29.35
597,30.13,29.35
804,30.13,29.35
249,30.13,29.35
893,30.13,29.35
173,30.13,29.35
777,30.13,29.35
498,30.13,29.35
705,30.13,29.35
788,30.13,29.35
130,30.13,29.35
522,30.13,29.35
359,30.13,29.35
335,30.13,29.35
459,30.13,29.35
617,30.13,29.35
697,30.13,29.35
426,30.13,29.35
525,30.13,29.35
888,30.13,29.35
479,30.13,29.35
763,30.13,29.35
131,30.13,29.35
817,30.13,29.35
260,30.13,29.35
458,30.13,29.35
576,30.13,29.35
506,30.13,29.35
895,30.13,29.35
267,30.13,29.35
894,30.13,29.35
792,30.13,29.35
300,30.13,29.35
669,30.13,29.35
392,30.13,29.35
410,30.13,29.35
780,30.13,29.35
460,30.13,29.35
893,30.13,29.35
131,30.13,29.35
686,30.13,29.35
575,30.13,29.35
392,30.13,29.35
610,30.13,29.35
893,30.13,29.35
819,30.13,29.35
411,30.13,29.35
800,30.13,29.35
637,30.13,29.35
563,30.13,29.35
555,30.13,29.35
500,30.13,29.35
619,30.13,29.35
666,30.13,29.35
798,30.13,29.35
527,30.13,29.35
209,30.13,29.35
366,30.13,29.35
435,30.13,29.35
420,30.13,29.35
150,30.13,29.35
331,30.13,29.35
464,30.13,29.35
190,30.13,29.35
559,30.13,29.35
176,30.13,29.35
692,30.13,29.35
364,30.13,29.35
626,30.13,29.35
615,30.13,29.35
132,30.13,29.35
760,30.13,29.35
130,30.13,29.35
442,30.13,29.35
412,30.13,29.35
234,30.13,29.35
737,30.13,29.35
499,30.13,29.35
754,30.13,29.35
540,30.13,29.35
130,30.13,29.35
443,30.13,29.35
130,30.13,29.35
515,30.13,29.35
726,30.13,29.35
369,30.13,29.35
894,30.13,29.23
475,30.13,29.23
277,30.13,29.23
304,30.13,29.23
449,30.13,29.23
266,30.13,29.23
450,30.13,29.23
489,30.13,29.23
225,30.13,29.23
576,30.13,29.23
442,30.13,29.23
743,30.13,29.23
681,30.13,29.23
365,30.13,29.23
472,30.13,29.23
533,30.13,29.23
610,30.13,29.23
755,30.13,29.23
486,30.13,29.23
713,30.13,29.23
370,30.13,29.23
515,30.13,29.23
438,30.13,29.23
733,30.13,29.23
179,30.13,29.23
479,30.13,29.23
833,30.13,29.23
130,30.13,29.23
502,30.13,29.23
304,30.13,29.23
460,30.13,29.23
777,30.13,29.23
393,30.13,29.23
825,30.13,29.23
533,30.13,29.23
366,30.13,29.23
893,30.13,29.23
130,30.11,29.23
627,30.11,29.23
301,30.11,29.23
135,30.11,29.23
732,30.11,29.23
132,30.11,29.23
535,30.11,29.23
397,30.11,29.23
894,30.11,29.23
130,30.11,29.23
630,30.11,29.23
572,30.11,29.23
673,30.11,29.23
629,30.11,29.23
696,30.11,29.23
642,30.11,29.23
425,30.11,29.23
244,30.11,29.23
531,30.11,29.23
454,30.11,29.23
425,30.11,29.23
891,30.11,29.23
685,30.11,29.23
419,30.11,29.31
529,30.11,29.31
475,30.11,29.31
187,30.11,29.31
754,30.11,29.31
522,30.11,29.31
570,30.11,29.31
461,30.11,29.31
288,30.11,29.31
751,30.11,29.31
188,30.11,29.31
688,30.11,29.31
442,30.11,29.31
495,30.11,29.31
548,30.11,29.31
263,30.11,29.31
780,30.11,29.31
883,30.11,29.31
895,30.11,29.31
565,30.11,29.31
130,30.11,29.31
791,30.11,29.31
347,30.11,29.31
687,30.11,29.31
437,30.11,29.31
388,30.11,29.31
756,30.11,29.31
130,30.11,29.31
715,30.11,29.31
609,30.11,29.31
246,30.11,29.31
187,30.11,29.31
233,30.11,29.31
481,30.11,29.31
446,30.11,29.31
564,30.11,29.31
680,30.17,29.31
131,30.17,29.31
894,30.17,29.31
355,30.17,29.31
423,30.17,29.31
894,30.17,29.31
319,30.17,29.31
894,30.17,29.31
131,30.17,29.31
797,30.17,29.31
632,30.17,29.31
640,30.17,29.31
780,30.17,29.31
449,30.17,29.31
407,30.17,29.31
771,30.17,29.31
660,30.17,29.31
411,30.17,29.31
584,30.17,29.31
132,30.17,29.31
491,30.17,29.31
640,30.17,29.31
559,30.17,29.31
568,30.17,29.31
756,30.17,29.45
167,30.17,29.45
702,30.17,29.45
400,30.17,29.45
798,30.17,29.45
495,30.17,29.45
621,30.17,29.45
606,30.17,29.45
580,30.17,29.45
894,30.17,29.45
307,30.17,29.45
893,30.17,29.45
534,30.17,29.45
388,30.17,29.45
493,30.17,29.45
432,30.17,29.45
894,30.17,29.45
300,30.17,29.45
591,30.17,29.45
410,30.17,29.45
131,30.17,29.45
131,30.17,29.45
395,30.17,29.45
416,30.17,29.45
762,30.17,29.45
136,30.17,29.45
869,30.17,29.45
130,30.17,29.45
719,30.17,29.45
539,30.17,29.45
337,30.17,29.45
852,30.17,29.45
348,30.17,29.45
825,30.17,29.45
444,30.17,29.45
643,30.17,29.45
717,30.19,29.45
598,30.19,29.45
272,30.19,29.45
514,30.19,29.45
271,30.19,29.45
544,30.19,29.45
307,30.19,29.45
675,30.19,29.45
672,30.19,29.45
535,30.19,29.45
560,30.19,29.45
674,30.19,29.45
894,30.19,29.45
350,30.19,29.45
754,30.19,29.45
174,30.19,29.45
361,30.19,29.45
132,30.19,29.45
441,30.19,29.45
525,30.19,29.45
668,30.19,29.45
769,30.19,29.45
770,30.19,29.45
730,30.19,29.45
259,30.19,29.31
461,30.19,29.31
587,30.19,29.31
366,30.19,29.31
400,30.19,29.31
513,30.19,29.31
574,30.19,29.31
455,30.19,29.31
130,30.19,29.31
717,30.19,29.31
131,30.19,29.31
304,30.19,29.31
653,30.19,29.31
130,30.19,29.31
748,30.19,29.31
130,30.19,29.31
654,30.19,29.31
359,30.19,29.31
552,30.19,29.31
753,30.19,29.31
381,30.19,29.31
360,30.19,29.31
546,30.19,29.31
538,30.19,29.31
134,30.19,29.31
539,30.19,29.31
595,30.19,29.31
326,30.19,29.31
531,30.19,29.31
729,30.19,29.31
720,30.19,29.31
666,30.19,29.31
295,30.19,29.31
894,30.19,29.31
727,30.19,29.31
762,30.19,29.31
473,30.11,29.31
460,30.11,29.31
670,30.11,29.31
420,30.11,29.31
516,30.11,29.31
330,30.11,29.31
433,30.11,29.31
400,30.11,29.31
268,30.11,29.31
507,30.11,29.31
326,30.11,29.31
784,30.11,29.31
421,30.11,29.31
619,30.11,29.31
724,30.11,29.31
402,30.11,29.31
593,30.11,29.31
212,30.11,29.31
749,30.11,29.31
694,30.11,29.31
134,30.11,29.31
894,30.11,29.31
505,30.11,29.31
538,30.11,29.31
656,30.11,29.31
169,30.11,29.31
663,30.11,29.31
130,30.11,29.31
370,30.11,29.31
404,30.11,29.31
150,30.11,29.31
448,30.11,29.31
130,30.11,29.31
826,30.11,29.31
314,30.11,29.31
894,30.11,29.31
871,30.11,29.31
525,30.11,29.31
825,30.11,29.31
599,30.11,29.31
551,30.11,29.31
630,30.11,29.31
169,30.11,29.31
645,30.11,29.31
730,30.11,29.31
894,30.11,29.31
539,30.11,29.31
329,30.11,29.31
662,30.11,29.31
130,30.11,29.31
445,30.11,29.31
379,30.11,29.31
495,30.11,29.31
800,30.11,29.31
381,30.11,29.31
219,30.11,29.31
419,30.11,29.31
431,30.11,29.31
386,30.11,29.31
651,30.13,29.31
697,30.13,29.31
669,30.13,29.31
656,30.13,29.31
354,30.13,29.31
686,30.13,29.31
893,30.13,29.31
605,30.13,29.31
350,30.13,29.31
697,30.13,29.31
791,30.13,29.31
474,30.13,29.31
774,30.13,29.31
547,30.13,29.31
