576,30.29,29.55
353,30.29,29.55
786,30.29,29.55
620,30.29,29.55
625,30.29,29.55
749,30.29,29.55
364,30.29,29.55
488,30.29,29.55
387,30.29,29.55
463,30.29,29.55
518,30.29,29.55
340,30.29,29.55
731,30.29,29.55
286,30.29,29.55
433,30.29,29.55
617,30.29,29.55
130,30.29,29.55
589,30.29,29.55
843,30.29,29.55
517,30.29,29.55
662,30.23,29.55
347,30.23,29.55
791,30.23,29.55
361,30.23,29.55
487,30.23,29.55
684,30.23,29.55
636,30.23,29.55
678,30.23,29.55
403,30.23,29.55
553,30.23,29.55
720,30.23,29.55
442,30.23,29.55
459,30.23,29.55
493,30.23,29.55
553,30.23,29.55
533,30.23,29.55
278,30.23,29.55
416,30.23,29.55
309,30.23,29.55
526,30.23,29.55
346,30.23,29.55
826,30.23,29.55
567,30.23,29.55
768,30.23,29.55
543,30.23,29.51
536,30.23,29.51
627,30.23,29.51
500,30.23,29.51
811,30.23,29.51
132,30.23,29.51
366,30.23,29.51
473,30.23,29.51
488,30.23,29.51
131,30.23,29.51
462,30.23,29.51
704,30.23,29.51
838,30.23,29.51
619,30.23,29.51
524,30.23,29.51
692,30.23,29.51
505,30.23,29.51
647,30.23,29.51
428,30.23,29.51
498,30.23,29.51
549,30.23,29.51
668,30.23,29.51
435,30.23,29.51
760,30.23,29.51
244,30.23,29.51
436,30.23,29.51
380,30.23,29.51
601,30.23,29.51
667,30.23,29.51
561,30.23,29.51
488,30.23,29.51
667,30.23,29.51
391,30.23,29.51
648,30.23,29.51
608,30.23,29.51
621,30.23,29.51
633,30.29,29.51
680,30.29,29.51
615,30.29,29.51
404,30.29,29.51
894,30.29,29.51
527,30.29,29.51
230,30.29,29.51
544,30.29,29.51
893,30.29,29.51
896,30.29,29.51
892,30.29,29.51
690,30.29,29.51
605,30.29,29.51
312,30.29,29.51
727,30.29,29.51
464,30.29,29.51
388,30.29,29.51
485,30.29,29.51
267,30.29,29.51
426,30.29,29.51
336,30.29,29.51
321,30.29,29.51
334,30.29,29.51
618,30.29,29.51
249,30.29,29.43
441,30.29,29.43
277,30.29,29.43
445,30.29,29.43
287,30.29,29.43
310,30.29,29.43
428,30.29,29.43
347,30.29,29.43
561,30.29,29.43
627,30.29,29.43
557,30.29,29.43
474,30.29,29.43
141,30.29,29.43
803,30.29,29.43
681,30.29,29.43
131,30.29,29.43
689,30.29,29.43
406,30.29,29.43
683,30.29,29.43
748,30.29,29.43
799,30.29,29.43
653,30.29,29.43
398,30.29,29.43
526,30.29,29.43
280,30.29,29.43
500,30.29,29.43
424,30.29,29.43
557,30.29,29.43
665,30.29,29.43
614,30.29,29.43
378,30.29,29.43
689,30.29,29.43
453,30.29,29.43
526,30.29,29.43
708,30.29,29.43
318,30.29,29.43
248,30.25,29.43
146,30.25,29.43
872,30.25,29.43
132,30.25,29.43
571,30.25,29.43
158,30.25,29.43
584,30.25,29.43
438,30.25,29.43
718,30.25,29.43
240,30.25,29.43
659,30.25,29.43
521,30.25,29.43
745,30.25,29.43
515,30.25,29.43
350,30.25,29.43
498,30.25,29.43
636,30.25,29.43
635,30.25,29.43
638,30.25,29.43
566,30.25,29.43
142,30.25,29.43
832,30.25,29.43
590,30.25,29.43
784,30.25,29.59
488,30.25,29.59
892,30.25,29.59
543,30.25,29.59
498,30.25,29.59
510,30.25,29.59
313,30.25,29.59
171,30.25,29.59
892,30.25,29.59
723,30.25,29.59
806,30.25,29.59
746,30.25,29.59
569,30.25,29.59
721,30.25,29.59
134,30.25,29.59
603,30.25,29.59
496,30.25,29.59
776,30.25,29.59
524,30.25,29.59
637,30.25,29.59
692,30.25,29.59
424,30.25,29.59
689,30.25,29.59
240,30.25,29.59
485,30.25,29.59
551,30.25,29.59
588,30.25,29.59
388,30.25,29.59
689,30.25,29.59
506,30.25,29.59
288,30.25,29.59
241,30.25,29.59
894,30.25,29.59
135,30.25,29.59
793,30.25,29.59
894,30.25,29.59
636,30.27,29.59
653,30.27,29.59
233,30.27,29.59
702,30.27,29.59
206,30.27,29.59
611,30.27,29.59
352,30.27,29.59
887,30.27,29.59
501,30.27,29.59
751,30.27,29.59
795,30.27,29.59
421,30.27,29.59
712,30.27,29.59
712,30.27,29.59
613,30.27,29.59
700,30.27,29.59
461,30.27,29.59
261,30.27,29.59
794,30.27,29.59
132,30.27,29.59
558,30.27,29.59
384,30.27,29.59
725,30.27,29.59
895,30.27,29.59
429,30.27,29.45
226,30.27,29.45
638,30.27,29.45
457,30.27,29.45
140,30.27,29.45
894,30.27,29.45
397,30.27,29.45
564,30.27,29.45
422,30.27,29.45
548,30.27,29.45
440,30.27,29.45
542,30.27,29.45
440,30.27,29.45
603,30.27,29.45
551,30.27,29.45
641,30.27,29.45
393,30.27,29.45
459,30.27,29.45
799,30.27,29.45
457,30.27,29.45
559,30.27,29.45
446,30.27,29.45
548,30.27,29.45
259,30.27,29.45
148,30.27,29.45
509,30.27,29.45
530,30.27,29.45
893,30.27,29.45
280,30.27,29.45
652,30.27,29.45
562,30.27,29.45
392,30.27,29.45
168,30.27,29.45
305,30.27,29.45
325,30.27,29.45
396,30.27,29.45
305,30.27,29.45
129,30.27,29.45
359,30.27,29.45
542,30.27,29.45
500,30.27,29.45
432,30.27,29.45
563,30.27,29.45
406,30.27,29.45
529,30.27,29.45
261,30.27,29.45
610,30.27,29.45
358,30.27,29.45
771,30.27,29.45
508,30.27,29.45
707,30.27,29.45
404,30.27,29.45
322,30.27,29.45
755,30.27,29.45
350,30.27,29.45
573,30.27,29.45
540,30.27,29.45
275,30.27,29.45
888,30.27,29.45
825,30.27,29.45
599,30.27,29.55
344,30.27,29.55
259,30.27,29.55
792,30.27,29.55
206,30.27,29.55
616,30.27,29.55
244,30.27,29.55
609,30.27,29.55
142,30.27,29.55
129,30.27,29.55
315,30.27,29.55
344,30.27,29.55
293,30.27,29.55
338,30.27,29.55
457,30.27,29.55
323,30.27,29.55
365,30.27,29.55
525,30.27,29.55
255,30.27,29.55
249,30.27,29.55
678,30.27,29.55
571,30.27,29.55
589,30.27,29.55
664,30.27,29.55
675,30.27,29.55
206,30.27,29.55
624,30.27,29.55
766,30.27,29.55
403,30.27,29.55
583,30.27,29.55
242,30.27,29.55
845,30.27,29.55
819,30.27,29.55
535,30.27,29.55
610,30.27,29.55
591,30.27,29.55
519,30.27,29.55
352,30.27,29.55
305,30.27,29.55
410,30.27,29.55
349,30.27,29.55
783,30.27,29.55
570,30.27,29.55
406,30.27,29.55
395,30.27,29.55
273,30.27,29.55
840,30.27,29.55
524,30.27,29.55
502,30.27,29.55
349,30.27,29.55
510,30.27,29.55
563,30.27,29.55
713,30.27,29.55
731,30.27,29.55
396,30.27,29.55
430,30.27,29.55
389,30.27,29.55
256,30.27,29.55
391,30.27,29.55
407,30.27,29.57
524,30.27,29.57
892,30.27,29.57
524,30.27,29.57
755,30.27,29.57
536,30.27,29.57
864,30.27,29.57
570,30.27,29.57
287,30.27,29.57
615,30.27,29.57
698,30.27,29.57
407,30.27,29.57
563,30.27,29.57
540,30.27,29.57
186,30.27,29.57
521,30.27,29.57
238,30.27,29.57
592,30.27,29.57
608,30.27,29.57
807,30.27,29.57
552,30.27,29.57
730,30.27,29.57
149,30.27,29.57
763,30.27,29.57
475,30.27,29.57
425,30.27,29.57
656,30.27,29.57
327,30.27,29.57
588,30.27,29.57
184,30.27,29.57
545,30.27,29.57
758,30.27,29.57
629,30.27,29.57
656,30.27,29.57
603,30.27,29.57
440,30.27,29.57
660,30.25,29.57
129,30.25,29.57
336,30.25,29.57
451,30.25,29.57
170,30.25,29.57
288,30.25,29.57
265,30.25,29.57
491,30.25,29.57
457,30.25,29.57
566,30.25,29.57
444,30.25,29.57
696,30.25,29.57
353,30.25,29.57
617,30.25,29.57
135,30.25,29.57
407,30.25,29.57
348,30.25,29.57
158,30.25,29.57
722,30.25,29.57
185,30.25,29.57
658,30.25,29.57
787,30.25,29.57
611,30.25,29.57
510,30.25,29.57
593,30.25,29.51
768,30.25,29.51
340,30.25,29.51
129,30.25,29.51
886,30.25,29.51
242,30.25,29.51
721,30.25,29.51
182,30.25,29.51
211,30.25,29.51
895,30.25,29.51
442,30.25,29.51
894,30.25,29.51
260,30.25,29.51
799,30.25,29.51
512,30.25,29.51
480,30.25,29.51
894,30.25,29.51
