310,30.17,29.45
449,30.17,29.45
715,30.17,29.45
396,30.17,29.45
678,30.17,29.45
450,30.17,29.45
886,30.17,29.45
343,30.17,29.45
450,30.17,29.45
655,30.17,29.45
191,30.17,29.45
548,30.17,29.45
371,30.17,29.45
562,30.17,29.45
227,30.17,29.45
369,30.17,29.45
549,30.17,29.45
436,30.17,29.45
863,30.19,29.45
826,30.19,29.45
196,30.19,29.45
703,30.19,29.45
247,30.19,29.45
723,30.19,29.45
342,30.19,29.45
269,30.19,29.45
829,30.19,29.45
130,30.19,29.45
609,30.19,29.45
127,30.19,29.45
353,30.19,29.45
580,30.19,29.45
314,30.19,29.45
327,30.19,29.45
303,30.19,29.45
468,30.19,29.45
769,30.19,29.45
331,30.19,29.45
578,30.19,29.45
524,30.19,29.45
287,30.19,29.45
683,30.19,29.25
135,30.19,29.25
641,30.19,29.25
490,30.19,29.25
670,30.19,29.25
631,30.19,29.25
893,30.19,29.25
309,30.19,29.25
692,30.19,29.25
258,30.19,29.25
637,30.19,29.25
279,30.19,29.25
387,30.19,29.25
869,30.19,29.25
363,30.19,29.25
894,30.19,29.25
235,30.19,29.25
675,30.19,29.25
162,30.19,29.25
556,30.19,29.25
275,30.19,29.25
253,30.19,29.25
569,30.19,29.25
635,30.19,29.25
571,30.19,29.25
510,30.19,29.25
212,30.19,29.25
544,30.19,29.25
758,30.19,29.25
129,30.19,29.25
882,30.19,29.25
341,30.19,29.25
723,30.19,29.25
681,30.19,29.25
404,30.19,29.25
626,30.19,29.25
416,30.13,29.25
494,30.13,29.25
502,30.13,29.25
131,30.13,29.25
677,30.13,29.25
582,30.13,29.25
187,30.13,29.25
774,30.13,29.25
554,30.13,29.25
687,30.13,29.25
230,30.13,29.25
572,30.13,29.25
667,30.13,29.25
328,30.13,29.25
568,30.13,29.25
312,30.13,29.25
400,30.13,29.25
459,30.13,29.25
689,30.13,29.25
412,30.13,29.25
572,30.13,29.25
635,30.13,29.25
689,30.13,29.25
548,30.13,29.25
723,30.13,29.35
429,30.13,29.35
129,30.13,29.35
679,30.13,29.35
438,30.13,29.35
505,30.13,29.35
811,30.13,29.35
372,30.13,29.35
546,30.13,29.35
421,30.13,29.35
152,30.13,29.35
481,30.13,29.35
306,30.13,29.35
825,30.13,29.35
568,30.13,29.35
447,30.13,29.35
808,30.13,29.35
507,30.13,29.35
553,30.13,29.35
394,30.13,29.35
261,30.13,29.35
621,30.13,29.35
555,30.13,29.35
610,30.13,29.35
719,30.13,29.35
843,30.13,29.35
677,30.13,29.35
472,30.13,29.35
593,30.13,29.35
374,30.13,29.35
894,30.13,29.35
758,30.13,29.35
827,30.13,29.35
702,30.13,29.35
509,30.13,29.35
658,30.13,29.35
377,30.13,29.35
848,30.13,29.35
382,30.13,29.35
715,30.13,29.35
372,30.13,29.35
535,30.13,29.35
632,30.13,29.35
323,30.13,29.35
563,30.13,29.35
444,30.13,29.35
523,30.13,29.35
730,30.13,29.35
222,30.13,29.35
622,30.13,29.35
525,30.13,29.35
324,30.13,29.35
734,30.13,29.35
317,30.13,29.35
700,30.13,29.35
613,30.13,29.35
578,30.13,29.35
320,30.13,29.35
482,30.13,29.35
730,30.13,29.35
186,30.13,29.39
704,30.13,29.39
504,30.13,29.39
148,30.13,29.39
360,30.13,29.39
460,30.13,29.39
691,30.13,29.39
704,30.13,29.39
490,30.13,29.39
638,30.13,29.39
616,30.13,29.39
626,30.13,29.39
538,30.13,29.39
457,30.13,29.39
275,30.13,29.39
590,30.13,29.39
619,30.13,29.39
464,30.13,29.39
827,30.13,29.39
628,30.13,29.39
778,30.13,29.39
662,30.13,29.39
533,30.13,29.39
744,30.13,29.39
610,30.13,29.39
350,30.13,29.39
748,30.13,29.39
399,30.13,29.39
709,30.13,29.39
633,30.13,29.39
602,30.13,29.39
614,30.13,29.39
784,30.13,29.39
260,30.13,29.39
555,30.13,29.39
634,30.13,29.39
465,30.13,29.39
556,30.13,29.39
561,30.13,29.39
895,30.13,29.39
878,30.13,29.39
655,30.13,29.39
584,30.13,29.39
870,30.13,29.39
184,30.13,29.39
756,30.13,29.39
484,30.13,29.39
515,30.13,29.39
668,30.13,29.39
329,30.13,29.39
721,30.13,29.39
394,30.13,29.39
562,30.13,29.39
642,30.13,29.39
444,30.13,29.39
278,30.13,29.39
844,30.13,29.39
405,30.13,29.39
217,30.13,29.39
221,30.13,29.31
589,30.13,29.31
628,30.13,29.31
276,30.13,29.31
617,30.13,29.31
424,30.13,29.31
290,30.13,29.31
617,30.13,29.31
381,30.13,29.31
345,30.13,29.31
668,30.13,29.31
483,30.13,29.31
894,30.13,29.31
225,30.13,29.31
893,30.13,29.31
618,30.13,29.31
360,30.13,29.31
705,30.13,29.31
550,30.13,29.31
761,30.13,29.31
534,30.13,29.31
705,30.13,29.31
743,30.13,29.31
385,30.13,29.31
401,30.13,29.31
374,30.13,29.31
419,30.13,29.31
596,30.13,29.31
375,30.13,29.31
580,30.13,29.31
367,30.13,29.31
608,30.13,29.31
374,30.13,29.31
326,30.13,29.31
770,30.13,29.31
531,30.13,29.31
550,30.13,29.31
424,30.13,29.31
737,30.13,29.31
130,30.13,29.31
892,30.13,29.31
389,30.13,29.31
496,30.13,29.31
646,30.13,29.31
529,30.13,29.31
534,30.13,29.31
251,30.13,29.31
884,30.13,29.31
625,30.13,29.31
349,30.13,29.31
573,30.13,29.31
715,30.13,29.31
131,30.13,29.31
894,30.13,29.31
432,30.13,29.31
893,30.13,29.31
506,30.13,29.31
601,30.13,29.31
788,30.13,29.31
283,30.13,29.31
726,30.13,29.63
443,30.13,29.63
582,30.13,29.63
183,30.13,29.63
668,30.13,29.63
436,30.13,29.63
595,30.13,29.63
622,30.13,29.63
699,30.13,29.63
487,30.13,29.63
704,30.13,29.63
144,30.13,29.63
732,30.13,29.63
488,30.13,29.63
437,30.13,29.63
596,30.13,29.63
208,30.13,29.63
660,30.13,29.63
334,30.13,29.63
670,30.13,29.63
652,30.13,29.63
587,30.13,29.63
418,30.13,29.63
741,30.13,29.63
448,30.13,29.63
235,30.13,29.63
471,30.13,29.63
188,30.13,29.63
482,30.13,29.63
525,30.13,29.63
707,30.13,29.63
505,30.13,29.63
394,30.13,29.63
243,30.13,29.63
555,30.13,29.63
131,30.13,29.63
331,30.17,29.63
129,30.17,29.63
203,30.17,29.63
774,30.17,29.63
324,30.17,29.63
511,30.17,29.63
403,30.17,29.63
781,30.17,29.63
893,30.17,29.63
894,30.17,29.63
421,30.17,29.63
551,30.17,29.63
312,30.17,29.63
615,30.17,29.63
382,30.17,29.63
487,30.17,29.63
353,30.17,29.63
344,30.17,29.63
567,30.17,29.63
452,30.17,29.63
485,30.17,29.63
278,30.17,29.63
351,30.17,29.63
421,30.17,29.63
482,30.17,29.37
351,30.17,29.37
894,30.17,29.37
384,30.17,29.37
704,30.17,29.37
716,30.17,29.37
526,30.17,29.37
550,30.17,29.37
428,30.17,29.37
893,30.17,29.37
130,30.17,29.37
308,30.17,29.37
373,30.17,29.37
525,30.17,29.37
507,30.17,29.37
408,30.17,29.37
319,30.17,29.37
891,30.17,29.37
397,30.17,29.37
732,30.17,29.37
605,30.17,29.37
357,30.17,29.37
425,30.17,29.37
130,30.17,29.37
431,30.17,29.37
215,30.17,29.37
551,30.17,29.37
636,30.17,29.37
235,30.17,29.37
805,30.17,29.37
607,30.17,29.37
489,30.17,29.37
285,30.17,29.37
577,30.17,29.37
563,30.17,29.37
454,30.17,29.37
407,30.17,29.37
594,30.17,29.37
681,30.17,29.37
761,30.17,29.37
418,30.17,29.37
514,30.17,29.37
324,30.17,29.37
344,30.17,29.37
244,30.17,29.37
357,30.17,29.37
161,30.17,29.37
680,30.17,29.37
604,30.17,29.37
134,30.17,29.37
894,30.17,29.37
758,30.17,29.37
699,30.17,29.37
763,30.17,29.37
501,30.17,29.37
732,30.17,29.37
616,30.17,29.37
500,30.17,29.37
607,30.17,29.37
372,30.17,29.31
608,30.17,29.31
792,30.17,29.31
193,30.17,29.31
315,30.17,29.31
276,30.17,29.31
489,30.17,29.31
493,30.17,29.31
585,30.17,29.31
738,30.17,29.31
244,30.17,29.31
597,30.17,29.31
488,30.17,29.31
475,30.17,29.31
577,30.17,29.31
159,30.17,29.31
687,30.17,29.31
588,30.17,29.31
167,30.17,29.31
337,30.17,29.31
