869,30.33,29.49
346,30.33,29.49
577,30.33,29.49
585,30.33,29.55
618,30.33,29.55
530,30.33,29.55
328,30.33,29.55
498,30.33,29.55
351,30.33,29.55
447,30.33,29.55
181,30.33,29.55
653,30.33,29.55
274,30.33,29.55
663,30.33,29.55
299,30.33,29.55
375,30.33,29.55
345,30.33,29.55
150,30.33,29.55
521,30.33,29.55
462,30.33,29.55
553,30.33,29.55
559,30.33,29.55
583,30.33,29.55
860,30.33,29.55
537,30.33,29.55
521,30.33,29.55
828,30.33,29.55
132,30.33,29.55
541,30.33,29.55
324,30.33,29.55
640,30.33,29.55
251,30.33,29.55
708,30.33,29.55
892,30.33,29.55
886,30.33,29.55
430,30.33,29.55
410,30.33,29.55
584,30.33,29.55
344,30.33,29.55
689,30.33,29.55
191,30.39,29.55
734,30.39,29.55
437,30.39,29.55
564,30.39,29.55
502,30.39,29.55
608,30.39,29.55
547,30.39,29.55
318,30.39,29.55
653,30.39,29.55
515,30.39,29.55
558,30.39,29.55
629,30.39,29.55
891,30.39,29.55
473,30.39,29.55
892,30.39,29.55
130,30.39,29.55
767,30.39,29.55
319,30.39,29.55
822,30.39,29.55
661,30.39,29.55
571,30.39,29.55
856,30.39,29.55
352,30.39,29.55
771,30.39,29.45
132,30.39,29.45
560,30.39,29.45
679,30.39,29.45
511,30.39,29.45
474,30.39,29.45
508,30.39,29.45
160,30.39,29.45
496,30.39,29.45
511,30.39,29.45
783,30.39,29.45
501,30.39,29.45
471,30.39,29.45
485,30.39,29.45
819,30.39,29.45
604,30.39,29.45
428,30.39,29.45
536,30.39,29.45
671,30.39,29.45
498,30.39,29.45
128,30.39,29.45
369,30.39,29.45
534,30.39,29.45
352,30.39,29.45
129,30.39,29.45
268,30.39,29.45
488,30.39,29.45
768,30.39,29.45
578,30.39,29.45
608,30.39,29.45
515,30.39,29.45
542,30.39,29.45
463,30.39,29.45
444,30.39,29.45
266,30.39,29.45
479,30.39,29.45
893,30.39,29.45
689,30.39,29.45
702,30.39,29.45
678,30.39,29.45
835,30.39,29.45
477,30.39,29.45
675,30.39,29.45
708,30.39,29.45
363,30.39,29.45
612,30.39,29.45
439,30.39,29.45
375,30.39,29.45
570,30.39,29.45
373,30.39,29.45
360,30.39,29.45
624,30.39,29.45
384,30.39,29.45
893,30.39,29.45
645,30.39,29.45
730,30.39,29.45
773,30.39,29.45
428,30.39,29.45
566,30.39,29.45
201,30.39,29.45
619,30.39,29.69
385,30.39,29.69
473,30.39,29.69
562,30.39,29.69
594,30.39,29.69
596,30.39,29.69
530,30.39,29.69
625,30.39,29.69
684,30.39,29.69
421,30.39,29.69
638,30.39,29.69
203,30.39,29.69
686,30.39,29.69
679,30.39,29.69
128,30.39,29.69
747,30.39,29.69
456,30.39,29.69
886,30.39,29.69
893,30.39,29.69
631,30.39,29.69
532,30.39,29.69
616,30.39,29.69
439,30.39,29.69
442,30.39,29.69
131,30.39,29.69
281,30.39,29.69
387,30.39,29.69
129,30.39,29.69
473,30.39,29.69
461,30.39,29.69
563,30.39,29.69
514,30.39,29.69
188,30.39,29.69
450,30.39,29.69
537,30.39,29.69
430,30.39,29.69
731,30.35,29.69
601,30.35,29.69
672,30.35,29.69
592,30.35,29.69
493,30.35,29.69
739,30.35,29.69
308,30.35,29.69
789,30.35,29.69
265,30.35,29.69
294,30.35,29.69
191,30.35,29.69
218,30.35,29.69
576,30.35,29.69
526,30.35,29.69
355,30.35,29.69
722,30.35,29.69
323,30.35,29.69
727,30.35,29.69
224,30.35,29.69
624,30.35,29.69
611,30.35,29.69
249,30.35,29.69
755,30.35,29.69
533,30.35,29.69
894,30.35,29.63
487,30.35,29.63
544,30.35,29.63
895,30.35,29.63
376,30.35,29.63
498,30.35,29.63
529,30.35,29.63
350,30.35,29.63
477,30.35,29.63
165,30.35,29.63
318,30.35,29.63
675,30.35,29.63
225,30.35,29.63
780,30.35,29.63
299,30.35,29.63
424,30.35,29.63
509,30.35,29.63
506,30.35,29.63
278,30.35,29.63
139,30.35,29.63
135,30.35,29.63
337,30.35,29.63
435,30.35,29.63
404,30.35,29.63
628,30.35,29.63
263,30.35,29.63
793,30.35,29.63
398,30.35,29.63
795,30.35,29.63
354,30.35,29.63
369,30.35,29.63
604,30.35,29.63
758,30.35,29.63
577,30.35,29.63
779,30.35,29.63
330,30.35,29.63
603,30.35,29.63
685,30.35,29.63
185,30.35,29.63
775,30.35,29.63
129,30.35,29.63
851,30.35,29.63
158,30.35,29.63
590,30.35,29.63
553,30.35,29.63
436,30.35,29.63
524,30.35,29.63
595,30.35,29.63
632,30.35,29.63
459,30.35,29.63
614,30.35,29.63
371,30.35,29.63
699,30.35,29.63
403,30.35,29.63
626,30.35,29.63
356,30.35,29.63
745,30.35,29.63
158,30.35,29.63
862,30.35,29.63
462,30.35,29.63
837,30.35,29.63
683,30.35,29.63
403,30.35,29.63
552,30.35,29.63
444,30.35,29.63
778,30.35,29.63
708,30.35,29.63
582,30.35,29.63
293,30.35,29.63
535,30.35,29.63
672,30.35,29.63
400,30.35,29.63
378,30.35,29.63
255,30.35,29.63
639,30.35,29.63
487,30.35,29.63
537,30.35,29.63
600,30.35,29.63
713,30.35,29.63
703,30.35,29.63
358,30.35,29.63
352,30.35,29.63
741,30.35,29.63
128,30.35,29.63
857,30.35,29.63
345,30.35,29.63
241,30.35,29.63
817,30.35,29.63
782,30.35,29.63
759,30.35,29.63
568,30.35,29.63
264,30.35,29.63
394,30.35,29.63
650,30.35,29.63
468,30.35,29.63
487,30.39,29.63
606,30.39,29.63
577,30.39,29.63
454,30.39,29.63
430,30.39,29.63
332,30.39,29.63
718,30.39,29.63
721,30.39,29.63
619,30.39,29.63
466,30.39,29.63
389,30.39,29.63
818,30.39,29.63
225,30.39,29.63
720,30.39,29.63
764,30.39,29.63
300,30.39,29.63
866,30.39,29.63
590,30.39,29.63
671,30.39,29.63
894,30.39,29.63
333,30.39,29.63
501,30.39,29.63
538,30.39,29.63
509,30.39,29.63
161,30.39,29.49
621,30.39,29.49
820,30.39,29.49
549,30.39,29.49
768,30.39,29.49
548,30.39,29.49
501,30.39,29.49
644,30.39,29.49
436,30.39,29.49
274,30.39,29.49
869,30.39,29.49
314,30.39,29.49
663,30.39,29.49
556,30.39,29.49
511,30.39,29.49
729,30.39,29.49
352,30.39,29.49
321,30.39,29.49
381,30.39,29.49
415,30.39,29.49
476,30.39,29.49
144,30.39,29.49
456,30.39,29.49
834,30.39,29.49
365,30.39,29.49
835,30.39,29.49
731,30.39,29.49
894,30.39,29.49
523,30.39,29.49
418,30.39,29.49
497,30.39,29.49
177,30.39,29.49
564,30.39,29.49
385,30.39,29.49
221,30.39,29.49
520,30.39,29.49
238,30.35,29.49
517,30.35,29.49
524,30.35,29.49
135,30.35,29.49
531,30.35,29.49
625,30.35,29.49
531,30.35,29.49
615,30.35,29.49
457,30.35,29.49
607,30.35,29.49
407,30.35,29.49
628,30.35,29.49
558,30.35,29.49
651,30.35,29.49
604,30.35,29.49
670,30.35,29.49
581,30.35,29.49
449,30.35,29.49
465,30.35,29.49
130,30.35,29.49
338,30.35,29.49
716,30.35,29.49
456,30.35,29.49
477,30.35,29.49
759,30.35,29.69
299,30.35,29.69
687,30.35,29.69
464,30.35,29.69
142,30.35,29.69
405,30.35,29.69
682,30.35,29.69
566,30.35,29.69
785,30.35,29.69
340,30.35,29.69
754,30.35,29.69
817,30.35,29.69
348,30.35,29.69
746,30.35,29.69
610,30.35,29.69
561,30.35,29.69
644,30.35,29.69
647,30.35,29.69
894,30.35,29.69
421,30.35,29.69
232,30.35,29.69
707,30.35,29.69
388,30.35,29.69
670,30.35,29.69
513,30.35,29.69
518,30.35,29.69
753,30.35,29.69
642,30.35,29.69
568,30.35,29.69
598,30.35,29.69
559,30.35,29.69
776,30.35,29.69
596,30.35,29.69
289,30.35,29.69
517,30.35,29.69
575,30.35,29.69
689,30.35,29.69
339,30.35,29.69
656,30.35,29.69
484,30.35,29.69
621,30.35,29.69
480,30.35,29.69
530,30.35,29.69
741,30.35,29.69
609,30.35,29.69
700,30.35,29.69
531,30.35,29.69
585,30.35,29.69
130,30.35,29.69
641,30.35,29.69
395,30.35,29.69
502,30.35,29.69
601,30.35,29.69
372,30.35,29.69
725,30.35,29.69
539,30.35,29.69
