431,30.01,29.25
410,30.01,29.25
129,30.01,29.25
132,30.01,29.25
542,30.01,29.25
143,30.01,29.25
812,30.01,29.25
499,30.01,29.25
893,30.01,29.25
654,30.01,29.25
641,30.01,29.25
227,30.01,29.25
283,30.01,29.25
526,30.01,29.25
519,30.01,29.25
501,30.01,29.25
447,30.01,29.25
615,30.01,29.25
235,30.01,29.25
624,30.01,29.25
221,30.01,29.25
660,30.01,29.25
363,30.01,29.25
291,30.01,29.25
617,30.01,29.25
282,30.01,29.25
251,30.01,29.25
677,30.01,29.25
297,30.01,29.25
635,30.01,29.25
544,30.01,29.25
371,30.01,29.25
810,30.01,29.25
132,30.01,29.25
892,30.01,29.25
515,30.01,29.25
763,30.01,29.25
350,30.01,29.25
733,30.01,29.25
662,30.01,29.25
216,30.01,29.25
166,30.01,29.25
397,30.01,29.25
737,30.01,29.25
405,30.01,29.25
279,30.01,29.25
652,30.01,29.25
659,30.01,29.25
609,30.01,29.25
758,30.01,29.25
318,30.01,29.25
799,30.01,29.25
624,30.01,29.25
894,30.01,29.25
468,30.01,29.25
309,30.01,29.25
762,30.01,29.25
369,30.01,29.25
563,30.01,29.25
283,30.01,29.25
802,30.01,29.25
158,30.01,29.25
759,30.01,29.25
422,30.01,29.25
546,30.01,29.25
513,30.01,29.25
507,30.01,29.25
848,30.01,29.25
798,30.01,29.29
433,30.01,29.29
713,30.01,29.29
324,30.01,29.29
371,30.01,29.29
554,30.01,29.29
129,30.01,29.29
755,30.01,29.29
138,30.01,29.29
564,30.01,29.29
562,30.01,29.29
130,30.01,29.29
447,30.01,29.29
753,30.01,29.29
291,30.01,29.29
549,30.01,29.29
751,30.01,29.29
589,30.01,29.29
728,30.01,29.29
322,30.01,29.29
574,30.01,29.29
522,30.01,29.29
840,30.01,29.29
411,30.01,29.29
885,30.01,29.29
532,30.01,29.29
760,30.01,29.29
494,30.01,29.29
197,30.01,29.29
530,30.01,29.29
393,30.01,29.29
789,30.01,29.29
371,30.01,29.29
359,30.01,29.29
597,30.01,29.29
578,30.01,29.29
355,29.99,29.29
440,29.99,29.29
226,29.99,29.29
554,29.99,29.29
633,29.99,29.29
472,29.99,29.29
893,29.99,29.29
836,29.99,29.29
414,29.99,29.29
209,29.99,29.29
481,29.99,29.29
434,29.99,29.29
600,29.99,29.29
448,29.99,29.29
697,29.99,29.29
548,29.99,29.29
377,29.99,29.29
562,29.99,29.29
382,29.99,29.29
344,29.99,29.29
130,29.99,29.29
510,29.99,29.29
803,29.99,29.29
416,29.99,29.29
574,29.99,29.23
847,29.99,29.23
143,29.99,29.23
760,29.99,29.23
520,29.99,29.23
323,29.99,29.23
804,29.99,29.23
264,29.99,29.23
653,29.99,29.23
457,29.99,29.23
372,29.99,29.23
711,29.99,29.23
605,29.99,29.23
528,29.99,29.23
704,29.99,29.23
325,29.99,29.23
793,29.99,29.23
258,29.99,29.23
254,29.99,29.23
650,29.99,29.23
131,29.99,29.23
725,29.99,29.23
415,29.99,29.23
715,29.99,29.23
517,29.99,29.23
369,29.99,29.23
685,29.99,29.23
129,29.99,29.23
457,29.99,29.23
409,29.99,29.23
141,29.99,29.23
419,29.99,29.23
423,29.99,29.23
847,29.99,29.23
573,29.99,29.23
130,29.99,29.23
659,29.99,29.23
408,29.99,29.23
462,29.99,29.23
717,29.99,29.23
678,29.99,29.23
723,29.99,29.23
296,29.99,29.23
411,29.99,29.23
393,29.99,29.23
366,29.99,29.23
412,29.99,29.23
661,29.99,29.23
227,29.99,29.23
332,29.99,29.23
537,29.99,29.23
350,29.99,29.23
330,29.99,29.23
247,29.99,29.23
563,29.99,29.23
540,29.99,29.23
299,29.99,29.23
825,29.99,29.23
400,29.99,29.23
485,29.99,29.31
340,29.99,29.31
850,29.99,29.31
146,29.99,29.31
404,29.99,29.31
894,29.99,29.31
369,29.99,29.31
357,29.99,29.31
628,29.99,29.31
243,29.99,29.31
597,29.99,29.31
216,29.99,29.31
474,29.99,29.31
593,29.99,29.31
649,29.99,29.31
892,29.99,29.31
371,29.99,29.31
797,29.99,29.31
385,29.99,29.31
494,29.99,29.31
569,29.99,29.31
411,29.99,29.31
723,29.99,29.31
465,29.99,29.31
470,29.99,29.31
282,29.99,29.31
130,29.99,29.31
421,29.99,29.31
593,29.99,29.31
328,29.99,29.31
653,29.99,29.31
547,29.99,29.31
507,29.99,29.31
536,29.99,29.31
666,29.99,29.31
704,29.99,29.31
770,29.99,29.31
541,29.99,29.31
521,29.99,29.31
735,29.99,29.31
209,29.99,29.31
571,29.99,29.31
142,29.99,29.31
487,29.99,29.31
272,29.99,29.31
318,29.99,29.31
706,29.99,29.31
894,29.99,29.31
440,29.99,29.31
729,29.99,29.31
541,29.99,29.31
333,29.99,29.31
546,29.99,29.31
128,29.99,29.31
585,29.99,29.31
710,29.99,29.31
518,29.99,29.31
530,29.99,29.31
883,29.99,29.31
129,29.99,29.31
736,29.99,29.09
267,29.99,29.09
266,29.99,29.09
579,29.99,29.09
420,29.99,29.09
736,29.99,29.09
207,29.99,29.09
606,29.99,29.09
568,29.99,29.09
401,29.99,29.09
239,29.99,29.09
491,29.99,29.09
604,29.99,29.09
653,29.99,29.09
381,29.99,29.09
637,29.99,29.09
512,29.99,29.09
510,29.99,29.09
252,29.99,29.09
369,29.99,29.09
687,29.99,29.09
209,29.99,29.09
894,29.99,29.09
373,29.99,29.09
505,29.99,29.09
644,29.99,29.09
295,29.99,29.09
764,29.99,29.09
629,29.99,29.09
721,29.99,29.09
498,29.99,29.09
796,29.99,29.09
343,29.99,29.09
814,29.99,29.09
641,29.99,29.09
421,29.99,29.09
559,29.99,29.09
603,29.99,29.09
579,29.99,29.09
351,29.99,29.09
471,29.99,29.09
443,29.99,29.09
592,29.99,29.09
272,29.99,29.09
431,29.99,29.09
412,29.99,29.09
456,29.99,29.09
131,29.99,29.09
252,29.99,29.09
295,29.99,29.09
319,29.99,29.09
626,29.99,29.09
165,29.99,29.09
855,29.99,29.09
144,29.99,29.09
830,29.99,29.09
606,29.99,29.09
815,29.99,29.09
699,29.99,29.09
457,29.99,29.09
895,29.99,29.11
129,29.99,29.11
853,29.99,29.11
255,29.99,29.11
627,29.99,29.11
588,29.99,29.11
599,29.99,29.11
895,29.99,29.11
267,29.99,29.11
275,29.99,29.11
863,29.99,29.11
141,29.99,29.11
676,29.99,29.11
452,29.99,29.11
222,29.99,29.11
855,29.99,29.11
128,29.99,29.11
894,29.99,29.11
355,29.99,29.11
632,29.99,29.11
509,29.99,29.11
223,29.99,29.11
179,29.99,29.11
496,29.99,29.11
642,29.99,29.11
130,29.99,29.11
336,29.99,29.11
548,29.99,29.11
424,29.99,29.11
266,29.99,29.11
765,29.99,29.11
456,29.99,29.11
787,29.99,29.11
315,29.99,29.11
614,29.99,29.11
431,29.99,29.11
785,29.99,29.11
759,29.99,29.11
518,29.99,29.11
596,29.99,29.11
688,29.99,29.11
894,29.99,29.11
456,29.99,29.11
489,29.99,29.11
247,29.99,29.11
896,29.99,29.11
217,29.99,29.11
621,29.99,29.11
666,29.99,29.11
342,29.99,29.11
419,29.99,29.11
654,29.99,29.11
301,29.99,29.11
754,29.99,29.11
277,29.99,29.11
306,29.99,29.11
315,29.99,29.11
224,29.99,29.11
448,29.99,29.11
239,29.99,29.11
894,29.99,29.15
466,29.99,29.15
471,29.99,29.15
385,29.99,29.15
474,29.99,29.15
827,29.99,29.15
757,29.99,29.15
512,29.99,29.15
364,29.99,29.15
577,29.99,29.15
312,29.99,29.15
533,29.99,29.15
665,29.99,29.15
702,29.99,29.15
608,29.99,29.15
617,29.99,29.15
497,29.99,29.15
575,29.99,29.15
343,29.99,29.15
754,29.99,29.15
591,29.99,29.15
348,29.99,29.15
838,29.99,29.15
203,29.99,29.15
862,29.99,29.15
522,29.99,29.15
243,29.99,29.15
441,29.99,29.15
302,29.99,29.15
222,29.99,29.15
210,29.99,29.15
511,29.99,29.15
408,29.99,29.15
754,29.99,29.15
596,29.99,29.15
465,29.99,29.15
734,29.97,29.15
472,29.97,29.15
574,29.97,29.15
548,29.97,29.15
148,29.97,29.15
760,29.97,29.15
267,29.97,29.15
603,29.97,29.15
643,29.97,29.15
424,29.97,29.15
831,29.97,29.15
738,29.97,29.15
754,29.97,29.15
524,29.97,29.15
129,29.97,29.15
322,29.97,29.15
