643,30.13,29.37
128,30.13,29.45
288,30.13,29.45
132,30.13,29.45
211,30.13,29.45
892,30.13,29.45
440,30.13,29.45
227,30.13,29.45
392,30.13,29.45
526,30.13,29.45
864,30.13,29.45
142,30.13,29.45
632,30.13,29.45
536,30.13,29.45
482,30.13,29.45
837,30.13,29.45
490,30.13,29.45
631,30.13,29.45
236,30.13,29.45
217,30.13,29.45
332,30.13,29.45
338,30.13,29.45
240,30.13,29.45
354,30.13,29.45
510,30.13,29.45
456,30.13,29.45
737,30.13,29.45
867,30.13,29.45
420,30.13,29.45
713,30.13,29.45
536,30.13,29.45
260,30.13,29.45
472,30.13,29.45
171,30.13,29.45
825,30.13,29.45
595,30.13,29.45
552,30.13,29.45
620,30.11,29.45
508,30.11,29.45
894,30.11,29.45
509,30.11,29.45
537,30.11,29.45
704,30.11,29.45
350,30.11,29.45
753,30.11,29.45
318,30.11,29.45
756,30.11,29.45
751,30.11,29.45
628,30.11,29.45
472,30.11,29.45
280,30.11,29.45
503,30.11,29.45
278,30.11,29.45
129,30.11,29.45
376,30.11,29.45
623,30.11,29.45
789,30.11,29.45
382,30.11,29.45
433,30.11,29.45
795,30.11,29.45
496,30.11,29.45
712,30.11,29.39
742,30.11,29.39
833,30.11,29.39
602,30.11,29.39
462,30.11,29.39
558,30.11,29.39
581,30.11,29.39
886,30.11,29.39
889,30.11,29.39
828,30.11,29.39
174,30.11,29.39
665,30.11,29.39
130,30.11,29.39
474,30.11,29.39
512,30.11,29.39
285,30.11,29.39
788,30.11,29.39
143,30.11,29.39
481,30.11,29.39
808,30.11,29.39
128,30.11,29.39
890,30.11,29.39
655,30.11,29.39
383,30.11,29.39
479,30.11,29.39
193,30.11,29.39
617,30.11,29.39
534,30.11,29.39
831,30.11,29.39
418,30.11,29.39
451,30.11,29.39
617,30.11,29.39
320,30.11,29.39
518,30.11,29.39
583,30.11,29.39
551,30.11,29.39
892,30.13,29.39
243,30.13,29.39
834,30.13,29.39
336,30.13,29.39
386,30.13,29.39
681,30.13,29.39
256,30.13,29.39
766,30.13,29.39
263,30.13,29.39
567,30.13,29.39
796,30.13,29.39
389,30.13,29.39
142,30.13,29.39
569,30.13,29.39
365,30.13,29.39
638,30.13,29.39
566,30.13,29.39
246,30.13,29.39
857,30.13,29.39
546,30.13,29.39
870,30.13,29.39
699,30.13,29.39
640,30.13,29.39
717,30.13,29.39
454,30.13,29.59
538,30.13,29.59
726,30.13,29.59
274,30.13,29.59
679,30.13,29.59
427,30.13,29.59
210,30.13,29.59
604,30.13,29.59
624,30.13,29.59
929,30.13,29.59
301,30.13,29.59
707,30.13,29.59
611,30.13,29.59
316,30.13,29.59
485,30.13,29.59
427,30.13,29.59
488,30.13,29.59
581,30.13,29.59
782,30.13,29.59
703,30.13,29.59
461,30.13,29.59
607,30.13,29.59
744,30.13,29.59
130,30.13,29.59
887,30.13,29.59
131,30.13,29.59
894,30.13,29.59
454,30.13,29.59
483,30.13,29.59
464,30.13,29.59
377,30.13,29.59
518,30.13,29.59
266,30.13,29.59
743,30.13,29.59
618,30.13,29.59
894,30.13,29.59
617,30.13,29.59
686,30.13,29.59
401,30.13,29.59
441,30.13,29.59
466,30.13,29.59
676,30.13,29.59
205,30.13,29.59
894,30.13,29.59
305,30.13,29.59
866,30.13,29.59
528,30.13,29.59
449,30.13,29.59
537,30.13,29.59
346,30.13,29.59
731,30.13,29.59
198,30.13,29.59
601,30.13,29.59
822,30.13,29.59
894,30.13,29.59
679,30.13,29.59
311,30.13,29.59
489,30.13,29.59
698,30.13,29.59
584,30.13,29.35
564,30.13,29.35
408,30.13,29.35
543,30.13,29.35
438,30.13,29.35
558,30.13,29.35
449,30.13,29.35
349,30.13,29.35
894,30.13,29.35
557,30.13,29.35
663,30.13,29.35
560,30.13,29.35
488,30.13,29.35
698,30.13,29.35
350,30.13,29.35
775,30.13,29.35
439,30.13,29.35
499,30.13,29.35
615,30.13,29.35
716,30.13,29.35
711,30.13,29.35
640,30.13,29.35
474,30.13,29.35
598,30.13,29.35
826,30.13,29.35
578,30.13,29.35
256,30.13,29.35
133,30.13,29.35
618,30.13,29.35
396,30.13,29.35
496,30.13,29.35
130,30.13,29.35
712,30.13,29.35
555,30.13,29.35
249,30.13,29.35
374,30.13,29.35
358,30.11,29.35
267,30.11,29.35
607,30.11,29.35
196,30.11,29.35
293,30.11,29.35
418,30.11,29.35
507,30.11,29.35
604,30.11,29.35
314,30.11,29.35
683,30.11,29.35
507,30.11,29.35
403,30.11,29.35
550,30.11,29.35
653,30.11,29.35
444,30.11,29.35
131,30.11,29.35
427,30.11,29.35
702,30.11,29.35
459,30.11,29.35
633,30.11,29.35
664,30.11,29.35
251,30.11,29.35
747,30.11,29.35
130,30.11,29.35
485,30.11,29.37
320,30.11,29.37
675,30.11,29.37
661,30.11,29.37
322,30.11,29.37
668,30.11,29.37
611,30.11,29.37
530,30.11,29.37
341,30.11,29.37
380,30.11,29.37
803,30.11,29.37
377,30.11,29.37
547,30.11,29.37
799,30.11,29.37
440,30.11,29.37
895,30.11,29.37
347,30.11,29.37
711,30.11,29.37
535,30.11,29.37
254,30.11,29.37
861,30.11,29.37
667,30.11,29.37
714,30.11,29.37
667,30.11,29.37
534,30.11,29.37
781,30.11,29.37
682,30.11,29.37
354,30.11,29.37
849,30.11,29.37
357,30.11,29.37
372,30.11,29.37
579,30.11,29.37
739,30.11,29.37
472,30.11,29.37
324,30.11,29.37
487,30.11,29.37
511,30.13,29.37
547,30.13,29.37
373,30.13,29.37
858,30.13,29.37
435,30.13,29.37
455,30.13,29.37
380,30.13,29.37
654,30.13,29.37
805,30.13,29.37
491,30.13,29.37
565,30.13,29.37
491,30.13,29.37
526,30.13,29.37
639,30.13,29.37
369,30.13,29.37
669,30.13,29.37
250,30.13,29.37
705,30.13,29.37
587,30.13,29.37
572,30.13,29.37
513,30.13,29.37
287,30.13,29.37
846,30.13,29.37
372,30.13,29.37
398,30.13,29.35
710,30.13,29.35
311,30.13,29.35
354,30.13,29.35
370,30.13,29.35
480,30.13,29.35
528,30.13,29.35
129,30.13,29.35
463,30.13,29.35
264,30.13,29.35
487,30.13,29.35
225,30.13,29.35
334,30.13,29.35
545,30.13,29.35
345,30.13,29.35
828,30.13,29.35
324,30.13,29.35
728,30.13,29.35
551,30.13,29.35
676,30.13,29.35
353,30.13,29.35
637,30.13,29.35
561,30.13,29.35
387,30.13,29.35
301,30.13,29.35
212,30.13,29.35
207,30.13,29.35
555,30.13,29.35
630,30.13,29.35
372,30.13,29.35
592,30.13,29.35
488,30.13,29.35
815,30.13,29.35
362,30.13,29.35
639,30.13,29.35
708,30.13,29.35
232,30.11,29.35
403,30.11,29.35
453,30.11,29.35
632,30.11,29.35
566,30.11,29.35
895,30.11,29.35
493,30.11,29.35
632,30.11,29.35
343,30.11,29.35
358,30.11,29.35
155,30.11,29.35
401,30.11,29.35
738,30.11,29.35
632,30.11,29.35
215,30.11,29.35
706,30.11,29.35
478,30.11,29.35
282,30.11,29.35
504,30.11,29.35
243,30.11,29.35
738,30.11,29.35
255,30.11,29.35
588,30.11,29.35
267,30.11,29.25
711,30.11,29.25
335,30.11,29.25
489,30.11,29.25
352,30.11,29.25
247,30.11,29.25
767,30.11,29.25
461,30.11,29.25
375,30.11,29.25
747,30.11,29.25
550,30.11,29.25
791,30.11,29.25
621,30.11,29.25
129,30.11,29.25
806,30.11,29.25
360,30.11,29.25
894,30.11,29.25
814,30.11,29.25
446,30.11,29.25
894,30.11,29.25
351,30.11,29.25
556,30.11,29.25
892,30.11,29.25
608,30.11,29.25
665,30.11,29.25
831,30.11,29.25
160,30.11,29.25
725,30.11,29.25
279,30.11,29.25
638,30.11,29.25
638,30.11,29.25
450,30.11,29.25
508,30.11,29.25
688,30.11,29.25
128,30.11,29.25
322,30.11,29.25
510,30.11,29.25
155,30.11,29.25
410,30.11,29.25
204,30.11,29.25
793,30.11,29.25
319,30.11,29.25
461,30.11,29.25
588,30.11,29.25
756,30.11,29.25
397,30.11,29.25
440,30.11,29.25
802,30.11,29.25
214,30.11,29.25
409,30.11,29.25
275,30.11,29.25
295,30.11,29.25
649,30.11,29.25
480,30.11,29.25
246,30.11,29.25
779,30.11,29.25
229,30.11,29.25
894,30.11,29.25
355,30.11,29.25
709,30.11,29.25
