388,30.85,29.77
479,30.85,29.77
135,30.85,29.77
284,30.85,29.77
567,30.85,29.77
326,30.85,29.77
836,30.85,29.77
133,30.85,29.77
473,30.85,29.77
206,30.85,29.77
697,30.85,29.77
318,30.85,29.77
472,30.85,29.77
525,30.85,29.71
158,30.85,29.71
567,30.85,29.71
483,30.85,29.71
876,30.85,29.71
338,30.85,29.71
782,30.85,29.71
422,30.85,29.71
532,30.85,29.71
299,30.85,29.71
863,30.85,29.71
201,30.85,29.71
608,30.85,29.71
325,30.85,29.71
540,30.85,29.71
456,30.85,29.71
119,30.85,29.71
809,30.85,29.71
218,30.85,29.71
716,30.85,29.71
243,30.85,29.71
611,30.85,29.71
453,30.85,29.71
713,30.85,29.71
419,30.85,29.71
538,30.85,29.71
449,30.85,29.71
540,30.85,29.71
451,30.85,29.71
754,30.85,29.71
332,30.85,29.71
510,30.85,29.71
772,30.85,29.71
441,30.85,29.71
785,30.85,29.71
482,30.85,29.71
686,30.85,29.71
329,30.85,29.71
744,30.85,29.71
595,30.85,29.71
581,30.85,29.71
725,30.85,29.71
595,30.85,29.71
654,30.85,29.71
472,30.85,29.71
427,30.85,29.71
611,30.85,29.71
388,30.85,29.71
514,30.85,29.71
696,30.85,29.71
337,30.85,29.71
654,30.85,29.71
220,30.85,29.71
786,30.85,29.71
312,30.85,29.71
655,30.85,29.71
471,30.85,29.71
342,30.85,29.71
259,30.85,29.71
318,30.85,29.71
244,30.85,29.71
119,30.85,29.71
724,30.85,29.71
308,30.85,29.71
366,30.85,29.71
481,30.85,29.71
622,30.85,29.71
471,30.85,29.71
508,30.85,29.71
326,30.85,29.71
541,30.85,29.71
357,30.85,29.71
411,30.85,29.71
613,30.85,29.71
522,30.85,29.71
228,30.85,29.71
617,30.85,29.71
465,30.85,29.71
416,30.85,29.71
507,30.85,29.71
280,30.85,29.71
600,30.85,29.71
730,30.85,29.71
345,30.85,29.71
592,30.85,29.71
472,30.85,29.71
538,30.85,29.71
649,30.85,29.71
657,30.85,29.71
529,30.85,29.71
463,30.85,29.71
624,30.85,29.71
600,30.85,29.71
666,30.85,29.71
698,30.85,29.71
439,30.85,29.71
614,30.91,29.71
219,30.91,29.71
528,30.91,29.71
514,30.91,29.71
616,30.91,29.71
573,30.91,29.71
659,30.91,29.71
436,30.91,29.71
569,30.91,29.71
380,30.91,29.71
556,30.91,29.71
434,30.91,29.71
132,30.91,29.71
650,30.91,29.71
116,30.91,29.71
680,30.91,29.71
142,30.91,29.71
437,30.91,29.71
140,30.91,29.71
640,30.91,29.71
505,30.91,29.71
356,30.91,29.71
662,30.91,29.71
464,30.91,29.75
594,30.91,29.75
302,30.91,29.75
580,30.91,29.75
223,30.91,29.75
475,30.91,29.75
281,30.91,29.75
396,30.91,29.75
386,30.91,29.75
646,30.91,29.75
199,30.91,29.75
690,30.91,29.75
408,30.91,29.75
435,30.91,29.75
354,30.91,29.75
387,30.91,29.75
644,30.91,29.75
392,30.91,29.75
684,30.91,29.75
498,30.91,29.75
783,30.91,29.75
575,30.91,29.75
577,30.91,29.75
523,30.91,29.75
767,30.91,29.75
600,30.91,29.75
642,30.91,29.75
503,30.91,29.75
363,30.91,29.75
741,30.91,29.75
622,30.91,29.75
647,30.91,29.75
240,30.91,29.75
671,30.91,29.75
442,30.91,29.75
767,30.91,29.75
633,30.85,29.75
872,30.85,29.75
394,30.85,29.75
699,30.85,29.75
331,30.85,29.75
639,30.85,29.75
534,30.85,29.75
146,30.85,29.75
696,30.85,29.75
271,30.85,29.75
640,30.85,29.75
188,30.85,29.75
881,30.85,29.75
422,30.85,29.75
787,30.85,29.75
432,30.85,29.75
621,30.85,29.75
245,30.85,29.75
628,30.85,29.75
272,30.85,29.75
356,30.85,29.75
604,30.85,29.75
212,30.85,29.75
566,30.85,29.75
193,30.85,29.71
874,30.85,29.71
650,30.85,29.71
549,30.85,29.71
270,30.85,29.71
703,30.85,29.71
263,30.85,29.71
671,30.85,29.71
315,30.85,29.71
467,30.85,29.71
346,30.85,29.71
771,30.85,29.71
282,30.85,29.71
585,30.85,29.71
635,30.85,29.71
566,30.85,29.71
711,30.85,29.71
370,30.85,29.71
768,30.85,29.71
535,30.85,29.71
842,30.85,29.71
120,30.85,29.71
789,30.85,29.71
484,30.85,29.71
684,30.85,29.71
388,30.85,29.71
816,30.85,29.71
232,30.85,29.71
846,30.85,29.71
536,30.85,29.71
679,30.85,29.71
470,30.85,29.71
415,30.85,29.71
708,30.85,29.71
308,30.85,29.71
655,30.85,29.71
191,30.89,29.71
840,30.89,29.71
119,30.89,29.71
562,30.89,29.71
409,30.89,29.71
444,30.89,29.71
352,30.89,29.71
672,30.89,29.71
267,30.89,29.71
679,30.89,29.71
459,30.89,29.71
694,30.89,29.71
460,30.89,29.71
266,30.89,29.71
416,30.89,29.71
498,30.89,29.71
559,30.89,29.71
135,30.89,29.71
825,30.89,29.71
118,30.89,29.71
737,30.89,29.71
333,30.89,29.71
349,30.89,29.71
483,30.89,29.77
527,30.89,29.77
633,30.89,29.77
307,30.89,29.77
518,30.89,29.77
456,30.89,29.77
560,30.89,29.77
441,30.89,29.77
442,30.89,29.77
310,30.89,29.77
606,30.89,29.77
281,30.89,29.77
654,30.89,29.77
507,30.89,29.77
612,30.89,29.77
360,30.89,29.77
828,30.89,29.77
449,30.89,29.77
376,30.89,29.77
884,30.89,29.77
371,30.89,29.77
645,30.89,29.77
411,30.89,29.77
666,30.89,29.77
520,30.89,29.77
635,30.89,29.77
454,30.89,29.77
748,30.89,29.77
169,30.89,29.77
443,30.89,29.77
597,30.89,29.77
420,30.89,29.77
231,30.89,29.77
484,30.89,29.77
372,30.89,29.77
358,30.89,29.77
577,30.83,29.77
374,30.83,29.77
781,30.83,29.77
376,30.83,29.77
820,30.83,29.77
122,30.83,29.77
484,30.83,29.77
495,30.83,29.77
414,30.83,29.77
633,30.83,29.77
326,30.83,29.77
337,30.83,29.77
453,30.83,29.77
120,30.83,29.77
433,30.83,29.77
779,30.83,29.77
442,30.83,29.77
507,30.83,29.77
273,30.83,29.77
658,30.83,29.77
368,30.83,29.77
851,30.83,29.77
371,30.83,29.77
532,30.83,29.77
377,30.83,29.57
379,30.83,29.57
615,30.83,29.57
309,30.83,29.57
529,30.83,29.57
501,30.83,29.57
707,30.83,29.57
566,30.83,29.57
654,30.83,29.57
609,30.83,29.57
534,30.83,29.57
189,30.83,29.57
651,30.83,29.57
125,30.83,29.57
677,30.83,29.57
361,30.83,29.57
320,30.83,29.57
770,30.83,29.57
117,30.83,29.57
605,30.83,29.57
317,30.83,29.57
624,30.83,29.57
254,30.83,29.57
881,30.83,29.57
119,30.83,29.57
648,30.83,29.57
632,30.83,29.57
671,30.83,29.57
684,30.83,29.57
691,30.83,29.57
362,30.83,29.57
754,30.83,29.57
333,30.83,29.57
579,30.83,29.57
523,30.83,29.57
444,30.83,29.57
556,30.87,29.57
612,30.87,29.57
718,30.87,29.57
567,30.87,29.57
500,30.87,29.57
714,30.87,29.57
552,30.87,29.57
676,30.87,29.57
681,30.87,29.57
591,30.87,29.57
416,30.87,29.57
777,30.87,29.57
554,30.87,29.57
616,30.87,29.57
504,30.87,29.57
545,30.87,29.57
594,30.87,29.57
453,30.87,29.57
461,30.87,29.57
554,30.87,29.57
486,30.87,29.57
561,30.87,29.57
407,30.87,29.57
215,30.87,29.57
587,30.87,29.83
371,30.87,29.83
772,30.87,29.83
305,30.87,29.83
629,30.87,29.83
449,30.87,29.83
316,30.87,29.83
403,30.87,29.83
312,30.87,29.83
557,30.87,29.83
206,30.87,29.83
461,30.87,29.83
128,30.87,29.83
413,30.87,29.83
406,30.87,29.83
371,30.87,29.83
544,30.87,29.83
580,30.87,29.83
212,30.87,29.83
600,30.87,29.83
402,30.87,29.83
498,30.87,29.83
460,30.87,29.83
396,30.87,29.83
550,30.87,29.83
149,30.87,29.83
435,30.87,29.83
469,30.87,29.83
708,30.87,29.83
322,30.87,29.83
812,30.87,29.83
475,30.87,29.83
359,30.87,29.83
467,30.87,29.83
475,30.87,29.83
527,30.87,29.83
575,30.89,29.83
670,30.89,29.83
710,30.89,29.83
573,30.89,29.83
612,30.89,29.83
486,30.89,29.83
118,30.89,29.83
831,30.89,29.83
218,30.89,29.83
639,30.89,29.83
444,30.89,29.83
575,30.89,29.83
