788,29.25,28.11
238,29.25,28.11
578,29.25,28.11
128,29.25,28.11
474,29.25,28.11
550,29.25,28.11
473,29.25,28.11
808,29.25,28.11
501,29.25,28.11
801,29.25,28.11
571,29.25,28.11
352,29.25,28.11
626,29.25,28.11
547,29.25,28.11
282,29.25,28.11
420,29.25,28.11
164,29.25,28.11
790,29.25,28.11
145,29.25,28.11
524,29.25,28.11
348,29.25,28.11
390,29.25,28.11
479,29.25,28.11
467,29.25,28.11
748,29.25,28.11
489,29.25,28.11
291,29.25,28.11
417,29.25,28.11
410,29.25,28.11
138,29.25,28.11
466,29.25,28.11
520,29.25,28.11
403,29.25,28.11
294,29.25,28.11
793,29.25,28.11
242,29.25,28.11
718,29.25,28.11
190,29.25,28.11
549,29.25,28.11
271,29.25,28.11
187,29.25,28.11
834,29.25,28.11
391,29.25,28.11
458,29.25,28.11
559,29.25,28.11
880,29.25,28.11
619,29.25,28.11
618,29.25,28.11
641,29.25,28.11
795,29.25,28.11
389,29.25,28.11
530,29.25,28.11
382,29.25,28.11
432,29.25,28.11
237,29.23,28.11
642,29.23,28.11
636,29.23,28.11
333,29.23,28.11
723,29.23,28.11
479,29.23,28.11
820,29.23,28.11
193,29.23,28.11
856,29.23,28.11
529,29.23,28.11
516,29.23,28.11
548,29.23,28.11
585,29.23,28.11
257,29.23,28.11
559,29.23,28.11
517,29.23,28.11
579,29.23,28.11
252,29.23,28.11
421,29.23,28.11
350,29.23,28.11
305,29.23,28.11
461,29.23,28.11
334,29.23,28.11
722,29.23,28.05
208,29.23,28.05
644,29.23,28.05
218,29.23,28.05
606,29.23,28.05
133,29.23,28.05
647,29.23,28.05
238,29.23,28.05
310,29.23,28.05
352,29.23,28.05
429,29.23,28.05
331,29.23,28.05
378,29.23,28.05
412,29.23,28.05
562,29.23,28.05
526,29.23,28.05
258,29.23,28.05
767,29.23,28.05
444,29.23,28.05
848,29.23,28.05
274,29.23,28.05
619,29.23,28.05
377,29.23,28.05
634,29.23,28.05
351,29.23,28.05
495,29.23,28.05
643,29.23,28.05
380,29.23,28.05
877,29.23,28.05
421,29.23,28.05
744,29.23,28.05
644,29.23,28.05
676,29.23,28.05
528,29.23,28.05
848,29.23,28.05
482,29.23,28.05
782,29.27,28.05
842,29.27,28.05
509,29.27,28.05
594,29.27,28.05
754,29.27,28.05
621,29.27,28.05
370,29.27,28.05
754,29.27,28.05
121,29.27,28.05
699,29.27,28.05
359,29.27,28.05
590,29.27,28.05
345,29.27,28.05
672,29.27,28.05
607,29.27,28.05
368,29.27,28.05
597,29.27,28.05
567,29.27,28.05
278,29.27,28.05
572,29.27,28.05
447,29.27,28.05
465,29.27,28.05
346,29.27,28.05
125,29.27,28.05
735,29.27,28.05
239,29.27,28.05
520,29.27,28.05
230,29.27,28.05
313,29.27,28.05
326,29.27,28.05
596,29.27,28.05
414,29.27,28.05
443,29.27,28.05
449,29.27,28.05
463,29.27,28.05
513,29.27,28.05
348,29.27,28.05
289,29.27,28.05
121,29.27,28.05
657,29.27,28.05
419,29.27,28.05
261,29.27,28.05
440,29.27,28.05
599,29.27,28.05
478,29.27,28.05
645,29.27,28.05
370,29.27,28.05
412,29.27,28.05
640,29.27,28.05
353,29.27,28.05
843,29.27,28.05
535,29.27,28.05
631,29.27,28.05
626,29.27,28.05
619,29.27,28.05
365,29.27,28.05
513,29.27,28.05
521,29.27,28.05
485,29.27,28.05
666,29.27,28.05
682,29.25,28.05
463,29.25,28.05
509,29.25,28.05
484,29.25,28.05
699,29.25,28.05
322,29.25,28.05
520,29.25,28.05
486,29.25,28.05
439,29.25,28.05
641,29.25,28.05
474,29.25,28.05
623,29.25,28.05
437,29.25,28.05
386,29.25,28.05
419,29.25,28.05
396,29.25,28.05
474,29.25,28.05
135,29.25,28.05
794,29.25,28.05
372,29.25,28.05
316,29.25,28.05
568,29.25,28.05
664,29.25,28.05
517,29.25,28.01
711,29.25,28.01
415,29.25,28.01
390,29.25,28.01
411,29.25,28.01
541,29.25,28.01
513,29.25,28.01
544,29.25,28.01
608,29.25,28.01
143,29.25,28.01
581,29.25,28.01
256,29.25,28.01
319,29.25,28.01
775,29.25,28.01
473,29.25,28.01
389,29.25,28.01
464,29.25,28.01
266,29.25,28.01
713,29.25,28.01
315,29.25,28.01
699,29.25,28.01
366,29.25,28.01
483,29.25,28.01
531,29.25,28.01
239,29.25,28.01
439,29.25,28.01
340,29.25,28.01
761,29.25,28.01
189,29.25,28.01
420,29.25,28.01
599,29.25,28.01
353,29.25,28.01
488,29.25,28.01
478,29.25,28.01
426,29.25,28.01
819,29.25,28.01
690,29.25,28.01
482,29.25,28.01
429,29.25,28.01
529,29.25,28.01
570,29.25,28.01
579,29.25,28.01
601,29.25,28.01
270,29.25,28.01
832,29.25,28.01
131,29.25,28.01
881,29.25,28.01
421,29.25,28.01
684,29.25,28.01
641,29.25,28.01
682,29.25,28.01
630,29.25,28.01
389,29.25,28.01
429,29.25,28.01
725,29.25,28.01
456,29.25,28.01
591,29.25,28.01
520,29.25,28.01
537,29.25,28.01
445,29.25,28.01
239,29.25,28.17
431,29.25,28.17
480,29.25,28.17
565,29.25,28.17
299,29.25,28.17
579,29.25,28.17
250,29.25,28.17
575,29.25,28.17
790,29.25,28.17
542,29.25,28.17
406,29.25,28.17
256,29.25,28.17
379,29.25,28.17
426,29.25,28.17
285,29.25,28.17
584,29.25,28.17
737,29.25,28.17
375,29.25,28.17
307,29.25,28.17
408,29.25,28.17
758,29.25,28.17
281,29.25,28.17
353,29.25,28.17
387,29.25,28.17
624,29.25,28.17
248,29.25,28.17
481,29.25,28.17
473,29.25,28.17
272,29.25,28.17
614,29.25,28.17
515,29.25,28.17
446,29.25,28.17
579,29.25,28.17
562,29.25,28.17
658,29.25,28.17
609,29.25,28.17
378,29.23,28.17
601,29.23,28.17
615,29.23,28.17
463,29.23,28.17
777,29.23,28.17
363,29.23,28.17
574,29.23,28.17
593,29.23,28.17
572,29.23,28.17
512,29.23,28.17
463,29.23,28.17
623,29.23,28.17
718,29.23,28.17
571,29.23,28.17
126,29.23,28.17
699,29.23,28.17
324,29.23,28.17
535,29.23,28.17
401,29.23,28.17
491,29.23,28.17
564,29.23,28.17
377,29.23,28.17
615,29.23,28.17
529,29.23,28.17
375,29.23,27.85
690,29.23,27.85
314,29.23,27.85
380,29.23,27.85
464,29.23,27.85
524,29.23,27.85
417,29.23,27.85
379,29.23,27.85
695,29.23,27.85
379,29.23,27.85
589,29.23,27.85
125,29.23,27.85
611,29.23,27.85
441,29.23,27.85
524,29.23,27.85
663,29.23,27.85
520,29.23,27.85
186,29.23,27.85
387,29.23,27.85
500,29.23,27.85
704,29.23,27.85
370,29.23,27.85
366,29.23,27.85
590,29.23,27.85
353,29.23,27.85
555,29.23,27.85
350,29.23,27.85
549,29.23,27.85
580,29.23,27.85
816,29.23,27.85
306,29.23,27.85
434,29.23,27.85
481,29.23,27.85
540,29.23,27.85
802,29.23,27.85
610,29.23,27.85
634,29.25,27.85
526,29.25,27.85
539,29.25,27.85
456,29.25,27.85
440,29.25,27.85
435,29.25,27.85
443,29.25,27.85
207,29.25,27.85
735,29.25,27.85
485,29.25,27.85
650,29.25,27.85
642,29.25,27.85
400,29.25,27.85
512,29.25,27.85
501,29.25,27.85
518,29.25,27.85
403,29.25,27.85
556,29.25,27.85
126,29.25,27.85
474,29.25,27.85
550,29.25,27.85
503,29.25,27.85
537,29.25,27.85
559,29.25,27.95
197,29.25,27.95
820,29.25,27.95
270,29.25,27.95
445,29.25,27.95
369,29.25,27.95
425,29.25,27.95
306,29.25,27.95
276,29.25,27.95
671,29.25,27.95
373,29.25,27.95
367,29.25,27.95
270,29.25,27.95
616,29.25,27.95
288,29.25,27.95
393,29.25,27.95
458,29.25,27.95
470,29.25,27.95
411,29.25,27.95
298,29.25,27.95
307,29.25,27.95
527,29.25,27.95
238,29.25,27.95
368,29.25,27.95
729,29.25,27.95
275,29.25,27.95
753,29.25,27.95
405,29.25,27.95
648,29.25,27.95
173,29.25,27.95
585,29.25,27.95
390,29.25,27.95
479,29.25,27.95
438,29.25,27.95
590,29.25,27.95
387,29.25,27.95
491,29.27,27.95
715,29.27,27.95
562,29.27,27.95
526,29.27,27.95
578,29.27,27.95
755,29.27,27.95
390,29.27,27.95
765,29.27,27.95
