543,31.11,30.15
722,31.11,30.15
121,31.11,30.15
599,31.11,30.15
656,31.11,29.91
612,31.11,29.91
881,31.11,29.91
601,31.11,29.91
416,31.11,29.91
619,31.11,29.91
554,31.11,29.91
254,31.11,29.91
882,31.11,29.91
150,31.11,29.91
539,31.11,29.91
130,31.11,29.91
779,31.11,29.91
344,31.11,29.91
782,31.11,29.91
121,31.11,29.91
637,31.11,29.91
520,31.11,29.91
121,31.11,29.91
558,31.11,29.91
478,31.11,29.91
524,31.11,29.91
659,31.11,29.91
320,31.11,29.91
127,31.11,29.91
626,31.11,29.91
537,31.11,29.91
881,31.11,29.91
121,31.11,29.91
880,31.11,29.91
384,31.11,29.91
822,31.11,29.91
519,31.11,29.91
414,31.11,29.91
237,31.11,29.91
590,31.11,29.91
733,31.11,29.91
312,31.11,29.91
477,31.11,29.91
270,31.11,29.91
883,31.11,29.91
232,31.11,29.91
769,31.11,29.91
571,31.11,29.91
715,31.11,29.91
316,31.11,29.91
576,31.11,29.91
343,31.11,29.91
840,31.11,29.91
303,31.11,29.91
692,31.11,29.91
331,31.11,29.91
491,31.11,29.91
816,31.11,29.91
420,31.11,29.91
859,31.11,29.91
372,31.11,29.91
776,31.11,29.91
350,31.11,29.91
628,31.11,29.97
551,31.11,29.97
755,31.11,29.97
339,31.11,29.97
565,31.11,29.97
435,31.11,29.97
481,31.11,29.97
415,31.11,29.97
829,31.11,29.97
415,31.11,29.97
441,31.11,29.97
420,31.11,29.97
249,31.11,29.97
552,31.11,29.97
241,31.11,29.97
376,31.11,29.97
167,31.11,29.97
778,31.11,29.97
120,31.11,29.97
609,31.11,29.97
629,31.11,29.97
640,31.11,29.97
502,31.11,29.97
290,31.11,29.97
341,31.11,29.97
296,31.11,29.97
377,31.11,29.97
520,31.11,29.97
762,31.11,29.97
285,31.11,29.97
798,31.11,29.97
136,31.11,29.97
767,31.11,29.97
235,31.11,29.97
828,31.11,29.97
382,31.11,29.97
512,31.15,29.97
630,31.15,29.97
579,31.15,29.97
393,31.15,29.97
681,31.15,29.97
538,31.15,29.97
587,31.15,29.97
491,31.15,29.97
528,31.15,29.97
588,31.15,29.97
261,31.15,29.97
804,31.15,29.97
346,31.15,29.97
670,31.15,29.97
465,31.15,29.97
883,31.15,29.97
213,31.15,29.97
570,31.15,29.97
389,31.15,29.97
713,31.15,29.97
677,31.15,29.97
496,31.15,29.97
821,31.15,29.97
398,31.15,29.97
487,31.15,29.97
305,31.15,29.97
438,31.15,29.97
434,31.15,29.97
574,31.15,29.97
120,31.15,29.97
414,31.15,29.97
341,31.15,29.97
875,31.15,29.97
491,31.15,29.97
532,31.15,29.97
373,31.15,29.97
391,31.15,29.97
597,31.15,29.97
329,31.15,29.97
573,31.15,29.97
272,31.15,29.97
351,31.15,29.97
433,31.15,29.97
362,31.15,29.97
582,31.15,29.97
782,31.15,29.97
565,31.15,29.97
503,31.15,29.97
370,31.15,29.97
482,31.15,29.97
586,31.15,29.97
556,31.15,29.97
661,31.15,29.97
287,31.15,29.97
363,31.15,29.97
321,31.15,29.97
821,31.15,29.97
246,31.15,29.97
488,31.15,29.97
594,31.15,29.97
482,31.15,29.97
737,31.15,29.97
407,31.15,29.97
544,31.15,29.97
377,31.15,29.97
328,31.15,29.97
601,31.15,29.97
680,31.15,29.97
580,31.15,29.97
807,31.15,29.97
486,31.15,29.97
844,31.15,29.97
287,31.15,29.97
745,31.15,29.97
489,31.15,29.97
537,31.15,29.97
504,31.15,29.97
405,31.15,29.97
649,31.15,29.97
247,31.15,29.97
884,31.15,29.97
335,31.15,29.97
606,31.15,29.97
533,31.15,30.03
632,31.15,30.03
711,31.15,30.03
529,31.15,30.03
416,31.15,30.03
619,31.15,30.03
330,31.15,30.03
774,31.15,30.03
522,31.15,30.03
516,31.15,30.03
548,31.15,30.03
424,31.15,30.03
712,31.15,30.03
130,31.15,30.03
716,31.15,30.03
320,31.15,30.03
580,31.15,30.03
373,31.15,30.03
620,31.15,30.03
629,31.15,30.03
563,31.15,30.03
666,31.15,30.03
367,31.15,30.03
655,31.15,30.03
270,31.15,30.03
591,31.15,30.03
370,31.15,30.03
555,31.15,30.03
323,31.15,30.03
775,31.15,30.03
120,31.15,30.03
559,31.15,30.03
399,31.15,30.03
695,31.15,30.03
444,31.15,30.03
568,31.15,30.03
614,31.15,30.03
405,31.11,30.03
793,31.11,30.03
422,31.11,30.03
696,31.11,30.03
118,31.11,30.03
621,31.11,30.03
238,31.11,30.03
733,31.11,30.03
500,31.11,30.03
567,31.11,30.03
546,31.11,30.03
542,31.11,30.03
493,31.11,30.03
805,31.11,30.03
338,31.11,30.03
423,31.11,30.03
766,31.11,30.03
126,31.11,30.03
777,31.11,30.03
487,31.11,30.03
884,31.11,30.03
182,31.11,30.03
881,31.11,30.03
451,31.11,30.09
717,31.11,30.09
463,31.11,30.09
494,31.11,30.09
581,31.11,30.09
426,31.11,30.09
618,31.11,30.09
760,31.11,30.09
349,31.11,30.09
653,31.11,30.09
728,31.11,30.09
326,31.11,30.09
686,31.11,30.09
118,31.11,30.09
883,31.11,30.09
209,31.11,30.09
682,31.11,30.09
436,31.11,30.09
559,31.11,30.09
121,31.11,30.09
278,31.11,30.09
640,31.11,30.09
257,31.11,30.09
613,31.11,30.09
419,31.11,30.09
657,31.11,30.09
371,31.11,30.09
615,31.11,30.09
365,31.11,30.09
702,31.11,30.09
117,31.11,30.09
877,31.11,30.09
133,31.11,30.09
550,31.11,30.09
483,31.11,30.09
438,31.11,30.09
555,31.11,30.09
186,31.11,30.09
882,31.11,30.09
432,31.11,30.09
646,31.11,30.09
302,31.11,30.09
751,31.11,30.09
349,31.11,30.09
394,31.11,30.09
544,31.11,30.09
394,31.11,30.09
451,31.11,30.09
339,31.11,30.09
396,31.11,30.09
568,31.11,30.09
313,31.11,30.09
539,31.11,30.09
728,31.11,30.09
240,31.11,30.09
715,31.11,30.09
443,31.11,30.09
780,31.11,30.09
163,31.11,30.09
622,31.11,30.09
711,31.11,29.83
472,31.11,29.83
606,31.11,29.83
500,31.11,29.83
548,31.11,29.83
614,31.11,29.83
648,31.11,29.83
371,31.11,29.83
544,31.11,29.83
308,31.11,29.83
545,31.11,29.83
436,31.11,29.83
348,31.11,29.83
208,31.11,29.83
838,31.11,29.83
516,31.11,29.83
795,31.11,29.83
468,31.11,29.83
571,31.11,29.83
536,31.11,29.83
561,31.11,29.83
396,31.11,29.83
350,31.11,29.83
188,31.11,29.83
688,31.11,29.83
509,31.11,29.83
375,31.11,29.83
445,31.11,29.83
602,31.11,29.83
512,31.11,29.83
388,31.11,29.83
386,31.11,29.83
208,31.11,29.83
685,31.11,29.83
386,31.11,29.83
550,31.11,29.83
250,31.13,29.83
373,31.13,29.83
536,31.13,29.83
192,31.13,29.83
559,31.13,29.83
200,31.13,29.83
590,31.13,29.83
306,31.13,29.83
434,31.13,29.83
480,31.13,29.83
866,31.13,29.83
278,31.13,29.83
512,31.13,29.83
381,31.13,29.83
812,31.13,29.83
342,31.13,29.83
838,31.13,29.83
637,31.13,29.83
700,31.13,29.83
622,31.13,29.83
214,31.13,29.83
771,31.13,29.83
343,31.13,29.83
830,31.13,30.11
325,31.13,30.11
552,31.13,30.11
352,31.13,30.11
622,31.13,30.11
581,31.13,30.11
615,31.13,30.11
411,31.13,30.11
835,31.13,30.11
463,31.13,30.11
649,31.13,30.11
756,31.13,30.11
646,31.13,30.11
280,31.13,30.11
556,31.13,30.11
771,31.13,30.11
231,31.13,30.11
740,31.13,30.11
161,31.13,30.11
426,31.13,30.11
344,31.13,30.11
394,31.13,30.11
497,31.13,30.11
467,31.13,30.11
565,31.13,30.11
460,31.13,30.11
317,31.13,30.11
458,31.13,30.11
507,31.13,30.11
506,31.13,30.11
319,31.13,30.11
194,31.13,30.11
808,31.13,30.11
222,31.13,30.11
600,31.13,30.11
203,31.13,30.11
551,31.13,30.11
328,31.15,30.11
414,31.15,30.11
618,31.15,30.11
361,31.15,30.11
464,31.15,30.11
421,31.15,30.11
741,31.15,30.11
386,31.15,30.11
436,31.15,30.11
522,31.15,30.11
361,31.15,30.11
497,31.15,30.11
619,31.15,30.11
281,31.15,30.11
566,31.15,30.11
661,31.15,30.11
629,31.15,30.11
883,31.15,30.11
385,31.15,30.11
735,31.15,30.11
374,31.15,30.11
