493,32.61,31.43
494,32.61,31.43
604,32.61,31.43
417,32.61,31.43
499,32.61,31.43
332,32.61,31.43
884,32.61,31.43
393,32.61,31.43
675,32.61,31.43
307,32.61,31.43
850,32.61,31.43
152,32.61,31.43
605,32.61,31.43
479,32.61,31.55
471,32.61,31.55
375,32.61,31.55
345,32.61,31.55
567,32.61,31.55
370,32.61,31.55
268,32.61,31.55
464,32.61,31.55
657,32.61,31.55
223,32.61,31.55
610,32.61,31.55
361,32.61,31.55
701,32.61,31.55
138,32.61,31.55
775,32.61,31.55
169,32.61,31.55
475,32.61,31.55
537,32.61,31.55
349,32.61,31.55
534,32.61,31.55
155,32.61,31.55
535,32.61,31.55
450,32.61,31.55
439,32.61,31.55
322,32.61,31.55
536,32.61,31.55
497,32.61,31.55
571,32.61,31.55
546,32.61,31.55
641,32.61,31.55
260,32.61,31.55
605,32.61,31.55
200,32.61,31.55
706,32.61,31.55
242,32.61,31.55
438,32.61,31.55
548,32.59,31.55
459,32.59,31.55
685,32.59,31.55
517,32.59,31.55
623,32.59,31.55
393,32.59,31.55
510,32.59,31.55
621,32.59,31.55
707,32.59,31.55
544,32.59,31.55
631,32.59,31.55
310,32.59,31.55
557,32.59,31.55
477,32.59,31.55
593,32.59,31.55
521,32.59,31.55
328,32.59,31.55
843,32.59,31.55
386,32.59,31.55
712,32.59,31.55
202,32.59,31.55
883,32.59,31.55
199,32.59,31.55
666,32.59,31.57
596,32.59,31.57
662,32.59,31.57
663,32.59,31.57
748,32.59,31.57
125,32.59,31.57
480,32.59,31.57
306,32.59,31.57
434,32.59,31.57
399,32.59,31.57
653,32.59,31.57
219,32.59,31.57
505,32.59,31.57
299,32.59,31.57
206,32.59,31.57
693,32.59,31.57
483,32.59,31.57
655,32.59,31.57
393,32.59,31.57
494,32.59,31.57
118,32.59,31.57
476,32.59,31.57
590,32.59,31.57
493,32.59,31.57
427,32.59,31.57
125,32.59,31.57
467,32.59,31.57
538,32.59,31.57
400,32.59,31.57
551,32.59,31.57
694,32.59,31.57
175,32.59,31.57
852,32.59,31.57
307,32.59,31.57
549,32.59,31.57
549,32.59,31.57
563,32.61,31.57
519,32.61,31.57
626,32.61,31.57
664,32.61,31.57
570,32.61,31.57
537,32.61,31.57
310,32.61,31.57
798,32.61,31.57
460,32.61,31.57
537,32.61,31.57
510,32.61,31.57
755,32.61,31.57
574,32.61,31.57
333,32.61,31.57
714,32.61,31.57
592,32.61,31.57
608,32.61,31.57
612,32.61,31.57
466,32.61,31.57
479,32.61,31.57
612,32.61,31.57
424,32.61,31.57
670,32.61,31.57
249,32.61,31.57
459,32.61,31.29
557,32.61,31.29
118,32.61,31.29
708,32.61,31.29
516,32.61,31.29
331,32.61,31.29
485,32.61,31.29
712,32.61,31.29
581,32.61,31.29
611,32.61,31.29
565,32.61,31.29
284,32.61,31.29
510,32.61,31.29
558,32.61,31.29
119,32.61,31.29
545,32.61,31.29
288,32.61,31.29
751,32.61,31.29
388,32.61,31.29
369,32.61,31.29
574,32.61,31.29
419,32.61,31.29
665,32.61,31.29
275,32.61,31.29
762,32.61,31.29
316,32.61,31.29
374,32.61,31.29
798,32.61,31.29
544,32.61,31.29
231,32.61,31.29
608,32.61,31.29
126,32.61,31.29
733,32.61,31.29
170,32.61,31.29
624,32.61,31.29
710,32.61,31.29
709,32.61,31.29
828,32.61,31.29
711,32.61,31.29
677,32.61,31.29
217,32.61,31.29
883,32.61,31.29
389,32.61,31.29
622,32.61,31.29
456,32.61,31.29
691,32.61,31.29
291,32.61,31.29
558,32.61,31.29
759,32.61,31.29
743,32.61,31.29
279,32.61,31.29
579,32.61,31.29
523,32.61,31.29
319,32.61,31.29
652,32.61,31.29
585,32.61,31.29
884,32.61,31.29
339,32.61,31.29
801,32.61,31.29
340,32.61,31.57
576,32.61,31.57
417,32.61,31.57
488,32.61,31.57
631,32.61,31.57
566,32.61,31.57
369,32.61,31.57
587,32.61,31.57
472,32.61,31.57
663,32.61,31.57
750,32.61,31.57
339,32.61,31.57
463,32.61,31.57
249,32.61,31.57
812,32.61,31.57
119,32.61,31.57
819,32.61,31.57
351,32.61,31.57
884,32.61,31.57
192,32.61,31.57
381,32.61,31.57
609,32.61,31.57
120,32.61,31.57
408,32.61,31.57
356,32.61,31.57
495,32.61,31.57
288,32.61,31.57
639,32.61,31.57
533,32.61,31.57
734,32.61,31.57
117,32.61,31.57
841,32.61,31.57
283,32.61,31.57
868,32.61,31.57
377,32.61,31.57
860,32.61,31.57
272,32.63,31.57
550,32.63,31.57
705,32.63,31.57
277,32.63,31.57
608,32.63,31.57
118,32.63,31.57
873,32.63,31.57
118,32.63,31.57
537,32.63,31.57
523,32.63,31.57
826,32.63,31.57
116,32.63,31.57
669,32.63,31.57
462,32.63,31.57
834,32.63,31.57
316,32.63,31.57
803,32.63,31.57
625,32.63,31.57
358,32.63,31.57
657,32.63,31.57
209,32.63,31.57
472,32.63,31.57
119,32.63,31.57
808,32.63,31.43
450,32.63,31.43
492,32.63,31.43
350,32.63,31.43
592,32.63,31.43
503,32.63,31.43
547,32.63,31.43
350,32.63,31.43
446,32.63,31.43
351,32.63,31.43
685,32.63,31.43
567,32.63,31.43
388,32.63,31.43
395,32.63,31.43
474,32.63,31.43
735,32.63,31.43
144,32.63,31.43
765,32.63,31.43
267,32.63,31.43
571,32.63,31.43
257,32.63,31.43
601,32.63,31.43
517,32.63,31.43
438,32.63,31.43
657,32.63,31.43
415,32.63,31.43
507,32.63,31.43
366,32.63,31.43
560,32.63,31.43
361,32.63,31.43
551,32.63,31.43
425,32.63,31.43
615,32.63,31.43
467,32.63,31.43
358,32.63,31.43
514,32.63,31.43
537,32.61,32.61
231,32.61,31.43
530,32.61,31.43
470,32.61,31.43
467,32.61,31.43
662,32.61,31.43
577,32.61,31.43
713,32.61,31.43
508,32.61,31.43
478,32.61,31.43
659,32.61,31.43
618,32.61,31.43
332,32.61,31.43
460,32.61,31.43
656,32.61,31.43
376,32.61,31.43
495,32.61,31.43
794,32.61,31.43
550,32.61,31.43
418,32.61,31.43
673,32.61,31.43
553,32.61,31.43
757,32.61,31.43
453,32.61,31.43
692,32.61,31.57
496,32.61,31.57
503,32.61,31.57
417,32.61,31.57
547,32.61,31.57
551,32.61,31.57
290,32.61,31.57
555,32.61,31.57
435,32.61,31.57
224,32.61,31.57
523,32.61,31.57
489,32.61,31.57
489,32.61,31.57
537,32.61,31.57
413,32.61,31.57
599,32.61,31.57
289,32.61,31.57
753,32.61,31.57
538,32.61,31.57
385,32.61,31.57
481,32.61,31.57
402,32.61,31.57
410,32.61,31.57
344,32.61,31.57
462,32.61,31.57
320,32.61,31.57
469,32.61,31.57
121,32.61,31.57
679,32.61,31.57
521,32.61,31.57
588,32.61,31.57
638,32.61,31.57
524,32.61,31.57
276,32.61,31.57
631,32.61,31.57
356,32.61,31.57
829,32.65,31.57
520,32.65,31.57
477,32.65,31.57
232,32.65,31.57
619,32.65,31.57
843,32.65,31.57
443,32.65,31.57
510,32.65,31.57
539,32.65,31.57
376,32.65,31.57
383,32.65,31.57
638,32.65,31.57
605,32.65,31.57
851,32.65,31.57
362,32.65,31.57
682,32.65,31.57
548,32.65,31.57
830,32.65,31.57
640,32.65,31.57
441,32.65,31.57
580,32.65,31.57
160,32.65,31.57
768,32.65,31.57
400,32.65,31.47
718,32.65,31.47
312,32.65,31.47
664,32.65,31.47
500,32.65,31.47
192,32.65,31.47
447,32.65,31.47
635,32.65,31.47
444,32.65,31.47
243,32.65,31.47
331,32.65,31.47
417,32.65,31.47
407,32.65,31.47
443,32.65,31.47
425,32.65,31.47
221,32.65,31.47
852,32.65,31.47
206,32.65,31.47
604,32.65,31.47
749,32.65,31.47
567,32.65,31.47
385,32.65,31.47
445,32.65,31.47
466,32.65,31.47
443,32.65,31.47
600,32.65,31.47
232,32.65,31.47
598,32.65,31.47
709,32.65,31.47
317,32.65,31.47
570,32.65,31.47
789,32.65,31.47
480,32.65,31.47
719,32.65,31.47
267,32.65,31.47
687,32.65,31.47
415,32.59,31.47
489,32.59,31.47
641,32.59,31.47
461,32.59,31.47
657,32.59,31.47
463,32.59,31.47
848,32.59,31.47
420,32.59,31.47
785,32.59,31.47
580,32.59,31.47
567,32.59,31.47
545,32.59,31.47
661,32.59,31.47
494,32.59,31.47
