885,32.49,31.35
257,32.49,31.35
759,32.49,31.35
422,32.49,31.35
459,32.49,31.35
523,32.49,31.35
709,32.49,31.35
739,32.49,31.35
427,32.49,31.35
585,32.49,31.35
401,32.49,31.35
588,32.49,31.35
701,32.49,31.35
636,32.49,31.35
237,32.49,31.35
795,32.49,31.35
412,32.49,31.35
547,32.47,31.35
369,32.47,31.35
529,32.47,31.35
202,32.47,31.35
313,32.47,31.35
510,32.47,31.35
389,32.47,31.35
640,32.47,31.35
176,32.47,31.35
487,32.47,31.35
388,32.47,31.35
406,32.47,31.35
333,32.47,31.35
434,32.47,31.35
462,32.47,31.35
566,32.47,31.35
177,32.47,31.35
428,32.47,31.35
297,32.47,31.35
618,32.47,31.35
449,32.47,31.35
442,32.47,31.35
384,32.47,31.35
351,32.47,31.41
553,32.47,31.41
290,32.47,31.41
413,32.47,31.41
466,32.47,31.41
666,32.47,31.41
373,32.47,31.41
581,32.47,31.41
575,32.47,31.41
576,32.47,31.41
619,32.47,31.41
593,32.47,31.41
662,32.47,31.41
549,32.47,31.41
728,32.47,31.41
653,32.47,31.41
885,32.47,31.41
415,32.47,31.41
799,32.47,31.41
494,32.47,31.41
689,32.47,31.41
411,32.47,31.41
562,32.47,31.41
357,32.47,31.41
803,32.47,31.41
542,32.47,31.41
368,32.47,31.41
460,32.47,31.41
447,32.47,31.41
848,32.47,31.41
118,32.47,31.41
743,32.47,31.41
632,32.47,31.41
364,32.47,31.41
294,32.47,31.41
569,32.47,31.41
167,32.49,31.41
344,32.49,31.41
625,32.49,31.41
355,32.49,31.41
527,32.49,31.41
215,32.49,31.41
534,32.49,31.41
422,32.49,31.41
479,32.49,31.41
329,32.49,31.41
882,32.49,31.41
185,32.49,31.41
523,32.49,31.41
464,32.49,31.41
696,32.49,31.41
144,32.49,31.41
462,32.49,31.41
780,32.49,31.41
387,32.49,31.41
426,32.49,31.41
672,32.49,31.41
647,32.49,31.41
364,32.49,31.41
486,32.49,31.49
622,32.49,31.49
483,32.49,31.49
192,32.49,31.49
665,32.49,31.49
382,32.49,31.49
805,32.49,31.49
313,32.49,31.49
590,32.49,31.49
240,32.49,31.49
360,32.49,31.49
560,32.49,31.49
757,32.49,31.49
469,32.49,31.49
533,32.49,31.49
723,32.49,31.49
223,32.49,31.49
767,32.49,31.49
701,32.49,31.49
694,32.49,31.49
377,32.49,31.49
704,32.49,31.49
275,32.49,31.49
702,32.49,31.49
377,32.49,31.49
425,32.49,31.49
658,32.49,31.49
306,32.49,31.49
533,32.49,31.49
524,32.49,31.49
299,32.49,31.49
136,32.49,31.49
504,32.49,31.49
668,32.49,31.49
405,32.49,31.49
566,32.49,31.49
374,32.47,31.49
551,32.47,31.49
473,32.47,31.49
340,32.47,31.49
338,32.47,31.49
391,32.47,31.49
373,32.47,31.49
470,32.47,31.49
221,32.47,31.49
531,32.47,31.49
221,32.47,31.49
674,32.47,31.49
307,32.47,31.49
402,32.47,31.49
486,32.47,31.49
552,32.47,31.49
385,32.47,31.49
501,32.47,31.49
399,32.47,31.49
483,32.47,31.49
387,32.47,31.49
756,32.47,31.49
474,32.47,31.49
372,32.47,31.49
438,32.47,31.47
646,32.47,31.47
758,32.47,31.47
132,32.47,31.47
767,32.47,31.47
449,32.47,31.47
506,32.47,31.47
638,32.47,31.47
700,32.47,31.47
644,32.47,31.47
479,32.47,31.47
494,32.47,31.47
294,32.47,31.47
822,32.47,31.47
734,32.47,31.47
565,32.47,31.47
270,32.47,31.47
460,32.47,31.47
428,32.47,31.47
399,32.47,31.47
300,32.47,31.47
824,32.47,31.47
613,32.47,31.47
705,32.47,31.47
564,32.47,31.47
505,32.47,31.47
677,32.47,31.47
350,32.47,31.47
789,32.47,31.47
407,32.47,31.47
736,32.47,31.47
204,32.47,31.47
735,32.47,31.47
317,32.47,31.47
596,32.47,31.47
581,32.47,31.47
564,32.51,31.47
259,32.51,31.47
556,32.51,31.47
339,32.51,31.47
421,32.51,31.47
498,32.51,31.47
380,32.51,31.47
509,32.51,31.47
304,32.51,31.47
486,32.51,31.47
379,32.51,31.47
574,32.51,31.47
121,32.51,31.47
492,32.51,31.47
520,32.51,31.47
620,32.51,31.47
318,32.51,31.47
647,32.51,31.47
548,32.51,31.47
416,32.51,31.47
396,32.51,31.47
592,32.51,31.47
554,32.51,31.47
320,32.51,31.39
784,32.51,31.39
244,32.51,31.39
742,32.51,31.39
362,32.51,31.39
844,32.51,31.39
329,32.51,31.39
545,32.51,31.39
328,32.51,31.39
690,32.51,31.39
348,32.51,31.39
692,32.51,31.39
713,32.51,31.39
599,32.51,31.39
434,32.51,31.39
830,32.51,31.39
528,32.51,31.39
512,32.51,31.39
716,32.51,31.39
535,32.51,31.39
581,32.51,31.39
397,32.51,31.39
864,32.51,31.39
318,32.51,31.39
799,32.51,31.39
313,32.51,31.39
427,32.51,31.39
465,32.51,31.39
369,32.51,31.39
619,32.51,31.39
535,32.51,31.39
463,32.51,31.39
172,32.51,31.39
666,32.51,31.39
388,32.51,31.39
423,32.51,31.39
159,32.49,31.39
833,32.49,31.39
124,32.49,31.39
884,32.49,31.39
333,32.49,31.39
733,32.49,31.39
352,32.49,31.39
620,32.49,31.39
300,32.49,31.39
184,32.49,31.39
490,32.49,31.39
411,32.49,31.39
529,32.49,31.39
379,32.49,31.39
668,32.49,31.39
489,32.49,31.39
697,32.49,31.39
654,32.49,31.39
480,32.49,31.39
208,32.49,31.39
841,32.49,31.39
335,32.49,31.39
587,32.49,31.39
512,32.49,31.39
630,32.49,31.29
666,32.49,31.29
537,32.49,31.29
624,32.49,31.29
432,32.49,31.29
844,32.49,31.29
244,32.49,31.29
884,32.49,31.29
480,32.49,31.29
702,32.49,31.29
629,32.49,31.29
652,32.49,31.29
551,32.49,31.29
735,32.49,31.29
249,32.49,31.29
535,32.49,31.29
379,32.49,31.29
453,32.49,31.29
744,32.49,31.29
214,32.49,31.29
558,32.49,31.29
251,32.49,31.29
883,32.49,31.29
123,32.49,31.29
738,32.49,31.29
136,32.49,31.29
778,32.49,31.29
353,32.49,31.29
527,32.49,31.29
529,32.49,31.29
438,32.49,31.29
528,32.49,31.29
426,32.49,31.29
330,32.49,31.29
464,32.49,31.29
446,32.49,31.29
343,32.51,31.29
701,32.51,31.29
118,32.51,31.29
718,32.51,31.29
273,32.51,31.29
778,32.51,31.29
473,32.51,31.29
330,32.51,31.29
491,32.51,31.29
415,32.51,31.29
464,32.51,31.29
561,32.51,31.29
704,32.51,31.29
569,32.51,31.29
393,32.51,31.29
553,32.51,31.29
492,32.51,31.29
463,32.51,31.29
525,32.51,31.29
300,32.51,31.29
570,32.51,31.29
434,32.51,31.29
840,32.51,31.29
546,32.51,31.49
754,32.51,31.49
364,32.51,31.49
482,32.51,31.49
787,32.51,31.49
524,32.51,31.49
764,32.51,31.49
653,32.51,31.49
703,32.51,31.49
276,32.51,31.49
506,32.51,31.49
518,32.51,31.49
298,32.51,31.49
726,32.51,31.49
692,32.51,31.49
345,32.51,31.49
659,32.51,31.49
603,32.51,31.49
852,32.51,31.49
461,32.51,31.49
579,32.51,31.49
557,32.51,31.49
320,32.51,31.49
681,32.51,31.49
391,32.51,31.49
478,32.51,31.49
340,32.51,31.49
565,32.51,31.49
556,32.51,31.49
394,32.51,31.49
551,32.51,31.49
856,32.51,31.49
328,32.51,31.49
344,32.51,31.49
411,32.51,31.49
454,32.51,31.49
445,32.49,31.49
604,32.49,31.49
524,32.49,31.49
322,32.49,31.49
566,32.49,31.49
209,32.49,31.49
863,32.49,31.49
360,32.49,31.49
370,32.49,31.49
398,32.49,31.49
455,32.49,31.49
539,32.49,31.49
424,32.49,31.49
526,32.49,31.49
524,32.49,31.49
523,32.49,31.49
538,32.49,31.49
520,32.49,31.49
688,32.49,31.49
812,32.49,31.49
520,32.49,31.49
460,32.49,31.49
336,32.49,31.49
727,32.49,31.49
360,32.49,31.39
478,32.49,31.39
653,32.49,31.39
400,32.49,31.39
699,32.49,31.39
292,32.49,31.39
885,32.49,31.39
614,32.49,31.39
734,32.49,31.39
735,32.49,31.39
684,32.49,31.39
528,32.49,31.39
376,32.49,31.39
455,32.49,31.39
700,32.49,31.39
384,32.49,31.39
673,32.49,31.39
547,32.49,31.39
339,32.49,31.39
544,32.49,31.39
642,32.49,31.39
511,32.49,31.39
