247,31.61,30.59
333,31.61,30.59
503,31.61,30.59
178,31.61,30.59
484,31.61,30.59
818,31.61,30.59
440,31.61,30.59
633,31.61,30.59
610,31.61,30.59
214,31.61,30.59
264,31.61,30.59
798,31.61,30.59
523,31.61,30.59
493,31.61,30.59
399,31.61,30.59
770,31.61,30.59
324,31.61,30.59
783,31.61,30.59
589,31.61,30.59
534,31.61,30.59
542,31.61,30.59
378,31.61,30.59
824,31.61,30.59
402,31.61,30.59
541,31.61,30.59
610,31.61,30.59
565,31.61,30.59
251,31.61,30.59
660,31.61,30.59
679,31.61,30.59
419,31.61,30.59
628,31.61,30.59
566,31.61,30.59
443,31.57,30.59
490,31.57,30.59
700,31.57,30.59
494,31.57,30.59
291,31.57,30.59
139,31.57,30.59
659,31.57,30.59
361,31.57,30.59
352,31.57,30.59
400,31.57,30.59
406,31.57,30.59
488,31.57,30.59
569,31.57,30.59
595,31.57,30.59
369,31.57,30.59
661,31.57,30.59
276,31.57,30.59
544,31.57,30.59
339,31.57,30.59
318,31.57,30.59
642,31.57,30.59
528,31.57,30.59
511,31.57,30.59
442,31.57,30.33
579,31.57,30.33
472,31.57,30.33
552,31.57,30.33
273,31.57,30.33
438,31.57,30.33
389,31.57,30.33
675,31.57,30.33
577,31.57,30.33
639,31.57,30.33
538,31.57,30.33
609,31.57,30.33
491,31.57,30.33
579,31.57,30.33
547,31.57,30.33
680,31.57,30.33
417,31.57,30.33
616,31.57,30.33
432,31.57,30.33
383,31.57,30.33
357,31.57,30.33
663,31.57,30.33
696,31.57,30.33
263,31.57,30.33
686,31.57,30.33
282,31.57,30.33
667,31.57,30.33
445,31.57,30.33
715,31.57,30.33
252,31.57,30.33
836,31.57,30.33
527,31.57,30.33
452,31.57,30.33
529,31.57,30.33
456,31.57,30.33
637,31.57,30.33
526,31.59,30.33
519,31.59,30.33
464,31.59,30.33
867,31.59,30.33
601,31.59,30.33
586,31.59,30.33
399,31.59,30.33
736,31.59,30.33
612,31.59,30.33
589,31.59,30.33
442,31.59,30.33
647,31.59,30.33
413,31.59,30.33
407,31.59,30.33
403,31.59,30.33
286,31.59,30.33
640,31.59,30.33
228,31.59,30.33
702,31.59,30.33
507,31.59,30.33
641,31.59,30.33
500,31.59,30.33
451,31.59,30.33
323,31.59,30.33
684,31.59,30.47
380,31.59,30.47
820,31.59,30.47
504,31.59,30.47
118,31.59,30.47
296,31.59,30.47
347,31.59,30.47
542,31.59,30.47
169,31.59,30.47
595,31.59,30.47
240,31.59,30.47
802,31.59,30.47
295,31.59,30.47
486,31.59,30.47
331,31.59,30.47
616,31.59,30.47
309,31.59,30.47
556,31.59,30.47
403,31.59,30.47
769,31.59,30.47
561,31.59,30.47
681,31.59,30.47
617,31.59,30.47
589,31.59,30.47
702,31.59,30.47
225,31.59,30.47
812,31.59,30.47
167,31.59,30.47
602,31.59,30.47
243,31.59,30.47
477,31.59,30.47
530,31.59,30.47
521,31.59,30.47
539,31.59,30.47
447,31.59,30.47
561,31.59,30.47
360,31.61,30.47
687,31.61,30.47
413,31.61,30.47
660,31.61,30.47
430,31.61,30.47
593,31.61,30.47
505,31.61,30.47
700,31.61,30.47
637,31.61,30.47
731,31.61,30.47
193,31.61,30.47
640,31.61,30.47
233,31.61,30.47
468,31.61,30.47
747,31.61,30.47
465,31.61,30.47
595,31.61,30.47
247,31.61,30.47
518,31.61,30.47
238,31.61,30.47
659,31.61,30.47
389,31.61,30.47
620,31.61,30.47
131,31.61,30.37
554,31.61,30.37
221,31.61,30.37
820,31.61,30.37
251,31.61,30.37
572,31.61,30.37
277,31.61,30.37
305,31.61,30.37
511,31.61,30.37
327,31.61,30.37
692,31.61,30.37
316,31.61,30.37
650,31.61,30.37
456,31.61,30.37
578,31.61,30.37
265,31.61,30.37
635,31.61,30.37
359,31.61,30.37
555,31.61,30.37
652,31.61,30.37
860,31.61,30.37
334,31.61,30.37
800,31.61,30.37
696,31.61,30.37
604,31.61,30.37
885,31.61,30.37
647,31.61,30.37
792,31.61,30.37
449,31.61,30.37
676,31.61,30.37
594,31.61,30.37
818,31.61,30.37
163,31.61,30.37
873,31.61,30.37
304,31.61,30.37
543,31.61,30.37
256,31.65,30.37
458,31.65,30.37
493,31.65,30.37
658,31.65,30.37
286,31.65,30.37
482,31.65,30.37
612,31.65,30.37
185,31.65,30.37
885,31.65,30.37
119,31.65,30.37
703,31.65,30.37
154,31.65,30.37
563,31.65,30.37
337,31.65,30.37
615,31.65,30.37
176,31.65,30.37
744,31.65,30.37
287,31.65,30.37
415,31.65,30.37
408,31.65,30.37
514,31.65,30.37
360,31.65,30.37
442,31.65,30.37
655,31.65,30.37
267,31.65,30.51
605,31.65,30.51
174,31.65,30.51
778,31.65,30.51
252,31.65,30.51
501,31.65,30.51
285,31.65,30.51
551,31.65,30.51
312,31.65,30.51
537,31.65,30.51
658,31.65,30.51
171,31.65,30.51
518,31.65,30.51
735,31.65,30.51
617,31.65,30.51
537,31.65,30.51
881,31.65,30.51
335,31.65,30.51
884,31.65,30.51
303,31.65,30.51
884,31.65,30.51
407,31.65,30.51
849,31.65,30.51
481,31.65,30.51
621,31.65,30.51
598,31.65,30.51
264,31.65,30.51
885,31.65,30.51
228,31.65,30.51
439,31.65,30.51
338,31.65,30.51
794,31.65,30.51
495,31.65,30.51
654,31.65,30.51
617,31.65,30.51
861,31.65,30.51
123,31.61,30.51
528,31.61,30.51
211,31.61,30.51
667,31.61,30.51
444,31.61,30.51
440,31.61,30.51
496,31.61,30.51
140,31.61,30.51
758,31.61,30.51
281,31.61,30.51
706,31.61,30.51
118,31.61,30.51
587,31.61,30.51
316,31.61,30.51
346,31.61,30.51
561,31.61,30.51
628,31.61,30.51
225,31.61,30.51
571,31.61,30.51
331,31.61,30.51
488,31.61,30.51
270,31.61,30.51
482,31.61,30.51
774,31.61,30.51
144,31.61,30.73
884,31.61,30.73
414,31.61,30.73
797,31.61,30.73
169,31.61,30.73
756,31.61,30.73
123,31.61,30.73
530,31.61,30.73
314,31.61,30.73
754,31.61,30.73
364,31.61,30.73
595,31.61,30.73
662,31.61,30.73
706,31.61,30.73
277,31.61,30.73
648,31.61,30.73
784,31.61,30.73
138,31.61,30.73
743,31.61,30.73
426,31.61,30.73
876,31.61,30.73
259,31.61,30.73
707,31.61,30.73
475,31.61,30.73
628,31.61,30.73
361,31.61,30.73
554,31.61,30.73
624,31.61,30.73
447,31.61,30.73
717,31.61,30.73
432,31.61,30.73
594,31.61,30.73
424,31.61,30.73
551,31.61,30.73
577,31.61,30.73
224,31.61,30.73
270,31.61,30.73
735,31.61,30.73
257,31.61,30.73
657,31.61,30.73
506,31.61,30.73
660,31.61,30.73
629,31.61,30.73
474,31.61,30.73
770,31.61,30.73
347,31.61,30.73
257,31.61,30.73
434,31.61,30.73
726,31.61,30.73
291,31.61,30.73
329,31.61,30.73
660,31.61,30.73
402,31.61,30.73
201,31.61,30.73
782,31.61,30.73
192,31.61,30.73
329,31.61,30.73
348,31.61,30.73
457,31.61,30.73
518,31.61,30.51
239,31.61,30.51
753,31.61,30.51
442,31.61,30.51
643,31.61,30.51
383,31.61,30.51
282,31.61,30.51
493,31.61,30.51
349,31.61,30.51
547,31.61,30.51
589,31.61,30.51
396,31.61,30.51
379,31.61,30.51
885,31.61,30.51
254,31.61,30.51
666,31.61,30.51
579,31.61,30.51
698,31.61,30.51
334,31.61,30.51
650,31.61,30.51
471,31.61,30.51
756,31.61,30.51
461,31.61,30.51
635,31.61,30.51
407,31.61,30.51
351,31.61,30.51
568,31.61,30.51
201,31.61,30.51
763,31.61,30.51
547,31.61,30.51
629,31.61,30.51
570,31.61,30.51
672,31.61,30.51
708,31.61,30.51
548,31.61,30.51
501,31.61,30.51
476,31.59,30.51
420,31.59,30.51
542,31.59,30.51
325,31.59,30.51
729,31.59,30.51
393,31.59,30.51
547,31.59,30.51
585,31.59,30.51
565,31.59,30.51
696,31.59,30.51
321,31.59,30.51
697,31.59,30.51
518,31.59,30.51
556,31.59,30.51
492,31.59,30.51
397,31.59,30.51
402,31.59,30.51
420,31.59,30.51
396,31.59,30.51
332,31.59,30.51
439,31.59,30.51
391,31.59,30.51
352,31.59,30.51
459,31.59,30.51
469,31.59,30.29
119,31.59,30.29
640,31.59,30.29
195,31.59,30.29
