482,30.13,29.03
594,30.13,29.03
416,30.13,29.03
262,30.13,29.03
544,30.13,29.03
778,30.13,29.03
347,30.13,29.03
600,30.13,29.03
756,30.13,29.03
389,30.13,29.03
623,30.13,29.03
881,30.13,29.03
702,30.13,29.03
187,30.13,29.03
878,30.11,29.03
120,30.11,29.03
483,30.11,29.03
121,30.11,29.03
556,30.11,29.03
540,30.11,29.03
285,30.11,29.03
608,30.11,29.03
805,30.11,29.03
512,30.11,29.03
610,30.11,29.03
542,30.11,29.03
354,30.11,29.03
631,30.11,29.03
440,30.11,29.03
548,30.11,29.03
188,30.11,29.03
725,30.11,29.03
121,30.11,29.03
839,30.11,29.03
119,30.11,29.03
621,30.11,29.03
504,30.11,29.03
313,30.11,29.09
312,30.11,29.09
473,30.11,29.09
753,30.11,29.09
313,30.11,29.09
537,30.11,29.09
388,30.11,29.09
672,30.11,29.09
380,30.11,29.09
629,30.11,29.09
207,30.11,29.09
740,30.11,29.09
347,30.11,29.09
639,30.11,29.09
267,30.11,29.09
410,30.11,29.09
457,30.11,29.09
137,30.11,29.09
803,30.11,29.09
119,30.11,29.09
882,30.11,29.09
424,30.11,29.09
580,30.11,29.09
122,30.11,29.09
684,30.11,29.09
344,30.11,29.09
744,30.11,29.09
217,30.11,29.09
486,30.11,29.09
237,30.11,29.09
740,30.11,29.09
295,30.11,29.09
436,30.11,29.09
751,30.11,29.09
339,30.11,29.09
677,30.11,29.09
296,30.13,29.09
862,30.13,29.09
318,30.13,29.09
653,30.13,29.09
391,30.13,29.09
633,30.13,29.09
448,30.13,29.09
585,30.13,29.09
669,30.13,29.09
530,30.13,29.09
320,30.13,29.09
585,30.13,29.09
637,30.13,29.09
310,30.13,29.09
634,30.13,29.09
517,30.13,29.09
669,30.13,29.09
367,30.13,29.09
684,30.13,29.09
348,30.13,29.09
854,30.13,29.09
421,30.13,29.09
565,30.13,29.09
490,30.13,29.09
572,30.13,28.97
742,30.13,28.97
166,30.13,28.97
607,30.13,28.97
241,30.13,28.97
637,30.13,28.97
214,30.13,28.97
578,30.13,28.97
630,30.13,28.97
708,30.13,28.97
194,30.13,28.97
822,30.13,28.97
429,30.13,28.97
689,30.13,28.97
381,30.13,28.97
651,30.13,28.97
395,30.13,28.97
240,30.13,28.97
631,30.13,28.97
413,30.13,28.97
628,30.13,28.97
152,30.13,28.97
773,30.13,28.97
366,30.13,28.97
482,30.13,28.97
494,30.13,28.97
670,30.13,28.97
404,30.13,28.97
510,30.13,28.97
319,30.13,28.97
699,30.13,28.97
468,30.13,28.97
598,30.13,28.97
754,30.13,28.97
258,30.13,28.97
473,30.13,28.97
528,30.11,28.97
764,30.11,28.97
304,30.11,28.97
742,30.11,28.97
442,30.11,28.97
379,30.11,28.97
479,30.11,28.97
566,30.11,28.97
632,30.11,28.97
460,30.11,28.97
449,30.11,28.97
484,30.11,28.97
697,30.11,28.97
521,30.11,28.97
770,30.11,28.97
557,30.11,28.97
357,30.11,28.97
435,30.11,28.97
566,30.11,28.97
626,30.11,28.97
293,30.11,28.97
846,30.11,28.97
372,30.11,28.97
670,30.11,28.97
436,30.11,29.09
680,30.11,29.09
540,30.11,29.09
859,30.11,29.09
432,30.11,29.09
705,30.11,29.09
474,30.11,29.09
594,30.11,29.09
550,30.11,29.09
662,30.11,29.09
498,30.11,29.09
312,30.11,29.09
476,30.11,29.09
126,30.11,29.09
464,30.11,29.09
788,30.11,29.09
544,30.11,29.09
160,30.11,29.09
747,30.11,29.09
362,30.11,29.09
473,30.11,29.09
609,30.11,29.09
675,30.11,29.09
383,30.11,29.09
327,30.11,29.09
581,30.11,29.09
178,30.11,29.09
823,30.11,29.09
248,30.11,29.09
881,30.11,29.09
403,30.11,29.09
121,30.11,29.09
821,30.11,29.09
486,30.11,29.09
514,30.11,29.09
539,30.11,29.09
512,30.13,29.09
721,30.13,29.09
359,30.13,29.09
327,30.13,29.09
598,30.13,29.09
328,30.13,29.09
581,30.13,29.09
296,30.13,29.09
723,30.13,29.09
363,30.13,29.09
435,30.13,29.09
605,30.13,29.09
595,30.13,29.09
500,30.13,29.09
391,30.13,29.09
723,30.13,29.09
281,30.13,29.09
407,30.13,29.09
648,30.13,29.09
424,30.13,29.09
729,30.13,29.09
704,30.13,29.09
480,30.13,29.09
627,30.13,29.03
599,30.13,29.03
669,30.13,29.03
351,30.13,29.03
531,30.13,29.03
602,30.13,29.03
480,30.13,29.03
698,30.13,29.03
412,30.13,29.03
884,30.13,29.03
623,30.13,29.03
642,30.13,29.03
569,30.13,29.03
849,30.13,29.03
452,30.13,29.03
592,30.13,29.03
585,30.13,29.03
565,30.13,29.03
609,30.13,29.03
547,30.13,29.03
488,30.13,29.03
629,30.13,29.03
393,30.13,29.03
764,30.13,29.03
662,30.13,29.03
118,30.13,29.03
883,30.13,29.03
175,30.13,29.03
797,30.13,29.03
423,30.13,29.03
622,30.13,29.03
762,30.13,29.03
316,30.13,29.03
595,30.13,29.03
402,30.13,29.03
627,30.13,29.03
428,30.13,29.03
418,30.13,29.03
438,30.13,29.03
557,30.13,29.03
322,30.13,29.03
382,30.13,29.03
455,30.13,29.03
484,30.13,29.03
169,30.13,29.03
714,30.13,29.03
124,30.13,29.03
459,30.13,29.03
760,30.13,29.03
232,30.13,29.03
623,30.13,29.03
185,30.13,29.03
616,30.13,29.03
349,30.13,29.03
498,30.13,29.03
336,30.13,29.03
492,30.13,29.03
450,30.13,29.03
509,30.13,29.03
507,30.13,29.03
598,30.13,29.03
476,30.13,29.03
680,30.13,29.03
308,30.13,29.03
675,30.13,29.03
465,30.13,29.03
634,30.13,29.03
701,30.13,29.03
328,30.13,29.03
614,30.13,29.03
255,30.13,29.03
767,30.13,29.03
389,30.13,29.03
540,30.13,29.03
527,30.13,29.03
579,30.13,29.03
824,30.13,29.03
752,30.13,29.03
602,30.13,29.03
561,30.13,29.03
657,30.13,29.03
518,30.13,29.03
515,30.13,29.03
459,30.13,29.03
522,30.13,29.03
473,30.13,29.03
820,30.13,29.03
120,30.13,29.03
804,30.13,29.03
236,30.13,29.03
591,30.13,29.03
196,30.13,29.03
217,30.13,29.03
642,30.13,29.03
382,30.13,29.03
669,30.13,29.03
513,30.11,29.03
741,30.11,29.03
435,30.11,29.03
625,30.11,29.03
300,30.11,29.03
883,30.11,29.03
310,30.11,29.03
566,30.11,29.03
151,30.11,29.03
670,30.11,29.03
254,30.11,29.03
541,30.11,29.03
464,30.11,29.03
347,30.11,29.03
609,30.11,29.03
302,30.11,29.03
622,30.11,29.03
120,30.11,29.03
618,30.11,29.03
316,30.11,29.03
494,30.11,29.03
391,30.11,29.03
454,30.11,29.03
411,30.11,29.03
643,30.11,28.83
209,30.11,28.83
860,30.11,28.83
390,30.11,28.83
511,30.11,28.83
547,30.11,28.83
394,30.11,28.83
535,30.11,28.83
462,30.11,28.83
839,30.11,28.83
151,30.11,28.83
718,30.11,28.83
306,30.11,28.83
718,30.11,28.83
435,30.11,28.83
599,30.11,28.83
568,30.11,28.83
785,30.11,28.83
621,30.11,28.83
418,30.11,28.83
421,30.11,28.83
647,30.11,28.83
691,30.11,28.83
300,30.11,28.83
790,30.11,28.83
164,30.11,28.83
883,30.11,28.83
476,30.11,28.83
882,30.11,28.83
210,30.11,28.83
883,30.11,28.83
532,30.11,28.83
593,30.11,28.83
554,30.11,28.83
322,30.11,28.83
746,30.11,28.83
332,30.13,28.83
613,30.13,28.83
339,30.13,28.83
689,30.13,28.83
350,30.13,28.83
802,30.13,28.83
120,30.13,28.83
514,30.13,28.83
418,30.13,28.83
739,30.13,28.83
395,30.13,28.83
503,30.13,28.83
514,30.13,28.83
587,30.13,28.83
526,30.13,28.83
210,30.13,28.83
492,30.13,28.83
310,30.13,28.83
698,30.13,28.83
244,30.13,28.83
644,30.13,28.83
337,30.13,28.83
427,30.13,28.83
525,30.13,28.89
477,30.13,28.89
180,30.13,28.89
549,30.13,28.89
366,30.13,28.89
606,30.13,28.89
268,30.13,28.89
553,30.13,28.89
762,30.13,28.89
225,30.13,28.89
743,30.13,28.89
309,30.13,28.89
520,30.13,28.89
256,30.13,28.89
876,30.13,28.89
352,30.13,28.89
650,30.13,28.89
496,30.13,28.89
771,30.13,28.89
462,30.13,28.89
469,30.13,28.89
697,30.13,28.89
733,30.13,28.89
681,30.13,28.89
776,30.13,28.89
