305,32.39,31.33
558,32.39,31.33
651,32.39,31.33
254,32.39,31.33
123,32.39,31.33
530,32.39,31.33
587,32.37,31.33
305,32.37,31.33
358,32.37,31.33
613,32.37,31.33
220,32.37,31.33
757,32.37,31.33
526,32.37,31.33
492,32.37,31.33
542,32.37,31.33
152,32.37,31.33
430,32.37,31.33
257,32.37,31.33
538,32.37,31.33
248,32.37,31.33
639,32.37,31.33
538,32.37,31.33
616,32.37,31.33
601,32.37,31.33
645,32.37,31.33
621,32.37,31.33
650,32.37,31.33
232,32.37,31.33
585,32.37,31.33
416,32.37,31.13
378,32.37,31.13
643,32.37,31.13
311,32.37,31.13
731,32.37,31.13
566,32.37,31.13
517,32.37,31.13
412,32.37,31.13
647,32.37,31.13
570,32.37,31.13
588,32.37,31.13
486,32.37,31.13
717,32.37,31.13
573,32.37,31.13
545,32.37,31.13
397,32.37,31.13
295,32.37,31.13
378,32.37,31.13
683,32.37,31.13
472,32.37,31.13
272,32.37,31.13
515,32.37,31.13
507,32.37,31.13
668,32.37,31.13
313,32.37,31.13
404,32.37,31.13
223,32.37,31.13
270,32.37,31.13
187,32.37,31.13
659,32.37,31.13
444,32.37,31.13
719,32.37,31.13
265,32.37,31.13
489,32.37,31.13
424,32.37,31.13
290,32.37,31.13
359,32.39,31.13
580,32.39,31.13
627,32.39,31.13
215,32.39,31.13
678,32.39,31.13
209,32.39,31.13
881,32.39,31.13
310,32.39,31.13
654,32.39,31.13
299,32.39,31.13
768,32.39,31.13
366,32.39,31.13
448,32.39,31.13
591,32.39,31.13
551,32.39,31.13
626,32.39,31.13
466,32.39,31.13
664,32.39,31.13
319,32.39,31.13
733,32.39,31.13
542,32.39,31.13
737,32.39,31.13
453,32.39,31.13
819,32.39,31.13
514,32.39,31.39
651,32.39,31.39
564,32.39,31.39
708,32.39,31.39
453,32.39,31.39
593,32.39,31.39
673,32.39,31.39
361,32.39,31.39
670,32.39,31.39
438,32.39,31.39
701,32.39,31.39
514,32.39,31.39
505,32.39,31.39
694,32.39,31.39
588,32.39,31.39
485,32.39,31.39
835,32.39,31.39
365,32.39,31.39
758,32.39,31.39
534,32.39,31.39
528,32.39,31.39
801,32.39,31.39
193,32.39,31.39
884,32.39,31.39
119,32.39,31.39
479,32.39,31.39
118,32.39,31.39
639,32.39,31.39
206,32.39,31.39
536,32.39,31.39
765,32.39,31.39
584,32.39,31.39
487,32.39,31.39
509,32.39,31.39
798,32.39,31.39
185,32.39,31.39
444,32.39,31.39
384,32.39,31.39
605,32.39,31.39
118,32.39,31.39
666,32.39,31.39
454,32.39,31.39
883,32.39,31.39
119,32.39,31.39
674,32.39,31.39
561,32.39,31.39
389,32.39,31.39
349,32.39,31.39
367,32.39,31.39
475,32.39,31.39
370,32.39,31.39
636,32.39,31.39
731,32.39,31.39
638,32.39,31.39
122,32.39,31.39
601,32.39,31.39
119,32.39,31.39
839,32.39,31.39
223,32.39,31.39
669,32.39,31.27
238,32.39,31.27
462,32.39,31.27
462,32.39,31.27
656,32.39,31.27
235,32.39,31.27
542,32.39,31.27
812,32.39,31.27
159,32.39,31.27
603,32.39,31.27
714,32.39,31.27
880,32.39,31.27
284,32.39,31.27
738,32.39,31.27
221,32.39,31.27
790,32.39,31.27
461,32.39,31.27
695,32.39,31.27
352,32.39,31.27
532,32.39,31.27
333,32.39,31.27
416,32.39,31.27
480,32.39,31.27
401,32.39,31.27
884,32.39,31.27
192,32.39,31.27
724,32.39,31.27
120,32.39,31.27
519,32.39,31.27
171,32.39,31.27
478,32.39,31.27
129,32.39,31.27
390,32.39,31.27
183,32.39,31.27
257,32.39,31.27
697,32.39,31.27
349,32.39,31.27
577,32.39,31.27
722,32.39,31.27
620,32.39,31.27
124,32.39,31.27
842,32.39,31.27
293,32.39,31.27
700,32.39,31.27
247,32.39,31.27
523,32.39,31.27
334,32.39,31.27
569,32.39,31.27
471,32.39,31.27
636,32.39,31.27
472,32.39,31.27
356,32.39,31.27
355,32.39,31.27
535,32.39,31.27
394,32.39,31.27
589,32.39,31.27
525,32.39,31.27
559,32.39,31.27
514,32.39,31.27
380,32.39,31.27
834,32.39,31.27
401,32.39,31.27
783,32.39,31.27
420,32.39,31.27
506,32.39,31.27
619,32.39,31.27
578,32.39,31.27
785,32.39,31.27
364,32.39,31.27
476,32.39,31.27
627,32.39,31.27
496,32.39,31.27
403,32.39,31.27
688,32.39,31.27
556,32.39,31.27
285,32.39,31.27
675,32.39,31.27
688,32.39,31.27
405,32.39,31.27
585,32.39,31.27
496,32.39,31.27
267,32.39,31.27
361,32.39,31.27
222,32.39,31.27
348,32.39,31.27
295,32.39,31.27
307,32.39,31.27
525,32.39,31.27
572,32.39,31.27
175,32.39,31.27
435,32.39,31.27
693,32.39,31.27
276,32.39,31.27
596,32.39,31.27
532,32.39,31.27
476,32.39,31.27
708,32.39,31.27
585,32.39,31.27
370,32.39,31.27
448,32.39,31.27
122,32.39,31.27
569,32.39,31.27
233,32.39,31.27
786,32.39,31.27
373,32.39,31.27
527,32.39,31.27
600,32.39,31.27
426,32.39,31.27
607,32.39,31.27
283,32.39,31.27
703,32.39,31.27
480,32.39,31.27
681,32.39,31.27
487,32.39,31.27
695,32.39,31.27
558,32.39,31.27
562,32.39,31.27
390,32.39,31.27
861,32.39,31.27
437,32.39,31.29
714,32.39,31.29
353,32.39,31.29
745,32.39,31.29
354,32.39,31.29
433,32.39,31.29
628,32.39,31.29
122,32.39,31.29
681,32.39,31.29
433,32.39,31.29
707,32.39,31.29
587,32.39,31.29
466,32.39,31.29
490,32.39,31.29
801,32.39,31.29
387,32.39,31.29
276,32.39,31.29
395,32.39,31.29
832,32.39,31.29
122,32.39,31.29
784,32.39,31.29
284,32.39,31.29
350,32.39,31.29
882,32.39,31.29
364,32.39,31.29
683,32.39,31.29
354,32.39,31.29
663,32.39,31.29
161,32.39,31.29
785,32.39,31.29
285,32.39,31.29
505,32.39,31.29
571,32.39,31.29
509,32.39,31.29
230,32.39,31.29
317,32.39,31.29
726,32.41,31.29
260,32.41,31.29
371,32.41,31.29
279,32.41,31.29
459,32.41,31.29
312,32.41,31.29
715,32.41,31.29
484,32.41,31.29
706,32.41,31.29
375,32.41,31.29
382,32.41,31.29
199,32.41,31.29
587,32.41,31.29
519,32.41,31.29
234,32.41,31.29
310,32.41,31.29
372,32.41,31.29
316,32.41,31.29
447,32.41,31.29
669,32.41,31.29
552,32.41,31.29
590,32.41,31.29
468,32.41,31.29
566,32.41,31.29
370,32.41,31.27
881,32.41,31.27
527,32.41,31.27
529,32.41,31.27
507,32.41,31.27
764,32.41,31.27
450,32.41,31.27
447,32.41,31.27
782,32.41,31.27
340,32.41,31.27
688,32.41,31.27
413,32.41,31.27
566,32.41,31.27
692,32.41,31.27
882,32.41,31.27
329,32.41,31.27
696,32.41,31.27
351,32.41,31.27
732,32.41,31.27
212,32.41,31.27
460,32.41,31.27
484,32.41,31.27
609,32.41,31.27
548,32.41,31.27
263,32.41,31.27
527,32.41,31.27
315,32.41,31.27
341,32.41,31.27
159,32.41,31.27
569,32.41,31.27
124,32.41,31.27
675,32.41,31.27
427,32.41,31.27
698,32.41,31.27
114,32.41,31.27
649,32.41,31.27
213,32.39,31.27
788,32.39,31.27
319,32.39,31.27
462,32.39,31.27
550,32.39,31.27
507,32.39,31.27
492,32.39,31.27
463,32.39,31.27
885,32.39,31.27
120,32.39,31.27
885,32.39,31.27
127,32.39,31.27
738,32.39,31.27
265,32.39,31.27
883,32.39,31.27
302,32.39,31.27
822,32.39,31.27
522,32.39,31.27
866,32.39,31.27
528,32.39,31.27
440,32.39,31.27
651,32.39,31.27
258,32.39,31.27
675,32.39,31.35
285,32.39,31.35
885,32.39,31.35
230,32.39,31.35
884,32.39,31.35
374,32.39,31.35
654,32.39,31.35
347,32.39,31.35
811,32.39,31.35
586,32.39,31.35
641,32.39,31.35
478,32.39,31.35
564,32.39,31.35
610,32.39,31.35
392,32.39,31.35
736,32.39,31.35
372,32.39,31.35
215,32.39,31.35
121,32.39,31.35
502,32.39,31.35
268,32.39,31.35
623,32.39,31.35
396,32.39,31.35
632,32.39,31.35
481,32.39,31.35
443,32.39,31.35
557,32.39,31.35
375,32.39,31.35
526,32.39,31.35
189,32.39,31.35
395,32.39,31.35
250,32.39,31.35
