344,29.87,28.75
707,29.87,28.75
119,29.87,28.75
582,29.91,28.75
653,29.91,28.75
612,29.91,28.75
465,29.91,28.75
447,29.91,28.75
130,29.91,28.75
833,29.91,28.75
365,29.91,28.75
593,29.91,28.75
126,29.91,28.75
628,29.91,28.75
685,29.91,28.75
725,29.91,28.75
608,29.91,28.75
369,29.91,28.75
572,29.91,28.75
339,29.91,28.75
669,29.91,28.75
713,29.91,28.75
678,29.91,28.75
454,29.91,28.75
859,29.91,28.75
400,29.91,28.75
453,29.91,28.89
540,29.91,28.89
494,29.91,28.89
668,29.91,28.89
294,29.91,28.89
462,29.91,28.89
357,29.91,28.89
698,29.91,28.89
375,29.91,28.89
748,29.91,28.89
279,29.91,28.89
828,29.91,28.89
367,29.91,28.89
709,29.91,28.89
288,29.91,28.89
752,29.91,28.89
473,29.91,28.89
530,29.91,28.89
536,29.91,28.89
282,29.91,28.89
536,29.91,28.89
420,29.91,28.89
497,29.91,28.89
262,29.91,28.89
368,29.91,28.89
489,29.91,28.89
730,29.91,28.89
221,29.91,28.89
494,29.91,28.89
126,29.91,28.89
881,29.91,28.89
343,29.91,28.89
311,29.91,28.89
354,29.91,28.89
386,29.91,28.89
746,29.91,28.89
464,29.91,28.89
518,29.91,28.89
406,29.91,28.89
668,29.91,28.89
352,29.91,28.89
708,29.91,28.89
395,29.91,28.89
761,29.91,28.89
656,29.91,28.89
576,29.91,28.89
383,29.91,28.89
793,29.91,28.89
402,29.91,28.89
627,29.91,28.89
761,29.91,28.89
311,29.91,28.89
641,29.91,28.89
220,29.91,28.89
798,29.91,28.89
190,29.91,28.89
690,29.91,28.89
121,29.91,28.89
765,29.91,28.89
520,29.91,28.89
456,29.91,28.69
406,29.91,28.69
488,29.91,28.69
579,29.91,28.69
390,29.91,28.69
296,29.91,28.69
347,29.91,28.69
724,29.91,28.69
609,29.91,28.69
441,29.91,28.69
248,29.91,28.69
599,29.91,28.69
196,29.91,28.69
748,29.91,28.69
313,29.91,28.69
798,29.91,28.69
354,29.91,28.69
785,29.91,28.69
165,29.91,28.69
619,29.91,28.69
557,29.91,28.69
453,29.91,28.69
330,29.91,28.69
272,29.91,28.69
388,29.91,28.69
415,29.91,28.69
515,29.91,28.69
214,29.91,28.69
802,29.91,28.69
194,29.91,28.69
667,29.91,28.69
299,29.91,28.69
796,29.91,28.69
317,29.91,28.69
795,29.91,28.69
509,29.91,28.69
786,29.91,28.69
332,29.91,28.69
742,29.91,28.69
598,29.91,28.69
392,29.91,28.69
480,29.91,28.69
472,29.91,28.69
657,29.91,28.69
267,29.91,28.69
815,29.91,28.69
370,29.91,28.69
880,29.91,28.69
221,29.91,28.69
739,29.91,28.69
416,29.91,28.69
815,29.91,28.69
536,29.91,28.69
457,29.91,28.69
831,29.91,28.69
473,29.91,28.69
711,29.91,28.69
496,29.91,28.69
526,29.91,28.69
461,29.91,28.65
772,29.91,28.65
361,29.91,28.65
376,29.91,28.65
476,29.91,28.65
862,29.91,28.65
226,29.91,28.65
882,29.91,28.65
345,29.91,28.65
521,29.91,28.65
766,29.91,28.65
455,29.91,28.65
666,29.91,28.65
164,29.91,28.65
755,29.91,28.65
356,29.91,28.65
670,29.91,28.65
127,29.91,28.65
758,29.91,28.65
338,29.91,28.65
407,29.91,28.65
278,29.91,28.65
389,29.91,28.65
574,29.91,28.65
649,29.91,28.65
565,29.91,28.65
345,29.91,28.65
561,29.91,28.65
367,29.91,28.65
801,29.91,28.65
345,29.91,28.65
452,29.91,28.65
451,29.91,28.65
660,29.91,28.65
538,29.91,28.65
574,29.91,28.65
428,29.87,28.65
543,29.87,28.65
644,29.87,28.65
523,29.87,28.65
473,29.87,28.65
449,29.87,28.65
668,29.87,28.65
770,29.87,28.65
587,29.87,28.65
606,29.87,28.65
336,29.87,28.65
449,29.87,28.65
472,29.87,28.65
366,29.87,28.65
781,29.87,28.65
318,29.87,28.65
546,29.87,28.65
598,29.87,28.65
429,29.87,28.65
752,29.87,28.65
460,29.87,28.65
454,29.87,28.65
624,29.87,28.65
437,29.87,28.65
782,29.87,28.51
753,29.87,28.51
465,29.87,28.51
535,29.87,28.51
328,29.87,28.51
606,29.87,28.51
324,29.87,28.51
497,29.87,28.51
398,29.87,28.51
489,29.87,28.51
394,29.87,28.51
430,29.87,28.51
419,29.87,28.51
208,29.87,28.51
769,29.87,28.51
315,29.87,28.51
547,29.87,28.51
320,29.87,28.51
649,29.87,28.51
500,29.87,28.51
468,29.87,28.51
424,29.87,28.51
488,29.87,28.51
458,29.87,28.51
451,29.87,28.51
497,29.87,28.51
181,29.87,28.51
266,29.87,28.51
281,29.87,28.51
645,29.87,28.51
394,29.87,28.51
565,29.87,28.51
472,29.87,28.51
651,29.87,28.51
639,29.87,28.51
552,29.87,28.51
348,29.91,28.51
479,29.91,28.51
406,29.91,28.51
341,29.91,28.51
311,29.91,28.51
691,29.91,28.51
670,29.91,28.51
464,29.91,28.51
440,29.91,28.51
353,29.91,28.51
763,29.91,28.51
329,29.91,28.51
601,29.91,28.51
660,29.91,28.51
583,29.91,28.51
405,29.91,28.51
667,29.91,28.51
677,29.91,28.51
645,29.91,28.51
708,29.91,28.51
315,29.91,28.51
539,29.91,28.51
489,29.91,28.51
504,29.91,28.57
714,29.91,28.57
724,29.91,28.57
488,29.91,28.57
641,29.91,28.57
476,29.91,28.57
529,29.91,28.57
226,29.91,28.57
883,29.91,28.57
659,29.91,28.57
381,29.91,28.57
699,29.91,28.57
320,29.91,28.57
487,29.91,28.57
348,29.91,28.57
407,29.91,28.57
169,29.91,28.57
267,29.91,28.57
344,29.91,28.57
549,29.91,28.57
483,29.91,28.57
195,29.91,28.57
761,29.91,28.57
296,29.91,28.57
172,29.91,28.57
601,29.91,28.57
509,29.91,28.57
657,29.91,28.57
705,29.91,28.57
168,29.91,28.57
672,29.91,28.57
339,29.91,28.57
811,29.91,28.57
493,29.91,28.57
502,29.91,28.57
732,29.91,28.57
380,29.87,28.57
688,29.87,28.57
299,29.87,28.57
582,29.87,28.57
419,29.87,28.57
588,29.87,28.57
539,29.87,28.57
367,29.87,28.57
637,29.87,28.57
624,29.87,28.57
710,29.87,28.57
519,29.87,28.57
170,29.87,28.57
650,29.87,28.57
356,29.87,28.57
773,29.87,28.57
264,29.87,28.57
601,29.87,28.57
807,29.87,28.57
243,29.87,28.57
615,29.87,28.57
376,29.87,28.57
293,29.87,28.57
296,29.87,28.57
694,29.87,28.63
641,29.87,28.63
299,29.87,28.63
616,29.87,28.63
624,29.87,28.63
129,29.87,28.63
623,29.87,28.63
368,29.87,28.63
300,29.87,28.63
171,29.87,28.63
381,29.87,28.63
614,29.87,28.63
300,29.87,28.63
822,29.87,28.63
123,29.87,28.63
880,29.87,28.63
202,29.87,28.63
674,29.87,28.63
505,29.87,28.63
326,29.87,28.63
272,29.87,28.63
607,29.87,28.63
192,29.87,28.63
434,29.87,28.63
589,29.87,28.63
260,29.87,28.63
434,29.87,28.63
266,29.87,28.63
554,29.87,28.63
379,29.87,28.63
836,29.87,28.63
210,29.87,28.63
781,29.87,28.63
275,29.87,28.63
590,29.87,28.63
499,29.87,28.63
329,29.89,28.63
638,29.89,28.63
606,29.89,28.63
667,29.89,28.63
392,29.89,28.63
500,29.89,28.63
424,29.89,28.63
667,29.89,28.63
307,29.89,28.63
660,29.89,28.63
443,29.89,28.63
584,29.89,28.63
220,29.89,28.63
781,29.89,28.63
484,29.89,28.63
883,29.89,28.63
353,29.89,28.63
591,29.89,28.63
576,29.89,28.63
461,29.89,28.63
573,29.89,28.63
314,29.89,28.63
627,29.89,28.63
371,29.89,28.63
648,29.89,28.95
336,29.89,28.95
559,29.89,28.95
268,29.89,28.95
776,29.89,28.95
379,29.89,28.95
525,29.89,28.95
120,29.89,28.95
838,29.89,28.95
370,29.89,28.95
563,29.89,28.95
524,29.89,28.95
245,29.89,28.95
504,29.89,28.95
118,29.89,28.95
587,29.89,28.95
236,29.89,28.95
431,29.89,28.95
500,29.89,28.95
599,29.89,28.95
434,29.89,28.95
505,29.89,28.95
390,29.89,28.95
777,29.89,28.95
513,29.89,28.95
447,29.89,28.95
182,29.89,28.95
689,29.89,28.95
667,29.89,28.95
496,29.89,28.95
701,29.89,28.95
335,29.89,28.95
581,29.89,28.95
381,29.89,28.95
