761,30.89,29.69
551,30.89,29.69
538,30.89,29.69
121,30.89,29.69
448,30.89,29.69
591,30.89,29.69
726,30.89,29.69
587,30.89,29.69
361,30.89,29.69
120,30.89,29.69
822,30.89,29.69
397,30.89,29.69
627,30.89,29.69
297,30.89,29.69
574,30.89,29.69
352,30.89,29.69
432,30.89,29.69
478,30.89,29.69
220,30.89,29.69
633,30.89,29.69
240,30.89,29.69
711,30.89,29.69
295,30.89,29.69
256,30.89,29.69
292,30.89,29.69
266,30.89,29.69
291,30.89,29.69
339,30.89,29.69
343,30.89,29.69
670,30.89,29.69
169,30.89,29.69
755,30.89,29.69
484,30.89,29.69
184,30.89,29.69
516,30.89,29.69
225,30.87,29.69
746,30.87,29.69
367,30.87,29.69
712,30.87,29.69
332,30.87,29.69
865,30.87,29.69
250,30.87,29.69
593,30.87,29.69
544,30.87,29.69
777,30.87,29.69
636,30.87,29.69
661,30.87,29.69
339,30.87,29.69
781,30.87,29.69
547,30.87,29.69
749,30.87,29.69
693,30.87,29.69
448,30.87,29.69
695,30.87,29.69
207,30.87,29.69
828,30.87,29.69
521,30.87,29.69
501,30.87,29.69
754,30.87,29.71
377,30.87,29.71
682,30.87,29.71
399,30.87,29.71
726,30.87,29.71
371,30.87,29.71
735,30.87,29.71
438,30.87,29.71
624,30.87,29.71
463,30.87,29.71
395,30.87,29.71
522,30.87,29.71
777,30.87,29.71
280,30.87,29.71
616,30.87,29.71
396,30.87,29.71
389,30.87,29.71
776,30.87,29.71
247,30.87,29.71
667,30.87,29.71
388,30.87,29.71
785,30.87,29.71
484,30.87,29.71
658,30.87,29.71
682,30.87,29.71
515,30.87,29.71
570,30.87,29.71
172,30.87,29.71
678,30.87,29.71
410,30.87,29.71
616,30.87,29.71
522,30.87,29.71
747,30.87,29.71
349,30.87,29.71
649,30.87,29.71
563,30.87,29.71
373,30.85,29.71
450,30.85,29.71
624,30.85,29.71
336,30.85,29.71
415,30.85,29.71
576,30.85,29.71
622,30.85,29.71
574,30.85,29.71
298,30.85,29.71
537,30.85,29.71
119,30.85,29.71
720,30.85,29.71
121,30.85,29.71
727,30.85,29.71
441,30.85,29.71
400,30.85,29.71
592,30.85,29.71
551,30.85,29.71
501,30.85,29.71
544,30.85,29.71
661,30.85,29.71
616,30.85,29.71
623,30.85,29.71
242,30.85,29.71
637,30.85,29.51
434,30.85,29.51
660,30.85,29.51
308,30.85,29.51
705,30.85,29.51
119,30.85,29.51
881,30.85,29.51
446,30.85,29.51
227,30.85,29.51
624,30.85,29.51
580,30.85,29.51
751,30.85,29.51
497,30.85,29.51
827,30.85,29.51
736,30.85,29.51
690,30.85,29.51
595,30.85,29.51
582,30.85,29.51
349,30.85,29.51
826,30.85,29.51
137,30.85,29.51
881,30.85,29.51
120,30.85,29.51
614,30.85,29.51
544,30.85,29.51
613,30.85,29.51
540,30.85,29.51
496,30.85,29.51
561,30.85,29.51
123,30.85,29.51
809,30.85,29.51
405,30.85,29.51
556,30.85,29.51
205,30.85,29.51
574,30.85,29.51
379,30.85,29.51
602,30.87,29.51
281,30.87,29.51
746,30.87,29.51
245,30.87,29.51
488,30.87,29.51
342,30.87,29.51
502,30.87,29.51
521,30.87,29.51
279,30.87,29.51
737,30.87,29.51
316,30.87,29.51
649,30.87,29.51
349,30.87,29.51
655,30.87,29.51
534,30.87,29.51
707,30.87,29.51
523,30.87,29.51
620,30.87,29.51
123,30.87,29.51
570,30.87,29.51
511,30.87,29.51
671,30.87,29.51
412,30.87,29.51
619,30.87,29.83
621,30.87,29.83
410,30.87,29.83
495,30.87,29.83
394,30.87,29.83
651,30.87,29.83
296,30.87,29.83
726,30.87,29.83
257,30.87,29.83
567,30.87,29.83
883,30.87,29.83
702,30.87,29.83
415,30.87,29.83
566,30.87,29.83
457,30.87,29.83
476,30.87,29.83
504,30.87,29.83
402,30.87,29.83
884,30.87,29.83
165,30.87,29.83
566,30.87,29.83
239,30.87,29.83
790,30.87,29.83
159,30.87,29.83
883,30.87,29.83
390,30.87,29.83
582,30.87,29.83
628,30.87,29.83
544,30.87,29.83
668,30.87,29.83
301,30.87,29.83
439,30.87,29.83
333,30.87,29.83
284,30.87,29.83
350,30.87,29.83
709,30.87,29.83
342,30.87,29.83
524,30.85,29.83
300,30.85,29.83
784,30.85,29.83
273,30.85,29.83
632,30.85,29.83
370,30.85,29.83
673,30.85,29.83
361,30.85,29.83
380,30.85,29.83
690,30.85,29.83
224,30.85,29.83
445,30.85,29.83
433,30.85,29.83
617,30.85,29.83
169,30.85,29.83
533,30.85,29.83
588,30.85,29.83
620,30.85,29.83
410,30.85,29.83
618,30.85,29.83
258,30.85,29.83
828,30.85,29.83
399,30.85,29.83
544,30.85,29.63
785,30.85,29.63
118,30.85,29.63
702,30.85,29.63
326,30.85,29.63
793,30.85,29.63
119,30.85,29.63
868,30.85,29.63
408,30.85,29.63
354,30.85,29.63
704,30.85,29.63
687,30.85,29.63
420,30.85,29.63
426,30.85,29.63
788,30.85,29.63
269,30.85,29.63
551,30.85,29.63
566,30.85,29.63
520,30.85,29.63
226,30.85,29.63
760,30.85,29.63
187,30.85,29.63
664,30.85,29.63
131,30.85,29.63
555,30.85,29.63
700,30.85,29.63
394,30.85,29.63
543,30.85,29.63
666,30.85,29.63
786,30.85,29.63
417,30.85,29.63
739,30.85,29.63
542,30.85,29.63
522,30.85,29.63
450,30.85,29.63
691,30.85,29.63
524,30.87,29.63
508,30.87,29.63
555,30.87,29.63
677,30.87,29.63
121,30.87,29.63
570,30.87,29.63
610,30.87,29.63
416,30.87,29.63
286,30.87,29.63
412,30.87,29.63
883,30.87,29.63
314,30.87,29.63
488,30.87,29.63
453,30.87,29.63
883,30.87,29.63
291,30.87,29.63
583,30.87,29.63
608,30.87,29.63
500,30.87,29.63
637,30.87,29.63
383,30.87,29.63
472,30.87,29.63
443,30.87,29.63
238,30.87,29.63
630,30.87,29.83
548,30.87,29.83
126,30.87,29.83
600,30.87,29.83
536,30.87,29.83
326,30.87,29.83
473,30.87,29.83
366,30.87,29.83
374,30.87,29.83
459,30.87,29.83
720,30.87,29.83
118,30.87,29.83
301,30.87,29.83
239,30.87,29.83
630,30.87,29.83
327,30.87,29.83
682,30.87,29.83
471,30.87,29.83
742,30.87,29.83
676,30.87,29.83
456,30.87,29.83
454,30.87,29.83
692,30.87,29.83
624,30.87,29.83
737,30.87,29.83
555,30.87,29.83
380,30.87,29.83
856,30.87,29.83
491,30.87,29.83
698,30.87,29.83
373,30.87,29.83
627,30.87,29.83
545,30.87,29.83
319,30.87,29.83
604,30.87,29.83
432,30.87,29.83
747,30.89,29.83
361,30.89,29.83
771,30.89,29.83
419,30.89,29.83
708,30.89,29.83
551,30.89,29.83
633,30.89,29.83
564,30.89,29.83
482,30.89,29.83
265,30.89,29.83
708,30.89,29.83
296,30.89,29.83
732,30.89,29.83
603,30.89,29.83
318,30.89,29.83
360,30.89,29.83
488,30.89,29.83
737,30.89,29.83
138,30.89,29.83
749,30.89,29.83
170,30.89,29.83
749,30.89,29.83
296,30.89,29.83
656,30.89,29.75
498,30.89,29.75
468,30.89,29.75
549,30.89,29.75
381,30.89,29.75
405,30.89,29.75
749,30.89,29.75
630,30.89,29.75
407,30.89,29.75
567,30.89,29.75
170,30.89,29.75
765,30.89,29.75
239,30.89,29.75
859,30.89,29.75
400,30.89,29.75
607,30.89,29.75
397,30.89,29.75
525,30.89,29.75
689,30.89,29.75
127,30.89,29.75
555,30.89,29.75
439,30.89,29.75
659,30.89,29.75
119,30.89,29.75
616,30.89,29.75
208,30.89,29.75
688,30.89,29.75
516,30.89,29.75
740,30.89,29.75
343,30.89,29.75
642,30.89,29.75
649,30.89,29.75
613,30.89,29.75
495,30.89,29.75
588,30.89,29.75
511,30.89,29.75
401,30.87,29.75
745,30.87,29.75
589,30.87,29.75
469,30.87,29.75
387,30.87,29.75
577,30.87,29.75
424,30.87,29.75
501,30.87,29.75
623,30.87,29.75
508,30.87,29.75
574,30.87,29.75
359,30.87,29.75
601,30.87,29.75
726,30.87,29.75
507,30.87,29.75
538,30.87,29.75
722,30.87,29.75
275,30.87,29.75
842,30.87,29.75
117,30.87,29.75
829,30.87,29.75
371,30.87,29.75
422,30.87,29.75
423,30.87,29.75
456,30.87,29.75
356,30.87,29.75
443,30.87,29.75
