416,29.17,27.99
733,29.17,27.99
328,29.17,27.99
432,29.17,27.99
434,29.17,27.99
762,29.17,27.99
198,29.17,27.99
876,29.17,27.99
212,29.17,27.99
747,29.17,27.99
480,29.17,27.99
699,29.17,27.99
516,29.17,27.99
252,29.17,27.99
409,29.17,27.99
644,29.17,27.99
618,29.17,27.99
388,29.17,27.99
879,29.17,27.99
121,29.17,27.99
621,29.17,27.99
317,29.17,27.99
798,29.17,27.99
487,29.17,27.99
756,29.17,27.99
526,29.17,27.99
574,29.17,27.99
309,29.17,27.99
789,29.17,27.99
414,29.17,27.99
428,29.17,27.99
603,29.17,27.93
238,29.17,27.93
374,29.17,27.93
131,29.17,27.93
544,29.17,27.93
721,29.17,27.93
648,29.17,27.93
165,29.17,27.93
874,29.17,27.93
423,29.17,27.93
657,29.17,27.93
309,29.17,27.93
394,29.17,27.93
279,29.17,27.93
366,29.17,27.93
233,29.17,27.93
285,29.17,27.93
646,29.17,27.93
373,29.17,27.93
648,29.17,27.93
388,29.17,27.93
589,29.17,27.93
319,29.17,27.93
790,29.17,27.93
392,29.17,27.93
560,29.17,27.93
413,29.17,27.93
722,29.17,27.93
191,29.17,27.93
422,29.17,27.93
232,29.17,27.93
322,29.17,27.93
562,29.17,27.93
339,29.17,27.93
545,29.17,27.93
418,29.17,27.93
747,29.15,27.93
472,29.15,27.93
619,29.15,27.93
605,29.15,27.93
718,29.15,27.93
496,29.15,27.93
786,29.15,27.93
589,29.15,27.93
510,29.15,27.93
388,29.15,27.93
879,29.15,27.93
477,29.15,27.93
585,29.15,27.93
569,29.15,27.93
477,29.15,27.93
459,29.15,27.93
127,29.15,27.93
880,29.15,27.93
298,29.15,27.93
507,29.15,27.93
534,29.15,27.93
621,29.15,27.93
481,29.15,27.93
671,29.15,27.93
413,29.15,27.93
201,29.15,27.93
365,29.15,27.93
578,29.15,27.93
457,29.15,27.93
405,29.15,27.93
508,29.15,27.93
278,29.15,27.93
711,29.15,27.93
189,29.15,27.93
706,29.15,27.93
445,29.15,27.93
719,29.15,27.93
129,29.15,27.93
508,29.15,27.93
411,29.15,27.93
331,29.15,27.93
750,29.15,27.93
392,29.15,27.93
234,29.15,27.93
246,29.15,27.93
531,29.15,27.93
315,29.15,27.93
485,29.15,27.93
284,29.15,27.93
634,29.15,27.93
634,29.15,27.93
540,29.15,27.93
355,29.15,27.93
693,29.15,27.93
186,29.15,27.93
355,29.15,27.93
590,29.15,27.93
498,29.15,27.93
673,29.15,27.93
420,29.15,27.93
731,29.17,27.93
394,29.17,27.93
792,29.17,27.93
411,29.17,27.93
317,29.17,27.93
469,29.17,27.93
700,29.17,27.93
372,29.17,27.93
686,29.17,27.93
500,29.17,27.93
755,29.17,27.93
680,29.17,27.93
631,29.17,27.93
550,29.17,27.93
543,29.17,27.93
576,29.17,27.93
426,29.17,27.93
711,29.17,27.93
345,29.17,27.93
761,29.17,27.93
313,29.17,27.93
585,29.17,27.93
411,29.17,27.93
449,29.17,27.93
243,29.17,27.81
366,29.17,27.81
391,29.17,27.81
614,29.17,27.81
481,29.17,27.81
681,29.17,27.81
459,29.17,27.81
183,29.17,27.81
558,29.17,27.81
244,29.17,27.81
695,29.17,27.81
484,29.17,27.81
423,29.17,27.81
189,29.17,27.81
587,29.17,27.81
445,29.17,27.81
416,29.17,27.81
647,29.17,27.81
308,29.17,27.81
611,29.17,27.81
376,29.17,27.81
389,29.17,27.81
485,29.17,27.81
782,29.17,27.81
432,29.17,27.81
517,29.17,27.81
335,29.17,27.81
739,29.17,27.81
226,29.17,27.81
677,29.17,27.81
347,29.17,27.81
546,29.17,27.81
505,29.17,27.81
359,29.17,27.81
883,29.17,27.81
572,29.17,27.81
656,29.17,27.81
692,29.17,27.81
707,29.17,27.81
473,29.17,27.81
650,29.17,27.81
703,29.17,27.81
432,29.17,27.81
654,29.17,27.81
832,29.17,27.81
353,29.17,27.81
497,29.17,27.81
722,29.17,27.81
563,29.17,27.81
411,29.17,27.81
204,29.17,27.81
881,29.17,27.81
149,29.17,27.81
647,29.17,27.81
290,29.17,27.81
676,29.17,27.81
536,29.17,27.81
648,29.17,27.81
298,29.17,27.81
368,29.17,27.91
657,29.17,27.91
227,29.17,27.91
408,29.17,27.91
315,29.17,27.91
386,29.17,27.91
416,29.17,27.91
488,29.17,27.91
119,29.17,27.91
539,29.17,27.91
342,29.17,27.91
742,29.17,27.91
201,29.17,27.91
563,29.17,27.91
433,29.17,27.91
538,29.17,27.91
760,29.17,27.91
345,29.17,27.91
462,29.17,27.91
474,29.17,27.91
510,29.17,27.91
487,29.17,27.91
413,29.17,27.91
500,29.17,27.91
882,29.17,27.91
191,29.17,27.91
324,29.17,27.91
200,29.17,27.91
764,29.17,27.91
227,29.17,27.91
707,29.17,27.91
754,29.17,27.91
448,29.17,27.91
736,29.17,27.91
533,29.17,27.91
624,29.17,27.91
606,29.19,27.91
644,29.19,27.91
459,29.19,27.91
215,29.19,27.91
211,29.19,27.91
778,29.19,27.91
122,29.19,27.91
758,29.19,27.91
142,29.19,27.91
680,29.19,27.91
328,29.19,27.91
719,29.19,27.91
606,29.19,27.91
384,29.19,27.91
776,29.19,27.91
246,29.19,27.91
881,29.19,27.91
120,29.19,27.91
851,29.19,27.91
416,29.19,27.91
525,29.19,27.91
325,29.19,27.91
439,29.19,27.91
474,29.19,27.91
719,29.19,27.93
181,29.19,27.93
702,29.19,27.93
216,29.19,27.93
584,29.19,27.93
881,29.19,27.93
129,29.19,27.93
620,29.19,27.93
169,29.19,27.93
882,29.19,27.93
123,29.19,27.93
650,29.19,27.93
277,29.19,27.93
747,29.19,27.93
328,29.19,27.93
276,29.19,27.93
803,29.19,27.93
356,29.19,27.93
469,29.19,27.93
293,29.19,27.93
485,29.19,27.93
416,29.19,27.93
448,29.19,27.93
620,29.19,27.93
544,29.19,27.93
122,29.19,27.93
639,29.19,27.93
202,29.19,27.93
806,29.19,27.93
243,29.19,27.93
605,29.19,27.93
486,29.19,27.93
592,29.19,27.93
363,29.19,27.93
376,29.19,27.93
468,29.19,27.93
208,29.19,27.93
753,29.19,27.93
274,29.19,27.93
697,29.19,27.93
581,29.19,27.93
777,29.19,27.93
508,29.19,27.93
704,29.19,27.93
294,29.19,27.93
789,29.19,27.93
256,29.19,27.93
773,29.19,27.93
645,29.19,27.93
411,29.19,27.93
688,29.19,27.93
342,29.19,27.93
883,29.19,27.93
222,29.19,27.93
864,29.19,27.93
361,29.19,27.93
717,29.19,27.93
436,29.19,27.93
705,29.19,27.93
456,29.19,28.05
401,29.19,28.05
580,29.19,28.05
279,29.19,28.05
500,29.19,28.05
528,29.19,28.05
446,29.19,28.05
578,29.19,28.05
461,29.19,28.05
292,29.19,28.05
620,29.19,28.05
451,29.19,28.05
713,29.19,28.05
395,29.19,28.05
561,29.19,28.05
337,29.19,28.05
474,29.19,28.05
590,29.19,28.05
262,29.19,28.05
357,29.19,28.05
330,29.19,28.05
742,29.19,28.05
361,29.19,28.05
412,29.19,28.05
351,29.19,28.05
447,29.19,28.05
431,29.19,28.05
625,29.19,28.05
270,29.19,28.05
796,29.19,28.05
304,29.19,28.05
696,29.19,28.05
358,29.19,28.05
431,29.19,28.05
381,29.19,28.05
357,29.19,28.05
525,29.19,28.05
333,29.17,28.05
533,29.17,28.05
551,29.17,28.05
564,29.17,28.05
431,29.17,28.05
482,29.17,28.05
676,29.17,28.05
483,29.17,28.05
390,29.17,28.05
569,29.17,28.05
299,29.17,28.05
685,29.17,28.05
304,29.17,28.05
747,29.17,28.05
735,29.17,28.05
376,29.17,28.05
817,29.17,28.05
372,29.17,28.05
881,29.17,28.05
274,29.17,28.05
561,29.17,28.05
617,29.17,28.05
362,29.17,28.05
644,29.17,27.81
379,29.17,27.81
637,29.17,27.81
446,29.17,27.81
503,29.17,27.81
723,29.17,27.81
552,29.17,27.81
480,29.17,27.81
687,29.17,27.81
408,29.17,27.81
557,29.17,27.81
359,29.17,27.81
680,29.17,27.81
226,29.17,27.81
534,29.17,27.81
249,29.17,27.81
236,29.17,27.81
587,29.17,27.81
207,29.17,27.81
567,29.17,27.81
383,29.17,27.81
578,29.17,27.81
351,29.17,27.81
428,29.17,27.81
453,29.17,27.81
393,29.17,27.81
323,29.17,27.81
531,29.17,27.81
387,29.17,27.81
460,29.17,27.81
190,29.17,27.81
