395,31.93,30.67
476,31.93,30.67
509,31.93,30.67
122,31.93,30.67
558,31.93,30.67
400,31.93,30.67
598,31.93,30.67
147,31.93,30.67
354,31.93,30.67
335,31.93,30.67
469,31.93,30.67
484,31.93,30.67
579,31.93,30.67
617,31.93,30.67
431,31.93,30.67
884,31.93,30.67
273,31.93,30.67
850,31.93,30.67
118,31.93,30.67
674,31.93,30.67
239,31.93,30.67
650,31.93,30.73
401,31.93,30.73
697,31.93,30.73
120,31.93,30.73
491,31.93,30.73
393,31.93,30.73
651,31.93,30.73
368,31.93,30.73
514,31.93,30.73
678,31.93,30.73
428,31.93,30.73
809,31.93,30.73
455,31.93,30.73
555,31.93,30.73
398,31.93,30.73
723,31.93,30.73
343,31.93,30.73
787,31.93,30.73
413,31.93,30.73
662,31.93,30.73
748,31.93,30.73
385,31.93,30.73
386,31.93,30.73
568,31.93,30.73
358,31.93,30.73
607,31.93,30.73
536,31.93,30.73
463,31.93,30.73
738,31.93,30.73
495,31.93,30.73
883,31.93,30.73
162,31.93,30.73
675,31.93,30.73
118,31.93,30.73
382,31.93,30.73
522,31.93,30.73
579,31.95,30.73
202,31.95,30.73
529,31.95,30.73
551,31.95,30.73
476,31.95,30.73
477,31.95,30.73
545,31.95,30.73
698,31.95,30.73
336,31.95,30.73
513,31.95,30.73
231,31.95,30.73
578,31.95,30.73
211,31.95,30.73
542,31.95,30.73
446,31.95,30.73
351,31.95,30.73
425,31.95,30.73
224,31.95,30.73
400,31.95,30.73
392,31.95,30.73
345,31.95,30.73
406,31.95,30.73
741,31.95,30.73
591,31.95,30.73
447,31.95,30.71
508,31.95,30.71
357,31.95,30.71
275,31.95,30.71
537,31.95,30.71
506,31.95,30.71
657,31.95,30.71
277,31.95,30.71
620,31.95,30.71
462,31.95,30.71
543,31.95,30.71
711,31.95,30.71
494,31.95,30.71
592,31.95,30.71
430,31.95,30.71
800,31.95,30.71
183,31.95,30.71
318,31.95,30.71
830,31.95,30.71
811,31.95,30.71
325,31.95,30.71
555,31.95,30.71
621,31.95,30.71
602,31.95,30.71
394,31.95,30.71
557,31.95,30.71
873,31.95,30.71
123,31.95,30.71
873,31.95,30.71
121,31.95,30.71
775,31.95,30.71
666,31.95,30.71
394,31.95,30.71
702,31.95,30.71
370,31.95,30.71
618,31.95,30.71
698,31.87,30.71
566,31.87,30.71
171,31.87,30.71
440,31.87,30.71
123,31.87,30.71
309,31.87,30.71
406,31.87,30.71
352,31.87,30.71
509,31.87,30.71
583,31.87,30.71
241,31.87,30.71
866,31.87,30.71
188,31.87,30.71
493,31.87,30.71
635,31.87,30.71
123,31.87,30.71
728,31.87,30.71
123,31.87,30.71
635,31.87,30.71
711,31.87,30.71
650,31.87,30.71
292,31.87,30.71
266,31.87,30.71
690,31.87,30.73
825,31.87,30.73
496,31.87,30.73
637,31.87,30.73
436,31.87,30.73
312,31.87,30.73
398,31.87,30.73
681,31.87,30.73
609,31.87,30.73
680,31.87,30.73
668,31.87,30.73
592,31.87,30.73
715,31.87,30.73
413,31.87,30.73
884,31.87,30.73
576,31.87,30.73
589,31.87,30.73
589,31.87,30.73
525,31.87,30.73
593,31.87,30.73
396,31.87,30.73
628,31.87,30.73
408,31.87,30.73
365,31.87,30.73
598,31.87,30.73
579,31.87,30.73
610,31.87,30.73
538,31.87,30.73
380,31.87,30.73
730,31.87,30.73
181,31.87,30.73
647,31.87,30.73
357,31.87,30.73
705,31.87,30.73
201,31.87,30.73
451,31.87,30.73
764,31.93,30.73
390,31.93,30.73
663,31.93,30.73
466,31.93,30.73
498,31.93,30.73
282,31.93,30.73
689,31.93,30.73
534,31.93,30.73
403,31.93,30.73
432,31.93,30.73
707,31.93,30.73
265,31.93,30.73
712,31.93,30.73
384,31.93,30.73
423,31.93,30.73
432,31.93,30.73
329,31.93,30.73
665,31.93,30.73
117,31.93,30.73
680,31.93,30.73
471,31.93,30.73
739,31.93,30.73
426,31.93,30.73
554,31.93,30.73
566,31.93,30.91
541,31.93,30.91
503,31.93,30.91
538,31.93,30.91
189,31.93,30.91
784,31.93,30.91
326,31.93,30.91
688,31.93,30.91
401,31.93,30.91
395,31.93,30.91
761,31.93,30.91
299,31.93,30.91
806,31.93,30.91
339,31.93,30.91
723,31.93,30.91
375,31.93,30.91
804,31.93,30.91
743,31.93,30.91
586,31.93,30.91
448,31.93,30.91
794,31.93,30.91
499,31.93,30.91
441,31.93,30.91
390,31.93,30.91
503,31.93,30.91
583,31.93,30.91
339,31.93,30.91
542,31.93,30.91
256,31.93,30.91
628,31.93,30.91
397,31.93,30.91
796,31.93,30.91
153,31.93,30.91
821,31.93,30.91
525,31.93,30.91
524,31.93,30.91
560,31.91,30.91
499,31.91,30.91
606,31.91,30.91
438,31.91,30.91
489,31.91,30.91
355,31.91,30.91
742,31.91,30.91
255,31.91,30.91
427,31.91,30.91
330,31.91,30.91
656,31.91,30.91
121,31.91,30.91
735,31.91,30.91
270,31.91,30.91
725,31.91,30.91
193,31.91,30.91
365,31.91,30.91
621,31.91,30.91
285,31.91,30.91
541,31.91,30.91
395,31.91,30.91
430,31.91,30.91
201,31.91,30.91
345,31.91,30.77
561,31.91,30.77
553,31.91,30.77
347,31.91,30.77
803,31.91,30.77
231,31.91,30.77
734,31.91,30.77
271,31.91,30.77
884,31.91,30.77
283,31.91,30.77
485,31.91,30.77
538,31.91,30.77
242,31.91,30.77
750,31.91,30.77
554,31.91,30.77
659,31.91,30.77
208,31.91,30.77
780,31.91,30.77
449,31.91,30.77
449,31.91,30.77
390,31.91,30.77
585,31.91,30.77
373,31.91,30.77
651,31.91,30.77
441,31.91,30.77
708,31.91,30.77
326,31.91,30.77
559,31.91,30.77
425,31.91,30.77
465,31.91,30.77
564,31.91,30.77
225,31.91,30.77
761,31.91,30.77
256,31.91,30.77
560,31.91,30.77
217,31.91,30.77
341,31.95,30.77
332,31.95,30.77
224,31.95,30.77
383,31.95,30.77
536,31.95,30.77
485,31.95,30.77
796,31.95,30.77
594,31.95,30.77
422,31.95,30.77
705,31.95,30.77
502,31.95,30.77
516,31.95,30.77
177,31.95,30.77
503,31.95,30.77
356,31.95,30.77
656,31.95,30.77
342,31.95,30.77
566,31.95,30.77
739,31.95,30.77
508,31.95,30.77
645,31.95,30.77
406,31.95,30.77
557,31.95,30.77
360,31.95,30.77
560,31.95,30.81
384,31.95,30.81
674,31.95,30.81
548,31.95,30.81
578,31.95,30.81
268,31.95,30.81
885,31.95,30.81
407,31.95,30.81
557,31.95,30.81
588,31.95,30.81
652,31.95,30.81
647,31.95,30.81
478,31.95,30.81
767,31.95,30.81
453,31.95,30.81
795,31.95,30.81
226,31.95,30.81
799,31.95,30.81
517,31.95,30.81
604,31.95,30.81
673,31.95,30.81
638,31.95,30.81
593,31.95,30.81
470,31.95,30.81
394,31.95,30.81
577,31.95,30.81
428,31.95,30.81
374,31.95,30.81
543,31.95,30.81
258,31.95,30.81
679,31.95,30.81
370,31.95,30.81
855,31.95,30.81
524,31.95,30.81
597,31.95,30.81
487,31.95,30.81
651,31.91,30.81
573,31.91,30.81
522,31.91,30.81
531,31.91,30.81
471,31.91,30.81
308,31.91,30.81
428,31.91,30.81
617,31.91,30.81
594,31.91,30.81
538,31.91,30.81
298,31.91,30.81
704,31.91,30.81
117,31.91,30.81
771,31.91,30.81
396,31.91,30.81
521,31.91,30.81
537,31.91,30.81
252,31.91,30.81
366,31.91,30.81
328,31.91,30.81
547,31.91,30.81
317,31.91,30.81
835,31.91,30.81
275,31.91,30.65
536,31.91,30.65
497,31.91,30.65
429,31.91,30.65
396,31.91,30.65
577,31.91,30.65
408,31.91,30.65
692,31.91,30.65
512,31.91,30.65
817,31.91,30.65
597,31.91,30.65
592,31.91,30.65
547,31.91,30.65
523,31.91,30.65
706,31.91,30.65
118,31.91,30.65
526,31.91,30.65
592,31.91,30.65
596,31.91,30.65
566,31.91,30.65
579,31.91,30.65
571,31.91,30.65
574,31.91,30.65
571,31.91,30.65
511,31.91,30.65
328,31.91,30.65
623,31.91,30.65
433,31.91,30.65
547,31.91,30.65
597,31.91,30.65
290,31.91,30.65
827,31.91,30.65
144,31.91,30.65
600,31.91,30.65
587,31.91,30.65
545,31.91,30.65
382,31.93,30.65
550,31.93,30.65
631,31.93,30.65
818,31.93,30.65
