621,31.93,30.81
481,31.93,30.81
405,31.93,30.81
242,31.93,30.81
311,31.93,30.81
504,31.93,30.81
489,31.93,30.81
884,31.93,30.81
184,31.93,30.81
558,31.93,30.81
421,31.93,30.81
356,31.93,30.81
376,31.93,30.81
380,31.93,30.81
388,31.93,30.81
354,31.93,30.81
424,31.93,30.81
602,31.93,30.81
447,31.93,30.81
424,31.93,30.81
367,31.93,30.81
359,31.93,30.81
743,31.93,30.79
118,31.93,30.79
667,31.93,30.79
525,31.93,30.79
651,31.93,30.79
243,31.93,30.79
688,31.93,30.79
267,31.93,30.79
536,31.93,30.79
688,31.93,30.79
504,31.93,30.79
582,31.93,30.79
502,31.93,30.79
537,31.93,30.79
598,31.93,30.79
585,31.93,30.79
412,31.93,30.79
736,31.93,30.79
189,31.93,30.79
826,31.93,30.79
462,31.93,30.79
876,31.93,30.79
321,31.93,30.79
845,31.93,30.79
691,31.93,30.79
591,31.93,30.79
439,31.93,30.79
567,31.93,30.79
591,31.93,30.79
267,31.93,30.79
519,31.93,30.79
275,31.93,30.79
490,31.93,30.79
411,31.93,30.79
430,31.93,30.79
632,31.93,30.79
575,31.95,30.79
216,31.95,30.79
880,31.95,30.79
136,31.95,30.79
710,31.95,30.79
524,31.95,30.79
374,31.95,30.79
465,31.95,30.79
339,31.95,30.79
614,31.95,30.79
247,31.95,30.79
632,31.95,30.79
212,31.95,30.79
515,31.95,30.79
125,31.95,30.79
524,31.95,30.79
425,31.95,30.79
574,31.95,30.79
248,31.95,30.79
559,31.95,30.79
260,31.95,30.79
680,31.95,30.79
506,31.95,30.79
482,31.95,30.93
554,31.95,30.93
121,31.95,30.93
654,31.95,30.93
310,31.95,30.93
570,31.95,30.93
531,31.95,30.93
413,31.95,30.93
353,31.95,30.93
476,31.95,30.93
479,31.95,30.93
515,31.95,30.93
377,31.95,30.93
520,31.95,30.93
586,31.95,30.93
600,31.95,30.93
654,31.95,30.93
664,31.95,30.93
578,31.95,30.93
393,31.95,30.93
543,31.95,30.93
122,31.95,30.93
534,31.95,30.93
479,31.95,30.93
839,31.95,30.93
598,31.95,30.93
450,31.95,30.93
325,31.95,30.93
591,31.95,30.93
417,31.95,30.93
366,31.95,30.93
644,31.95,30.93
316,31.95,30.93
635,31.95,30.93
884,31.95,30.93
600,31.95,30.93
368,31.93,30.93
604,31.93,30.93
265,31.93,30.93
423,31.93,30.93
338,31.93,30.93
449,31.93,30.93
420,31.93,30.93
406,31.93,30.93
573,31.93,30.93
454,31.93,30.93
809,31.93,30.93
321,31.93,30.93
614,31.93,30.93
668,31.93,30.93
451,31.93,30.93
533,31.93,30.93
488,31.93,30.93
595,31.93,30.93
627,31.93,30.93
461,31.93,30.93
322,31.93,30.93
223,31.93,30.93
509,31.93,30.93
335,31.93,30.93
342,31.93,30.73
499,31.93,30.73
291,31.93,30.73
736,31.93,30.73
351,31.93,30.73
736,31.93,30.73
440,31.93,30.73
547,31.93,30.73
522,31.93,30.73
496,31.93,30.73
605,31.93,30.73
561,31.93,30.73
589,31.93,30.73
451,31.93,30.73
410,31.93,30.73
694,31.93,30.73
708,31.93,30.73
704,31.93,30.73
753,31.93,30.73
451,31.93,30.73
757,31.93,30.73
441,31.93,30.73
800,31.93,30.73
393,31.93,30.73
806,31.93,30.73
398,31.93,30.73
636,31.93,30.73
439,31.93,30.73
177,31.93,30.73
648,31.93,30.73
549,31.93,30.73
594,31.93,30.73
546,31.93,30.73
412,31.93,30.73
407,31.93,30.73
437,31.93,30.73
638,31.97,30.73
718,31.97,30.73
118,31.97,30.73
764,31.97,30.73
377,31.97,30.73
607,31.97,30.73
241,31.97,30.73
561,31.97,30.73
535,31.97,30.73
119,31.97,30.73
634,31.97,30.73
399,31.97,30.73
258,31.97,30.73
474,31.97,30.73
666,31.97,30.73
743,31.97,30.73
614,31.97,30.73
437,31.97,30.73
706,31.97,30.73
315,31.97,30.73
396,31.97,30.73
460,31.97,30.73
524,31.97,30.73
366,31.97,30.73
532,31.97,30.73
629,31.97,30.73
191,31.97,30.73
649,31.97,30.73
208,31.97,30.73
616,31.97,30.73
413,31.97,30.73
120,31.97,30.73
443,31.97,30.73
604,31.97,30.73
605,31.97,30.73
868,31.97,30.73
120,31.97,30.73
652,31.97,30.73
548,31.97,30.73
551,31.97,30.73
884,31.97,30.73
499,31.97,30.73
779,31.97,30.73
380,31.97,30.73
799,31.97,30.73
119,31.97,30.73
813,31.97,30.73
559,31.97,30.73
491,31.97,30.73
735,31.97,30.73
129,31.97,30.73
364,31.97,30.73
611,31.97,30.73
468,31.97,30.73
683,31.97,30.73
508,31.97,30.73
464,31.97,30.73
809,31.97,30.73
212,31.97,30.73
884,31.97,30.73
119,31.97,30.73
787,31.97,30.73
132,31.97,30.73
877,31.97,30.73
416,31.97,30.73
446,31.97,30.73
684,31.97,30.73
667,31.97,30.73
517,31.97,30.73
227,31.97,30.73
870,31.97,30.73
333,31.97,30.73
583,31.97,30.73
506,31.97,30.73
336,31.97,30.73
391,31.97,30.73
867,31.97,30.73
123,31.97,30.73
883,31.97,30.73
118,31.97,30.73
713,31.97,30.73
304,31.97,30.73
467,31.97,30.73
658,31.97,30.85
234,31.97,30.85
568,31.97,30.85
118,31.97,30.85
812,31.97,30.85
619,31.97,30.85
724,31.97,30.85
292,31.97,30.85
727,31.97,30.85
351,31.97,30.85
583,31.97,30.85
422,31.97,30.85
758,31.97,30.85
119,31.97,30.85
554,31.97,30.85
254,31.97,30.85
488,31.97,30.85
579,31.97,30.85
502,31.97,30.85
884,31.97,30.85
122,31.97,30.85
733,31.97,30.85
649,31.97,30.85
589,31.97,30.85
458,31.97,30.85
367,31.97,30.85
340,31.97,30.85
320,31.97,30.85
768,31.97,30.85
641,31.97,30.85
520,31.97,30.85
665,31.97,30.85
424,31.97,30.85
646,31.97,30.85
120,31.97,30.85
231,31.97,30.85
835,31.95,30.85
200,31.95,30.85
768,31.95,30.85
120,31.95,30.85
589,31.95,30.85
458,31.95,30.85
464,31.95,30.85
422,31.95,30.85
257,31.95,30.85
485,31.95,30.85
657,31.95,30.85
231,31.95,30.85
370,31.95,30.85
432,31.95,30.85
550,31.95,30.85
267,31.95,30.85
244,31.95,30.85
578,31.95,30.85
449,31.95,30.85
781,31.95,30.85
119,31.95,30.85
835,31.95,30.85
118,31.95,30.85
625,31.95,30.79
535,31.95,30.79
224,31.95,30.79
544,31.95,30.79
122,31.95,30.79
817,31.95,30.79
561,31.95,30.79
450,31.95,30.79
512,31.95,30.79
602,31.95,30.79
323,31.95,30.79
835,31.95,30.79
511,31.95,30.79
827,31.95,30.79
476,31.95,30.79
884,31.95,30.79
154,31.95,30.79
759,31.95,30.79
793,31.95,30.79
564,31.95,30.79
800,31.95,30.79
122,31.95,30.79
698,31.95,30.79
296,31.95,30.79
653,31.95,30.79
416,31.95,30.79
567,31.95,30.79
640,31.95,30.79
295,31.95,30.79
653,31.95,30.79
838,31.95,30.79
122,31.95,30.79
627,31.95,30.79
412,31.95,30.79
663,31.95,30.79
118,31.95,30.79
473,31.95,30.79
695,31.95,30.79
365,31.95,30.79
624,31.95,30.79
135,31.95,30.79
483,31.95,30.79
345,31.95,30.79
500,31.95,30.79
616,31.95,30.79
160,31.95,30.79
415,31.95,30.79
439,31.95,30.79
503,31.95,30.79
721,31.95,30.79
120,31.95,30.79
697,31.95,30.79
378,31.95,30.79
231,31.95,30.79
881,31.95,30.79
119,31.95,30.79
869,31.95,30.79
433,31.95,30.79
569,31.95,30.79
121,31.95,30.79
558,31.95,30.77
491,31.95,30.77
647,31.95,30.77
698,31.95,30.77
130,31.95,30.77
567,31.95,30.77
639,31.95,30.77
651,31.95,30.77
667,31.95,30.77
228,31.95,30.77
318,31.95,30.77
638,31.95,30.77
410,31.95,30.77
588,31.95,30.77
196,31.95,30.77
469,31.95,30.77
634,31.95,30.77
639,31.95,30.77
731,31.95,30.77
552,31.95,30.77
530,31.95,30.77
454,31.95,30.77
715,31.95,30.77
207,31.95,30.77
724,31.95,30.77
717,31.95,30.77
451,31.95,30.77
720,31.95,30.77
190,31.95,30.77
667,31.95,30.77
124,31.95,30.77
852,31.95,30.77
290,31.95,30.77
437,31.95,30.77
408,31.95,30.77
354,31.95,30.77
460,31.95,30.77
864,31.95,30.77
486,31.95,30.77
705,31.95,30.77
