491,30.89,29.69
389,30.89,29.69
625,30.89,29.69
119,30.89,29.69
490,30.89,29.69
690,30.89,29.69
603,30.89,29.69
318,30.89,29.69
411,30.89,29.69
217,30.89,29.69
443,30.89,29.69
672,30.89,29.69
343,30.89,29.69
819,30.89,29.69
204,30.89,29.69
785,30.89,29.69
327,30.89,29.69
503,30.89,29.69
498,30.89,29.69
569,30.89,29.69
664,30.89,29.69
531,30.89,29.69
549,30.89,29.69
574,30.89,29.69
681,30.89,29.69
269,30.89,29.69
498,30.89,29.69
436,30.89,29.69
656,30.89,29.69
348,30.89,29.69
502,30.89,29.69
322,30.89,29.69
604,30.89,29.69
467,30.89,29.69
547,30.89,29.69
562,30.89,29.69
372,30.89,29.69
769,30.89,29.69
314,30.89,29.69
816,30.89,29.69
372,30.89,29.69
650,30.89,29.57
588,30.89,29.57
544,30.89,29.57
335,30.89,29.57
800,30.89,29.57
555,30.89,29.57
464,30.89,29.57
613,30.89,29.57
452,30.89,29.57
378,30.89,29.57
410,30.89,29.57
625,30.89,29.57
295,30.89,29.57
690,30.89,29.57
379,30.89,29.57
883,30.89,29.57
194,30.89,29.57
699,30.89,29.57
301,30.89,29.57
528,30.89,29.57
421,30.89,29.57
376,30.89,29.57
645,30.89,29.57
358,30.89,29.57
263,30.89,29.57
311,30.89,29.57
535,30.89,29.57
404,30.89,29.57
714,30.89,29.57
325,30.89,29.57
544,30.89,29.57
404,30.89,29.57
672,30.89,29.57
245,30.89,29.57
651,30.89,29.57
395,30.89,29.57
576,30.91,29.57
310,30.91,29.57
208,30.91,29.57
798,30.91,29.57
120,30.91,29.57
826,30.91,29.57
160,30.91,29.57
702,30.91,29.57
124,30.91,29.57
668,30.91,29.57
418,30.91,29.57
689,30.91,29.57
333,30.91,29.57
474,30.91,29.57
648,30.91,29.57
250,30.91,29.57
528,30.91,29.57
671,30.91,29.57
652,30.91,29.57
200,30.91,29.57
338,30.91,29.57
330,30.91,29.57
728,30.91,29.57
455,30.91,29.57
641,30.91,29.71
247,30.91,29.71
650,30.91,29.71
472,30.91,29.71
689,30.91,29.71
586,30.91,29.71
719,30.91,29.71
491,30.91,29.71
798,30.91,29.71
726,30.91,29.71
531,30.91,29.71
531,30.91,29.71
563,30.91,29.71
410,30.91,29.71
276,30.91,29.71
679,30.91,29.71
326,30.91,29.71
705,30.91,29.71
576,30.91,29.71
807,30.91,29.71
554,30.91,29.71
746,30.91,29.71
691,30.91,29.71
348,30.91,29.71
643,30.91,29.71
373,30.91,29.71
533,30.91,29.71
391,30.91,29.71
647,30.91,29.71
432,30.91,29.71
453,30.91,29.71
325,30.91,29.71
799,30.91,29.71
412,30.91,29.71
180,30.91,29.71
368,30.91,29.71
307,30.87,29.71
379,30.87,29.71
221,30.87,29.71
882,30.87,29.71
181,30.87,29.71
447,30.87,29.71
127,30.87,29.71
360,30.87,29.71
294,30.87,29.71
351,30.87,29.71
556,30.87,29.71
591,30.87,29.71
550,30.87,29.71
237,30.87,29.71
726,30.87,29.71
374,30.87,29.71
372,30.87,29.71
503,30.87,29.71
667,30.87,29.71
120,30.87,29.71
594,30.87,29.71
670,30.87,29.71
750,30.87,29.71
549,30.87,29.59
722,30.87,29.59
216,30.87,29.59
346,30.87,29.59
425,30.87,29.59
669,30.87,29.59
594,30.87,29.59
172,30.87,29.59
715,30.87,29.59
530,30.87,29.59
616,30.87,29.59
766,30.87,29.59
496,30.87,29.59
417,30.87,29.59
799,30.87,29.59
470,30.87,29.59
879,30.87,29.59
463,30.87,29.59
438,30.87,29.59
883,30.87,29.59
478,30.87,29.59
563,30.87,29.59
456,30.87,29.59
870,30.87,29.59
298,30.87,29.59
588,30.87,29.59
623,30.87,29.59
503,30.87,29.59
138,30.87,29.59
725,30.87,29.59
686,30.87,29.59
361,30.87,29.59
141,30.87,29.59
787,30.87,29.59
512,30.87,29.59
527,30.87,29.59
413,30.87,29.59
581,30.89,29.59
545,30.89,29.59
212,30.89,29.59
883,30.89,29.59
313,30.89,29.59
448,30.89,29.59
608,30.89,29.59
610,30.89,29.59
538,30.89,29.59
121,30.89,29.59
841,30.89,29.59
299,30.89,29.59
486,30.89,29.59
632,30.89,29.59
693,30.89,29.59
347,30.89,29.59
229,30.89,29.59
254,30.89,29.59
489,30.89,29.59
409,30.89,29.59
423,30.89,29.59
526,30.89,29.59
728,30.89,29.59
527,30.89,29.65
552,30.89,29.65
883,30.89,29.65
119,30.89,29.65
582,30.89,29.65
341,30.89,29.65
558,30.89,29.65
487,30.89,29.65
582,30.89,29.65
478,30.89,29.65
435,30.89,29.65
705,30.89,29.65
119,30.89,29.65
635,30.89,29.65
260,30.89,29.65
515,30.89,29.65
698,30.89,29.65
212,30.89,29.65
477,30.89,29.65
737,30.89,29.65
350,30.89,29.65
799,30.89,29.65
242,30.89,29.65
667,30.89,29.65
552,30.89,29.65
549,30.89,29.65
647,30.89,29.65
120,30.89,29.65
550,30.89,29.65
542,30.89,29.65
773,30.89,29.65
122,30.89,29.65
620,30.89,29.65
796,30.89,29.65
401,30.89,29.65
228,30.89,29.65
224,30.87,29.65
610,30.87,29.65
787,30.87,29.65
348,30.87,29.65
883,30.87,29.65
191,30.87,29.65
551,30.87,29.65
678,30.87,29.65
249,30.87,29.65
883,30.87,29.65
119,30.87,29.65
692,30.87,29.65
512,30.87,29.65
641,30.87,29.65
470,30.87,29.65
519,30.87,29.65
558,30.87,29.65
398,30.87,29.65
663,30.87,29.65
276,30.87,29.65
524,30.87,29.65
755,30.87,29.65
421,30.87,29.65
461,30.87,29.65
579,30.87,29.59
549,30.87,29.59
659,30.87,29.59
149,30.87,29.59
780,30.87,29.59
119,30.87,29.59
588,30.87,29.59
606,30.87,29.59
669,30.87,29.59
693,30.87,29.59
225,30.87,29.59
663,30.87,29.59
256,30.87,29.59
568,30.87,29.59
509,30.87,29.59
595,30.87,29.59
537,30.87,29.59
366,30.87,29.59
598,30.87,29.59
374,30.87,29.59
400,30.87,29.59
228,30.87,29.59
763,30.87,29.59
478,30.87,29.59
155,30.87,29.59
547,30.87,29.59
764,30.87,29.59
260,30.87,29.59
869,30.87,29.59
119,30.87,29.59
618,30.87,29.59
706,30.87,29.59
757,30.87,29.59
119,30.87,29.59
385,30.87,29.59
434,30.87,29.59
507,30.87,29.59
567,30.87,29.59
121,30.87,29.59
653,30.87,29.59
482,30.87,29.59
469,30.87,29.59
585,30.87,29.59
734,30.87,29.59
485,30.87,29.59
857,30.87,29.59
485,30.87,29.59
768,30.87,29.59
313,30.87,29.59
882,30.87,29.59
656,30.87,29.59
543,30.87,29.59
478,30.87,29.59
556,30.87,29.59
788,30.87,29.59
306,30.87,29.59
777,30.87,29.59
543,30.87,29.59
654,30.87,29.59
573,30.87,29.59
577,30.87,29.75
493,30.87,29.75
675,30.87,29.75
649,30.87,29.75
390,30.87,29.75
380,30.87,29.75
531,30.87,29.75
647,30.87,29.75
462,30.87,29.75
357,30.87,29.75
359,30.87,29.75
718,30.87,29.75
243,30.87,29.75
797,30.87,29.75
120,30.87,29.75
710,30.87,29.75
120,30.87,29.75
517,30.87,29.75
598,30.87,29.75
396,30.87,29.75
710,30.87,29.75
651,30.87,29.75
587,30.87,29.75
119,30.87,29.75
772,30.87,29.75
586,30.87,29.75
579,30.87,29.75
270,30.87,29.75
459,30.87,29.75
357,30.87,29.75
587,30.87,29.75
123,30.87,29.75
849,30.87,29.75
273,30.87,29.75
390,30.87,29.75
446,30.87,29.75
121,30.89,29.75
826,30.89,29.75
246,30.89,29.75
750,30.89,29.75
332,30.89,29.75
555,30.89,29.75
290,30.89,29.75
482,30.89,29.75
229,30.89,29.75
268,30.89,29.75
442,30.89,29.75
356,30.89,29.75
650,30.89,29.75
710,30.89,29.75
468,30.89,29.75
611,30.89,29.75
601,30.89,29.75
595,30.89,29.75
734,30.89,29.75
259,30.89,29.75
835,30.89,29.75
119,30.89,29.75
884,30.89,29.75
412,30.89,29.63
589,30.89,29.63
612,30.89,29.63
240,30.89,29.63
660,30.89,29.63
591,30.89,29.63
326,30.89,29.63
554,30.89,29.63
762,30.89,29.63
432,30.89,29.63
575,30.89,29.63
579,30.89,29.63
685,30.89,29.63
329,30.89,29.63
746,30.89,29.63
426,30.89,29.63
687,30.89,29.63
492,30.89,29.63
666,30.89,29.63
671,30.89,29.63
