646,30.13,28.89
160,30.13,28.89
504,30.13,28.89
194,30.13,28.89
719,30.13,28.89
200,30.13,28.89
679,30.13,28.89
433,30.13,28.89
376,30.13,28.89
567,30.13,28.89
599,30.13,28.89
881,30.11,28.89
567,30.11,28.89
627,30.11,28.89
230,30.11,28.89
348,30.11,28.89
410,30.11,28.89
490,30.11,28.89
486,30.11,28.89
619,30.11,28.89
272,30.11,28.89
624,30.11,28.89
191,30.11,28.89
552,30.11,28.89
326,30.11,28.89
416,30.11,28.89
320,30.11,28.89
501,30.11,28.89
621,30.11,28.89
309,30.11,28.89
422,30.11,28.89
568,30.11,28.89
562,30.11,28.89
337,30.11,28.89
469,30.11,28.89
603,30.11,29.03
561,30.11,29.03
604,30.11,29.03
406,30.11,29.03
733,30.11,29.03
437,30.11,29.03
558,30.11,29.03
707,30.11,29.03
506,30.11,29.03
464,30.11,29.03
646,30.11,29.03
461,30.11,29.03
626,30.11,29.03
433,30.11,29.03
489,30.11,29.03
441,30.11,29.03
658,30.11,29.03
694,30.11,29.03
445,30.11,29.03
721,30.11,29.03
237,30.11,29.03
818,30.11,29.03
374,30.11,29.03
411,30.11,29.03
476,30.11,29.03
496,30.11,29.03
574,30.11,29.03
412,30.11,29.03
570,30.11,29.03
705,30.11,29.03
263,30.11,29.03
784,30.11,29.03
524,30.11,29.03
378,30.11,29.03
758,30.11,29.03
120,30.11,29.03
546,30.13,29.03
460,30.13,29.03
623,30.13,29.03
313,30.13,29.03
495,30.13,29.03
347,30.13,29.03
685,30.13,29.03
602,30.13,29.03
465,30.13,29.03
681,30.13,29.03
775,30.13,29.03
398,30.13,29.03
440,30.13,29.03
516,30.13,29.03
281,30.13,29.03
551,30.13,29.03
345,30.13,29.03
565,30.13,29.03
299,30.13,29.03
438,30.13,29.03
427,30.13,29.03
412,30.13,29.03
409,30.13,29.03
476,30.13,29.03
732,30.13,29.03
385,30.13,29.03
495,30.13,29.03
519,30.13,29.03
505,30.13,29.03
441,30.13,29.03
496,30.13,29.03
685,30.13,29.03
353,30.13,29.03
188,30.13,29.03
544,30.13,29.03
673,30.13,29.03
466,30.13,29.03
431,30.13,29.03
843,30.13,29.03
396,30.13,29.03
651,30.13,29.03
493,30.13,29.03
590,30.13,29.03
808,30.13,29.03
447,30.13,29.03
751,30.13,29.03
465,30.13,29.03
622,30.13,29.03
396,30.13,29.03
644,30.13,29.03
392,30.13,29.03
636,30.13,29.03
471,30.13,29.03
795,30.13,29.03
332,30.13,29.03
814,30.13,29.03
748,30.13,29.03
267,30.13,29.03
567,30.13,29.03
557,30.11,29.03
819,30.11,29.03
460,30.11,29.03
669,30.11,29.03
540,30.11,29.03
544,30.11,29.03
317,30.11,29.03
711,30.11,29.03
447,30.11,29.03
442,30.11,29.03
641,30.11,29.03
594,30.11,29.03
384,30.11,29.03
331,30.11,29.03
758,30.11,29.03
488,30.11,29.03
501,30.11,29.03
382,30.11,29.03
490,30.11,29.03
121,30.11,29.03
284,30.11,29.03
287,30.11,29.03
590,30.11,29.03
253,30.11,29.03
581,30.11,28.83
211,30.11,28.83
266,30.11,28.83
507,30.11,28.83
495,30.11,28.83
581,30.11,28.83
121,30.11,28.83
567,30.11,28.83
405,30.11,28.83
675,30.11,28.83
419,30.11,28.83
651,30.11,28.83
389,30.11,28.83
538,30.11,28.83
375,30.11,28.83
602,30.11,28.83
217,30.11,28.83
839,30.11,28.83
476,30.11,28.83
332,30.11,28.83
721,30.11,28.83
188,30.11,28.83
882,30.11,28.83
660,30.11,28.83
646,30.11,28.83
422,30.11,28.83
705,30.11,28.83
129,30.11,28.83
713,30.11,28.83
666,30.11,28.83
525,30.11,28.83
588,30.11,28.83
760,30.11,28.83
206,30.11,28.83
510,30.11,28.83
526,30.11,28.83
121,30.13,28.83
419,30.13,28.83
175,30.13,28.83
738,30.13,28.83
491,30.13,28.83
572,30.13,28.83
354,30.13,28.83
775,30.13,28.83
126,30.13,28.83
691,30.13,28.83
638,30.13,28.83
709,30.13,28.83
251,30.13,28.83
801,30.13,28.83
590,30.13,28.83
481,30.13,28.83
286,30.13,28.83
414,30.13,28.83
754,30.13,28.83
118,30.13,28.83
808,30.13,28.83
330,30.13,28.83
439,30.13,28.83
158,30.13,28.99
876,30.13,28.99
283,30.13,28.99
843,30.13,28.99
300,30.13,28.99
628,30.13,28.99
181,30.13,28.99
802,30.13,28.99
556,30.13,28.99
519,30.13,28.99
502,30.13,28.99
405,30.13,28.99
826,30.13,28.99
117,30.13,28.99
806,30.13,28.99
360,30.13,28.99
883,30.13,28.99
369,30.13,28.99
660,30.13,28.99
497,30.13,28.99
638,30.13,28.99
580,30.13,28.99
551,30.13,28.99
567,30.13,28.99
510,30.13,28.99
573,30.13,28.99
699,30.13,28.99
359,30.13,28.99
345,30.13,28.99
871,30.13,28.99
370,30.13,28.99
752,30.13,28.99
272,30.13,28.99
688,30.13,28.99
340,30.13,28.99
614,30.13,28.99
486,30.09,28.99
549,30.09,28.99
328,30.09,28.99
689,30.09,28.99
788,30.09,28.99
243,30.09,28.99
662,30.09,28.99
305,30.09,28.99
514,30.09,28.99
140,30.09,28.99
492,30.09,28.99
130,30.09,28.99
606,30.09,28.99
157,30.09,28.99
756,30.09,28.99
479,30.09,28.99
409,30.09,28.99
619,30.09,28.99
242,30.09,28.99
542,30.09,28.99
349,30.09,28.99
669,30.09,28.99
166,30.09,28.99
568,30.09,28.99
468,30.09,28.85
385,30.09,28.85
392,30.09,28.85
336,30.09,28.85
619,30.09,28.85
200,30.09,28.85
696,30.09,28.85
396,30.09,28.85
532,30.09,28.85
529,30.09,28.85
756,30.09,28.85
447,30.09,28.85
514,30.09,28.85
395,30.09,28.85
840,30.09,28.85
356,30.09,28.85
321,30.09,28.85
578,30.09,28.85
455,30.09,28.85
596,30.09,28.85
155,30.09,28.85
874,30.09,28.85
321,30.09,28.85
641,30.09,28.85
273,30.09,28.85
581,30.09,28.85
409,30.09,28.85
471,30.09,28.85
471,30.09,28.85
600,30.09,28.85
522,30.09,28.85
575,30.09,28.85
727,30.09,28.85
565,30.09,28.85
534,30.09,28.85
561,30.09,28.85
782,30.13,28.85
120,30.13,28.85
826,30.13,28.85
533,30.13,28.85
802,30.13,28.85
395,30.13,28.85
623,30.13,28.85
547,30.13,28.85
830,30.13,28.85
713,30.13,28.85
448,30.13,28.85
693,30.13,28.85
471,30.13,28.85
750,30.13,28.85
481,30.13,28.85
316,30.13,28.85
488,30.13,28.85
607,30.13,28.85
275,30.13,28.85
293,30.13,28.85
384,30.13,28.85
516,30.13,28.85
401,30.13,28.85
565,30.13,28.89
428,30.13,28.89
580,30.13,28.89
735,30.13,28.89
380,30.13,28.89
645,30.13,28.89
273,30.13,28.89
543,30.13,28.89
179,30.13,28.89
530,30.13,28.89
427,30.13,28.89
553,30.13,28.89
505,30.13,28.89
389,30.13,28.89
412,30.13,28.89
441,30.13,28.89
359,30.13,28.89
450,30.13,28.89
572,30.13,28.89
208,30.13,28.89
439,30.13,28.89
283,30.13,28.89
859,30.13,28.89
208,30.13,28.89
204,30.13,28.89
471,30.13,28.89
429,30.13,28.89
637,30.13,28.89
350,30.13,28.89
817,30.13,28.89
348,30.13,28.89
529,30.13,28.89
466,30.13,28.89
604,30.13,28.89
323,30.13,28.89
720,30.13,28.89
505,30.13,28.89
562,30.13,28.89
321,30.13,28.89
836,30.13,28.89
509,30.13,28.89
669,30.13,28.89
330,30.13,28.89
597,30.13,28.89
539,30.13,28.89
118,30.13,28.89
881,30.13,28.89
119,30.13,28.89
512,30.13,28.89
510,30.13,28.89
608,30.13,28.89
379,30.13,28.89
456,30.13,28.89
692,30.13,28.89
712,30.13,28.89
508,30.13,28.89
559,30.13,28.89
280,30.13,28.89
367,30.13,28.89
554,30.13,28.89
359,30.13,28.89
440,30.13,28.89
211,30.13,28.89
722,30.13,28.89
247,30.13,28.89
664,30.13,28.89
374,30.13,28.89
665,30.13,28.89
537,30.13,28.89
523,30.13,28.89
527,30.13,28.89
521,30.13,28.89
209,30.13,28.89
529,30.13,28.89
562,30.13,28.89
372,30.13,28.89
556,30.13,28.89
493,30.13,28.89
616,30.13,28.89
352,30.13,28.89
485,30.13,28.89
287,30.13,28.89
883,30.13,28.89
120,30.13,28.89
800,30.13,28.89
398,30.13,28.89
484,30.13,28.89
