404,29.95,28.79
689,29.95,28.79
526,29.95,28.79
434,29.95,28.79
625,29.95,28.79
555,29.95,28.79
722,29.95,28.79
642,29.95,28.79
403,29.95,28.79
700,29.95,28.79
660,29.95,28.79
509,29.95,28.79
835,29.95,28.79
512,29.95,28.79
304,29.95,28.79
481,29.95,28.79
357,29.95,28.79
492,29.95,28.79
323,29.95,28.79
264,29.95,28.79
378,29.95,28.59
477,29.95,28.59
412,29.95,28.59
592,29.95,28.59
592,29.95,28.59
569,29.95,28.59
171,29.95,28.59
723,29.95,28.59
231,29.95,28.59
297,29.95,28.59
390,29.95,28.59
547,29.95,28.59
377,29.95,28.59
474,29.95,28.59
383,29.95,28.59
311,29.95,28.59
554,29.95,28.59
427,29.95,28.59
523,29.95,28.59
326,29.95,28.59
476,29.95,28.59
639,29.95,28.59
555,29.95,28.59
269,29.95,28.59
830,29.95,28.59
332,29.95,28.59
840,29.95,28.59
337,29.95,28.59
467,29.95,28.59
429,29.95,28.59
457,29.95,28.59
440,29.95,28.59
515,29.95,28.59
642,29.95,28.59
231,29.95,28.59
585,29.95,28.59
658,29.97,28.59
558,29.97,28.59
657,29.97,28.59
385,29.97,28.59
625,29.97,28.59
724,29.97,28.59
319,29.97,28.59
784,29.97,28.59
652,29.97,28.59
761,29.97,28.59
451,29.97,28.59
414,29.97,28.59
619,29.97,28.59
336,29.97,28.59
632,29.97,28.59
445,29.97,28.59
535,29.97,28.59
666,29.97,28.59
582,29.97,28.59
687,29.97,28.59
491,29.97,28.59
721,29.97,28.59
555,29.97,28.59
459,29.97,28.59
733,29.97,28.85
443,29.97,28.85
416,29.97,28.85
563,29.97,28.85
541,29.97,28.85
569,29.97,28.85
409,29.97,28.85
376,29.97,28.85
657,29.97,28.85
295,29.97,28.85
358,29.97,28.85
651,29.97,28.85
507,29.97,28.85
473,29.97,28.85
679,29.97,28.85
529,29.97,28.85
610,29.97,28.85
285,29.97,28.85
440,29.97,28.85
300,29.97,28.85
542,29.97,28.85
130,29.97,28.85
455,29.97,28.85
470,29.97,28.85
260,29.97,28.85
483,29.97,28.85
550,29.97,28.85
338,29.97,28.85
472,29.97,28.85
520,29.97,28.85
339,29.97,28.85
634,29.97,28.85
294,29.97,28.85
800,29.97,28.85
229,29.97,28.85
606,29.97,28.85
563,29.97,28.85
381,29.97,28.85
599,29.97,28.85
310,29.97,28.85
501,29.97,28.85
312,29.97,28.85
498,29.97,28.85
282,29.97,28.85
660,29.97,28.85
124,29.97,28.85
719,29.97,28.85
377,29.97,28.85
474,29.97,28.85
387,29.97,28.85
736,29.97,28.85
633,29.97,28.85
385,29.97,28.85
737,29.97,28.85
509,29.97,28.85
566,29.97,28.85
119,29.97,28.85
882,29.97,28.85
127,29.97,28.85
532,29.97,28.71
553,29.97,28.71
637,29.97,28.71
484,29.97,28.71
612,29.97,28.71
640,29.97,28.71
556,29.97,28.71
596,29.97,28.71
583,29.97,28.71
518,29.97,28.71
526,29.97,28.71
496,29.97,28.71
535,29.97,28.71
778,29.97,28.71
147,29.97,28.71
487,29.97,28.71
604,29.97,28.71
523,29.97,28.71
433,29.97,28.71
799,29.97,28.71
711,29.97,28.71
413,29.97,28.71
791,29.97,28.71
755,29.97,28.71
778,29.97,28.71
156,29.97,28.71
575,29.97,28.71
357,29.97,28.71
607,29.97,28.71
144,29.97,28.71
738,29.97,28.71
584,29.97,28.71
443,29.97,28.71
295,29.97,28.71
632,29.97,28.71
280,29.97,28.71
314,29.97,28.71
564,29.97,28.71
259,29.97,28.71
546,29.97,28.71
143,29.97,28.71
880,29.97,28.71
357,29.97,28.71
619,29.97,28.71
420,29.97,28.71
323,29.97,28.71
271,29.97,28.71
536,29.97,28.71
352,29.97,28.71
609,29.97,28.71
493,29.97,28.71
403,29.97,28.71
562,29.97,28.71
329,29.97,28.71
513,29.97,28.71
423,29.97,28.71
786,29.97,28.71
263,29.97,28.71
797,29.97,28.71
305,29.97,28.71
708,29.97,28.83
615,29.97,28.83
632,29.97,28.83
364,29.97,28.83
613,29.97,28.83
472,29.97,28.83
411,29.97,28.83
548,29.97,28.83
321,29.97,28.83
871,29.97,28.83
501,29.97,28.83
561,29.97,28.83
503,29.97,28.83
670,29.97,28.83
120,29.97,28.83
786,29.97,28.83
468,29.97,28.83
671,29.97,28.83
207,29.97,28.83
710,29.97,28.83
837,29.97,28.83
467,29.97,28.83
528,29.97,28.83
374,29.97,28.83
120,29.97,28.83
361,29.97,28.83
569,29.97,28.83
509,29.97,28.83
571,29.97,28.83
263,29.97,28.83
826,29.97,28.83
431,29.97,28.83
642,29.97,28.83
229,29.97,28.83
706,29.97,28.83
177,29.97,28.83
574,29.97,28.83
144,29.97,28.83
396,29.97,28.83
649,29.97,28.83
244,29.97,28.83
610,29.97,28.83
217,29.97,28.83
842,29.97,28.83
509,29.97,28.83
455,29.97,28.83
333,29.97,28.83
751,29.97,28.83
201,29.97,28.83
608,29.97,28.83
560,29.97,28.83
657,29.97,28.83
487,29.97,28.83
640,29.97,28.83
493,29.97,28.83
387,29.97,28.83
477,29.97,28.83
193,29.97,28.83
879,29.97,28.83
206,29.97,28.77
634,29.97,28.77
514,29.97,28.77
696,29.97,28.77
327,29.97,28.77
753,29.97,28.77
590,29.97,28.77
592,29.97,28.77
431,29.97,28.77
657,29.97,28.77
419,29.97,28.77
590,29.97,28.77
778,29.97,28.77
283,29.97,28.77
662,29.97,28.77
205,29.97,28.77
781,29.97,28.77
224,29.97,28.77
421,29.97,28.77
280,29.97,28.77
880,29.97,28.77
657,29.97,28.77
402,29.97,28.77
532,29.97,28.77
511,29.97,28.77
542,29.97,28.77
516,29.97,28.77
405,29.97,28.77
546,29.97,28.77
680,29.97,28.77
379,29.97,28.77
529,29.97,28.77
276,29.97,28.77
635,29.97,28.77
350,29.97,28.77
760,29.97,28.77
358,29.95,28.77
552,29.95,28.77
630,29.95,28.77
585,29.95,28.77
651,29.95,28.77
125,29.95,28.77
577,29.95,28.77
348,29.95,28.77
548,29.95,28.77
240,29.95,28.77
308,29.95,28.77
669,29.95,28.77
349,29.95,28.77
546,29.95,28.77
327,29.95,28.77
759,29.95,28.77
573,29.95,28.77
367,29.95,28.77
520,29.95,28.77
516,29.95,28.77
388,29.95,28.77
789,29.95,28.77
267,29.95,28.77
658,29.95,28.77
577,29.95,28.79
468,29.95,28.79
581,29.95,28.79
435,29.95,28.79
581,29.95,28.79
585,29.95,28.79
500,29.95,28.79
314,29.95,28.79
609,29.95,28.79
627,29.95,28.79
592,29.95,28.79
668,29.95,28.79
727,29.95,28.79
464,29.95,28.79
557,29.95,28.79
485,29.95,28.79
726,29.95,28.79
640,29.95,28.79
770,29.95,28.79
713,29.95,28.79
357,29.95,28.79
606,29.95,28.79
492,29.95,28.79
657,29.95,28.79
249,29.95,28.79
863,29.95,28.79
200,29.95,28.79
434,29.95,28.79
580,29.95,28.79
590,29.95,28.79
470,29.95,28.79
666,29.95,28.79
494,29.95,28.79
643,29.95,28.79
273,29.95,28.79
416,29.95,28.79
667,29.97,28.79
458,29.97,28.79
499,29.97,28.79
276,29.97,28.79
830,29.97,28.79
319,29.97,28.79
656,29.97,28.79
444,29.97,28.79
366,29.97,28.79
577,29.97,28.79
390,29.97,28.79
684,29.97,28.79
374,29.97,28.79
637,29.97,28.79
343,29.97,28.79
313,29.97,28.79
126,29.97,28.79
328,29.97,28.79
515,29.97,28.79
279,29.97,28.79
171,29.97,28.79
645,29.97,28.79
359,29.97,28.79
542,29.97,28.79
545,29.97,28.83
603,29.97,28.83
412,29.97,28.83
344,29.97,28.83
730,29.97,28.83
412,29.97,28.83
561,29.97,28.83
482,29.97,28.83
746,29.97,28.83
347,29.97,28.83
358,29.97,28.83
612,29.97,28.83
536,29.97,28.83
452,29.97,28.83
360,29.97,28.83
681,29.97,28.83
418,29.97,28.83
600,29.97,28.83
742,29.97,28.83
723,29.97,28.83
358,29.97,28.83
750,29.97,28.83
499,29.97,28.83
801,29.97,28.83
408,29.97,28.83
690,29.97,28.83
482,29.97,28.83
557,29.97,28.83
573,29.97,28.83
715,29.97,28.83
587,29.97,28.83
487,29.97,28.83
795,29.97,28.83
530,29.97,28.83
440,29.97,28.83
525,29.97,28.83
793,29.97,28.83
615,29.97,28.83
513,29.97,28.83
560,29.97,28.83
845,29.97,28.83
