464,31.09,29.83
563,31.09,29.83
570,31.09,29.83
349,31.09,29.83
476,31.09,29.83
758,31.09,29.83
730,31.09,29.83
460,31.09,29.83
524,31.09,29.83
677,31.09,29.83
403,31.09,29.83
500,31.09,29.83
590,31.09,29.83
766,31.09,29.83
506,31.09,29.83
470,31.09,29.83
589,31.09,29.83
392,31.09,29.83
523,31.09,29.83
371,31.09,29.83
572,31.09,29.83
287,31.09,29.83
612,31.09,29.83
179,31.07,29.83
613,31.07,29.83
140,31.07,29.83
369,31.07,29.83
419,31.07,29.83
447,31.07,29.83
160,31.07,29.83
390,31.07,29.83
593,31.07,29.83
421,31.07,29.83
491,31.07,29.83
606,31.07,29.83
721,31.07,29.83
122,31.07,29.83
881,31.07,29.83
336,31.07,29.83
631,31.07,29.83
307,31.07,29.83
635,31.07,29.83
177,31.07,29.83
705,31.07,29.83
419,31.07,29.83
391,31.07,29.83
712,31.07,29.83
241,31.07,29.91
717,31.07,29.91
433,31.07,29.91
431,31.07,29.91
525,31.07,29.91
679,31.07,29.91
307,31.07,29.91
578,31.07,29.91
428,31.07,29.91
637,31.07,29.91
401,31.07,29.91
488,31.07,29.91
572,31.07,29.91
301,31.07,29.91
631,31.07,29.91
441,31.07,29.91
660,31.07,29.91
245,31.07,29.91
583,31.07,29.91
459,31.07,29.91
561,31.07,29.91
302,31.07,29.91
374,31.07,29.91
672,31.07,29.91
275,31.07,29.91
620,31.07,29.91
646,31.07,29.91
550,31.07,29.91
513,31.07,29.91
828,31.07,29.91
551,31.07,29.91
431,31.07,29.91
753,31.07,29.91
678,31.07,29.91
437,31.07,29.91
449,31.07,29.91
520,31.09,29.91
592,31.09,29.91
719,31.09,29.91
419,31.09,29.91
882,31.09,29.91
584,31.09,29.91
605,31.09,29.91
421,31.09,29.91
723,31.09,29.91
645,31.09,29.91
548,31.09,29.91
842,31.09,29.91
310,31.09,29.91
590,31.09,29.91
454,31.09,29.91
572,31.09,29.91
401,31.09,29.91
668,31.09,29.91
352,31.09,29.91
519,31.09,29.91
492,31.09,29.91
508,31.09,29.91
480,31.09,29.91
609,31.09,29.91
620,31.09,29.79
439,31.09,29.79
525,31.09,29.79
397,31.09,29.79
620,31.09,29.79
369,31.09,29.79
685,31.09,29.79
281,31.09,29.79
645,31.09,29.79
231,31.09,29.79
617,31.09,29.79
589,31.09,29.79
420,31.09,29.79
476,31.09,29.79
418,31.09,29.79
562,31.09,29.79
533,31.09,29.79
628,31.09,29.79
488,31.09,29.79
592,31.09,29.79
376,31.09,29.79
385,31.09,29.79
250,31.09,29.79
563,31.09,29.79
430,31.09,29.79
358,31.09,29.79
437,31.09,29.79
271,31.09,29.79
558,31.09,29.79
389,31.09,29.79
695,31.09,29.79
384,31.09,29.79
786,31.09,29.79
172,31.09,29.79
558,31.09,29.79
526,31.09,29.79
619,31.09,29.79
610,31.09,29.79
353,31.09,29.79
549,31.09,29.79
126,31.09,29.79
600,31.09,29.79
138,31.09,29.79
675,31.09,29.79
278,31.09,29.79
565,31.09,29.79
415,31.09,29.79
636,31.09,29.79
365,31.09,29.79
782,31.09,29.79
343,31.09,29.79
368,31.09,29.79
370,31.09,29.79
120,31.09,29.79
816,31.09,29.79
290,31.09,29.79
797,31.09,29.79
338,31.09,29.79
729,31.09,29.79
121,31.09,29.79
723,31.09,30.17
672,31.09,30.17
577,31.09,30.17
300,31.09,30.17
455,31.09,30.17
582,31.09,30.17
312,31.09,30.17
604,31.09,30.17
714,31.09,30.17
698,31.09,30.17
446,31.09,30.17
525,31.09,30.17
349,31.09,30.17
807,31.09,30.17
238,31.09,30.17
675,31.09,30.17
355,31.09,30.17
307,31.09,30.17
546,31.09,30.17
224,31.09,30.17
883,31.09,30.17
332,31.09,30.17
577,31.09,30.17
587,31.09,30.17
745,31.09,30.17
404,31.09,30.17
884,31.09,30.17
477,31.09,30.17
618,31.09,30.17
521,31.09,30.17
734,31.09,30.17
528,31.09,30.17
293,31.09,30.17
608,31.09,30.17
433,31.09,30.17
558,31.09,30.17
362,31.07,30.17
745,31.07,30.17
277,31.07,30.17
885,31.07,30.17
256,31.07,30.17
137,31.07,30.17
545,31.07,30.17
407,31.07,30.17
595,31.07,30.17
612,31.07,30.17
349,31.07,30.17
278,31.07,30.17
587,31.07,30.17
368,31.07,30.17
805,31.07,30.17
120,31.07,30.17
350,31.07,30.17
161,31.07,30.17
796,31.07,30.17
119,31.07,30.17
573,31.07,30.17
566,31.07,30.17
684,31.07,30.17
883,31.07,29.91
119,31.07,29.91
557,31.07,29.91
343,31.07,29.91
724,31.07,29.91
353,31.07,29.91
528,31.07,29.91
149,31.07,29.91
121,31.07,29.91
668,31.07,29.91
772,31.07,29.91
266,31.07,29.91
763,31.07,29.91
470,31.07,29.91
374,31.07,29.91
735,31.07,29.91
349,31.07,29.91
764,31.07,29.91
452,31.07,29.91
822,31.07,29.91
119,31.07,29.91
768,31.07,29.91
470,31.07,29.91
655,31.07,29.91
645,31.07,29.91
222,31.07,29.91
467,31.07,29.91
356,31.07,29.91
688,31.07,29.91
729,31.07,29.91
458,31.07,29.91
531,31.07,29.91
535,31.07,29.91
347,31.07,29.91
808,31.07,29.91
119,31.07,29.91
864,31.07,29.91
232,31.07,29.91
883,31.07,29.91
191,31.07,29.91
559,31.07,29.91
595,31.07,29.91
643,31.07,29.91
732,31.07,29.91
119,31.07,29.91
816,31.07,29.91
349,31.07,29.91
868,31.07,29.91
707,31.07,29.91
486,31.07,29.91
454,31.07,29.91
641,31.07,29.91
489,31.07,29.91
736,31.07,29.91
120,31.07,29.91
712,31.07,29.91
310,31.07,29.91
603,31.07,29.91
671,31.07,29.91
295,31.07,29.91
799,31.07,30.03
319,31.07,30.03
883,31.07,30.03
147,31.07,30.03
686,31.07,30.03
476,31.07,30.03
829,31.07,30.03
667,31.07,30.03
382,31.07,30.03
833,31.07,30.03
455,31.07,30.03
551,31.07,30.03
607,31.07,30.03
508,31.07,30.03
598,31.07,30.03
230,31.07,30.03
494,31.07,30.03
681,31.07,30.03
124,31.07,30.03
609,31.07,30.03
347,31.07,30.03
708,31.07,30.03
586,31.07,30.03
342,31.07,30.03
883,31.07,30.03
483,31.07,30.03
489,31.07,30.03
142,31.07,30.03
557,31.07,30.03
121,31.07,30.03
792,31.07,30.03
457,31.07,30.03
288,31.07,30.03
557,31.07,30.03
120,31.07,30.03
852,31.07,30.03
365,31.09,30.03
127,31.09,30.03
670,31.09,30.03
465,31.09,30.03
267,31.09,30.03
387,31.09,30.03
652,31.09,30.03
453,31.09,30.03
128,31.09,30.03
664,31.09,30.03
205,31.09,30.03
488,31.09,30.03
215,31.09,30.03
491,31.09,30.03
670,31.09,30.03
383,31.09,30.03
659,31.09,30.03
119,31.09,30.03
681,31.09,30.03
274,31.09,30.03
537,31.09,30.03
565,31.09,30.03
119,31.09,30.03
784,31.09,30.03
608,31.09,29.91
645,31.09,29.91
479,31.09,29.91
244,31.09,29.91
573,31.09,29.91
359,31.09,29.91
461,31.09,29.91
805,31.09,29.91
580,31.09,29.91
366,31.09,29.91
640,31.09,29.91
852,31.09,29.91
236,31.09,29.91
803,31.09,29.91
845,31.09,29.91
343,31.09,29.91
730,31.09,29.91
119,31.09,29.91
850,31.09,29.91
456,31.09,29.91
644,31.09,29.91
685,31.09,29.91
349,31.09,29.91
655,31.09,29.91
715,31.09,29.91
797,31.09,29.91
621,31.09,29.91
247,31.09,29.91
716,31.09,29.91
407,31.09,29.91
512,31.09,29.91
883,31.09,29.91
619,31.09,29.91
702,31.09,29.91
577,31.09,29.91
728,31.09,29.91
186,31.05,29.91
626,31.05,29.91
542,31.05,29.91
464,31.05,29.91
878,31.05,29.91
123,31.05,29.91
748,31.05,29.91
688,31.05,29.91
735,31.05,29.91
639,31.05,29.91
317,31.05,29.91
549,31.05,29.91
493,31.05,29.91
654,31.05,29.91
423,31.05,29.91
271,31.05,29.91
666,31.05,29.91
566,31.05,29.91
268,31.05,29.91
401,31.05,29.91
433,31.05,29.91
726,31.05,29.91
430,31.05,29.91
747,31.05,29.91
263,31.05,29.85
576,31.05,29.85
551,31.05,29.85
397,31.05,29.85
851,31.05,29.85
119,31.05,29.85
883,31.05,29.85
236,31.05,29.85
802,31.05,29.85
398,31.05,29.85
381,31.05,29.85
435,31.05,29.85
363,31.05,29.85
387,31.05,29.85
539,31.05,29.85
