283,32.65,31.53
867,32.65,31.53
519,32.65,31.53
384,32.65,31.53
521,32.65,31.53
883,32.65,31.53
401,32.65,31.53
491,32.65,31.35
422,32.65,31.35
727,32.65,31.35
541,32.65,31.35
479,32.65,31.35
672,32.65,31.35
444,32.65,31.35
587,32.65,31.35
811,32.65,31.35
510,32.65,31.35
571,32.65,31.35
495,32.65,31.35
330,32.65,31.35
629,32.65,31.35
123,32.65,31.35
827,32.65,31.35
497,32.65,31.35
489,32.65,31.35
257,32.65,31.35
599,32.65,31.35
348,32.65,31.35
341,32.65,31.35
494,32.65,31.35
318,32.65,31.35
353,32.65,31.35
272,32.65,31.35
421,32.65,31.35
667,32.65,31.35
542,32.65,31.35
414,32.65,31.35
696,32.65,31.35
121,32.65,31.35
636,32.65,31.35
176,32.65,31.35
715,32.65,31.35
336,32.65,31.35
190,32.63,31.35
745,32.63,31.35
389,32.63,31.35
557,32.63,31.35
644,32.63,31.35
710,32.63,31.35
357,32.63,31.35
468,32.63,31.35
681,32.63,31.35
414,32.63,31.35
726,32.63,31.35
766,32.63,31.35
287,32.63,31.35
601,32.63,31.35
296,32.63,31.35
740,32.63,31.35
211,32.63,31.35
338,32.63,31.35
606,32.63,31.35
651,32.63,31.35
584,32.63,31.35
356,32.63,31.35
607,32.63,31.35
466,32.63,31.35
487,32.63,31.49
621,32.63,31.49
578,32.63,31.49
269,32.63,31.49
763,32.63,31.49
273,32.63,31.49
615,32.63,31.49
170,32.63,31.49
455,32.63,31.49
460,32.63,31.49
531,32.63,31.49
385,32.63,31.49
405,32.63,31.49
415,32.63,31.49
558,32.63,31.49
883,32.63,31.49
283,32.63,31.49
733,32.63,31.49
178,32.63,31.49
674,32.63,31.49
488,32.63,31.49
558,32.63,31.49
345,32.63,31.49
801,32.63,31.49
162,32.63,31.49
401,32.63,31.49
477,32.63,31.49
331,32.63,31.49
586,32.63,31.49
384,32.63,31.49
449,32.63,31.49
299,32.63,31.49
643,32.63,31.49
174,32.63,31.49
878,32.63,31.49
413,32.63,31.49
508,32.67,31.49
181,32.67,31.49
611,32.67,31.49
352,32.67,31.49
571,32.67,31.49
272,32.67,31.49
329,32.67,31.49
811,32.67,31.49
638,32.67,31.49
439,32.67,31.49
803,32.67,31.49
646,32.67,31.49
119,32.67,31.49
789,32.67,31.49
306,32.67,31.49
823,32.67,31.49
560,32.67,31.49
569,32.67,31.49
491,32.67,31.49
709,32.67,31.49
633,32.67,31.49
360,32.67,31.49
546,32.67,31.49
350,32.67,31.61
802,32.67,31.61
415,32.67,31.61
530,32.67,31.61
601,32.67,31.61
882,32.67,31.61
652,32.67,31.61
725,32.67,31.61
529,32.67,31.61
883,32.67,31.61
383,32.67,31.61
660,32.67,31.61
379,32.67,31.61
425,32.67,31.61
593,32.67,31.61
308,32.67,31.61
648,32.67,31.61
467,32.67,31.61
340,32.67,31.61
270,32.67,31.61
616,32.67,31.61
441,32.67,31.61
480,32.67,31.61
797,32.67,31.61
710,32.67,31.61
521,32.67,31.61
496,32.67,31.61
547,32.67,31.61
584,32.67,31.61
497,32.67,31.61
271,32.67,31.61
331,32.67,31.61
214,32.67,31.61
654,32.67,31.61
306,32.67,31.61
482,32.67,31.61
174,32.63,31.61
460,32.63,31.61
255,32.63,31.61
361,32.63,31.61
532,32.63,31.61
485,32.63,31.61
769,32.63,31.61
519,32.63,31.61
608,32.63,31.61
566,32.63,31.61
759,32.63,31.61
549,32.63,31.61
638,32.63,31.61
484,32.63,31.61
626,32.63,31.61
178,32.63,31.61
709,32.63,31.61
576,32.63,31.61
733,32.63,31.61
573,32.63,31.61
748,32.63,31.61
631,32.63,31.61
536,32.63,31.61
653,32.63,31.61
798,32.63,31.47
706,32.63,31.47
521,32.63,31.47
475,32.63,31.47
557,32.63,31.47
486,32.63,31.47
535,32.63,31.47
416,32.63,31.47
252,32.63,31.47
525,32.63,31.47
324,32.63,31.47
576,32.63,31.47
412,32.63,31.47
223,32.63,31.47
764,32.63,31.47
197,32.63,31.47
858,32.63,31.47
417,32.63,31.47
493,32.63,31.47
365,32.63,31.47
409,32.63,31.47
340,32.63,31.47
564,32.63,31.47
261,32.63,31.47
674,32.63,31.47
559,32.63,31.47
345,32.63,31.47
450,32.63,31.47
502,32.63,31.47
574,32.63,31.47
305,32.63,31.47
886,32.63,31.47
257,32.63,31.47
689,32.63,31.47
487,32.63,31.47
688,32.63,31.47
376,32.63,31.47
463,32.63,31.47
332,32.63,31.47
545,32.63,31.47
462,32.63,31.47
725,32.63,31.47
469,32.63,31.47
303,32.63,31.47
633,32.63,31.47
823,32.63,31.47
582,32.63,31.47
436,32.63,31.47
587,32.63,31.47
430,32.63,31.47
728,32.63,31.47
350,32.63,31.47
880,32.63,31.47
390,32.63,31.47
658,32.63,31.47
423,32.63,31.47
478,32.63,31.47
575,32.63,31.47
381,32.63,31.47
884,32.63,31.47
368,32.63,31.47
352,32.63,31.47
567,32.63,31.47
513,32.63,31.47
234,32.63,31.47
814,32.63,31.47
480,32.63,31.47
711,32.63,31.47
218,32.63,31.47
745,32.63,31.47
429,32.63,31.47
625,32.63,31.47
468,32.63,31.47
478,32.63,31.47
585,32.63,31.47
117,32.63,31.47
832,32.63,31.47
189,32.63,31.47
418,32.63,31.47
336,32.63,31.47
591,32.63,31.47
433,32.63,31.47
556,32.63,31.47
625,32.63,31.47
495,32.63,31.47
376,32.63,31.47
384,32.63,31.47
449,32.63,31.47
356,32.63,31.47
491,32.63,31.47
496,32.63,31.47
623,32.63,31.47
139,32.63,31.47
586,32.63,31.47
472,32.63,31.47
709,32.63,31.47
117,32.63,31.47
816,32.63,31.47
469,32.63,31.47
471,32.63,31.47
633,32.63,31.47
467,32.63,31.47
540,32.63,31.47
525,32.63,31.47
446,32.63,31.47
511,32.63,31.47
696,32.63,31.47
421,32.63,31.47
676,32.63,31.47
534,32.63,31.47
460,32.63,31.47
309,32.63,31.47
667,32.63,31.47
285,32.63,31.47
497,32.63,31.47
609,32.63,31.47
378,32.63,31.47
722,32.63,31.47
441,32.63,31.39
751,32.63,31.39
475,32.63,31.39
637,32.63,31.39
486,32.63,31.39
785,32.63,31.39
408,32.63,31.39
565,32.63,31.39
451,32.63,31.39
346,32.63,31.39
416,32.63,31.39
604,32.63,31.39
409,32.63,31.39
396,32.63,31.39
884,32.63,31.39
117,32.63,31.39
715,32.63,31.39
123,32.63,31.39
616,32.63,31.39
117,32.63,31.39
574,32.63,31.39
266,32.63,31.39
480,32.63,31.39
222,32.63,31.39
354,32.63,31.39
438,32.63,31.39
381,32.63,31.39
277,32.63,31.39
579,32.63,31.39
493,32.63,31.39
477,32.63,31.39
654,32.63,31.39
460,32.63,31.39
606,32.63,31.39
206,32.63,31.39
878,32.63,31.39
268,32.59,31.39
833,32.59,31.39
390,32.59,31.39
522,32.59,31.39
552,32.59,31.39
368,32.59,31.39
448,32.59,31.39
682,32.59,31.39
430,32.59,31.39
118,32.59,31.39
721,32.59,31.39
436,32.59,31.39
524,32.59,31.39
695,32.59,31.39
694,32.59,31.39
228,32.59,31.39
884,32.59,31.39
201,32.59,31.39
862,32.59,31.39
424,32.59,31.39
576,32.59,31.39
491,32.59,31.39
462,32.59,31.39
494,32.59,31.39
584,32.59,31.43
584,32.59,31.43
470,32.59,31.43
719,32.59,31.43
449,32.59,31.43
587,32.59,31.43
485,32.59,31.43
773,32.59,31.43
436,32.59,31.43
604,32.59,31.43
287,32.59,31.43
742,32.59,31.43
584,32.59,31.43
538,32.59,31.43
616,32.59,31.43
410,32.59,31.43
554,32.59,31.43
233,32.59,31.43
674,32.59,31.43
455,32.59,31.43
621,32.59,31.43
475,32.59,31.43
693,32.59,31.43
330,32.59,31.43
516,32.59,31.43
494,32.59,31.43
348,32.59,31.43
558,32.59,31.43
506,32.59,31.43
587,32.59,31.43
369,32.59,31.43
472,32.59,31.43
357,32.59,31.43
372,32.59,31.43
119,32.59,31.43
520,32.59,31.43
391,32.63,31.43
561,32.63,31.43
288,32.63,31.43
579,32.63,31.43
444,32.63,31.43
432,32.63,31.43
725,32.63,31.43
254,32.63,31.43
464,32.63,31.43
343,32.63,31.43
194,32.63,31.43
587,32.63,31.43
119,32.63,31.43
493,32.63,31.43
753,32.63,31.43
467,32.63,31.43
361,32.63,31.43
393,32.63,31.43
