884,32.57,31.19
331,32.57,31.29
876,32.57,31.29
233,32.57,31.29
789,32.57,31.29
184,32.57,31.29
402,32.57,31.29
333,32.57,31.29
343,32.57,31.29
882,32.57,31.29
529,32.57,31.29
329,32.57,31.29
300,32.57,31.29
643,32.57,31.29
572,32.57,31.29
512,32.57,31.29
234,32.57,31.29
830,32.57,31.29
128,32.57,31.29
755,32.57,31.29
314,32.57,31.29
525,32.57,31.29
282,32.57,31.29
474,32.57,31.29
395,32.57,31.29
511,32.57,31.29
531,32.57,31.29
307,32.57,31.29
560,32.57,31.29
330,32.57,31.29
435,32.57,31.29
309,32.57,31.29
394,32.57,31.29
388,32.57,31.29
570,32.57,31.29
133,32.57,31.29
834,32.57,31.29
273,32.53,31.29
739,32.53,31.29
410,32.53,31.29
573,32.53,31.29
497,32.53,31.29
542,32.53,31.29
648,32.53,31.29
594,32.53,31.29
687,32.53,31.29
312,32.53,31.29
669,32.53,31.29
555,32.53,31.29
639,32.53,31.29
481,32.53,31.29
858,32.53,31.29
268,32.53,31.29
496,32.53,31.29
335,32.53,31.29
699,32.53,31.29
414,32.53,31.29
761,32.53,31.29
540,32.53,31.29
454,32.53,31.29
772,32.53,31.57
325,32.53,31.57
582,32.53,31.57
334,32.53,31.57
213,32.53,31.57
801,32.53,31.57
670,32.53,31.57
560,32.53,31.57
485,32.53,31.57
731,32.53,31.57
421,32.53,31.57
383,32.53,31.57
772,32.53,31.57
400,32.53,31.57
239,32.53,31.57
503,32.53,31.57
223,32.53,31.57
443,32.53,31.57
153,32.53,31.57
508,32.53,31.57
427,32.53,31.57
359,32.53,31.57
351,32.53,31.57
519,32.53,31.57
119,32.53,31.57
514,32.53,31.57
412,32.53,31.57
364,32.53,31.57
493,32.53,31.57
550,32.53,31.57
375,32.53,31.57
445,32.53,31.57
451,32.53,31.57
609,32.53,31.57
616,32.53,31.57
277,32.53,31.57
634,32.59,31.57
383,32.59,31.57
395,32.59,31.57
522,32.59,31.57
771,32.59,31.57
461,32.59,31.57
353,32.59,31.57
660,32.59,31.57
502,32.59,31.57
747,32.59,31.57
370,32.59,31.57
604,32.59,31.57
300,32.59,31.57
571,32.59,31.57
281,32.59,31.57
597,32.59,31.57
398,32.59,31.57
499,32.59,31.57
666,32.59,31.57
316,32.59,31.57
473,32.59,31.57
797,32.59,31.57
634,32.59,31.57
408,32.59,31.57
884,32.59,31.35
337,32.59,31.35
884,32.59,31.35
235,32.59,31.35
671,32.59,31.35
729,32.59,31.35
532,32.59,31.35
643,32.59,31.35
431,32.59,31.35
318,32.59,31.35
416,32.59,31.35
602,32.59,31.35
600,32.59,31.35
686,32.59,31.35
485,32.59,31.35
598,32.59,31.35
315,32.59,31.35
650,32.59,31.35
264,32.59,31.35
863,32.59,31.35
118,32.59,31.35
628,32.59,31.35
308,32.59,31.35
212,32.59,31.35
601,32.59,31.35
400,32.59,31.35
639,32.59,31.35
223,32.59,31.35
461,32.59,31.35
459,32.59,31.35
550,32.59,31.35
489,32.59,31.35
697,32.59,31.35
336,32.59,31.35
326,32.59,31.35
426,32.59,31.35
748,32.57,31.35
133,32.57,31.35
751,32.57,31.35
260,32.57,31.35
343,32.57,31.35
678,32.57,31.35
545,32.57,31.35
699,32.57,31.35
339,32.57,31.35
436,32.57,31.35
574,32.57,31.35
642,32.57,31.35
396,32.57,31.35
716,32.57,31.35
593,32.57,31.35
481,32.57,31.35
470,32.57,31.35
789,32.57,31.35
585,32.57,31.35
496,32.57,31.35
554,32.57,31.35
436,32.57,31.35
306,32.57,31.35
322,32.57,31.33
636,32.57,31.33
310,32.57,31.33
614,32.57,31.33
380,32.57,31.33
600,32.57,31.33
547,32.57,31.33
674,32.57,31.33
559,32.57,31.33
885,32.57,31.33
413,32.57,31.33
801,32.57,31.33
566,32.57,31.33
315,32.57,31.33
530,32.57,31.33
499,32.57,31.33
526,32.57,31.33
132,32.57,31.33
693,32.57,31.33
296,32.57,31.33
435,32.57,31.33
310,32.57,31.33
863,32.57,31.33
563,32.57,31.33
569,32.57,31.33
416,32.57,31.33
497,32.57,31.33
663,32.57,31.33
466,32.57,31.33
393,32.57,31.33
427,32.57,31.33
708,32.57,31.33
423,32.57,31.33
748,32.57,31.33
117,32.57,31.33
806,32.57,31.33
259,32.57,31.33
791,32.57,31.33
293,32.57,31.33
676,32.57,31.33
196,32.57,31.33
553,32.57,31.33
624,32.57,31.33
448,32.57,31.33
727,32.57,31.33
627,32.57,31.33
754,32.57,31.33
494,32.57,31.33
405,32.57,31.33
403,32.57,31.33
810,32.57,31.33
194,32.57,31.33
820,32.57,31.33
118,32.57,31.33
632,32.57,31.33
473,32.57,31.33
532,32.57,31.33
565,32.57,31.33
391,32.57,31.33
682,32.57,31.33
373,32.57,31.21
780,32.57,31.21
137,32.57,31.21
620,32.57,31.21
657,32.57,31.21
420,32.57,31.21
434,32.57,31.21
360,32.57,31.21
233,32.57,31.21
675,32.57,31.21
388,32.57,31.21
629,32.57,31.21
206,32.57,31.21
581,32.57,31.21
593,32.57,31.21
610,32.57,31.21
550,32.57,31.21
173,32.57,31.21
288,32.57,31.21
569,32.57,31.21
477,32.57,31.21
550,32.57,31.21
282,32.57,31.21
500,32.57,31.21
486,32.57,31.21
591,32.57,31.21
193,32.57,31.21
612,32.57,31.21
527,32.57,31.21
224,32.57,31.21
514,32.57,31.21
186,32.57,31.21
408,32.57,31.21
731,32.57,31.21
371,32.57,31.21
787,32.57,31.21
233,32.57,31.21
704,32.57,31.21
539,32.57,31.21
599,32.57,31.21
431,32.57,31.21
266,32.57,31.21
530,32.57,31.21
118,32.57,31.21
663,32.57,31.21
485,32.57,31.21
536,32.57,31.21
632,32.57,31.21
348,32.57,31.21
479,32.57,31.21
479,32.57,31.21
779,32.57,31.21
884,32.57,31.21
371,32.57,31.21
711,32.57,31.21
223,32.57,31.21
480,32.57,31.21
551,32.57,31.21
129,32.57,31.21
735,32.57,31.53
294,32.57,31.53
554,32.57,31.53
677,32.57,31.53
253,32.57,31.53
708,32.57,31.53
750,32.57,31.53
464,32.57,31.53
118,32.57,31.53
591,32.57,31.53
618,32.57,31.53
144,32.57,31.53
713,32.57,31.53
210,32.57,31.53
769,32.57,31.53
384,32.57,31.53
321,32.57,31.53
761,32.57,31.53
233,32.57,31.53
565,32.57,31.53
121,32.57,31.53
726,32.57,31.53
516,32.57,31.53
291,32.57,31.53
476,32.57,31.53
462,32.57,31.53
389,32.57,31.53
759,32.57,31.53
489,32.57,31.53
725,32.57,31.53
615,32.57,31.53
585,32.57,31.53
375,32.57,31.53
134,32.57,31.53
782,32.57,31.53
551,32.57,31.53
619,32.59,31.53
118,32.59,31.53
883,32.59,31.53
281,32.59,31.53
781,32.59,31.53
788,32.59,31.53
354,32.59,31.53
781,32.59,31.53
120,32.59,31.53
746,32.59,31.53
672,32.59,31.53
430,32.59,31.53
838,32.59,31.53
520,32.59,31.53
488,32.59,31.53
463,32.59,31.53
604,32.59,31.53
763,32.59,31.53
452,32.59,31.53
710,32.59,31.53
301,32.59,31.53
376,32.59,31.53
640,32.59,31.53
884,32.59,31.53
697,32.59,31.41
140,32.59,31.41
746,32.59,31.41
329,32.59,31.41
665,32.59,31.41
516,32.59,31.41
542,32.59,31.41
540,32.59,31.41
564,32.59,31.41
449,32.59,31.41
771,32.59,31.41
118,32.59,31.41
498,32.59,31.41
675,32.59,31.41
417,32.59,31.41
293,32.59,31.41
709,32.59,31.41
813,32.59,31.41
386,32.59,31.41
800,32.59,31.41
118,32.59,31.41
651,32.59,31.41
163,32.59,31.41
605,32.59,31.41
305,32.59,31.41
419,32.59,31.41
432,32.59,31.41
466,32.59,31.41
605,32.59,31.41
399,32.59,31.41
505,32.59,31.41
541,32.59,31.41
324,32.59,31.41
291,32.59,31.41
884,32.59,31.41
423,32.59,31.41
664,32.53,31.41
390,32.53,31.41
854,32.53,31.41
118,32.53,31.41
883,32.53,31.41
422,32.53,31.41
425,32.53,31.41
435,32.53,31.41
541,32.53,31.41
860,32.53,31.41
454,32.53,31.41
554,32.53,31.41
479,32.53,31.41
500,32.53,31.41
453,32.53,31.41
754,32.53,31.41
436,32.53,31.41
886,32.53,31.41
121,32.53,31.41
884,32.53,31.41
119,32.53,31.41
510,32.53,31.41
515,32.53,31.41
695,32.53,31.33
119,32.53,31.33
