650,31.63,30.57
468,31.63,30.57
715,31.63,30.57
119,31.63,30.57
542,31.63,30.57
657,31.63,30.57
541,31.63,30.57
561,31.63,30.57
489,31.63,30.57
243,31.63,30.57
397,31.63,30.57
458,31.63,30.57
603,31.63,30.57
702,31.63,30.57
175,31.63,30.57
640,31.63,30.57
390,31.63,30.57
564,31.63,30.57
338,31.63,30.57
806,31.63,30.57
312,31.63,30.63
796,31.63,30.63
692,31.63,30.63
669,31.63,30.63
491,31.63,30.63
479,31.63,30.63
462,31.63,30.63
463,31.63,30.63
560,31.63,30.63
353,31.63,30.63
783,31.63,30.63
731,31.63,30.63
380,31.63,30.63
414,31.63,30.63
883,31.63,30.63
379,31.63,30.63
631,31.63,30.63
338,31.63,30.63
357,31.63,30.63
478,31.63,30.63
587,31.63,30.63
575,31.63,30.63
357,31.63,30.63
477,31.63,30.63
254,31.63,30.63
451,31.63,30.63
294,31.63,30.63
370,31.63,30.63
482,31.63,30.63
570,31.63,30.63
457,31.63,30.63
619,31.63,30.63
285,31.63,30.63
674,31.63,30.63
325,31.63,30.63
483,31.63,30.63
140,31.65,30.63
389,31.65,30.63
597,31.65,30.63
377,31.65,30.63
648,31.65,30.63
518,31.65,30.63
465,31.65,30.63
612,31.65,30.63
614,31.65,30.63
504,31.65,30.63
392,31.65,30.63
154,31.65,30.63
782,31.65,30.63
553,31.65,30.63
480,31.65,30.63
571,31.65,30.63
645,31.65,30.63
260,31.65,30.63
671,31.65,30.63
489,31.65,30.63
405,31.65,30.63
760,31.65,30.63
331,31.65,30.63
588,31.65,30.59
413,31.65,30.59
612,31.65,30.59
377,31.65,30.59
312,31.65,30.59
739,31.65,30.59
394,31.65,30.59
682,31.65,30.59
473,31.65,30.59
797,31.65,30.59
490,31.65,30.59
543,31.65,30.59
725,31.65,30.59
608,31.65,30.59
273,31.65,30.59
686,31.65,30.59
422,31.65,30.59
573,31.65,30.59
445,31.65,30.59
446,31.65,30.59
659,31.65,30.59
488,31.65,30.59
745,31.65,30.59
580,31.65,30.59
811,31.65,30.59
119,31.65,30.59
863,31.65,30.59
253,31.65,30.59
403,31.65,30.59
423,31.65,30.59
689,31.65,30.59
348,31.65,30.59
299,31.65,30.59
435,31.65,30.59
375,31.65,30.59
426,31.65,30.59
454,31.65,30.59
709,31.65,30.59
465,31.65,30.59
728,31.65,30.59
125,31.65,30.59
818,31.65,30.59
121,31.65,30.59
568,31.65,30.59
550,31.65,30.59
436,31.65,30.59
468,31.65,30.59
378,31.65,30.59
616,31.65,30.59
340,31.65,30.59
294,31.65,30.59
601,31.65,30.59
629,31.65,30.59
225,31.65,30.59
818,31.65,30.59
364,31.65,30.59
342,31.65,30.59
289,31.65,30.59
545,31.65,30.59
342,31.65,30.59
643,31.65,30.63
612,31.65,30.63
676,31.65,30.63
634,31.65,30.63
591,31.65,30.63
838,31.65,30.63
562,31.65,30.63
344,31.65,30.63
564,31.65,30.63
771,31.65,30.63
373,31.65,30.63
638,31.65,30.63
632,31.65,30.63
667,31.65,30.63
120,31.65,30.63
881,31.65,30.63
404,31.65,30.63
766,31.65,30.63
677,31.65,30.63
352,31.65,30.63
208,31.65,30.63
368,31.65,30.63
563,31.65,30.63
528,31.65,30.63
689,31.65,30.63
118,31.65,30.63
552,31.65,30.63
252,31.65,30.63
529,31.65,30.63
357,31.65,30.63
697,31.65,30.63
132,31.65,30.63
732,31.65,30.63
310,31.65,30.63
278,31.65,30.63
307,31.65,30.63
629,31.65,30.63
411,31.65,30.63
254,31.65,30.63
726,31.65,30.63
400,31.65,30.63
686,31.65,30.63
118,31.65,30.63
595,31.65,30.63
464,31.65,30.63
591,31.65,30.63
501,31.65,30.63
884,31.65,30.63
117,31.65,30.63
573,31.65,30.63
566,31.65,30.63
672,31.65,30.63
383,31.65,30.63
576,31.65,30.63
753,31.65,30.63
452,31.65,30.63
568,31.65,30.63
422,31.65,30.63
884,31.65,30.63
118,31.65,30.37
712,31.65,30.37
398,31.65,30.37
652,31.65,30.37
610,31.65,30.37
735,31.65,30.37
576,31.65,30.37
717,31.65,30.37
541,31.65,30.37
669,31.65,30.37
570,31.65,30.37
325,31.65,30.37
683,31.65,30.37
121,31.65,30.37
719,31.65,30.37
204,31.65,30.37
885,31.65,30.37
245,31.65,30.37
730,31.65,30.37
360,31.65,30.37
675,31.65,30.37
317,31.65,30.37
448,31.65,30.37
647,31.65,30.37
409,31.65,30.37
625,31.65,30.37
314,31.65,30.37
563,31.65,30.37
422,31.65,30.37
475,31.65,30.37
380,31.65,30.37
647,31.65,30.37
184,31.65,30.37
551,31.65,30.37
420,31.65,30.37
588,31.65,30.37
475,31.65,30.37
444,31.65,30.37
604,31.65,30.37
506,31.65,30.37
824,31.65,30.37
297,31.65,30.37
557,31.65,30.37
227,31.65,30.37
513,31.65,30.37
503,31.65,30.37
574,31.65,30.37
550,31.65,30.37
480,31.65,30.37
398,31.65,30.37
455,31.65,30.37
383,31.65,30.37
848,31.65,30.37
262,31.65,30.37
699,31.65,30.37
870,31.65,30.37
310,31.65,30.37
730,31.65,30.37
395,31.65,30.37
660,31.65,30.37
524,31.65,30.53
691,31.65,30.53
252,31.65,30.53
690,31.65,30.53
553,31.65,30.53
401,31.65,30.53
655,31.65,30.53
332,31.65,30.53
409,31.65,30.53
467,31.65,30.53
272,31.65,30.53
495,31.65,30.53
485,31.65,30.53
475,31.65,30.53
632,31.65,30.53
435,31.65,30.53
885,31.65,30.53
205,31.65,30.53
694,31.65,30.53
189,31.65,30.53
398,31.65,30.53
488,31.65,30.53
365,31.65,30.53
398,31.65,30.53
151,31.65,30.53
587,31.65,30.53
305,31.65,30.53
274,31.65,30.53
313,31.65,30.53
567,31.65,30.53
647,31.65,30.53
285,31.65,30.53
496,31.65,30.53
731,31.65,30.53
222,31.65,30.53
811,31.65,30.53
305,31.65,30.53
382,31.65,30.53
284,31.65,30.53
419,31.65,30.53
566,31.65,30.53
491,31.65,30.53
411,31.65,30.53
681,31.65,30.53
706,31.65,30.53
567,31.65,30.53
406,31.65,30.53
677,31.65,30.53
733,31.65,30.53
485,31.65,30.53
734,31.65,30.53
337,31.65,30.53
754,31.65,30.53
566,31.65,30.53
661,31.65,30.53
421,31.65,30.53
647,31.65,30.53
621,31.65,30.53
429,31.65,30.53
765,31.65,30.53
436,31.65,30.43
670,31.65,30.43
601,31.65,30.43
767,31.65,30.43
543,31.65,30.43
692,31.65,30.43
539,31.65,30.43
804,31.65,30.43
434,31.65,30.43
465,31.65,30.43
320,31.65,30.43
568,31.65,30.43
380,31.65,30.43
613,31.65,30.43
498,31.65,30.43
403,31.65,30.43
731,31.65,30.43
358,31.65,30.43
332,31.65,30.43
191,31.65,30.43
679,31.65,30.43
401,31.65,30.43
489,31.65,30.43
689,31.65,30.43
512,31.65,30.43
390,31.65,30.43
273,31.65,30.43
418,31.65,30.43
640,31.65,30.43
220,31.65,30.43
368,31.65,30.43
555,31.65,30.43
272,31.65,30.43
675,31.65,30.43
378,31.65,30.43
692,31.65,30.43
431,31.65,30.43
590,31.65,30.43
415,31.65,30.43
437,31.65,30.43
595,31.65,30.43
504,31.65,30.43
826,31.65,30.43
570,31.65,30.43
477,31.65,30.43
834,31.65,30.43
455,31.65,30.43
384,31.65,30.43
666,31.65,30.43
314,31.65,30.43
581,31.65,30.43
577,31.65,30.43
859,31.65,30.43
550,31.65,30.43
689,31.65,30.43
558,31.65,30.43
623,31.65,30.43
611,31.65,30.43
365,31.65,30.43
621,31.65,30.47
417,31.65,30.47
725,31.65,30.47
319,31.65,30.47
663,31.65,30.47
255,31.65,30.47
443,31.65,30.47
645,31.65,30.47
258,31.65,30.47
249,31.65,30.47
699,31.65,30.47
404,31.65,30.47
520,31.65,30.47
750,31.65,30.47
131,31.65,30.47
642,31.65,30.47
201,31.65,30.47
595,31.65,30.47
117,31.65,30.47
728,31.65,30.47
292,31.65,30.47
763,31.65,30.47
397,31.65,30.47
359,31.65,30.47
731,31.65,30.47
233,31.65,30.47
356,31.65,30.47
219,31.65,30.47
472,31.65,30.47
445,31.65,30.47
467,31.65,30.47
395,31.65,30.47
644,31.65,30.47
116,31.65,30.47
796,31.65,30.47
280,31.65,30.47
694,31.65,30.47
195,31.65,30.47
752,31.65,30.47
226,31.65,30.47
524,31.65,30.47
540,31.65,30.47
