720,29.81,28.75
443,29.81,28.75
565,29.81,28.75
293,29.81,28.75
562,29.81,28.75
832,29.81,28.75
555,29.81,28.75
450,29.81,28.75
563,29.81,28.75
122,29.81,28.75
882,29.81,28.75
158,29.81,28.75
542,29.81,28.75
211,29.81,28.75
366,29.81,28.75
598,29.81,28.75
544,29.81,28.75
568,29.81,28.75
362,29.81,28.75
699,29.81,28.75
382,29.85,28.75
680,29.85,28.75
226,29.85,28.75
432,29.85,28.75
441,29.85,28.75
623,29.85,28.75
339,29.85,28.75
525,29.85,28.75
352,29.85,28.75
457,29.85,28.75
794,29.85,28.75
223,29.85,28.75
556,29.85,28.75
243,29.85,28.75
849,29.85,28.75
192,29.85,28.75
587,29.85,28.75
122,29.85,28.75
753,29.85,28.75
380,29.85,28.75
570,29.85,28.75
286,29.85,28.75
643,29.85,28.75
542,29.85,28.75
393,29.85,28.51
381,29.85,28.51
481,29.85,28.51
566,29.85,28.51
710,29.85,28.51
570,29.85,28.51
271,29.85,28.51
612,29.85,28.51
289,29.85,28.51
882,29.85,28.51
412,29.85,28.51
770,29.85,28.51
194,29.85,28.51
769,29.85,28.51
128,29.85,28.51
712,29.85,28.51
555,29.85,28.51
260,29.85,28.51
496,29.85,28.51
705,29.85,28.51
564,29.85,28.51
365,29.85,28.51
820,29.85,28.51
537,29.85,28.51
486,29.85,28.51
451,29.85,28.51
786,29.85,28.51
120,29.85,28.51
881,29.85,28.51
192,29.85,28.51
375,29.85,28.51
296,29.85,28.51
341,29.85,28.51
547,29.85,28.51
256,29.85,28.51
608,29.85,28.51
360,29.85,28.51
879,29.85,28.51
273,29.85,28.51
788,29.85,28.51
216,29.85,28.51
548,29.85,28.51
257,29.85,28.51
743,29.85,28.51
208,29.85,28.51
670,29.85,28.51
194,29.85,28.51
795,29.85,28.51
617,29.85,28.51
125,29.85,28.51
348,29.85,28.51
215,29.85,28.51
412,29.85,28.51
122,29.85,28.51
778,29.85,28.51
120,29.85,28.51
662,29.85,28.51
243,29.85,28.51
879,29.85,28.51
199,29.85,28.51
776,29.85,28.69
302,29.85,28.69
431,29.85,28.69
350,29.85,28.69
840,29.85,28.69
520,29.85,28.69
301,29.85,28.69
879,29.85,28.69
497,29.85,28.69
468,29.85,28.69
178,29.85,28.69
881,29.85,28.69
321,29.85,28.69
730,29.85,28.69
511,29.85,28.69
765,29.85,28.69
428,29.85,28.69
480,29.85,28.69
882,29.85,28.69
348,29.85,28.69
619,29.85,28.69
419,29.85,28.69
595,29.85,28.69
435,29.85,28.69
453,29.85,28.69
285,29.85,28.69
624,29.85,28.69
204,29.85,28.69
673,29.85,28.69
405,29.85,28.69
589,29.85,28.69
283,29.85,28.69
653,29.85,28.69
598,29.85,28.69
514,29.85,28.69
669,29.85,28.69
429,29.81,28.69
483,29.81,28.69
475,29.81,28.69
491,29.81,28.69
278,29.81,28.69
348,29.81,28.69
419,29.81,28.69
537,29.81,28.69
134,29.81,28.69
144,29.81,28.69
636,29.81,28.69
742,29.81,28.69
538,29.81,28.69
665,29.81,28.69
514,29.81,28.69
452,29.81,28.69
357,29.81,28.69
322,29.81,28.69
609,29.81,28.69
349,29.81,28.69
454,29.81,28.69
419,29.81,28.69
349,29.81,28.69
429,29.81,28.51
670,29.81,28.51
610,29.81,28.51
547,29.81,28.51
475,29.81,28.51
532,29.81,28.51
466,29.81,28.51
605,29.81,28.51
547,29.81,28.51
639,29.81,28.51
536,29.81,28.51
448,29.81,28.51
812,29.81,28.51
296,29.81,28.51
740,29.81,28.51
532,29.81,28.51
466,29.81,28.51
483,29.81,28.51
255,29.81,28.51
822,29.81,28.51
384,29.81,28.51
458,29.81,28.51
637,29.81,28.51
561,29.81,28.51
296,29.81,28.51
633,29.81,28.51
683,29.81,28.51
879,29.81,28.51
586,29.81,28.51
881,29.81,28.51
568,29.81,28.51
196,29.81,28.51
581,29.81,28.51
395,29.81,28.51
635,29.81,28.51
166,29.81,28.51
641,29.81,28.51
399,29.81,28.51
495,29.81,28.51
497,29.81,28.51
651,29.81,28.51
562,29.81,28.51
535,29.81,28.51
499,29.81,28.51
410,29.81,28.51
328,29.81,28.51
509,29.81,28.51
526,29.81,28.51
378,29.81,28.51
583,29.81,28.51
292,29.81,28.51
883,29.81,28.51
144,29.81,28.51
416,29.81,28.51
585,29.81,28.51
581,29.81,28.51
119,29.81,28.51
434,29.81,28.51
546,29.81,28.51
130,29.81,28.51
544,29.81,28.53
281,29.81,28.53
355,29.81,28.53
371,29.81,28.53
586,29.81,28.53
474,29.81,28.53
640,29.81,28.53
476,29.81,28.53
728,29.81,28.53
543,29.81,28.53
483,29.81,28.53
431,29.81,28.53
761,29.81,28.53
361,29.81,28.53
596,29.81,28.53
636,29.81,28.53
600,29.81,28.53
565,29.81,28.53
425,29.81,28.53
545,29.81,28.53
252,29.81,28.53
786,29.81,28.53
517,29.81,28.53
627,29.81,28.53
490,29.81,28.53
515,29.81,28.53
479,29.81,28.53
617,29.81,28.53
463,29.81,28.53
623,29.81,28.53
738,29.81,28.53
342,29.81,28.53
634,29.81,28.53
342,29.81,28.53
661,29.81,28.53
532,29.81,28.53
745,29.85,28.53
405,29.85,28.53
301,29.85,28.53
328,29.85,28.53
625,29.85,28.53
267,29.85,28.53
602,29.85,28.53
495,29.85,28.53
552,29.85,28.53
235,29.85,28.53
503,29.85,28.53
370,29.85,28.53
527,29.85,28.53
610,29.85,28.53
223,29.85,28.53
697,29.85,28.53
274,29.85,28.53
679,29.85,28.53
347,29.85,28.53
519,29.85,28.53
375,29.85,28.53
409,29.85,28.53
457,29.85,28.53
254,29.85,28.77
460,29.85,28.77
205,29.85,28.77
712,29.85,28.77
175,29.85,28.77
588,29.85,28.77
289,29.85,28.77
613,29.85,28.77
409,29.85,28.77
669,29.85,28.77
119,29.85,28.77
760,29.85,28.77
326,29.85,28.77
562,29.85,28.77
523,29.85,28.77
466,29.85,28.77
493,29.85,28.77
448,29.85,28.77
840,29.85,28.77
207,29.85,28.77
724,29.85,28.77
407,29.85,28.77
695,29.85,28.77
421,29.85,28.77
565,29.85,28.77
555,29.85,28.77
669,29.85,28.77
505,29.85,28.77
560,29.85,28.77
585,29.85,28.77
770,29.85,28.77
315,29.85,28.77
666,29.85,28.77
563,29.85,28.77
334,29.85,28.77
810,29.85,28.77
320,29.81,28.77
782,29.81,28.77
255,29.81,28.77
517,29.81,28.77
379,29.81,28.77
702,29.81,28.77
427,29.81,28.77
622,29.81,28.77
394,29.81,28.77
671,29.81,28.77
420,29.81,28.77
369,29.81,28.77
323,29.81,28.77
483,29.81,28.77
472,29.81,28.77
164,29.81,28.77
451,29.81,28.77
119,29.81,28.77
832,29.81,28.77
189,29.81,28.77
817,29.81,28.77
237,29.81,28.77
793,29.81,28.77
530,29.81,28.77
540,29.81,28.63
314,29.81,28.63
517,29.81,28.63
365,29.81,28.63
599,29.81,28.63
491,29.81,28.63
374,29.81,28.63
878,29.81,28.63
186,29.81,28.63
617,29.81,28.63
383,29.81,28.63
797,29.81,28.63
127,29.81,28.63
882,29.81,28.63
282,29.81,28.63
783,29.81,28.63
483,29.81,28.63
697,29.81,28.63
884,29.81,28.63
364,29.81,28.63
587,29.81,28.63
484,29.81,28.63
548,29.81,28.63
309,29.81,28.63
709,29.81,28.63
542,29.81,28.63
644,29.81,28.63
246,29.81,28.63
700,29.81,28.63
376,29.81,28.63
497,29.81,28.63
338,29.81,28.63
803,29.81,28.63
570,29.81,28.63
612,29.81,28.63
810,29.81,28.63
148,29.83,28.63
556,29.83,28.63
281,29.83,28.63
366,29.83,28.63
148,29.83,28.63
455,29.83,28.63
605,29.83,28.63
565,29.83,28.63
230,29.83,28.63
375,29.83,28.63
307,29.83,28.63
881,29.83,28.63
239,29.83,28.63
551,29.83,28.63
558,29.83,28.63
282,29.83,28.63
607,29.83,28.63
321,29.83,28.63
430,29.83,28.63
213,29.83,28.63
668,29.83,28.63
126,29.83,28.63
295,29.83,28.63
506,29.83,28.57
618,29.83,28.57
465,29.83,28.57
581,29.83,28.57
589,29.83,28.57
581,29.83,28.57
395,29.83,28.57
557,29.83,28.57
465,29.83,28.57
322,29.83,28.57
636,29.83,28.57
361,29.83,28.57
852,29.83,28.57
171,29.83,28.57
776,29.83,28.57
396,29.83,28.57
535,29.83,28.57
190,29.83,28.57
