444,29.95,28.71
720,29.95,28.71
292,29.95,28.71
123,29.95,28.71
762,29.95,28.71
713,29.95,28.71
808,29.95,28.71
426,29.95,28.71
487,29.95,28.71
347,29.95,28.71
690,29.95,28.75
862,29.95,28.75
120,29.95,28.75
513,29.95,28.75
122,29.95,28.75
420,29.95,28.75
621,29.95,28.75
308,29.95,28.75
748,29.95,28.75
413,29.95,28.75
788,29.95,28.75
563,29.95,28.75
521,29.95,28.75
571,29.95,28.75
482,29.95,28.75
547,29.95,28.75
338,29.95,28.75
501,29.95,28.75
407,29.95,28.75
375,29.95,28.75
470,29.95,28.75
212,29.95,28.75
832,29.95,28.75
368,29.95,28.75
632,29.95,28.75
389,29.95,28.75
255,29.95,28.75
643,29.95,28.75
318,29.95,28.75
455,29.95,28.75
291,29.95,28.75
563,29.95,28.75
458,29.95,28.75
439,29.95,28.75
590,29.95,28.75
330,29.95,28.75
784,29.99,28.75
377,29.99,28.75
599,29.99,28.75
421,29.99,28.75
622,29.99,28.75
147,29.99,28.75
654,29.99,28.75
776,29.99,28.75
577,29.99,28.75
541,29.99,28.75
839,29.99,28.75
287,29.99,28.75
699,29.99,28.75
425,29.99,28.75
635,29.99,28.75
471,29.99,28.75
125,29.99,28.75
721,29.99,28.75
402,29.99,28.75
582,29.99,28.75
141,29.99,28.75
785,29.99,28.75
591,29.99,28.75
571,29.99,28.71
468,29.99,28.71
857,29.99,28.71
393,29.99,28.71
514,29.99,28.71
527,29.99,28.71
208,29.99,28.71
378,29.99,28.71
656,29.99,28.71
487,29.99,28.71
497,29.99,28.71
363,29.99,28.71
356,29.99,28.71
389,29.99,28.71
120,29.99,28.71
688,29.99,28.71
185,29.99,28.71
479,29.99,28.71
630,29.99,28.71
709,29.99,28.71
664,29.99,28.71
415,29.99,28.71
594,29.99,28.71
538,29.99,28.71
371,29.99,28.71
502,29.99,28.71
650,29.99,28.71
375,29.99,28.71
235,29.99,28.71
559,29.99,28.71
801,29.99,28.71
256,29.99,28.71
624,29.99,28.71
468,29.99,28.71
745,29.99,28.71
353,29.99,28.71
638,29.95,28.71
354,29.95,28.71
396,29.95,28.71
531,29.95,28.71
499,29.95,28.71
569,29.95,28.71
422,29.95,28.71
625,29.95,28.71
370,29.95,28.71
664,29.95,28.71
412,29.95,28.71
786,29.95,28.71
347,29.95,28.71
802,29.95,28.71
502,29.95,28.71
634,29.95,28.71
613,29.95,28.71
644,29.95,28.71
447,29.95,28.71
585,29.95,28.71
627,29.95,28.71
454,29.95,28.71
682,29.95,28.71
532,29.95,28.71
544,29.95,28.69
278,29.95,28.69
727,29.95,28.69
292,29.95,28.69
488,29.95,28.69
598,29.95,28.69
293,29.95,28.69
319,29.95,28.69
688,29.95,28.69
371,29.95,28.69
719,29.95,28.69
881,29.95,28.69
281,29.95,28.69
489,29.95,28.69
119,29.95,28.69
721,29.95,28.69
320,29.95,28.69
402,29.95,28.69
370,29.95,28.69
661,29.95,28.69
152,29.95,28.69
499,29.95,28.69
582,29.95,28.69
555,29.95,28.69
561,29.95,28.69
546,29.95,28.69
398,29.95,28.69
483,29.95,28.69
648,29.95,28.69
575,29.95,28.69
530,29.95,28.69
161,29.95,28.69
795,29.95,28.69
365,29.95,28.69
514,29.95,28.69
390,29.95,28.69
523,29.97,28.69
480,29.97,28.69
464,29.97,28.69
545,29.97,28.69
435,29.97,28.69
241,29.97,28.69
619,29.97,28.69
671,29.97,28.69
473,29.97,28.69
664,29.97,28.69
470,29.97,28.69
881,29.97,28.69
354,29.97,28.69
807,29.97,28.69
434,29.97,28.69
700,29.97,28.69
333,29.97,28.69
513,29.97,28.69
558,29.97,28.69
274,29.97,28.69
621,29.97,28.69
305,29.97,28.69
772,29.97,28.69
416,29.97,28.83
880,29.97,28.83
457,29.97,28.83
607,29.97,28.83
634,29.97,28.83
757,29.97,28.83
478,29.97,28.83
438,29.97,28.83
624,29.97,28.83
435,29.97,28.83
590,29.97,28.83
271,29.97,28.83
746,29.97,28.83
366,29.97,28.83
552,29.97,28.83
212,29.97,28.83
881,29.97,28.83
408,29.97,28.83
637,29.97,28.83
537,29.97,28.83
492,29.97,28.83
349,29.97,28.83
531,29.97,28.83
723,29.97,28.83
379,29.97,28.83
347,29.97,28.83
360,29.97,28.83
671,29.97,28.83
179,29.97,28.83
390,29.97,28.83
398,29.97,28.83
217,29.97,28.83
283,29.97,28.83
693,29.97,28.83
191,29.97,28.83
553,29.97,28.83
403,29.97,28.83
511,29.97,28.83
498,29.97,28.83
302,29.97,28.83
521,29.97,28.83
272,29.97,28.83
280,29.97,28.83
388,29.97,28.83
418,29.97,28.83
377,29.97,28.83
414,29.97,28.83
256,29.97,28.83
603,29.97,28.83
623,29.97,28.83
526,29.97,28.83
523,29.97,28.83
718,29.97,28.83
231,29.97,28.83
633,29.97,28.83
691,29.97,28.83
436,29.97,28.83
704,29.97,28.83
470,29.97,28.83
541,29.97,28.83
330,29.97,28.77
610,29.97,28.77
586,29.97,28.77
335,29.97,28.77
621,29.97,28.77
704,29.97,28.77
815,29.97,28.77
410,29.97,28.77
659,29.97,28.77
786,29.97,28.77
563,29.97,28.77
629,29.97,28.77
704,29.97,28.77
380,29.97,28.77
585,29.97,28.77
478,29.97,28.77
469,29.97,28.77
511,29.97,28.77
382,29.97,28.77
600,29.97,28.77
265,29.97,28.77
509,29.97,28.77
164,29.97,28.77
785,29.97,28.77
304,29.97,28.77
482,29.97,28.77
494,29.97,28.77
620,29.97,28.77
516,29.97,28.77
433,29.97,28.77
408,29.97,28.77
287,29.97,28.77
385,29.97,28.77
372,29.97,28.77
641,29.97,28.77
572,29.97,28.77
667,29.95,28.77
367,29.95,28.77
653,29.95,28.77
192,29.95,28.77
643,29.95,28.77
120,29.95,28.77
631,29.95,28.77
151,29.95,28.77
575,29.95,28.77
557,29.95,28.77
579,29.95,28.77
347,29.95,28.77
479,29.95,28.77
216,29.95,28.77
713,29.95,28.77
519,29.95,28.77
202,29.95,28.77
661,29.95,28.77
352,29.95,28.77
731,29.95,28.77
340,29.95,28.77
661,29.95,28.77
257,29.95,28.77
687,29.95,28.77
662,29.95,28.79
659,29.95,28.79
571,29.95,28.79
868,29.95,28.79
575,29.95,28.79
748,29.95,28.79
579,29.95,28.79
452,29.95,28.79
638,29.95,28.79
256,29.95,28.79
615,29.95,28.79
390,29.95,28.79
360,29.95,28.79
329,29.95,28.79
685,29.95,28.79
387,29.95,28.79
628,29.95,28.79
469,29.95,28.79
650,29.95,28.79
555,29.95,28.79
505,29.95,28.79
547,29.95,28.79
199,29.95,28.79
692,29.95,28.79
299,29.95,28.79
581,29.95,28.79
454,29.95,28.79
619,29.95,28.79
487,29.95,28.79
387,29.95,28.79
246,29.95,28.79
415,29.95,28.79
477,29.95,28.79
633,29.95,28.79
598,29.95,28.79
492,29.95,28.79
340,29.97,28.79
171,29.97,28.79
610,29.97,28.79
326,29.97,28.79
504,29.97,28.79
432,29.97,28.79
617,29.97,28.79
412,29.97,28.79
120,29.97,28.79
665,29.97,28.79
621,29.97,28.79
325,29.97,28.79
352,29.97,28.79
726,29.97,28.79
435,29.97,28.79
591,29.97,28.79
441,29.97,28.79
535,29.97,28.79
384,29.97,28.79
725,29.97,28.79
445,29.97,28.79
801,29.97,28.79
358,29.97,28.79
278,29.97,28.77
702,29.97,28.77
174,29.97,28.77
627,29.97,28.77
426,29.97,28.77
808,29.97,28.77
168,29.97,28.77
881,29.97,28.77
343,29.97,28.77
881,29.97,28.77
151,29.97,28.77
541,29.97,28.77
679,29.97,28.77
566,29.97,28.77
600,29.97,28.77
411,29.97,28.77
618,29.97,28.77
500,29.97,28.77
635,29.97,28.77
557,29.97,28.77
540,29.97,28.77
121,29.97,28.77
681,29.97,28.77
220,29.97,28.77
764,29.97,28.77
599,29.97,28.77
876,29.97,28.77
484,29.97,28.77
613,29.97,28.77
678,29.97,28.77
190,29.97,28.77
588,29.97,28.77
396,29.97,28.77
624,29.97,28.77
381,29.97,28.77
535,29.97,28.77
377,29.99,28.77
463,29.99,28.77
120,29.99,28.77
777,29.99,28.77
273,29.99,28.77
401,29.99,28.77
268,29.99,28.77
757,29.99,28.77
216,29.99,28.77
644,29.99,28.77
437,29.99,28.77
343,29.99,28.77
594,29.99,28.77
210,29.99,28.77
650,29.99,28.77
154,29.99,28.77
