609,29.65,28.51
616,29.65,28.51
811,29.65,28.51
120,29.65,28.51
385,29.65,28.51
790,29.65,28.51
523,29.65,28.51
422,29.65,28.51
247,29.65,28.51
435,29.65,28.51
599,29.65,28.51
563,29.65,28.51
301,29.65,28.51
478,29.65,28.51
502,29.65,28.51
631,29.65,28.51
416,29.65,28.51
544,29.65,28.51
382,29.65,28.51
871,29.65,28.51
353,29.65,28.51
445,29.65,28.51
479,29.65,28.51
663,29.65,28.51
674,29.65,28.51
430,29.65,28.51
639,29.65,28.51
501,29.65,28.51
536,29.65,28.47
667,29.65,28.47
662,29.65,28.47
333,29.65,28.47
542,29.65,28.47
479,29.65,28.47
634,29.65,28.47
343,29.65,28.47
782,29.65,28.47
839,29.65,28.47
324,29.65,28.47
694,29.65,28.47
530,29.65,28.47
617,29.65,28.47
416,29.65,28.47
854,29.65,28.47
515,29.65,28.47
236,29.65,28.47
458,29.65,28.47
356,29.65,28.47
589,29.65,28.47
359,29.65,28.47
398,29.65,28.47
535,29.65,28.47
346,29.65,28.47
611,29.65,28.47
655,29.65,28.47
583,29.65,28.47
572,29.65,28.47
381,29.65,28.47
832,29.65,28.47
359,29.65,28.47
522,29.65,28.47
529,29.65,28.47
514,29.65,28.47
234,29.65,28.47
358,29.65,28.47
577,29.65,28.47
276,29.65,28.47
478,29.65,28.47
369,29.65,28.47
625,29.65,28.47
272,29.65,28.47
496,29.65,28.47
711,29.65,28.47
622,29.65,28.47
544,29.65,28.47
641,29.65,28.47
342,29.65,28.47
522,29.65,28.47
609,29.65,28.47
617,29.65,28.47
384,29.65,28.47
720,29.65,28.47
758,29.65,28.47
400,29.65,28.47
587,29.65,28.47
691,29.65,28.47
728,29.65,28.47
307,29.65,28.43
500,29.65,28.43
677,29.65,28.43
560,29.65,28.43
530,29.65,28.43
650,29.65,28.43
684,29.65,28.43
619,29.65,28.43
340,29.65,28.43
600,29.65,28.43
384,29.65,28.43
374,29.65,28.43
434,29.65,28.43
471,29.65,28.43
688,29.65,28.43
226,29.65,28.43
820,29.65,28.43
471,29.65,28.43
515,29.65,28.43
447,29.65,28.43
802,29.65,28.43
400,29.65,28.43
571,29.65,28.43
301,29.65,28.43
614,29.65,28.43
451,29.65,28.43
687,29.65,28.43
493,29.65,28.43
463,29.65,28.43
612,29.65,28.43
287,29.65,28.43
729,29.65,28.43
291,29.65,28.43
578,29.65,28.43
368,29.65,28.43
547,29.65,28.43
463,29.67,28.43
752,29.67,28.43
525,29.67,28.43
271,29.67,28.43
567,29.67,28.43
266,29.67,28.43
538,29.67,28.43
461,29.67,28.43
544,29.67,28.43
574,29.67,28.43
717,29.67,28.43
296,29.67,28.43
689,29.67,28.43
309,29.67,28.43
730,29.67,28.43
399,29.67,28.43
718,29.67,28.43
529,29.67,28.43
634,29.67,28.43
692,29.67,28.43
319,29.67,28.43
787,29.67,28.43
318,29.67,28.43
638,29.67,28.43
519,29.67,28.57
580,29.67,28.57
526,29.67,28.57
628,29.67,28.57
408,29.67,28.57
266,29.67,28.57
470,29.67,28.57
443,29.67,28.57
420,29.67,28.57
533,29.67,28.57
614,29.67,28.57
487,29.67,28.57
564,29.67,28.57
523,29.67,28.57
687,29.67,28.57
337,29.67,28.57
775,29.67,28.57
168,29.67,28.57
647,29.67,28.57
364,29.67,28.57
460,29.67,28.57
399,29.67,28.57
589,29.67,28.57
197,29.67,28.57
255,29.67,28.57
434,29.67,28.57
650,29.67,28.57
179,29.67,28.57
625,29.67,28.57
331,29.67,28.57
236,29.67,28.57
529,29.67,28.57
367,29.67,28.57
712,29.67,28.57
169,29.67,28.57
538,29.67,28.57
129,29.65,28.57
519,29.65,28.57
631,29.65,28.57
573,29.65,28.57
409,29.65,28.57
175,29.65,28.57
423,29.65,28.57
517,29.65,28.57
664,29.65,28.57
447,29.65,28.57
857,29.65,28.57
440,29.65,28.57
453,29.65,28.57
584,29.65,28.57
682,29.65,28.57
372,29.65,28.57
880,29.65,28.57
378,29.65,28.57
491,29.65,28.57
330,29.65,28.57
537,29.65,28.57
792,29.65,28.57
121,29.65,28.57
709,29.65,28.37
489,29.65,28.37
667,29.65,28.37
579,29.65,28.37
804,29.65,28.37
127,29.65,28.37
780,29.65,28.37
333,29.65,28.37
881,29.65,28.37
571,29.65,28.37
791,29.65,28.37
720,29.65,28.37
659,29.65,28.37
382,29.65,28.37
367,29.65,28.37
755,29.65,28.37
296,29.65,28.37
614,29.65,28.37
368,29.65,28.37
402,29.65,28.37
375,29.65,28.37
592,29.65,28.37
430,29.65,28.37
325,29.65,28.37
122,29.65,28.37
677,29.65,28.37
119,29.65,28.37
736,29.65,28.37
160,29.65,28.37
532,29.65,28.37
422,29.65,28.37
122,29.65,28.37
684,29.65,28.37
324,29.65,28.37
374,29.65,28.37
638,29.65,28.37
712,29.67,28.37
239,29.67,28.37
598,29.67,28.37
664,29.67,28.37
589,29.67,28.37
126,29.67,28.37
769,29.67,28.37
142,29.67,28.37
523,29.67,28.37
440,29.67,28.37
756,29.67,28.37
343,29.67,28.37
205,29.67,28.37
706,29.67,28.37
279,29.67,28.37
715,29.67,28.37
229,29.67,28.37
689,29.67,28.37
436,29.67,28.37
306,29.67,28.37
736,29.67,28.37
640,29.67,28.37
441,29.67,28.37
700,29.67,28.37
655,29.67,28.59
416,29.67,28.59
268,29.67,28.59
473,29.67,28.59
560,29.67,28.59
447,29.67,28.59
490,29.67,28.59
434,29.67,28.59
880,29.67,28.59
224,29.67,28.59
848,29.67,28.59
726,29.67,28.59
334,29.67,28.59
414,29.67,28.59
634,29.67,28.59
604,29.67,28.59
476,29.67,28.59
523,29.67,28.59
585,29.67,28.59
541,29.67,28.59
346,29.67,28.59
448,29.67,28.59
602,29.67,28.59
120,29.67,28.59
616,29.67,28.59
582,29.67,28.59
233,29.67,28.59
428,29.67,28.59
407,29.67,28.59
688,29.67,28.59
300,29.67,28.59
405,29.67,28.59
395,29.67,28.59
405,29.67,28.59
512,29.67,28.59
457,29.67,28.59
201,29.65,28.59
539,29.65,28.59
582,29.65,28.59
715,29.65,28.59
431,29.65,28.59
445,29.65,28.59
511,29.65,28.59
446,29.65,28.59
315,29.65,28.59
584,29.65,28.59
694,29.65,28.59
408,29.65,28.59
566,29.65,28.59
744,29.65,28.59
487,29.65,28.59
682,29.65,28.59
312,29.65,28.59
712,29.65,28.59
492,29.65,28.59
500,29.65,28.59
844,29.65,28.59
690,29.65,28.59
662,29.65,28.59
609,29.65,28.39
603,29.65,28.39
506,29.65,28.39
686,29.65,28.39
734,29.65,28.39
826,29.65,28.39
487,29.65,28.39
589,29.65,28.39
677,29.65,28.39
701,29.65,28.39
387,29.65,28.39
699,29.65,28.39
471,29.65,28.39
251,29.65,28.39
488,29.65,28.39
298,29.65,28.39
883,29.65,28.39
269,29.65,28.39
794,29.65,28.39
491,29.65,28.39
387,29.65,28.39
569,29.65,28.39
525,29.65,28.39
278,29.65,28.39
222,29.65,28.39
351,29.65,28.39
611,29.65,28.39
311,29.65,28.39
516,29.65,28.39
419,29.65,28.39
244,29.65,28.39
597,29.65,28.39
561,29.65,28.39
699,29.65,28.39
177,29.65,28.39
648,29.65,28.39
471,29.67,28.39
621,29.67,28.39
366,29.67,28.39
278,29.67,28.39
880,29.67,28.39
414,29.67,28.39
358,29.67,28.39
562,29.67,28.39
523,29.67,28.39
654,29.67,28.39
412,29.67,28.39
492,29.67,28.39
593,29.67,28.39
577,29.67,28.39
694,29.67,28.39
119,29.67,28.39
754,29.67,28.39
363,29.67,28.39
882,29.67,28.39
167,29.67,28.39
616,29.67,28.39
689,29.67,28.39
482,29.67,28.39
858,29.67,28.39
469,29.67,28.77
622,29.67,28.77
451,29.67,28.77
555,29.67,28.77
543,29.67,28.77
567,29.67,28.77
347,29.67,28.77
865,29.67,28.77
402,29.67,28.77
763,29.67,28.77
164,29.67,28.77
802,29.67,28.77
508,29.67,28.77
607,29.67,28.77
424,29.67,28.77
150,29.67,28.77
587,29.67,28.77
314,29.67,28.77
533,29.67,28.77
205,29.67,28.77
522,29.67,28.77
409,29.67,28.77
504,29.67,28.77
267,29.67,28.77
530,29.67,28.77
283,29.67,28.77
799,29.67,28.77
339,29.67,28.77
665,29.67,28.77
409,29.67,28.77
253,29.67,28.77
618,29.67,28.77
193,29.67,28.77
659,29.67,28.77
