334,32.17,31.01
641,32.17,31.01
394,32.17,31.01
342,32.17,31.01
501,32.17,31.01
158,32.17,31.01
883,32.17,31.01
260,32.17,31.01
591,32.17,31.01
224,32.17,31.01
885,32.17,31.01
272,32.17,31.01
431,32.17,31.01
581,32.17,31.01
534,32.17,31.01
552,32.17,31.01
424,32.17,31.01
719,32.17,31.01
385,32.17,31.01
802,32.17,31.01
490,32.17,31.01
331,32.17,31.01
168,32.17,31.01
747,32.17,31.01
199,32.17,31.05
632,32.17,31.05
322,32.17,31.05
241,32.17,31.05
573,32.17,31.05
372,32.17,31.05
547,32.17,31.05
239,32.17,31.05
616,32.17,31.05
118,32.17,31.05
676,32.17,31.05
123,32.17,31.05
466,32.17,31.05
303,32.17,31.05
529,32.17,31.05
250,32.17,31.05
569,32.17,31.05
311,32.17,31.05
461,32.17,31.05
385,32.17,31.05
626,32.17,31.05
536,32.17,31.05
426,32.17,31.05
750,32.17,31.05
319,32.17,31.05
694,32.17,31.05
216,32.17,31.05
508,32.17,31.05
295,32.17,31.05
549,32.17,31.05
442,32.17,31.05
774,32.17,31.05
616,32.17,31.05
516,32.17,31.05
453,32.17,31.05
702,32.17,31.05
347,32.15,31.05
382,32.15,31.05
654,32.15,31.05
621,32.15,31.05
515,32.15,31.05
413,32.15,31.05
815,32.15,31.05
244,32.15,31.05
883,32.15,31.05
341,32.15,31.05
668,32.15,31.05
353,32.15,31.05
402,32.15,31.05
330,32.15,31.05
415,32.15,31.05
442,32.15,31.05
548,32.15,31.05
620,32.15,31.05
443,32.15,31.05
379,32.15,31.05
310,32.15,31.05
625,32.15,31.05
127,32.15,31.05
846,32.15,31.05
261,32.15,30.93
670,32.15,30.93
208,32.15,30.93
613,32.15,30.93
572,32.15,30.93
287,32.15,30.93
820,32.15,30.93
380,32.15,30.93
491,32.15,30.93
215,32.15,30.93
688,32.15,30.93
119,32.15,30.93
385,32.15,30.93
433,32.15,30.93
716,32.15,30.93
142,32.15,30.93
651,32.15,30.93
242,32.15,30.93
611,32.15,30.93
340,32.15,30.93
619,32.15,30.93
572,32.15,30.93
420,32.15,30.93
687,32.15,30.93
515,32.15,30.93
795,32.15,30.93
205,32.15,30.93
884,32.15,30.93
176,32.15,30.93
611,32.15,30.93
654,32.15,30.93
763,32.15,30.93
495,32.15,30.93
808,32.15,30.93
334,32.15,30.93
642,32.15,30.93
259,32.15,30.93
344,32.15,30.93
703,32.15,30.93
284,32.15,30.93
582,32.15,30.93
371,32.15,30.93
573,32.15,30.93
253,32.15,30.93
744,32.15,30.93
368,32.15,30.93
663,32.15,30.93
256,32.15,30.93
340,32.15,30.93
586,32.15,30.93
393,32.15,30.93
834,32.15,30.93
656,32.15,30.93
601,32.15,30.93
497,32.15,30.93
763,32.15,30.93
375,32.15,30.93
436,32.15,30.93
504,32.15,30.93
602,32.15,30.99
415,32.15,30.99
329,32.15,30.99
580,32.15,30.99
616,32.15,30.99
242,32.15,30.99
452,32.15,30.99
617,32.15,30.99
233,32.15,30.99
663,32.15,30.99
494,32.15,30.99
585,32.15,30.99
315,32.15,30.99
499,32.15,30.99
386,32.15,30.99
445,32.15,30.99
432,32.15,30.99
636,32.15,30.99
508,32.15,30.99
120,32.15,30.99
186,32.15,30.99
550,32.15,30.99
294,32.15,30.99
586,32.15,30.99
629,32.15,30.99
477,32.15,30.99
525,32.15,30.99
210,32.15,30.99
563,32.15,30.99
276,32.15,30.99
460,32.15,30.99
557,32.15,30.99
532,32.15,30.99
450,32.15,30.99
418,32.15,30.99
627,32.15,30.99
422,32.15,30.99
672,32.15,30.99
724,32.15,30.99
638,32.15,30.99
233,32.15,30.99
724,32.15,30.99
550,32.15,30.99
786,32.15,30.99
403,32.15,30.99
740,32.15,30.99
229,32.15,30.99
558,32.15,30.99
555,32.15,30.99
409,32.15,30.99
670,32.15,30.99
425,32.15,30.99
770,32.15,30.99
332,32.15,30.99
310,32.15,30.99
366,32.15,30.99
411,32.15,30.99
311,32.15,30.99
467,32.15,30.99
639,32.15,30.99
282,32.15,31.05
456,32.15,31.05
608,32.15,31.05
526,32.15,31.05
295,32.15,31.05
297,32.15,31.05
167,32.15,31.05
680,32.15,31.05
279,32.15,31.05
602,32.15,31.05
463,32.15,31.05
579,32.15,31.05
418,32.15,31.05
382,32.15,31.05
441,32.15,31.05
411,32.15,31.05
734,32.15,31.05
368,32.15,31.05
342,32.15,31.05
502,32.15,31.05
465,32.15,31.05
583,32.15,31.05
577,32.15,31.05
121,32.15,31.05
600,32.15,31.05
213,32.15,31.05
843,32.15,31.05
433,32.15,31.05
570,32.15,31.05
304,32.15,31.05
689,32.15,31.05
497,32.15,31.05
458,32.15,31.05
549,32.15,31.05
295,32.15,31.05
838,32.15,31.05
368,32.19,31.05
708,32.19,31.05
282,32.19,31.05
553,32.19,31.05
531,32.19,31.05
525,32.19,31.05
306,32.19,31.05
574,32.19,31.05
285,32.19,31.05
560,32.19,31.05
499,32.19,31.05
650,32.19,31.05
703,32.19,31.05
627,32.19,31.05
883,32.19,31.05
300,32.19,31.05
635,32.19,31.05
431,32.19,31.05
882,32.19,31.05
298,32.19,31.05
684,32.19,31.05
246,32.19,31.05
673,32.19,31.05
580,32.19,30.97
570,32.19,30.97
493,32.19,30.97
684,32.19,30.97
763,32.19,30.97
445,32.19,30.97
438,32.19,30.97
582,32.19,30.97
823,32.19,30.97
396,32.19,30.97
790,32.19,30.97
128,32.19,30.97
628,32.19,30.97
322,32.19,30.97
433,32.19,30.97
213,32.19,30.97
626,32.19,30.97
423,32.19,30.97
290,32.19,30.97
302,32.19,30.97
597,32.19,30.97
343,32.19,30.97
525,32.19,30.97
631,32.19,30.97
122,32.19,30.97
836,32.19,30.97
385,32.19,30.97
706,32.19,30.97
402,32.19,30.97
560,32.19,30.97
420,32.19,30.97
805,32.19,30.97
123,32.19,30.97
393,32.19,30.97
445,32.19,30.97
192,32.19,30.97
649,32.17,30.97
517,32.17,30.97
629,32.17,30.97
496,32.17,30.97
715,32.17,30.97
416,32.17,30.97
666,32.17,30.97
120,32.17,30.97
882,32.17,30.97
445,32.17,30.97
665,32.17,30.97
274,32.17,30.97
661,32.17,30.97
455,32.17,30.97
292,32.17,30.97
501,32.17,30.97
405,32.17,30.97
769,32.17,30.97
130,32.17,30.97
717,32.17,30.97
400,32.17,30.97
849,32.17,30.97
359,32.17,30.97
814,32.17,30.97
383,32.17,31.07
638,32.17,31.07
609,32.17,31.07
479,32.17,31.07
421,32.17,31.07
458,32.17,31.07
477,32.17,31.07
122,32.17,31.07
757,32.17,31.07
400,32.17,31.07
753,32.17,31.07
119,32.17,31.07
569,32.17,31.07
135,32.17,31.07
711,32.17,31.07
415,32.17,31.07
768,32.17,31.07
458,32.17,31.07
558,32.17,31.07
422,32.17,31.07
384,32.17,31.07
475,32.17,31.07
330,32.17,31.07
468,32.17,31.07
190,32.17,31.07
428,32.17,31.07
286,32.17,31.07
881,32.17,31.07
235,32.17,31.07
723,32.17,31.07
119,32.17,31.07
682,32.17,31.07
232,32.17,31.07
791,32.17,31.07
326,32.17,31.07
826,32.17,31.07
582,32.19,31.07
585,32.19,31.07
883,32.19,31.07
486,32.19,31.07
753,32.19,31.07
605,32.19,31.07
627,32.19,31.07
388,32.19,31.07
796,32.19,31.07
282,32.19,31.07
908,32.19,31.07
297,32.19,31.07
771,32.19,31.07
603,32.19,31.07
672,32.19,31.07
815,32.19,31.07
384,32.19,31.07
666,32.19,31.07
435,32.19,31.07
576,32.19,31.07
475,32.19,31.07
683,32.19,31.07
568,32.19,31.07
658,32.19,31.13
312,32.19,31.13
572,32.19,31.13
471,32.19,31.13
459,32.19,31.13
403,32.19,31.13
662,32.19,31.13
253,32.19,31.13
409,32.19,31.13
585,32.19,31.13
445,32.19,31.13
556,32.19,31.13
394,32.19,31.13
639,32.19,31.13
381,32.19,31.13
549,32.19,31.13
282,32.19,31.13
523,32.19,31.13
491,32.19,31.13
828,32.19,31.13
499,32.19,31.13
495,32.19,31.13
122,32.19,31.13
882,32.19,31.13
358,32.19,31.13
462,32.19,31.13
728,32.19,31.13
486,32.19,31.13
639,32.19,31.13
617,32.19,31.13
784,32.19,31.13
237,32.19,31.13
471,32.19,31.13
438,32.19,31.13
557,32.19,31.13
634,32.19,31.13
358,32.19,31.13
679,32.19,31.13
