475,32.13,31.07
498,32.13,31.07
483,32.13,31.07
438,32.13,31.07
827,32.13,31.07
325,32.13,31.07
858,32.13,31.07
705,32.13,31.07
562,32.13,31.07
481,32.13,31.07
616,32.13,31.07
777,32.13,31.07
613,32.13,31.07
683,32.13,31.07
238,32.13,31.07
884,32.13,31.07
278,32.13,31.07
765,32.13,31.07
292,32.13,31.07
373,32.13,31.07
537,32.09,31.07
500,32.09,31.07
645,32.09,31.07
725,32.09,31.07
373,32.09,31.07
515,32.09,31.07
654,32.09,31.07
538,32.09,31.07
715,32.09,31.07
485,32.09,31.07
584,32.09,31.07
448,32.09,31.07
721,32.09,31.07
119,32.09,31.07
840,32.09,31.07
477,32.09,31.07
426,32.09,31.07
582,32.09,31.07
443,32.09,31.07
733,32.09,31.07
536,32.09,31.07
757,32.09,31.07
362,32.09,31.07
643,32.09,31.07
529,32.09,31.11
518,32.09,31.11
666,32.09,31.11
197,32.09,31.11
546,32.09,31.11
599,32.09,31.11
502,32.09,31.11
391,32.09,31.11
573,32.09,31.11
276,32.09,31.11
680,32.09,31.11
411,32.09,31.11
325,32.09,31.11
292,32.09,31.11
616,32.09,31.11
253,32.09,31.11
612,32.09,31.11
446,32.09,31.11
392,32.09,31.11
583,32.09,31.11
236,32.09,31.11
771,32.09,31.11
212,32.09,31.11
520,32.09,31.11
118,32.09,31.11
365,32.09,31.11
184,32.09,31.11
408,32.09,31.11
268,32.09,31.11
537,32.09,31.11
610,32.09,31.11
183,32.09,31.11
557,32.09,31.11
223,32.09,31.11
474,32.09,31.11
419,32.09,31.11
681,32.09,31.11
275,32.09,31.11
534,32.09,31.11
219,32.09,31.11
821,32.09,31.11
197,32.09,31.11
363,32.09,31.11
436,32.09,31.11
192,32.09,31.11
343,32.09,31.11
275,32.09,31.11
846,32.09,31.11
266,32.09,31.11
616,32.09,31.11
656,32.09,31.11
629,32.09,31.11
275,32.09,31.11
725,32.09,31.11
443,32.09,31.11
559,32.09,31.11
220,32.09,31.11
596,32.09,31.11
634,32.09,31.11
460,32.09,31.11
823,32.09,30.91
388,32.09,30.91
717,32.09,30.91
247,32.09,30.91
645,32.09,30.91
324,32.09,30.91
785,32.09,30.91
231,32.09,30.91
692,32.09,30.91
590,32.09,30.91
396,32.09,30.91
685,32.09,30.91
448,32.09,30.91
424,32.09,30.91
471,32.09,30.91
620,32.09,30.91
376,32.09,30.91
656,32.09,30.91
394,32.09,30.91
770,32.09,30.91
681,32.09,30.91
778,32.09,30.91
465,32.09,30.91
872,32.09,30.91
262,32.09,30.91
879,32.09,30.91
409,32.09,30.91
160,32.09,30.91
718,32.09,30.91
561,32.09,30.91
701,32.09,30.91
458,32.09,30.91
606,32.09,30.91
526,32.09,30.91
421,32.09,30.91
360,32.09,30.91
520,32.09,30.91
483,32.09,30.91
506,32.09,30.91
376,32.09,30.91
684,32.09,30.91
586,32.09,30.91
322,32.09,30.91
614,32.09,30.91
174,32.09,30.91
846,32.09,30.91
310,32.09,30.91
721,32.09,30.91
326,32.09,30.91
501,32.09,30.91
468,32.09,30.91
515,32.09,30.91
527,32.09,30.91
205,32.09,30.91
882,32.09,30.91
119,32.09,30.91
552,32.09,30.91
441,32.09,30.91
610,32.09,30.91
441,32.09,30.99
571,32.09,30.99
285,32.09,30.99
350,32.09,30.99
478,32.09,30.99
334,32.09,30.99
450,32.09,30.99
510,32.09,30.99
118,32.09,30.99
294,32.09,30.99
479,32.09,30.99
406,32.09,30.99
793,32.09,30.99
363,32.09,30.99
861,32.09,30.99
125,32.09,30.99
612,32.09,30.99
655,32.09,30.99
638,32.09,30.99
603,32.09,30.99
590,32.09,30.99
652,32.09,30.99
118,32.09,30.99
631,32.09,30.99
585,32.09,30.99
488,32.09,30.99
380,32.09,30.99
712,32.09,30.99
201,32.09,30.99
653,32.09,30.99
256,32.09,30.99
774,32.09,30.99
766,32.09,30.99
405,32.09,30.99
844,32.09,30.99
434,32.09,30.99
589,32.09,30.99
354,32.13,30.99
744,32.13,30.99
119,32.13,30.99
631,32.13,30.99
348,32.13,30.99
604,32.13,30.99
423,32.13,30.99
411,32.13,30.99
574,32.13,30.99
647,32.13,30.99
301,32.13,30.99
682,32.13,30.99
438,32.13,30.99
563,32.13,30.99
871,32.13,30.99
485,32.13,30.99
779,32.13,30.99
446,32.13,30.99
878,32.13,30.99
455,32.13,30.99
366,32.13,30.99
382,32.13,30.99
600,32.13,30.99
442,32.13,31.05
389,32.13,31.05
570,32.13,31.05
726,32.13,31.05
471,32.13,31.05
488,32.13,31.05
654,32.13,31.05
474,32.13,31.05
505,32.13,31.05
616,32.13,31.05
641,32.13,31.05
315,32.13,31.05
669,32.13,31.05
497,32.13,31.05
561,32.13,31.05
451,32.13,31.05
388,32.13,31.05
711,32.13,31.05
304,32.13,31.05
467,32.13,31.05
489,32.13,31.05
303,32.13,31.05
351,32.13,31.05
733,32.13,31.05
534,32.13,31.05
587,32.13,31.05
406,32.13,31.05
248,32.13,31.05
268,32.13,31.05
362,32.13,31.05
132,32.13,31.05
565,32.13,31.05
271,32.13,31.05
457,32.13,31.05
442,32.13,31.05
428,32.13,31.05
465,32.09,31.05
188,32.09,31.05
517,32.09,31.05
345,32.09,31.05
442,32.09,31.05
655,32.09,31.05
259,32.09,31.05
713,32.09,31.05
642,32.09,31.05
599,32.09,31.05
319,32.09,31.05
622,32.09,31.05
437,32.09,31.05
424,32.09,31.05
667,32.09,31.05
334,32.09,31.05
668,32.09,31.05
576,32.09,31.05
480,32.09,31.05
593,32.09,31.05
684,32.09,31.05
571,32.09,31.05
754,32.09,31.05
391,32.09,31.05
569,32.09,30.87
436,32.09,30.87
801,32.09,30.87
120,32.09,30.87
416,32.09,30.87
597,32.09,30.87
305,32.09,30.87
644,32.09,30.87
242,32.09,30.87
765,32.09,30.87
444,32.09,30.87
772,32.09,30.87
330,32.09,30.87
645,32.09,30.87
558,32.09,30.87
538,32.09,30.87
688,32.09,30.87
354,32.09,30.87
589,32.09,30.87
628,32.09,30.87
616,32.09,30.87
312,32.09,30.87
447,32.09,30.87
232,32.09,30.87
714,32.09,30.87
117,32.09,30.87
759,32.09,30.87
394,32.09,30.87
624,32.09,30.87
497,32.09,30.87
652,32.09,30.87
762,32.09,30.87
317,32.09,30.87
752,32.09,30.87
433,32.09,30.87
897,32.09,30.87
302,32.05,30.87
765,32.05,30.87
353,32.05,30.87
518,32.05,30.87
499,32.05,30.87
612,32.05,30.87
276,32.05,30.87
569,32.05,30.87
672,32.05,30.87
387,32.05,30.87
516,32.05,30.87
317,32.05,30.87
884,32.05,30.87
119,32.05,30.87
884,32.05,30.87
336,32.05,30.87
470,32.05,30.87
116,32.05,30.87
808,32.05,30.87
117,32.05,30.87
553,32.05,30.87
366,32.05,30.87
368,32.05,30.87
534,32.05,30.87
432,32.05,30.93
518,32.05,30.93
500,32.05,30.93
501,32.05,30.93
364,32.05,30.93
804,32.05,30.93
122,32.05,30.93
614,32.05,30.93
389,32.05,30.93
819,32.05,30.93
116,32.05,30.93
461,32.05,30.93
450,32.05,30.93
130,32.05,30.93
155,32.05,30.93
182,32.05,30.93
680,32.05,30.93
147,32.05,30.93
682,32.05,30.93
367,32.05,30.93
637,32.05,30.93
164,32.05,30.93
567,32.05,30.93
317,32.05,30.93
576,32.05,30.93
213,32.05,30.93
629,32.05,30.93
169,32.05,30.93
571,32.05,30.93
380,32.05,30.93
430,32.05,30.93
765,32.05,30.93
191,32.05,30.93
812,32.05,30.93
218,32.05,30.93
592,32.05,30.93
378,32.09,30.93
875,32.09,30.93
117,32.09,30.93
536,32.09,30.93
572,32.09,30.93
426,32.09,30.93
857,32.09,30.93
545,32.09,30.93
789,32.09,30.93
451,32.09,30.93
637,32.09,30.93
373,32.09,30.93
551,32.09,30.93
126,32.09,30.93
483,32.09,30.93
603,32.09,30.93
669,32.09,30.93
478,32.09,30.93
632,32.09,30.93
649,32.09,30.93
327,32.09,30.93
793,32.09,30.93
309,32.09,30.93
884,32.09,30.81
204,32.09,30.81
884,32.09,30.81
224,32.09,30.81
645,32.09,30.81
598,32.09,30.81
406,32.09,30.81
800,32.09,30.81
194,32.09,30.81
383,32.09,30.81
218,32.09,30.81
613,32.09,30.81
446,32.09,30.81
695,32.09,30.81
592,32.09,30.81
720,32.09,30.81
314,32.09,30.81
794,32.09,30.81
