345,32.37,31.35
418,32.37,31.35
187,32.37,31.35
319,32.37,31.35
472,32.37,31.35
271,32.37,31.35
525,32.37,31.35
653,32.37,31.35
751,32.37,31.39
296,32.37,31.39
622,32.37,31.39
432,32.37,31.39
746,32.37,31.39
252,32.37,31.39
601,32.37,31.39
513,32.37,31.39
226,32.37,31.39
691,32.37,31.39
604,32.37,31.39
546,32.37,31.39
443,32.37,31.39
781,32.37,31.39
517,32.37,31.39
782,32.37,31.39
331,32.37,31.39
767,32.37,31.39
409,32.37,31.39
882,32.37,31.39
222,32.37,31.39
654,32.37,31.39
205,32.37,31.39
478,32.37,31.39
884,32.37,31.39
170,32.37,31.39
611,32.37,31.39
696,32.37,31.39
670,32.37,31.39
341,32.37,31.39
799,32.37,31.39
178,32.37,31.39
585,32.37,31.39
549,32.37,31.39
438,32.37,31.39
388,32.37,31.39
629,32.37,31.39
342,32.37,31.39
570,32.37,31.39
363,32.37,31.39
262,32.37,31.39
603,32.37,31.39
173,32.37,31.39
608,32.37,31.39
225,32.37,31.39
377,32.37,31.39
169,32.37,31.39
724,32.37,31.39
431,32.37,31.39
573,32.37,31.39
374,32.37,31.39
529,32.37,31.39
468,32.37,31.39
605,32.37,31.39
311,32.37,31.39
520,32.37,31.39
563,32.37,31.39
329,32.37,31.39
530,32.37,31.39
447,32.37,31.15
883,32.37,31.15
119,32.37,31.15
882,32.37,31.15
206,32.37,31.15
577,32.37,31.15
571,32.37,31.15
717,32.37,31.15
544,32.37,31.15
701,32.37,31.15
604,32.37,31.15
473,32.37,31.15
562,32.37,31.15
309,32.37,31.15
624,32.37,31.15
256,32.37,31.15
600,32.37,31.15
573,32.37,31.15
514,32.37,31.15
415,32.37,31.15
862,32.37,31.15
483,32.37,31.15
518,32.37,31.15
499,32.37,31.15
694,32.37,31.15
496,32.37,31.15
411,32.37,31.15
621,32.37,31.15
385,32.37,31.15
477,32.37,31.15
269,32.37,31.15
618,32.37,31.15
495,32.37,31.15
294,32.37,31.15
608,32.37,31.15
614,32.37,31.15
348,32.37,31.15
671,32.37,31.15
515,32.37,31.15
393,32.37,31.15
475,32.37,31.15
448,32.37,31.15
327,32.37,31.15
362,32.37,31.15
677,32.37,31.15
451,32.37,31.15
682,32.37,31.15
117,32.37,31.15
369,32.37,31.15
427,32.37,31.15
257,32.37,31.15
468,32.37,31.15
600,32.37,31.15
316,32.37,31.15
496,32.37,31.15
328,32.37,31.15
736,32.37,31.15
557,32.37,31.15
182,32.37,31.15
698,32.37,31.15
442,32.37,31.25
709,32.37,31.25
417,32.37,31.25
620,32.37,31.25
447,32.37,31.25
625,32.37,31.25
329,32.37,31.25
380,32.37,31.25
478,32.37,31.25
269,32.37,31.25
881,32.37,31.25
444,32.37,31.25
619,32.37,31.25
568,32.37,31.25
701,32.37,31.25
302,32.37,31.25
726,32.37,31.25
385,32.37,31.25
631,32.37,31.25
541,32.37,31.25
648,32.37,31.25
531,32.37,31.25
339,32.37,31.25
430,32.37,31.25
456,32.37,31.25
704,32.37,31.25
207,32.37,31.25
889,32.37,31.25
321,32.37,31.25
720,32.37,31.25
456,32.37,31.25
797,32.37,31.25
168,32.37,31.25
744,32.37,31.25
413,32.37,31.25
162,32.37,31.25
427,32.35,31.25
765,32.35,31.25
244,32.35,31.25
398,32.35,31.25
538,32.35,31.25
143,32.35,31.25
492,32.35,31.25
386,32.35,31.25
659,32.35,31.25
280,32.35,31.25
739,32.35,31.25
120,32.35,31.25
743,32.35,31.25
294,32.35,31.25
768,32.35,31.25
250,32.35,31.25
430,32.35,31.25
209,32.35,31.25
536,32.35,31.25
262,32.35,31.25
633,32.35,31.25
708,32.35,31.25
427,32.35,31.25
684,32.35,31.29
122,32.35,31.29
802,32.35,31.29
164,32.35,31.29
818,32.35,31.29
118,32.35,31.29
885,32.35,31.29
227,32.35,31.29
557,32.35,31.29
635,32.35,31.29
414,32.35,31.29
422,32.35,31.29
541,32.35,31.29
572,32.35,31.29
479,32.35,31.29
534,32.35,31.29
433,32.35,31.29
668,32.35,31.29
330,32.35,31.29
693,32.35,31.29
380,32.35,31.29
884,32.35,31.29
213,32.35,31.29
883,32.35,31.29
239,32.35,31.29
838,32.35,31.29
496,32.35,31.29
612,32.35,31.29
288,32.35,31.29
330,32.35,31.29
648,32.35,31.29
380,32.35,31.29
525,32.35,31.29
778,32.35,31.29
670,32.35,31.29
435,32.35,31.29
718,32.37,31.29
211,32.37,31.29
598,32.37,31.29
210,32.37,31.29
622,32.37,31.29
333,32.37,31.29
507,32.37,31.29
409,32.37,31.29
295,32.37,31.29
506,32.37,31.29
191,32.37,31.29
768,32.37,31.29
223,32.37,31.29
581,32.37,31.29
353,32.37,31.29
547,32.37,31.29
340,32.37,31.29
577,32.37,31.29
360,32.37,31.29
547,32.37,31.29
430,32.37,31.29
563,32.37,31.29
498,32.37,31.29
394,32.37,31.33
498,32.37,31.33
583,32.37,31.33
840,32.37,31.33
423,32.37,31.33
644,32.37,31.33
388,32.37,31.33
461,32.37,31.33
331,32.37,31.33
767,32.37,31.33
335,32.37,31.33
614,32.37,31.33
519,32.37,31.33
468,32.37,31.33
617,32.37,31.33
690,32.37,31.33
520,32.37,31.33
473,32.37,31.33
460,32.37,31.33
614,32.37,31.33
688,32.37,31.33
241,32.37,31.33
382,32.37,31.33
694,32.37,31.33
477,32.37,31.33
119,32.37,31.33
661,32.37,31.33
446,32.37,31.33
539,32.37,31.33
544,32.37,31.33
511,32.37,31.33
739,32.37,31.33
326,32.37,31.33
663,32.37,31.33
503,32.37,31.33
644,32.37,31.33
183,32.37,31.33
370,32.39,31.33
555,32.39,31.33
219,32.39,31.33
487,32.39,31.33
753,32.39,31.33
319,32.39,31.33
558,32.39,31.33
705,32.39,31.33
456,32.39,31.33
579,32.39,31.33
317,32.39,31.33
870,32.39,31.33
225,32.39,31.33
516,32.39,31.33
530,32.39,31.33
351,32.39,31.33
430,32.39,31.33
466,32.39,31.33
554,32.39,31.33
240,32.39,31.33
360,32.39,31.33
534,32.39,31.33
491,32.39,31.33
305,32.39,31.33
556,32.39,31.33
676,32.39,31.33
519,32.39,31.33
496,32.39,31.33
602,32.39,31.33
329,32.39,31.33
655,32.39,31.33
571,32.39,31.33
609,32.39,31.33
758,32.39,31.33
550,32.39,31.33
592,32.39,31.33
311,32.39,31.33
440,32.39,31.33
541,32.39,31.33
750,32.39,31.33
424,32.39,31.33
514,32.39,31.33
663,32.39,31.33
654,32.39,31.33
453,32.39,31.33
763,32.39,31.33
510,32.39,31.33
513,32.39,31.33
404,32.39,31.33
562,32.39,31.33
445,32.39,31.33
608,32.39,31.33
597,32.39,31.33
334,32.39,31.33
543,32.39,31.33
261,32.39,31.33
595,32.39,31.33
485,32.39,31.33
385,32.39,31.33
594,32.39,31.33
440,32.39,31.33
168,32.39,31.33
459,32.39,31.33
527,32.39,31.33
580,32.39,31.33
417,32.39,31.33
309,32.39,31.33
456,32.39,31.33
124,32.39,31.33
794,32.39,31.33
253,32.39,31.33
804,32.39,31.33
189,32.39,31.33
404,32.39,31.33
504,32.39,31.33
644,32.39,31.33
855,32.39,31.33
307,32.39,31.33
494,32.39,31.33
629,32.39,31.33
372,32.39,31.33
560,32.39,31.33
728,32.39,31.21
126,32.39,31.21
742,32.39,31.21
564,32.39,31.21
886,32.39,31.21
249,32.39,31.21
831,32.39,31.21
201,32.39,31.21
571,32.39,31.21
432,32.39,31.21
591,32.39,31.21
462,32.39,31.21
847,32.39,31.21
687,32.39,31.21
605,32.39,31.21
360,32.39,31.21
546,32.39,31.21
649,32.39,31.21
569,32.39,31.21
782,32.39,31.21
189,32.39,31.21
884,32.39,31.21
226,32.39,31.21
736,32.39,31.21
116,32.39,31.21
542,32.39,31.21
252,32.39,31.21
456,32.39,31.21
311,32.39,31.21
482,32.39,31.21
765,32.39,31.21
339,32.39,31.21
729,32.39,31.21
391,32.39,31.21
635,32.39,31.21
188,32.39,31.21
559,32.39,31.21
133,32.37,31.21
798,32.37,31.21
286,32.37,31.21
719,32.37,31.21
512,32.37,31.21
594,32.37,31.21
555,32.37,31.21
478,32.37,31.21
515,32.37,31.21
579,32.37,31.21
699,32.37,31.21
223,32.37,31.21
613,32.37,31.21
235,32.37,31.21
661,32.37,31.21
381,32.37,31.21
582,32.37,31.21
