701,32.27,31.21
332,32.27,31.21
423,32.27,31.21
206,32.27,31.21
548,32.27,31.21
403,32.27,31.21
390,32.27,31.21
253,32.27,31.21
882,32.27,31.21
120,32.27,31.21
525,32.27,31.21
455,32.27,31.21
574,32.27,31.21
412,32.27,31.21
662,32.27,31.21
801,32.27,31.21
327,32.27,31.21
689,32.27,31.21
492,32.27,31.05
583,32.27,31.05
569,32.27,31.05
582,32.27,31.05
494,32.27,31.05
881,32.27,31.05
156,32.27,31.05
882,32.27,31.05
234,32.27,31.05
538,32.27,31.05
313,32.27,31.05
779,32.27,31.05
325,32.27,31.05
314,32.27,31.05
804,32.27,31.05
149,32.27,31.05
731,32.27,31.05
418,32.27,31.05
645,32.27,31.05
373,32.27,31.05
673,32.27,31.05
770,32.27,31.05
826,32.27,31.05
494,32.27,31.05
634,32.27,31.05
559,32.27,31.05
603,32.27,31.05
357,32.27,31.05
646,32.27,31.05
721,32.27,31.05
300,32.27,31.05
648,32.27,31.05
495,32.27,31.05
813,32.27,31.05
316,32.27,31.05
883,32.27,31.05
570,32.27,31.05
473,32.25,31.05
503,32.25,31.05
486,32.25,31.05
624,32.25,31.05
389,32.25,31.05
558,32.25,31.05
290,32.25,31.05
434,32.25,31.05
266,32.25,31.05
566,32.25,31.05
374,32.25,31.05
714,32.25,31.05
189,32.25,31.05
642,32.25,31.05
125,32.25,31.05
848,32.25,31.05
535,32.25,31.05
497,32.25,31.05
523,32.25,31.05
524,32.25,31.05
471,32.25,31.05
214,32.25,31.05
656,32.25,31.05
394,32.25,31.15
641,32.25,31.15
168,32.25,31.15
496,32.25,31.15
227,32.25,31.15
494,32.25,31.15
474,32.25,31.15
489,32.25,31.15
399,32.25,31.15
527,32.25,31.15
392,32.25,31.15
434,32.25,31.15
562,32.25,31.15
353,32.25,31.15
628,32.25,31.15
290,32.25,31.15
581,32.25,31.15
224,32.25,31.15
803,32.25,31.15
240,32.25,31.15
210,32.25,31.15
720,32.25,31.15
569,32.25,31.15
510,32.25,31.15
675,32.25,31.15
560,32.25,31.15
424,32.25,31.15
526,32.25,31.15
457,32.25,31.15
568,32.25,31.15
707,32.25,31.15
655,32.25,31.15
273,32.25,31.15
853,32.25,31.15
430,32.25,31.15
805,32.25,31.15
524,32.23,31.15
471,32.23,31.15
523,32.23,31.15
410,32.23,31.15
400,32.23,31.15
549,32.23,31.15
572,32.23,31.15
583,32.23,31.15
648,32.23,31.15
466,32.23,31.15
766,32.23,31.15
464,32.23,31.15
487,32.23,31.15
118,32.23,31.15
627,32.23,31.15
182,32.23,31.15
729,32.23,31.15
400,32.23,31.15
569,32.23,31.15
403,32.23,31.15
359,32.23,31.15
418,32.23,31.15
512,32.23,31.15
753,32.23,31.15
198,32.23,31.13
599,32.23,31.13
119,32.23,31.13
695,32.23,31.13
570,32.23,31.13
598,32.23,31.13
444,32.23,31.13
446,32.23,31.13
195,32.23,31.13
279,32.23,31.13
367,32.23,31.13
484,32.23,31.13
442,32.23,31.13
436,32.23,31.13
625,32.23,31.13
446,32.23,31.13
883,32.23,31.13
342,32.23,31.13
696,32.23,31.13
375,32.23,31.13
777,32.23,31.13
122,32.23,31.13
703,32.23,31.13
883,32.23,31.13
365,32.23,31.13
528,32.23,31.13
271,32.23,31.13
543,32.23,31.13
423,32.23,31.13
683,32.23,31.13
366,32.23,31.13
696,32.23,31.13
270,32.23,31.13
863,32.23,31.13
200,32.23,31.13
881,32.23,31.13
457,32.27,31.13
877,32.27,31.13
287,32.27,31.13
409,32.27,31.13
641,32.27,31.13
519,32.27,31.13
722,32.27,31.13
595,32.27,31.13
716,32.27,31.13
465,32.27,31.13
399,32.27,31.13
198,32.27,31.13
587,32.27,31.13
202,32.27,31.13
720,32.27,31.13
388,32.27,31.13
750,32.27,31.13
386,32.27,31.13
497,32.27,31.13
453,32.27,31.13
117,32.27,31.13
421,32.27,31.13
222,32.27,31.13
355,32.27,31.15
416,32.27,31.15
670,32.27,31.15
573,32.27,31.15
678,32.27,31.15
452,32.27,31.15
663,32.27,31.15
490,32.27,31.15
588,32.27,31.15
249,32.27,31.15
774,32.27,31.15
271,32.27,31.15
636,32.27,31.15
532,32.27,31.15
429,32.27,31.15
607,32.27,31.15
364,32.27,31.15
767,32.27,31.15
118,32.27,31.15
678,32.27,31.15
419,32.27,31.15
524,32.27,31.15
724,32.27,31.15
694,32.27,31.15
331,32.27,31.15
851,32.27,31.15
517,32.27,31.15
517,32.27,31.15
562,32.27,31.15
420,32.27,31.15
658,32.27,31.15
517,32.27,31.15
522,32.27,31.15
195,32.27,31.15
752,32.27,31.15
278,32.27,31.15
704,32.23,31.15
375,32.23,31.15
409,32.23,31.15
513,32.23,31.15
508,32.23,31.15
494,32.23,31.15
539,32.23,31.15
606,32.23,31.15
406,32.23,31.15
532,32.23,31.15
309,32.23,31.15
573,32.23,31.15
193,32.23,31.15
503,32.23,31.15
462,32.23,31.15
492,32.23,31.15
381,32.23,31.15
782,32.23,31.15
311,32.23,31.15
515,32.23,31.15
322,32.23,31.15
246,32.23,31.15
748,32.23,31.15
276,32.23,31.15
745,32.23,30.99
496,32.23,30.99
510,32.23,30.99
263,32.23,30.99
587,32.23,30.99
345,32.23,30.99
687,32.23,30.99
117,32.23,30.99
482,32.23,30.99
496,32.23,30.99
453,32.23,30.99
207,32.23,30.99
822,32.23,30.99
410,32.23,30.99
249,32.23,30.99
686,32.23,30.99
179,32.23,30.99
811,32.23,30.99
335,32.23,30.99
884,32.23,30.99
219,32.23,30.99
759,32.23,30.99
502,32.23,30.99
537,32.23,30.99
420,32.23,30.99
342,32.23,30.99
647,32.23,30.99
564,32.23,30.99
325,32.23,30.99
668,32.23,30.99
747,32.23,30.99
261,32.23,30.99
871,32.23,30.99
279,32.23,30.99
884,32.23,30.99
297,32.23,30.99
740,32.23,30.99
170,32.23,30.99
753,32.23,30.99
363,32.23,30.99
607,32.23,30.99
673,32.23,30.99
243,32.23,30.99
704,32.23,30.99
263,32.23,30.99
305,32.23,30.99
336,32.23,30.99
690,32.23,30.99
238,32.23,30.99
826,32.23,30.99
118,32.23,30.99
713,32.23,30.99
127,32.23,30.99
640,32.23,30.99
643,32.23,30.99
582,32.23,30.99
318,32.23,30.99
397,32.23,30.99
640,32.23,30.99
119,32.23,31.11
535,32.23,31.11
672,32.23,31.11
610,32.23,31.11
240,32.23,31.11
477,32.23,31.11
382,32.23,31.11
794,32.23,31.11
418,32.23,31.11
882,32.23,31.11
118,32.23,31.11
883,32.23,31.11
496,32.23,31.11
732,32.23,31.11
457,32.23,31.11
363,32.23,31.11
430,32.23,31.11
544,32.23,31.11
673,32.23,31.11
328,32.23,31.11
883,32.23,31.11
512,32.23,31.11
616,32.23,31.11
621,32.23,31.11
333,32.23,31.11
532,32.23,31.11
881,32.23,31.11
120,32.23,31.11
827,32.23,31.11
177,32.23,31.11
846,32.23,31.11
675,32.23,31.11
424,32.23,31.11
883,32.23,31.11
142,32.23,31.11
621,32.23,31.11
720,32.23,31.11
489,32.23,31.11
532,32.23,31.11
374,32.23,31.11
352,32.23,31.11
454,32.23,31.11
498,32.23,31.11
675,32.23,31.11
542,32.23,31.11
661,32.23,31.11
208,32.23,31.11
492,32.23,31.11
604,32.23,31.11
411,32.23,31.11
647,32.23,31.11
119,32.23,31.11
491,32.23,31.11
118,32.23,31.11
633,32.23,31.11
522,32.23,31.11
244,32.23,31.11
536,32.23,31.11
278,32.23,31.11
732,32.23,31.07
497,32.23,31.07
385,32.23,31.07
546,32.23,31.07
431,32.23,31.07
329,32.23,31.07
216,32.23,31.07
468,32.23,31.07
125,32.23,31.07
576,32.23,31.07
763,32.23,31.07
168,32.23,31.07
593,32.23,31.07
302,32.23,31.07
704,32.23,31.07
532,32.23,31.07
469,32.23,31.07
884,32.23,31.07
123,32.23,31.07
749,32.23,31.07
438,32.23,31.07
432,32.23,31.07
393,32.23,31.07
408,32.23,31.07
463,32.23,31.07
882,32.23,31.07
440,32.23,31.07
635,32.23,31.07
564,32.23,31.07
675,32.23,31.07
483,32.23,31.07
621,32.23,31.07
472,32.23,31.07
523,32.23,31.07
884,32.23,31.07
118,32.23,31.07
884,32.23,31.07
125,32.25,31.07
829,32.25,31.07
542,32.25,31.07
378,32.25,31.07
669,32.25,31.07
121,32.25,31.07
423,32.25,31.07
568,32.25,31.07
