578,30.45,29.31
242,30.45,29.31
264,30.45,29.31
197,30.45,29.31
532,30.45,29.31
301,30.45,29.31
637,30.45,29.31
513,30.45,29.31
435,30.45,29.31
780,30.45,29.31
399,30.45,29.31
608,30.45,29.31
308,30.45,29.31
685,30.45,29.31
507,30.45,29.31
403,30.45,29.37
526,30.45,29.37
667,30.45,29.37
544,30.45,29.37
599,30.45,29.37
446,30.45,29.37
547,30.45,29.37
430,30.45,29.37
550,30.45,29.37
389,30.45,29.37
684,30.45,29.37
196,30.45,29.37
475,30.45,29.37
875,30.45,29.37
166,30.45,29.37
874,30.45,29.37
580,30.45,29.37
420,30.45,29.37
334,30.45,29.37
712,30.45,29.37
807,30.45,29.37
554,30.45,29.37
690,30.45,29.37
516,30.45,29.37
458,30.45,29.37
632,30.45,29.37
458,30.45,29.37
430,30.45,29.37
699,30.45,29.37
492,30.45,29.37
801,30.45,29.37
380,30.45,29.37
672,30.45,29.37
227,30.45,29.37
863,30.45,29.37
253,30.45,29.37
445,30.43,29.37
566,30.43,29.37
410,30.43,29.37
679,30.43,29.37
483,30.43,29.37
171,30.43,29.37
445,30.43,29.37
495,30.43,29.37
470,30.43,29.37
391,30.43,29.37
844,30.43,29.37
344,30.43,29.37
356,30.43,29.37
478,30.43,29.37
161,30.43,29.37
497,30.43,29.37
343,30.43,29.37
509,30.43,29.37
495,30.43,29.37
223,30.43,29.37
571,30.43,29.37
327,30.43,29.37
613,30.43,29.37
127,30.43,29.25
705,30.43,29.25
235,30.43,29.25
783,30.43,29.25
287,30.43,29.25
703,30.43,29.25
314,30.43,29.25
565,30.43,29.25
172,30.43,29.25
794,30.43,29.25
251,30.43,29.25
794,30.43,29.25
667,30.43,29.25
477,30.43,29.25
689,30.43,29.25
589,30.43,29.25
698,30.43,29.25
208,30.43,29.25
648,30.43,29.25
339,30.43,29.25
643,30.43,29.25
284,30.43,29.25
530,30.43,29.25
517,30.43,29.25
734,30.43,29.25
661,30.43,29.25
801,30.43,29.25
703,30.43,29.25
791,30.43,29.25
829,30.43,29.25
622,30.43,29.25
437,30.43,29.25
312,30.43,29.25
703,30.43,29.25
123,30.43,29.25
721,30.43,29.25
379,30.43,29.25
532,30.43,29.25
125,30.43,29.25
442,30.43,29.25
490,30.43,29.25
526,30.43,29.25
358,30.43,29.25
674,30.43,29.25
478,30.43,29.25
497,30.43,29.25
559,30.43,29.25
351,30.43,29.25
535,30.43,29.25
120,30.43,29.25
783,30.43,29.25
148,30.43,29.25
508,30.43,29.25
333,30.43,29.25
812,30.43,29.25
398,30.43,29.25
625,30.43,29.25
431,30.43,29.25
456,30.43,29.25
650,30.43,29.25
506,30.43,29.43
695,30.43,29.43
128,30.43,29.43
613,30.43,29.43
494,30.43,29.43
811,30.43,29.43
315,30.43,29.43
768,30.43,29.43
475,30.43,29.43
358,30.43,29.43
470,30.43,29.43
756,30.43,29.43
531,30.43,29.43
357,30.43,29.43
665,30.43,29.43
299,30.43,29.43
794,30.43,29.43
632,30.43,29.43
715,30.43,29.43
129,30.43,29.43
459,30.43,29.43
439,30.43,29.43
578,30.43,29.43
522,30.43,29.43
663,30.43,29.43
620,30.43,29.43
468,30.43,29.43
200,30.43,29.43
348,30.43,29.43
564,30.43,29.43
482,30.43,29.43
440,30.43,29.43
411,30.43,29.43
534,30.43,29.43
349,30.43,29.43
813,30.43,29.43
500,30.45,29.43
551,30.45,29.43
263,30.45,29.43
390,30.45,29.43
299,30.45,29.43
650,30.45,29.43
285,30.45,29.43
668,30.45,29.43
280,30.45,29.43
655,30.45,29.43
429,30.45,29.43
352,30.45,29.43
312,30.45,29.43
729,30.45,29.43
456,30.45,29.43
338,30.45,29.43
663,30.45,29.43
571,30.45,29.43
761,30.45,29.43
331,30.45,29.43
684,30.45,29.43
426,30.45,29.43
245,30.45,29.43
690,30.45,29.19
613,30.45,29.19
320,30.45,29.19
284,30.45,29.19
494,30.45,29.19
826,30.45,29.19
434,30.45,29.19
321,30.45,29.19
751,30.45,29.19
516,30.45,29.19
648,30.45,29.19
333,30.45,29.19
704,30.45,29.19
408,30.45,29.19
744,30.45,29.19
465,30.45,29.19
365,30.45,29.19
481,30.45,29.19
497,30.45,29.19
498,30.45,29.19
297,30.45,29.19
488,30.45,29.19
880,30.45,29.19
692,30.45,29.19
516,30.45,29.19
752,30.45,29.19
455,30.45,29.19
560,30.45,29.19
336,30.45,29.19
682,30.45,29.19
384,30.45,29.19
558,30.45,29.19
571,30.45,29.19
237,30.45,29.19
617,30.45,29.19
214,30.45,29.19
771,30.43,29.19
191,30.43,29.19
651,30.43,29.19
260,30.43,29.19
454,30.43,29.19
336,30.43,29.19
670,30.43,29.19
312,30.43,29.19
411,30.43,29.19
473,30.43,29.19
618,30.43,29.19
355,30.43,29.19
394,30.43,29.19
412,30.43,29.19
400,30.43,29.19
528,30.43,29.19
142,30.43,29.19
838,30.43,29.19
327,30.43,29.19
295,30.43,29.19
238,30.43,29.19
637,30.43,29.19
393,30.43,29.19
493,30.43,29.19
856,30.43,29.25
483,30.43,29.25
489,30.43,29.25
461,30.43,29.25
693,30.43,29.25
419,30.43,29.25
472,30.43,29.25
556,30.43,29.25
675,30.43,29.25
259,30.43,29.25
550,30.43,29.25
667,30.43,29.25
737,30.43,29.25
462,30.43,29.25
701,30.43,29.25
451,30.43,29.25
333,30.43,29.25
674,30.43,29.25
560,30.43,29.25
627,30.43,29.25
494,30.43,29.25
563,30.43,29.25
416,30.43,29.25
659,30.43,29.25
529,30.43,29.25
497,30.43,29.25
374,30.43,29.25
239,30.43,29.25
556,30.43,29.25
505,30.43,29.25
392,30.43,29.25
451,30.43,29.25
546,30.43,29.25
516,30.43,29.25
573,30.43,29.25
467,30.43,29.25
726,30.43,29.25
280,30.43,29.25
409,30.43,29.25
425,30.43,29.25
385,30.43,29.25
508,30.43,29.25
471,30.43,29.25
374,30.43,29.25
155,30.43,29.25
449,30.43,29.25
632,30.43,29.25
526,30.43,29.25
353,30.43,29.25
484,30.43,29.25
418,30.43,29.25
567,30.43,29.25
278,30.43,29.25
676,30.43,29.25
586,30.43,29.25
443,30.43,29.25
391,30.43,29.25
315,30.43,29.25
480,30.43,29.25
418,30.43,29.19
766,30.43,29.19
468,30.43,29.19
654,30.43,29.19
428,30.43,29.19
788,30.43,29.19
396,30.43,29.19
854,30.43,29.19
536,30.43,29.19
703,30.43,29.19
448,30.43,29.19
715,30.43,29.19
586,30.43,29.19
725,30.43,29.19
362,30.43,29.19
322,30.43,29.19
225,30.43,29.19
238,30.43,29.19
882,30.43,29.19
120,30.43,29.19
690,30.43,29.19
294,30.43,29.19
431,30.43,29.19
249,30.43,29.19
664,30.43,29.19
574,30.43,29.19
658,30.43,29.19
234,30.43,29.19
501,30.43,29.19
334,30.43,29.19
371,30.43,29.19
449,30.43,29.19
499,30.43,29.19
298,30.43,29.19
224,30.43,29.19
612,30.43,29.19
253,30.43,29.19
570,30.43,29.19
189,30.43,29.19
469,30.43,29.19
338,30.43,29.19
494,30.43,29.19
487,30.43,29.19
577,30.43,29.19
449,30.43,29.19
540,30.43,29.19
532,30.43,29.19
287,30.43,29.19
645,30.43,29.19
608,30.43,29.19
402,30.43,29.19
170,30.43,29.19
539,30.43,29.19
304,30.43,29.19
664,30.43,29.19
407,30.43,29.19
744,30.43,29.19
166,30.43,29.19
325,30.43,29.19
624,30.43,29.19
477,30.43,29.31
771,30.43,29.31
720,30.43,29.31
485,30.43,29.31
576,30.43,29.31
630,30.43,29.31
395,30.43,29.31
608,30.43,29.31
118,30.43,29.31
733,30.43,29.31
145,30.43,29.31
755,30.43,29.31
364,30.43,29.31
734,30.43,29.31
661,30.43,29.31
718,30.43,29.31
459,30.43,29.31
542,30.43,29.31
831,30.43,29.31
473,30.43,29.31
456,30.43,29.31
484,30.43,29.31
486,30.43,29.31
172,30.43,29.31
572,30.43,29.31
146,30.43,29.31
575,30.43,29.31
288,30.43,29.31
587,30.43,29.31
232,30.43,29.31
602,30.43,29.31
290,30.43,29.31
756,30.43,29.31
261,30.43,29.31
374,30.43,29.31
625,30.43,29.31
118,30.43,29.31
586,30.43,29.31
443,30.43,29.31
453,30.43,29.31
375,30.43,29.31
668,30.43,29.31
483,30.43,29.31
264,30.43,29.31
362,30.43,29.31
582,30.43,29.31
312,30.43,29.31
