603,31.31,30.17
436,31.31,30.17
667,31.31,30.17
118,31.31,30.17
412,31.31,30.17
364,31.31,30.17
669,31.31,30.17
430,31.31,30.17
550,31.31,30.17
258,31.31,30.17
350,31.31,30.17
754,31.31,30.17
605,31.31,30.17
885,31.31,30.17
294,31.31,30.17
747,31.31,30.17
183,31.31,30.17
564,31.31,30.17
456,31.31,30.17
692,31.31,30.17
119,31.31,30.17
667,31.31,30.17
627,31.31,30.17
501,31.31,30.17
657,31.31,30.17
629,31.31,30.17
603,31.31,30.17
379,31.31,30.17
448,31.31,30.17
629,31.31,30.17
694,31.31,30.17
454,31.31,30.17
640,31.31,30.17
310,31.31,30.17
795,31.31,30.17
142,31.31,30.17
748,31.31,30.17
374,31.31,30.17
552,31.31,30.17
348,31.31,30.17
718,31.31,30.17
565,31.31,30.17
573,31.31,30.17
672,31.31,30.17
438,31.31,30.17
444,31.31,30.17
463,31.31,30.17
579,31.31,30.17
248,31.31,30.17
429,31.31,30.17
319,31.31,30.17
588,31.31,30.17
155,31.31,30.17
810,31.31,30.17
398,31.31,30.17
381,31.31,30.17
399,31.31,30.17
450,31.31,30.17
693,31.31,30.17
241,31.31,30.17
527,31.31,30.17
301,31.31,30.17
381,31.31,30.17
442,31.31,30.17
660,31.31,30.17
335,31.31,30.17
334,31.31,30.17
696,31.31,30.17
437,31.31,30.17
167,31.31,30.17
478,31.31,30.17
330,31.31,30.17
569,31.31,30.17
303,31.31,30.17
572,31.31,30.17
446,31.31,30.17
375,31.31,30.17
819,31.31,30.17
629,31.31,30.17
660,31.31,30.17
349,31.31,30.17
567,31.31,30.17
234,31.31,30.17
730,31.31,30.15
321,31.31,30.15
744,31.31,30.15
509,31.31,30.15
288,31.31,30.15
766,31.31,30.15
552,31.31,30.15
535,31.31,30.15
780,31.31,30.15
696,31.31,30.15
602,31.31,30.15
537,31.31,30.15
624,31.31,30.15
871,31.31,30.15
561,31.31,30.15
862,31.31,30.15
373,31.31,30.15
654,31.31,30.15
500,31.31,30.15
486,31.31,30.15
806,31.31,30.15
313,31.31,30.15
642,31.31,30.15
485,31.31,30.15
615,31.31,30.15
507,31.31,30.15
771,31.31,30.15
619,31.31,30.15
243,31.31,30.15
316,31.31,30.15
628,31.31,30.15
344,31.31,30.15
536,31.31,30.15
376,31.31,30.15
258,31.31,30.15
627,31.31,30.15
120,31.29,30.15
882,31.29,30.15
245,31.29,30.15
229,31.29,30.15
342,31.29,30.15
441,31.29,30.15
354,31.29,30.15
570,31.29,30.15
598,31.29,30.15
276,31.29,30.15
598,31.29,30.15
379,31.29,30.15
409,31.29,30.15
444,31.29,30.15
510,31.29,30.15
159,31.29,30.15
633,31.29,30.15
397,31.29,30.15
699,31.29,30.15
506,31.29,30.15
683,31.29,30.15
391,31.29,30.15
522,31.29,30.15
424,31.29,30.15
402,31.29,30.15
763,31.29,30.15
464,31.29,30.15
567,31.29,30.15
747,31.29,30.15
560,31.29,30.15
360,31.29,30.15
855,31.29,30.15
621,31.29,30.15
684,31.29,30.15
141,31.29,30.15
499,31.29,30.15
359,31.29,30.15
671,31.29,30.15
410,31.29,30.15
502,31.29,30.15
355,31.29,30.15
489,31.29,30.15
718,31.29,30.15
692,31.29,30.15
793,31.29,30.15
541,31.29,30.15
600,31.29,30.15
430,31.29,30.15
714,31.29,30.15
249,31.29,30.15
882,31.29,30.15
118,31.29,30.15
425,31.29,30.15
383,31.29,30.15
383,31.29,30.15
367,31.29,30.15
845,31.29,30.15
383,31.29,30.15
529,31.29,30.15
746,31.33,30.15
334,31.33,30.15
871,31.33,30.15
338,31.33,30.15
197,31.33,30.15
232,31.33,30.15
565,31.33,30.15
449,31.33,30.15
587,31.33,30.15
379,31.33,30.15
419,31.33,30.15
350,31.33,30.15
576,31.33,30.15
370,31.33,30.15
384,31.33,30.15
779,31.33,30.15
358,31.33,30.15
508,31.33,30.15
173,31.33,30.15
806,31.33,30.15
291,31.33,30.15
878,31.33,30.15
383,31.33,30.15
557,31.33,30.15
517,31.33,30.19
593,31.33,30.19
422,31.33,30.19
405,31.33,30.19
458,31.33,30.19
271,31.33,30.19
528,31.33,30.19
418,31.33,30.19
680,31.33,30.19
387,31.33,30.19
828,31.33,30.19
341,31.33,30.19
856,31.33,30.19
296,31.33,30.19
780,31.33,30.19
451,31.33,30.19
833,31.33,30.19
246,31.33,30.19
726,31.33,30.19
541,31.33,30.19
300,31.33,30.19
748,31.33,30.19
255,31.33,30.19
560,31.33,30.19
556,31.33,30.19
632,31.33,30.19
232,31.33,30.19
705,31.33,30.19
312,31.33,30.19
549,31.33,30.19
282,31.33,30.19
673,31.33,30.19
214,31.33,30.19
472,31.33,30.19
560,31.33,30.19
446,31.33,30.19
782,31.31,30.19
121,31.31,30.19
828,31.31,30.19
119,31.31,30.19
878,31.31,30.19
186,31.31,30.19
744,31.31,30.19
380,31.31,30.19
495,31.31,30.19
432,31.31,30.19
467,31.31,30.19
119,31.31,30.19
571,31.31,30.19
116,31.31,30.19
603,31.31,30.19
729,31.31,30.19
119,31.31,30.19
719,31.31,30.19
119,31.31,30.19
512,31.31,30.19
405,31.31,30.19
596,31.31,30.19
222,31.31,30.19
783,31.31,30.17
489,31.31,30.17
491,31.31,30.17
514,31.31,30.17
882,31.31,30.17
651,31.31,30.17
773,31.31,30.17
231,31.31,30.17
699,31.31,30.17
470,31.31,30.17
353,31.31,30.17
883,31.31,30.17
118,31.31,30.17
677,31.31,30.17
119,31.31,30.17
781,31.31,30.17
573,31.31,30.17
368,31.31,30.17
437,31.31,30.17
670,31.31,30.17
536,31.31,30.17
746,31.31,30.17
601,31.31,30.17
458,31.31,30.17
654,31.31,30.17
511,31.31,30.17
127,31.31,30.17
383,31.31,30.17
675,31.31,30.17
329,31.31,30.17
655,31.31,30.17
154,31.31,30.17
506,31.31,30.17
528,31.31,30.17
624,31.31,30.17
671,31.31,30.17
132,31.31,30.17
525,31.31,30.17
119,31.31,30.17
450,31.31,30.17
620,31.31,30.17
228,31.31,30.17
494,31.31,30.17
615,31.31,30.17
377,31.31,30.17
119,31.31,30.17
550,31.31,30.17
521,31.31,30.17
383,31.31,30.17
782,31.31,30.17
326,31.31,30.17
731,31.31,30.17
628,31.31,30.17
749,31.31,30.17
676,31.31,30.17
123,31.31,30.17
655,31.31,30.17
505,31.31,30.17
686,31.31,30.17
564,31.31,30.17
308,31.31,30.17
565,31.31,30.17
419,31.31,30.17
746,31.31,30.17
540,31.31,30.17
546,31.31,30.17
394,31.31,30.17
584,31.31,30.17
611,31.31,30.17
410,31.31,30.17
546,31.31,30.17
899,31.31,30.17
379,31.31,30.17
770,31.31,30.17
196,31.31,30.17
825,31.31,30.17
474,31.31,30.17
664,31.31,30.17
620,31.31,30.17
197,31.31,30.17
483,31.31,30.17
623,31.31,30.17
522,31.31,30.17
470,31.31,30.17
331,31.31,30.17
617,31.31,30.17
716,31.31,30.17
488,31.31,30.17
851,31.31,30.17
486,31.31,30.17
658,31.31,30.17
332,31.31,30.17
607,31.31,30.17
120,31.31,30.17
485,31.31,30.17
662,31.31,30.17
419,31.29,30.17
393,31.29,30.17
118,31.29,30.17
593,31.29,30.17
627,31.29,30.17
602,31.29,30.17
642,31.29,30.17
473,31.29,30.17
437,31.29,30.17
878,31.29,30.17
484,31.29,30.17
681,31.29,30.17
163,31.29,30.17
747,31.29,30.17
341,31.29,30.17
298,31.29,30.17
559,31.29,30.17
548,31.29,30.17
647,31.29,30.17
404,31.29,30.17
882,31.29,30.17
411,31.29,30.17
881,31.29,30.17
565,31.29,30.17
519,31.29,30.17
491,31.29,30.17
445,31.29,30.17
564,31.29,30.17
774,31.29,30.17
366,31.29,30.17
882,31.29,30.17
275,31.29,30.17
413,31.29,30.17
797,31.29,30.17
548,31.29,30.17
870,31.29,30.17
119,31.29,30.17
756,31.29,30.17
119,31.29,30.17
626,31.29,30.17
761,31.29,30.17
885,31.29,30.17
617,31.29,30.17
448,31.29,30.17
695,31.29,30.17
402,31.29,30.17
581,31.29,30.17
500,31.29,30.17
221,31.29,30.17
424,31.29,30.17
251,31.29,30.17
508,31.29,30.17
882,31.29,30.17
119,31.29,30.17
602,31.29,30.17
121,31.29,30.17
603,31.29,30.17
151,31.29,30.17
605,31.29,30.17
695,31.29,30.17
445,31.29,30.17
678,31.29,30.17
