478,29.53,28.11
602,29.53,28.11
528,29.53,28.11
355,29.53,28.11
124,29.53,28.11
792,29.53,28.11
414,29.53,28.11
453,29.53,28.11
417,29.53,28.11
337,29.53,28.11
537,29.53,28.11
562,29.53,28.11
647,29.53,28.11
141,29.53,28.11
686,29.53,28.11
341,29.53,28.11
468,29.53,28.11
523,29.53,28.11
479,29.53,28.11
628,29.53,28.11
661,29.53,28.11
265,29.53,28.11
396,29.53,28.11
715,29.53,28.11
620,29.53,28.37
493,29.53,28.37
398,29.53,28.37
570,29.53,28.37
449,29.53,28.37
768,29.53,28.37
377,29.53,28.37
762,29.53,28.37
425,29.53,28.37
668,29.53,28.37
438,29.53,28.37
205,29.53,28.37
613,29.53,28.37
438,29.53,28.37
881,29.53,28.37
405,29.53,28.37
805,29.53,28.37
667,29.53,28.37
590,29.53,28.37
573,29.53,28.37
636,29.53,28.37
402,29.53,28.37
796,29.53,28.37
289,29.53,28.37
437,29.53,28.37
291,29.53,28.37
616,29.53,28.37
335,29.53,28.37
522,29.53,28.37
568,29.53,28.37
160,29.53,28.37
671,29.53,28.37
454,29.53,28.37
803,29.53,28.37
390,29.53,28.37
772,29.53,28.37
555,29.57,28.37
386,29.57,28.37
493,29.57,28.37
311,29.57,28.37
326,29.57,28.37
488,29.57,28.37
564,29.57,28.37
551,29.57,28.37
734,29.57,28.37
274,29.57,28.37
542,29.57,28.37
404,29.57,28.37
340,29.57,28.37
449,29.57,28.37
766,29.57,28.37
120,29.57,28.37
466,29.57,28.37
462,29.57,28.37
588,29.57,28.37
579,29.57,28.37
437,29.57,28.37
381,29.57,28.37
219,29.57,28.37
591,29.57,28.37
121,29.57,28.33
875,29.57,28.33
366,29.57,28.33
722,29.57,28.33
371,29.57,28.33
699,29.57,28.33
384,29.57,28.33
522,29.57,28.33
606,29.57,28.33
690,29.57,28.33
400,29.57,28.33
533,29.57,28.33
548,29.57,28.33
539,29.57,28.33
647,29.57,28.33
484,29.57,28.33
713,29.57,28.33
125,29.57,28.33
751,29.57,28.33
163,29.57,28.33
622,29.57,28.33
594,29.57,28.33
690,29.57,28.33
410,29.57,28.33
740,29.57,28.33
379,29.57,28.33
864,29.57,28.33
458,29.57,28.33
486,29.57,28.33
577,29.57,28.33
192,29.57,28.33
455,29.57,28.33
273,29.57,28.33
648,29.57,28.33
133,29.57,28.33
727,29.57,28.33
171,29.55,28.33
366,29.55,28.33
120,29.55,28.33
650,29.55,28.33
194,29.55,28.33
605,29.55,28.33
487,29.55,28.33
547,29.55,28.33
449,29.55,28.33
444,29.55,28.33
613,29.55,28.33
352,29.55,28.33
432,29.55,28.33
194,29.55,28.33
703,29.55,28.33
333,29.55,28.33
333,29.55,28.33
560,29.55,28.33
628,29.55,28.33
489,29.55,28.33
315,29.55,28.33
554,29.55,28.33
266,29.55,28.33
421,29.55,28.47
714,29.55,28.47
450,29.55,28.47
382,29.55,28.47
649,29.55,28.47
408,29.55,28.47
462,29.55,28.47
246,29.55,28.47
850,29.55,28.47
355,29.55,28.47
615,29.55,28.47
694,29.55,28.47
552,29.55,28.47
803,29.55,28.47
610,29.55,28.47
660,29.55,28.47
474,29.55,28.47
573,29.55,28.47
416,29.55,28.47
612,29.55,28.47
413,29.55,28.47
711,29.55,28.47
575,29.55,28.47
729,29.55,28.47
396,29.55,28.47
560,29.55,28.47
488,29.55,28.47
414,29.55,28.47
584,29.55,28.47
811,29.55,28.47
404,29.55,28.47
368,29.55,28.47
617,29.55,28.47
258,29.55,28.47
882,29.55,28.47
122,29.55,28.47
608,29.55,28.47
372,29.55,28.47
466,29.55,28.47
383,29.55,28.47
590,29.55,28.47
401,29.55,28.47
269,29.55,28.47
792,29.55,28.47
363,29.55,28.47
427,29.55,28.47
484,29.55,28.47
804,29.55,28.47
162,29.55,28.47
623,29.55,28.47
327,29.55,28.47
876,29.55,28.47
270,29.55,28.47
869,29.55,28.47
621,29.55,28.47
689,29.55,28.47
581,29.55,28.47
426,29.55,28.47
391,29.55,28.47
446,29.55,28.47
505,29.55,28.33
596,29.55,28.33
398,29.55,28.33
516,29.55,28.33
620,29.55,28.33
581,29.55,28.33
788,29.55,28.33
547,29.55,28.33
734,29.55,28.33
372,29.55,28.33
845,29.55,28.33
529,29.55,28.33
714,29.55,28.33
439,29.55,28.33
482,29.55,28.33
532,29.55,28.33
333,29.55,28.33
131,29.55,28.33
554,29.55,28.33
730,29.55,28.33
504,29.55,28.33
690,29.55,28.33
135,29.55,28.33
579,29.55,28.33
412,29.55,28.33
793,29.55,28.33
219,29.55,28.33
497,29.55,28.33
350,29.55,28.33
500,29.55,28.33
239,29.55,28.33
409,29.55,28.33
581,29.55,28.33
488,29.55,28.33
310,29.55,28.33
123,29.55,28.33
589,29.55,28.33
561,29.55,28.33
303,29.55,28.33
546,29.55,28.33
633,29.55,28.33
409,29.55,28.33
699,29.55,28.33
504,29.55,28.33
423,29.55,28.33
255,29.55,28.33
450,29.55,28.33
333,29.55,28.33
465,29.55,28.33
471,29.55,28.33
467,29.55,28.33
610,29.55,28.33
348,29.55,28.33
415,29.55,28.33
526,29.55,28.33
263,29.55,28.33
518,29.55,28.33
550,29.55,28.33
444,29.55,28.33
496,29.55,28.57
445,29.55,28.57
851,29.55,28.57
464,29.55,28.57
589,29.55,28.57
617,29.55,28.57
520,29.55,28.57
667,29.55,28.57
336,29.55,28.57
758,29.55,28.57
465,29.55,28.57
790,29.55,28.57
521,29.55,28.57
713,29.55,28.57
538,29.55,28.57
785,29.55,28.57
772,29.55,28.57
506,29.55,28.57
509,29.55,28.57
655,29.55,28.57
331,29.55,28.57
561,29.55,28.57
632,29.55,28.57
275,29.55,28.57
745,29.55,28.57
134,29.55,28.57
728,29.55,28.57
278,29.55,28.57
293,29.55,28.57
445,29.55,28.57
603,29.55,28.57
472,29.55,28.57
327,29.55,28.57
650,29.55,28.57
364,29.55,28.57
285,29.55,28.57
321,29.57,28.57
452,29.57,28.57
367,29.57,28.57
421,29.57,28.57
299,29.57,28.57
577,29.57,28.57
121,29.57,28.57
581,29.57,28.57
350,29.57,28.57
241,29.57,28.57
488,29.57,28.57
385,29.57,28.57
533,29.57,28.57
170,29.57,28.57
776,29.57,28.57
674,29.57,28.57
667,29.57,28.57
661,29.57,28.57
653,29.57,28.57
498,29.57,28.57
527,29.57,28.57
397,29.57,28.57
203,29.57,28.57
521,29.57,28.57
440,29.57,28.33
443,29.57,28.33
793,29.57,28.33
331,29.57,28.33
737,29.57,28.33
619,29.57,28.33
397,29.57,28.33
869,29.57,28.33
582,29.57,28.33
881,29.57,28.33
534,29.57,28.33
471,29.57,28.33
458,29.57,28.33
601,29.57,28.33
565,29.57,28.33
586,29.57,28.33
642,29.57,28.33
495,29.57,28.33
619,29.57,28.33
331,29.57,28.33
425,29.57,28.33
568,29.57,28.33
584,29.57,28.33
528,29.57,28.33
371,29.57,28.33
208,29.57,28.33
823,29.57,28.33
349,29.57,28.33
561,29.57,28.33
205,29.57,28.33
390,29.57,28.33
528,29.57,28.33
136,29.57,28.33
623,29.57,28.33
284,29.57,28.33
663,29.57,28.33
305,29.55,28.33
726,29.55,28.33
302,29.55,28.33
410,29.55,28.33
803,29.55,28.33
396,29.55,28.33
472,29.55,28.33
357,29.55,28.33
385,29.55,28.33
643,29.55,28.33
600,29.55,28.33
547,29.55,28.33
503,29.55,28.33
260,29.55,28.33
583,29.55,28.33
314,29.55,28.33
676,29.55,28.33
743,29.55,28.33
453,29.55,28.33
536,29.55,28.33
271,29.55,28.33
643,29.55,28.33
795,29.55,28.33
177,29.55,28.27
881,29.55,28.27
535,29.55,28.27
427,29.55,28.27
478,29.55,28.27
660,29.55,28.27
720,29.55,28.27
343,29.55,28.27
882,29.55,28.27
121,29.55,28.27
839,29.55,28.27
475,29.55,28.27
828,29.55,28.27
829,29.55,28.27
312,29.55,28.27
612,29.55,28.27
817,29.55,28.27
699,29.55,28.27
766,29.55,28.27
124,29.55,28.27
695,29.55,28.27
677,29.55,28.27
482,29.55,28.27
680,29.55,28.27
197,29.55,28.27
754,29.55,28.27
141,29.55,28.27
884,29.55,28.27
320,29.55,28.27
751,29.55,28.27
563,29.55,28.27
546,29.55,28.27
463,29.55,28.27
259,29.55,28.27
884,29.55,28.27
121,29.55,28.27
574,29.55,28.27
182,29.55,28.27
369,29.55,28.27
