173,30.87,29.77
683,30.87,29.77
337,30.87,29.77
474,30.87,29.77
325,30.87,29.77
614,30.87,29.77
491,30.87,29.77
120,30.87,29.77
512,30.87,29.77
455,30.87,29.77
469,30.87,29.77
280,30.87,29.77
607,30.87,29.77
379,30.87,29.77
603,30.87,29.77
225,30.87,29.77
536,30.87,29.77
215,30.87,29.77
673,30.87,29.77
378,30.87,29.77
421,30.87,29.77
438,30.87,29.77
445,30.87,29.77
800,30.87,29.77
302,30.87,29.77
357,30.87,29.77
360,30.87,29.77
741,30.87,29.77
119,30.87,29.77
594,30.87,29.77
463,30.87,29.77
550,30.87,29.77
330,30.87,29.77
594,30.87,29.77
468,30.87,29.77
620,30.87,29.77
490,30.87,29.77
397,30.87,29.77
595,30.87,29.77
195,30.87,29.55
845,30.87,29.55
404,30.87,29.55
375,30.87,29.55
359,30.87,29.55
829,30.87,29.55
358,30.87,29.55
618,30.87,29.55
811,30.87,29.55
652,30.87,29.55
629,30.87,29.55
591,30.87,29.55
406,30.87,29.55
467,30.87,29.55
659,30.87,29.55
286,30.87,29.55
620,30.87,29.55
246,30.87,29.55
652,30.87,29.55
445,30.87,29.55
881,30.87,29.55
310,30.87,29.55
858,30.87,29.55
591,30.87,29.55
595,30.87,29.55
601,30.87,29.55
687,30.87,29.55
761,30.87,29.55
336,30.87,29.55
761,30.87,29.55
233,30.87,29.55
853,30.87,29.55
256,30.87,29.55
641,30.87,29.55
416,30.87,29.55
637,30.87,29.55
559,30.87,29.55
492,30.87,29.55
380,30.87,29.55
535,30.87,29.55
526,30.87,29.55
516,30.87,29.55
621,30.87,29.55
167,30.87,29.55
767,30.87,29.55
311,30.87,29.55
795,30.87,29.55
308,30.87,29.55
508,30.87,29.55
350,30.87,29.55
667,30.87,29.55
146,30.87,29.55
544,30.87,29.55
510,30.87,29.55
414,30.87,29.55
879,30.87,29.55
265,30.87,29.55
554,30.87,29.55
480,30.87,29.55
410,30.87,29.55
362,30.87,29.59
649,30.87,29.59
225,30.87,29.59
866,30.87,29.59
381,30.87,29.59
686,30.87,29.59
222,30.87,29.59
569,30.87,29.59
573,30.87,29.59
466,30.87,29.59
685,30.87,29.59
364,30.87,29.59
881,30.87,29.59
277,30.87,29.59
839,30.87,29.59
357,30.87,29.59
685,30.87,29.59
356,30.87,29.59
522,30.87,29.59
578,30.87,29.59
729,30.87,29.59
421,30.87,29.59
559,30.87,29.59
443,30.87,29.59
602,30.87,29.59
388,30.87,29.59
289,30.87,29.59
840,30.87,29.59
352,30.87,29.59
781,30.87,29.59
290,30.87,29.59
721,30.87,29.59
432,30.87,29.59
671,30.87,29.59
549,30.87,29.59
635,30.87,29.59
447,30.89,29.59
587,30.89,29.59
672,30.89,29.59
344,30.89,29.59
707,30.89,29.59
347,30.89,29.59
691,30.89,29.59
399,30.89,29.59
521,30.89,29.59
308,30.89,29.59
600,30.89,29.59
289,30.89,29.59
538,30.89,29.59
401,30.89,29.59
611,30.89,29.59
556,30.89,29.59
258,30.89,29.59
597,30.89,29.59
181,30.89,29.59
760,30.89,29.59
120,30.89,29.59
563,30.89,29.59
124,30.89,29.59
599,30.89,29.63
121,30.89,29.63
654,30.89,29.63
360,30.89,29.63
606,30.89,29.63
608,30.89,29.63
501,30.89,29.63
502,30.89,29.63
330,30.89,29.63
617,30.89,29.63
308,30.89,29.63
573,30.89,29.63
285,30.89,29.63
638,30.89,29.63
334,30.89,29.63
716,30.89,29.63
264,30.89,29.63
543,30.89,29.63
239,30.89,29.63
431,30.89,29.63
552,30.89,29.63
466,30.89,29.63
556,30.89,29.63
630,30.89,29.63
881,30.89,29.63
471,30.89,29.63
630,30.89,29.63
582,30.89,29.63
447,30.89,29.63
314,30.89,29.63
763,30.89,29.63
359,30.89,29.63
539,30.89,29.63
521,30.89,29.63
567,30.89,29.63
533,30.89,29.63
433,30.91,29.63
555,30.91,29.63
473,30.91,29.63
326,30.91,29.63
324,30.91,29.63
548,30.91,29.63
593,30.91,29.63
692,30.91,29.63
420,30.91,29.63
721,30.91,29.63
370,30.91,29.63
570,30.91,29.63
533,30.91,29.63
437,30.91,29.63
391,30.91,29.63
530,30.91,29.63
556,30.91,29.63
378,30.91,29.63
613,30.91,29.63
426,30.91,29.63
634,30.91,29.63
357,30.91,29.63
411,30.91,29.63
379,30.91,29.63
658,30.91,29.55
440,30.91,29.55
530,30.91,29.55
465,30.91,29.55
635,30.91,29.55
447,30.91,29.55
272,30.91,29.55
433,30.91,29.55
355,30.91,29.55
546,30.91,29.55
340,30.91,29.55
448,30.91,29.55
469,30.91,29.55
746,30.91,29.55
523,30.91,29.55
582,30.91,29.55
244,30.91,29.55
458,30.91,29.55
583,30.91,29.55
755,30.91,29.55
475,30.91,29.55
643,30.91,29.55
499,30.91,29.55
523,30.91,29.55
588,30.91,29.55
395,30.91,29.55
650,30.91,29.55
509,30.91,29.55
654,30.91,29.55
363,30.91,29.55
583,30.91,29.55
469,30.91,29.55
881,30.91,29.55
531,30.91,29.55
880,30.91,29.55
530,30.91,29.55
572,30.89,29.55
461,30.89,29.55
677,30.89,29.55
553,30.89,29.55
485,30.89,29.55
523,30.89,29.55
346,30.89,29.55
668,30.89,29.55
276,30.89,29.55
665,30.89,29.55
262,30.89,29.55
680,30.89,29.55
357,30.89,29.55
455,30.89,29.55
426,30.89,29.55
517,30.89,29.55
311,30.89,29.55
373,30.89,29.55
408,30.89,29.55
155,30.89,29.55
482,30.89,29.55
335,30.89,29.55
441,30.89,29.55
331,30.89,29.83
627,30.89,29.83
123,30.89,29.83
636,30.89,29.83
366,30.89,29.83
383,30.89,29.83
423,30.89,29.83
320,30.89,29.83
318,30.89,29.83
353,30.89,29.83
331,30.89,29.83
429,30.89,29.83
527,30.89,29.83
483,30.89,29.83
473,30.89,29.83
367,30.89,29.83
455,30.89,29.83
460,30.89,29.83
384,30.89,29.83
490,30.89,29.83
512,30.89,29.83
587,30.89,29.83
755,30.89,29.83
565,30.89,29.83
571,30.89,29.83
658,30.89,29.83
737,30.89,29.83
795,30.89,29.83
481,30.89,29.83
770,30.89,29.83
368,30.89,29.83
785,30.89,29.83
121,30.89,29.83
833,30.89,29.83
416,30.89,29.83
448,30.89,29.83
519,30.89,29.83
356,30.91,29.83
740,30.91,29.83
530,30.91,29.83
786,30.91,29.83
316,30.91,29.83
774,30.91,29.83
453,30.91,29.83
560,30.91,29.83
219,30.91,29.83
594,30.91,29.83
324,30.91,29.83
469,30.91,29.83
202,30.91,29.83
480,30.91,29.83
530,30.91,29.83
453,30.91,29.83
393,30.91,29.83
367,30.91,29.83
547,30.91,29.83
259,30.91,29.83
655,30.91,29.83
225,30.91,29.83
461,30.91,29.83
226,30.91,29.65
651,30.91,29.65
473,30.91,29.65
613,30.91,29.65
558,30.91,29.65
536,30.91,29.65
322,30.91,29.65
531,30.91,29.65
548,30.91,29.65
240,30.91,29.65
622,30.91,29.65
541,30.91,29.65
607,30.91,29.65
198,30.91,29.65
745,30.91,29.65
459,30.91,29.65
705,30.91,29.65
191,30.91,29.65
881,30.91,29.65
242,30.91,29.65
526,30.91,29.65
609,30.91,29.65
673,30.91,29.65
498,30.91,29.65
341,30.91,29.65
583,30.91,29.65
688,30.91,29.65
352,30.91,29.65
422,30.91,29.65
809,30.91,29.65
320,30.91,29.65
798,30.91,29.65
376,30.91,29.65
882,30.91,29.65
320,30.91,29.65
858,30.91,29.65
389,30.89,29.65
540,30.89,29.65
356,30.89,29.65
649,30.89,29.65
776,30.89,29.65
310,30.89,29.65
603,30.89,29.65
502,30.89,29.65
560,30.89,29.65
120,30.89,29.65
738,30.89,29.65
377,30.89,29.65
792,30.89,29.65
488,30.89,29.65
796,30.89,29.65
670,30.89,29.65
518,30.89,29.65
582,30.89,29.65
551,30.89,29.65
563,30.89,29.65
122,30.89,29.65
756,30.89,29.65
290,30.89,29.65
514,30.89,29.65
304,30.89,29.69
606,30.89,29.69
124,30.89,29.69
493,30.89,29.69
645,30.89,29.69
482,30.89,29.69
353,30.89,29.69
363,30.89,29.69
505,30.89,29.69
380,30.89,29.69
482,30.89,29.69
227,30.89,29.69
585,30.89,29.69
120,30.89,29.69
801,30.89,29.69
374,30.89,29.69
671,30.89,29.69
225,30.89,29.69
812,30.89,29.69
674,30.89,29.69
317,30.89,29.69
