331,32.65,31.27
717,32.65,31.27
268,32.65,31.27
175,32.65,31.27
375,32.65,31.27
387,32.65,31.35
332,32.65,31.35
432,32.65,31.35
521,32.65,31.35
121,32.65,31.35
383,32.65,31.35
388,32.65,31.35
446,32.65,31.35
507,32.65,31.35
508,32.65,31.35
318,32.65,31.35
724,32.65,31.35
241,32.65,31.35
757,32.65,31.35
148,32.65,31.35
479,32.65,31.35
581,32.65,31.35
596,32.65,31.35
357,32.65,31.35
632,32.65,31.35
492,32.65,31.35
470,32.65,31.35
565,32.65,31.35
398,32.65,31.35
442,32.65,31.35
446,32.65,31.35
361,32.65,31.35
530,32.65,31.35
579,32.65,31.35
256,32.65,31.35
598,32.65,31.35
441,32.65,31.35
299,32.65,31.35
634,32.65,31.35
418,32.65,31.35
492,32.65,31.35
551,32.67,31.35
657,32.67,31.35
253,32.67,31.35
629,32.67,31.35
507,32.67,31.35
884,32.67,31.35
368,32.67,31.35
770,32.67,31.35
660,32.67,31.35
630,32.67,31.35
633,32.67,31.35
378,32.67,31.35
414,32.67,31.35
513,32.67,31.35
490,32.67,31.35
629,32.67,31.35
539,32.67,31.35
310,32.67,31.35
734,32.67,31.35
543,32.67,31.35
604,32.67,31.35
272,32.67,31.35
761,32.67,31.35
264,32.67,31.35
649,32.67,31.43
471,32.67,31.43
325,32.67,31.43
453,32.67,31.43
430,32.67,31.43
516,32.67,31.43
121,32.67,31.43
461,32.67,31.43
412,32.67,31.43
568,32.67,31.43
358,32.67,31.43
464,32.67,31.43
422,32.67,31.43
309,32.67,31.43
312,32.67,31.43
543,32.67,31.43
386,32.67,31.43
714,32.67,31.43
338,32.67,31.43
638,32.67,31.43
457,32.67,31.43
386,32.67,31.43
562,32.67,31.43
440,32.67,31.43
487,32.67,31.43
304,32.67,31.43
868,32.67,31.43
286,32.67,31.43
503,32.67,31.43
461,32.67,31.43
746,32.67,31.43
225,32.67,31.43
572,32.67,31.43
661,32.67,31.43
640,32.67,31.43
457,32.67,31.43
684,32.65,31.43
710,32.65,31.43
360,32.65,31.43
455,32.65,31.43
415,32.65,31.43
676,32.65,31.43
183,32.65,31.43
578,32.65,31.43
618,32.65,31.43
699,32.65,31.43
603,32.65,31.43
402,32.65,31.43
511,32.65,31.43
440,32.65,31.43
629,32.65,31.43
540,32.65,31.43
600,32.65,31.43
594,32.65,31.43
758,32.65,31.43
211,32.65,31.43
585,32.65,31.43
316,32.65,31.43
611,32.65,31.43
225,32.65,31.55
182,32.65,31.55
563,32.65,31.55
462,32.65,31.55
575,32.65,31.55
537,32.65,31.55
749,32.65,31.55
447,32.65,31.55
515,32.65,31.55
471,32.65,31.55
444,32.65,31.55
311,32.65,31.55
218,32.65,31.55
395,32.65,31.55
530,32.65,31.55
339,32.65,31.55
456,32.65,31.55
525,32.65,31.55
355,32.65,31.55
324,32.65,31.55
586,32.65,31.55
501,32.65,31.55
555,32.65,31.55
705,32.65,31.55
464,32.65,31.55
637,32.65,31.55
341,32.65,31.55
777,32.65,31.55
487,32.65,31.55
497,32.65,31.55
573,32.65,31.55
354,32.65,31.55
410,32.65,31.55
600,32.65,31.55
758,32.65,31.55
652,32.65,31.55
379,32.67,31.55
578,32.67,31.55
478,32.67,31.55
391,32.67,31.55
760,32.67,31.55
402,32.67,31.55
883,32.67,31.55
300,32.67,31.55
677,32.67,31.55
625,32.67,31.55
714,32.67,31.55
635,32.67,31.55
459,32.67,31.55
378,32.67,31.55
235,32.67,31.55
506,32.67,31.55
336,32.67,31.55
656,32.67,31.55
478,32.67,31.55
644,32.67,31.55
127,32.67,31.55
689,32.67,31.55
456,32.67,31.55
704,32.67,31.55
395,32.67,31.47
631,32.67,31.47
595,32.67,31.47
566,32.67,31.47
524,32.67,31.47
166,32.67,31.47
583,32.67,31.47
167,32.67,31.47
292,32.67,31.47
481,32.67,31.47
627,32.67,31.47
294,32.67,31.47
718,32.67,31.47
282,32.67,31.47
830,32.67,31.47
615,32.67,31.47
728,32.67,31.47
635,32.67,31.47
424,32.67,31.47
452,32.67,31.47
456,32.67,31.47
670,32.67,31.47
290,32.67,31.47
792,32.67,31.47
334,32.67,31.47
627,32.67,31.47
453,32.67,31.47
771,32.67,31.47
270,32.67,31.47
613,32.67,31.47
572,32.67,31.47
682,32.67,31.47
446,32.67,31.47
797,32.67,31.47
612,32.67,31.47
650,32.67,31.47
764,32.67,31.47
230,32.67,31.47
649,32.67,31.47
474,32.67,31.47
743,32.67,31.47
400,32.67,31.47
675,32.67,31.47
207,32.67,31.47
795,32.67,31.47
468,32.67,31.47
363,32.67,31.47
563,32.67,31.47
640,32.67,31.47
352,32.67,31.47
756,32.67,31.47
212,32.67,31.47
543,32.67,31.47
369,32.67,31.47
176,32.67,31.47
473,32.67,31.47
259,32.67,31.47
618,32.67,31.47
374,32.67,31.47
549,32.67,31.61
301,32.67,31.61
387,32.67,31.61
597,32.67,31.61
503,32.67,31.61
444,32.67,31.61
735,32.67,31.61
520,32.67,31.61
352,32.67,31.61
629,32.67,31.61
602,32.67,31.61
561,32.67,31.61
542,32.67,31.61
487,32.67,31.61
250,32.67,31.61
738,32.67,31.61
252,32.67,31.61
777,32.67,31.61
232,32.67,31.61
695,32.67,31.61
308,32.67,31.61
552,32.67,31.61
563,32.67,31.61
454,32.67,31.61
583,32.67,31.61
777,32.67,31.61
759,32.67,31.61
652,32.67,31.61
459,32.67,31.61
432,32.67,31.61
707,32.67,31.61
319,32.67,31.61
625,32.67,31.61
267,32.67,31.61
776,32.67,31.61
509,32.67,31.61
617,32.67,31.61
600,32.67,31.61
573,32.67,31.61
640,32.67,31.61
485,32.67,31.61
673,32.67,31.61
307,32.67,31.61
573,32.67,31.61
299,32.67,31.61
575,32.67,31.61
419,32.67,31.61
477,32.67,31.61
169,32.67,31.61
761,32.67,31.61
119,32.67,31.61
706,32.67,31.61
653,32.67,31.61
419,32.67,31.61
319,32.67,31.61
658,32.67,31.61
224,32.67,31.61
357,32.67,31.61
612,32.67,31.61
215,32.67,31.55
715,32.67,31.55
163,32.67,31.55
529,32.67,31.55
331,32.67,31.55
392,32.67,31.55
422,32.67,31.55
629,32.67,31.55
278,32.67,31.55
482,32.67,31.55
508,32.67,31.55
731,32.67,31.55
390,32.67,31.55
402,32.67,31.55
885,32.67,31.55
475,32.67,31.55
771,32.67,31.55
117,32.67,31.55
765,32.67,31.55
255,32.67,31.55
800,32.67,31.55
164,32.67,31.55
776,32.67,31.55
415,32.67,31.55
509,32.67,31.55
526,32.67,31.55
444,32.67,31.55
585,32.67,31.55
700,32.67,31.55
513,32.67,31.55
410,32.67,31.55
838,32.67,31.55
301,32.67,31.55
880,32.67,31.55
328,32.67,31.55
885,32.67,31.55
120,32.67,31.55
667,32.67,31.55
254,32.67,31.55
464,32.67,31.55
366,32.67,31.55
390,32.67,31.55
608,32.67,31.55
437,32.67,31.55
558,32.67,31.55
187,32.67,31.55
661,32.67,31.55
558,32.67,31.55
477,32.67,31.55
177,32.67,31.55
539,32.67,31.55
304,32.67,31.55
844,32.67,31.55
332,32.67,31.55
757,32.67,31.55
470,32.67,31.55
196,32.67,31.55
550,32.67,31.55
117,32.67,31.55
678,32.67,31.55
148,32.67,31.57
720,32.67,31.57
190,32.67,31.57
754,32.67,31.57
419,32.67,31.57
659,32.67,31.57
181,32.67,31.57
489,32.67,31.57
240,32.67,31.57
463,32.67,31.57
272,32.67,31.57
795,32.67,31.57
497,32.67,31.57
508,32.67,31.57
626,32.67,31.57
119,32.67,31.57
885,32.67,31.57
260,32.67,31.57
798,32.67,31.57
432,32.67,31.57
772,32.67,31.57
489,32.67,31.57
779,32.67,31.57
587,32.67,31.57
657,32.67,31.57
516,32.67,31.57
387,32.67,31.57
801,32.67,31.57
594,32.67,31.57
589,32.67,31.57
512,32.67,31.57
703,32.67,31.57
337,32.67,31.57
596,32.67,31.57
304,32.67,31.57
785,32.67,31.57
347,32.67,31.57
711,32.67,31.57
401,32.67,31.57
712,32.67,31.57
615,32.67,31.57
670,32.67,31.57
616,32.67,31.57
553,32.67,31.57
777,32.67,31.57
126,32.67,31.57
575,32.67,31.57
628,32.67,31.57
489,32.67,31.57
485,32.67,31.57
596,32.67,31.57
360,32.67,31.57
607,32.67,31.57
233,32.67,31.57
788,32.67,31.57
386,32.67,31.57
