703,31.47,30.33
579,31.47,30.33
369,31.47,30.33
626,31.47,30.33
385,31.47,30.33
784,31.47,30.33
478,31.47,30.33
632,31.47,30.33
486,31.47,30.33
508,31.47,30.33
158,31.47,30.33
635,31.47,30.33
584,31.47,30.33
398,31.47,30.33
671,31.47,30.33
481,31.47,30.33
368,31.47,30.33
330,31.47,30.33
637,31.47,30.33
347,31.47,30.33
720,31.47,30.33
397,31.47,30.33
769,31.47,30.33
482,31.47,30.33
571,31.47,30.33
571,31.47,30.33
405,31.47,30.33
511,31.47,30.33
397,31.47,30.33
664,31.47,30.33
127,31.47,30.33
541,31.47,30.33
493,31.47,30.33
346,31.47,30.33
485,31.47,30.33
448,31.47,30.33
411,31.47,30.37
457,31.47,30.37
522,31.47,30.37
475,31.47,30.37
358,31.47,30.37
461,31.47,30.37
742,31.47,30.37
199,31.47,30.37
584,31.47,30.37
238,31.47,30.37
719,31.47,30.37
132,31.47,30.37
438,31.47,30.37
512,31.47,30.37
429,31.47,30.37
600,31.47,30.37
254,31.47,30.37
881,31.47,30.37
389,31.47,30.37
621,31.47,30.37
450,31.47,30.37
547,31.47,30.37
570,31.47,30.37
640,31.47,30.37
387,31.47,30.37
619,31.47,30.37
124,31.47,30.37
653,31.47,30.37
489,31.47,30.37
470,31.47,30.37
748,31.47,30.37
578,31.47,30.37
495,31.47,30.37
221,31.47,30.37
739,31.47,30.37
217,31.47,30.37
854,31.49,30.37
441,31.49,30.37
871,31.49,30.37
373,31.49,30.37
518,31.49,30.37
727,31.49,30.37
283,31.49,30.37
440,31.49,30.37
686,31.49,30.37
234,31.49,30.37
431,31.49,30.37
470,31.49,30.37
461,31.49,30.37
788,31.49,30.37
461,31.49,30.37
828,31.49,30.37
137,31.49,30.37
923,31.49,30.37
404,31.49,30.37
453,31.49,30.37
547,31.49,30.37
323,31.49,30.37
503,31.49,30.37
125,31.49,30.37
403,31.49,30.37
387,31.49,30.37
554,31.49,30.37
652,31.49,30.37
223,31.49,30.37
260,31.49,30.37
752,31.49,30.37
470,31.49,30.37
687,31.49,30.37
122,31.49,30.37
768,31.49,30.37
239,31.49,30.37
824,31.49,30.37
610,31.49,30.37
281,31.49,30.37
451,31.49,30.37
395,31.49,30.37
866,31.49,30.37
300,31.49,30.37
377,31.49,30.37
591,31.49,30.37
497,31.49,30.37
328,31.49,30.37
818,31.49,30.37
500,31.49,30.37
660,31.49,30.37
288,31.49,30.37
853,31.49,30.37
153,31.49,30.37
523,31.49,30.37
811,31.49,30.37
790,31.49,30.37
558,31.49,30.37
498,31.49,30.37
327,31.49,30.37
270,31.49,30.37
647,31.49,30.37
302,31.49,30.37
598,31.49,30.37
259,31.49,30.37
785,31.49,30.37
412,31.49,30.37
340,31.49,30.37
503,31.49,30.37
553,31.49,30.37
492,31.49,30.37
602,31.49,30.37
360,31.49,30.37
393,31.49,30.37
766,31.49,30.37
262,31.49,30.37
672,31.49,30.37
262,31.49,30.37
318,31.49,30.37
272,31.49,30.37
595,31.49,30.37
497,31.49,30.37
429,31.49,30.37
830,31.49,30.37
508,31.49,30.37
742,31.49,30.33
382,31.49,30.33
592,31.49,30.33
307,31.49,30.33
379,31.49,30.33
329,31.49,30.33
506,31.49,30.33
241,31.49,30.33
494,31.49,30.33
384,31.49,30.33
635,31.49,30.33
337,31.49,30.33
426,31.49,30.33
598,31.49,30.33
358,31.49,30.33
840,31.49,30.33
429,31.49,30.33
768,31.49,30.33
535,31.49,30.33
814,31.49,30.33
511,31.49,30.33
622,31.49,30.33
694,31.49,30.33
615,31.49,30.33
713,31.49,30.33
448,31.49,30.33
600,31.49,30.33
428,31.49,30.33
467,31.49,30.33
685,31.49,30.33
463,31.49,30.33
434,31.49,30.33
493,31.49,30.33
279,31.49,30.33
602,31.49,30.33
220,31.49,30.33
651,31.47,30.33
386,31.47,30.33
682,31.47,30.33
706,31.47,30.33
538,31.47,30.33
574,31.47,30.33
193,31.47,30.33
710,31.47,30.33
321,31.47,30.33
328,31.47,30.33
308,31.47,30.33
600,31.47,30.33
577,31.47,30.33
435,31.47,30.33
195,31.47,30.33
522,31.47,30.33
120,31.47,30.33
749,31.47,30.33
120,31.47,30.33
525,31.47,30.33
501,31.47,30.33
636,31.47,30.33
472,31.47,30.33
122,31.47,30.31
550,31.47,30.31
245,31.47,30.31
415,31.47,30.31
252,31.47,30.31
531,31.47,30.31
295,31.47,30.31
838,31.47,30.31
447,31.47,30.31
811,31.47,30.31
652,31.47,30.31
664,31.47,30.31
678,31.47,30.31
745,31.47,30.31
570,31.47,30.31
738,31.47,30.31
829,31.47,30.31
133,31.47,30.31
581,31.47,30.31
509,31.47,30.31
447,31.47,30.31
189,31.47,30.31
697,31.47,30.31
382,31.47,30.31
541,31.47,30.31
588,31.47,30.31
756,31.47,30.31
153,31.47,30.31
824,31.47,30.31
278,31.47,30.31
540,31.47,30.31
292,31.47,30.31
458,31.47,30.31
379,31.47,30.31
325,31.47,30.31
483,31.47,30.31
575,31.49,30.31
852,31.49,30.31
121,31.49,30.31
764,31.49,30.31
295,31.49,30.31
621,31.49,30.31
197,31.49,30.31
660,31.49,30.31
119,31.49,30.31
621,31.49,30.31
155,31.49,30.31
781,31.49,30.31
316,31.49,30.31
119,31.49,30.31
335,31.49,30.31
288,31.49,30.31
465,31.49,30.31
133,31.49,30.31
512,31.49,30.31
119,31.49,30.31
572,31.49,30.31
434,31.49,30.31
516,31.49,30.31
119,31.49,30.31
541,31.49,30.23
364,31.49,30.23
480,31.49,30.23
252,31.49,30.23
668,31.49,30.23
482,31.49,30.23
408,31.49,30.23
362,31.49,30.23
642,31.49,30.23
478,31.49,30.23
137,31.49,30.23
883,31.49,30.23
223,31.49,30.23
499,31.49,30.23
243,31.49,30.23
809,31.49,30.23
527,31.49,30.23
826,31.49,30.23
607,31.49,30.23
240,31.49,30.23
492,31.49,30.23
452,31.49,30.23
598,31.49,30.23
586,31.49,30.23
640,31.49,30.23
390,31.49,30.23
562,31.49,30.23
395,31.49,30.23
574,31.49,30.23
274,31.49,30.23
619,31.49,30.23
232,31.49,30.23
655,31.49,30.23
313,31.49,30.23
661,31.49,30.23
683,31.49,30.23
452,31.49,30.23
839,31.49,30.23
129,31.49,30.23
486,31.49,30.23
219,31.49,30.23
592,31.49,30.23
311,31.49,30.23
689,31.49,30.23
326,31.49,30.23
318,31.49,30.23
515,31.49,30.23
438,31.49,30.23
334,31.49,30.23
433,31.49,30.23
539,31.49,30.23
435,31.49,30.23
693,31.49,30.23
401,31.49,30.23
668,31.49,30.23
345,31.49,30.23
652,31.49,30.23
156,31.49,30.23
468,31.49,30.23
386,31.49,30.45
634,31.49,30.45
389,31.49,30.45
394,31.49,30.45
408,31.49,30.45
850,31.49,30.45
412,31.49,30.45
362,31.49,30.45
578,31.49,30.45
394,31.49,30.45
593,31.49,30.45
480,31.49,30.45
645,31.49,30.45
470,31.49,30.45
694,31.49,30.45
452,31.49,30.45
766,31.49,30.45
387,31.49,30.45
620,31.49,30.45
636,31.49,30.45
400,31.49,30.45
510,31.49,30.45
465,31.49,30.45
486,31.49,30.45
491,31.49,30.45
631,31.49,30.45
591,31.49,30.45
685,31.49,30.45
178,31.49,30.45
884,31.49,30.45
233,31.49,30.45
585,31.49,30.45
515,31.49,30.45
666,31.49,30.45
531,31.49,30.45
483,31.49,30.45
566,31.49,30.45
337,31.49,30.45
313,31.49,30.45
406,31.49,30.45
747,31.49,30.45
483,31.49,30.45
219,31.49,30.45
454,31.49,30.45
619,31.49,30.45
227,31.49,30.45
659,31.49,30.45
178,31.49,30.45
552,31.49,30.45
459,31.49,30.45
411,31.49,30.45
482,31.49,30.45
117,31.49,30.45
646,31.49,30.45
537,31.49,30.45
691,31.49,30.45
319,31.49,30.45
734,31.49,30.45
481,31.49,30.45
382,31.49,30.45
276,31.49,30.33
499,31.49,30.33
473,31.49,30.33
443,31.49,30.33
424,31.49,30.33
663,31.49,30.33
353,31.49,30.33
523,31.49,30.33
507,31.49,30.33
364,31.49,30.33
590,31.49,30.33
364,31.49,30.33
747,31.49,30.33
368,31.49,30.33
658,31.49,30.33
476,31.49,30.33
683,31.49,30.33
666,31.49,30.33
460,31.49,30.33
693,31.49,30.33
553,31.49,30.33
750,31.49,30.33
393,31.49,30.33
618,31.49,30.33
368,31.49,30.33
