449,31.49,30.29
393,31.49,30.29
332,31.49,30.29
121,31.49,30.29
200,31.49,30.29
648,31.49,30.29
431,31.49,30.29
507,31.49,30.29
363,31.49,30.29
420,31.49,30.31
120,31.49,30.31
672,31.49,30.31
378,31.49,30.31
653,31.49,30.31
147,31.49,30.31
652,31.49,30.31
266,31.49,30.31
661,31.49,30.31
439,31.49,30.31
461,31.49,30.31
640,31.49,30.31
374,31.49,30.31
686,31.49,30.31
344,31.49,30.31
672,31.49,30.31
120,31.49,30.31
784,31.49,30.31
302,31.49,30.31
882,31.49,30.31
269,31.49,30.31
457,31.49,30.31
633,31.49,30.31
741,31.49,30.31
541,31.49,30.31
331,31.49,30.31
718,31.49,30.31
494,31.49,30.31
696,31.49,30.31
291,31.49,30.31
807,31.49,30.31
162,31.49,30.31
882,31.49,30.31
362,31.49,30.31
737,31.49,30.31
323,31.49,30.31
523,31.53,30.31
662,31.53,30.31
433,31.53,30.31
486,31.53,30.31
358,31.53,30.31
486,31.53,30.31
372,31.53,30.31
642,31.53,30.31
198,31.53,30.31
630,31.53,30.31
279,31.53,30.31
884,31.53,30.31
209,31.53,30.31
742,31.53,30.31
124,31.53,30.31
607,31.53,30.31
356,31.53,30.31
433,31.53,30.31
359,31.53,30.31
487,31.53,30.31
657,31.53,30.31
160,31.53,30.31
437,31.53,30.31
309,31.53,30.39
663,31.53,30.39
467,31.53,30.39
638,31.53,30.39
279,31.53,30.39
796,31.53,30.39
227,31.53,30.39
572,31.53,30.39
209,31.53,30.39
666,31.53,30.39
369,31.53,30.39
550,31.53,30.39
381,31.53,30.39
340,31.53,30.39
591,31.53,30.39
352,31.53,30.39
622,31.53,30.39
292,31.53,30.39
793,31.53,30.39
495,31.53,30.39
748,31.53,30.39
556,31.53,30.39
853,31.53,30.39
203,31.53,30.39
719,31.53,30.39
314,31.53,30.39
550,31.53,30.39
288,31.53,30.39
541,31.53,30.39
542,31.53,30.39
410,31.53,30.39
304,31.53,30.39
403,31.53,30.39
651,31.53,30.39
201,31.53,30.39
550,31.53,30.39
511,31.49,30.39
254,31.49,30.39
525,31.49,30.39
622,31.49,30.39
526,31.49,30.39
479,31.49,30.39
489,31.49,30.39
637,31.49,30.39
394,31.49,30.39
361,31.49,30.39
475,31.49,30.39
238,31.49,30.39
444,31.49,30.39
444,31.49,30.39
692,31.49,30.39
305,31.49,30.39
494,31.49,30.39
438,31.49,30.39
628,31.49,30.39
121,31.49,30.39
563,31.49,30.39
489,31.49,30.39
553,31.49,30.39
236,31.49,30.39
520,31.49,30.23
417,31.49,30.23
570,31.49,30.23
319,31.49,30.23
422,31.49,30.23
654,31.49,30.23
122,31.49,30.23
741,31.49,30.23
433,31.49,30.23
574,31.49,30.23
423,31.49,30.23
636,31.49,30.23
714,31.49,30.23
408,31.49,30.23
844,31.49,30.23
568,31.49,30.23
657,31.49,30.23
623,31.49,30.23
700,31.49,30.23
371,31.49,30.23
328,31.49,30.23
622,31.49,30.23
298,31.49,30.23
522,31.49,30.23
567,31.49,30.23
697,31.49,30.23
868,31.49,30.23
349,31.49,30.23
625,31.49,30.23
578,31.49,30.23
288,31.49,30.23
880,31.49,30.23
470,31.49,30.23
598,31.49,30.23
481,31.49,30.23
665,31.49,30.23
537,31.51,30.23
251,31.51,30.23
456,31.51,30.23
486,31.51,30.23
456,31.51,30.23
387,31.51,30.23
761,31.51,30.23
690,31.51,30.23
524,31.51,30.23
581,31.51,30.23
576,31.51,30.23
297,31.51,30.23
499,31.51,30.23
364,31.51,30.23
735,31.51,30.23
278,31.51,30.23
439,31.51,30.23
275,31.51,30.23
501,31.51,30.23
374,31.51,30.23
688,31.51,30.23
778,31.51,30.23
327,31.51,30.23
599,31.51,30.23
623,31.51,30.23
376,31.51,30.23
372,31.51,30.23
703,31.51,30.23
558,31.51,30.23
361,31.51,30.23
462,31.51,30.23
543,31.51,30.23
412,31.51,30.23
727,31.51,30.23
433,31.51,30.23
552,31.51,30.23
490,31.51,30.23
379,31.51,30.23
771,31.51,30.23
251,31.51,30.23
372,31.51,30.23
732,31.51,30.23
513,31.51,30.23
276,31.51,30.23
524,31.51,30.23
571,31.51,30.23
530,31.51,30.23
548,31.51,30.23
768,31.51,30.23
336,31.51,30.23
591,31.51,30.23
351,31.51,30.23
364,31.51,30.23
483,31.51,30.23
217,31.51,30.23
726,31.51,30.23
391,31.51,30.23
194,31.51,30.23
320,31.51,30.23
719,31.55,30.23
350,31.55,30.23
485,31.55,30.23
319,31.55,30.23
547,31.55,30.23
470,31.55,30.23
322,31.55,30.23
228,31.55,30.23
496,31.55,30.23
456,31.55,30.23
438,31.55,30.23
521,31.55,30.23
118,31.55,30.23
728,31.55,30.23
372,31.55,30.23
711,31.55,30.23
127,31.55,30.23
565,31.55,30.23
551,31.55,30.23
570,31.55,30.23
398,31.55,30.23
426,31.55,30.23
258,31.55,30.23
677,31.55,30.23
356,31.55,30.45
438,31.55,30.45
178,31.55,30.45
498,31.55,30.45
742,31.55,30.45
294,31.55,30.45
675,31.55,30.45
433,31.55,30.45
716,31.55,30.45
117,31.55,30.45
729,31.55,30.45
375,31.55,30.45
728,31.55,30.45
658,31.55,30.45
751,31.55,30.45
716,31.55,30.45
256,31.55,30.45
721,31.55,30.45
490,31.55,30.45
848,31.55,30.45
531,31.55,30.45
680,31.55,30.45
286,31.55,30.45
566,31.55,30.45
223,31.55,30.45
884,31.55,30.45
150,31.55,30.45
628,31.55,30.45
458,31.55,30.45
773,31.55,30.45
451,31.55,30.45
578,31.55,30.45
766,31.55,30.45
118,31.55,30.45
885,31.55,30.45
162,31.55,30.45
715,31.47,30.45
209,31.47,30.45
500,31.47,30.45
136,31.47,30.45
670,31.47,30.45
118,31.47,30.45
607,31.47,30.45
518,31.47,30.45
394,31.47,30.45
546,31.47,30.45
494,31.47,30.45
660,31.47,30.45
317,31.47,30.45
810,31.47,30.45
118,31.47,30.45
884,31.47,30.45
234,31.47,30.45
864,31.47,30.45
194,31.47,30.45
482,31.47,30.45
498,31.47,30.45
536,31.47,30.45
331,31.47,30.45
357,31.47,30.33
537,31.47,30.33
713,31.47,30.33
484,31.47,30.33
460,31.47,30.33
733,31.47,30.33
219,31.47,30.33
884,31.47,30.33
468,31.47,30.33
884,31.47,30.33
202,31.47,30.33
687,31.47,30.33
358,31.47,30.33
655,31.47,30.33
359,31.47,30.33
398,31.47,30.33
724,31.47,30.33
228,31.47,30.33
391,31.47,30.33
464,31.47,30.33
413,31.47,30.33
639,31.47,30.33
773,31.47,30.33
463,31.47,30.33
762,31.47,30.33
135,31.47,30.33
884,31.47,30.33
185,31.47,30.33
623,31.47,30.33
193,31.47,30.33
532,31.47,30.33
587,31.47,30.33
266,31.47,30.33
798,31.47,30.33
440,31.47,30.33
761,31.47,30.33
212,31.47,30.33
517,31.53,30.33
486,31.53,30.33
575,31.53,30.33
369,31.53,30.33
637,31.53,30.33
287,31.53,30.33
619,31.53,30.33
305,31.53,30.33
639,31.53,30.33
405,31.53,30.33
544,31.53,30.33
395,31.53,30.33
316,31.53,30.33
710,31.53,30.33
382,31.53,30.33
833,31.53,30.33
442,31.53,30.33
467,31.53,30.33
342,31.53,30.33
724,31.53,30.33
218,31.53,30.33
573,31.53,30.33
238,31.53,30.33
507,31.53,30.43
301,31.53,30.43
625,31.53,30.43
551,31.53,30.43
545,31.53,30.43
380,31.53,30.43
551,31.53,30.43
811,31.53,30.43
326,31.53,30.43
749,31.53,30.43
368,31.53,30.43
720,31.53,30.43
354,31.53,30.43
785,31.53,30.43
523,31.53,30.43
538,31.53,30.43
502,31.53,30.43
629,31.53,30.43
480,31.53,30.43
520,31.53,30.43
599,31.53,30.43
549,31.53,30.43
500,31.53,30.43
620,31.53,30.43
455,31.53,30.43
443,31.53,30.43
773,31.53,30.43
246,31.53,30.43
884,31.53,30.43
407,31.53,30.43
603,31.53,30.43
724,31.53,30.43
336,31.53,30.43
388,31.53,30.43
537,31.53,30.43
570,31.53,30.43
252,31.51,30.43
491,31.51,30.43
515,31.51,30.43
124,31.51,30.43
432,31.51,30.43
782,31.51,30.43
199,31.51,30.43
389,31.51,30.43
303,31.51,30.43
693,31.51,30.43
253,31.51,30.43
701,31.51,30.43
361,31.51,30.43
389,31.51,30.43
508,31.51,30.43
574,31.51,30.43
