771,31.27,29.93
349,31.27,29.93
399,31.27,29.93
134,31.27,29.93
785,31.27,29.93
340,31.27,29.93
335,31.27,29.93
490,31.27,29.93
558,31.27,29.93
385,31.27,29.93
268,31.27,29.93
642,31.27,29.93
707,31.27,29.93
381,31.27,29.93
206,31.27,29.93
856,31.27,29.93
119,31.27,29.93
538,31.27,29.93
471,31.27,29.93
443,31.27,29.93
251,31.27,29.93
535,31.27,29.93
163,31.27,29.93
518,31.27,29.93
542,31.27,29.97
625,31.27,29.97
437,31.27,29.97
538,31.27,29.97
389,31.27,29.97
671,31.27,29.97
306,31.27,29.97
518,31.27,29.97
610,31.27,29.97
478,31.27,29.97
615,31.27,29.97
316,31.27,29.97
877,31.27,29.97
208,31.27,29.97
496,31.27,29.97
874,31.27,29.97
376,31.27,29.97
320,31.27,29.97
615,31.27,29.97
603,31.27,29.97
353,31.27,29.97
544,31.27,29.97
580,31.27,29.97
569,31.27,29.97
637,31.27,29.97
707,31.27,29.97
363,31.27,29.97
821,31.27,29.97
128,31.27,29.97
883,31.27,29.97
241,31.27,29.97
510,31.27,29.97
450,31.27,29.97
455,31.27,29.97
453,31.27,29.97
266,31.27,29.97
754,31.27,29.97
457,31.27,29.97
442,31.27,29.97
286,31.27,29.97
705,31.27,29.97
362,31.27,29.97
483,31.27,29.97
558,31.27,29.97
742,31.27,29.97
131,31.27,29.97
751,31.27,29.97
241,31.27,29.97
626,31.27,29.97
477,31.27,29.97
304,31.27,29.97
643,31.27,29.97
347,31.27,29.97
167,31.27,29.97
481,31.27,29.97
369,31.27,29.97
118,31.27,29.97
449,31.27,29.97
187,31.27,29.97
499,31.27,30.03
543,31.27,30.03
533,31.27,30.03
377,31.27,30.03
724,31.27,30.03
304,31.27,30.03
532,31.27,30.03
350,31.27,30.03
481,31.27,30.03
675,31.27,30.03
542,31.27,30.03
715,31.27,30.03
362,31.27,30.03
880,31.27,30.03
275,31.27,30.03
869,31.27,30.03
555,31.27,30.03
638,31.27,30.03
522,31.27,30.03
629,31.27,30.03
498,31.27,30.03
650,31.27,30.03
547,31.27,30.03
275,31.27,30.03
519,31.27,30.03
441,31.27,30.03
574,31.27,30.03
557,31.27,30.03
693,31.27,30.03
398,31.27,30.03
860,31.27,30.03
534,31.27,30.03
679,31.27,30.03
741,31.27,30.03
577,31.27,30.03
696,31.27,30.03
565,31.27,30.03
520,31.23,30.03
481,31.23,30.03
757,31.23,30.03
387,31.23,30.03
544,31.23,30.03
520,31.23,30.03
439,31.23,30.03
345,31.23,30.03
319,31.23,30.03
564,31.23,30.03
187,31.23,30.03
572,31.23,30.03
578,31.23,30.03
739,31.23,30.03
548,31.23,30.03
537,31.23,30.03
473,31.23,30.03
683,31.23,30.03
130,31.23,30.03
642,31.23,30.03
466,31.23,30.03
398,31.23,30.03
499,31.23,30.03
620,31.23,30.09
582,31.23,30.09
267,31.23,30.09
520,31.23,30.09
331,31.23,30.09
437,31.23,30.09
512,31.23,30.09
557,31.23,30.09
434,31.23,30.09
441,31.23,30.09
633,31.23,30.09
553,31.23,30.09
404,31.23,30.09
553,31.23,30.09
405,31.23,30.09
543,31.23,30.09
596,31.23,30.09
484,31.23,30.09
531,31.23,30.09
738,31.23,30.09
598,31.23,30.09
454,31.23,30.09
682,31.23,30.09
288,31.23,30.09
695,31.23,30.09
150,31.23,30.09
872,31.23,30.09
417,31.23,30.09
883,31.23,30.09
303,31.23,30.09
333,31.23,30.09
534,31.23,30.09
644,31.23,30.09
645,31.23,30.09
216,31.23,30.09
809,31.23,30.09
366,31.27,30.09
760,31.27,30.09
426,31.27,30.09
850,31.27,30.09
530,31.27,30.09
801,31.27,30.09
484,31.27,30.09
377,31.27,30.09
392,31.27,30.09
402,31.27,30.09
503,31.27,30.09
412,31.27,30.09
690,31.27,30.09
376,31.27,30.09
880,31.27,30.09
364,31.27,30.09
827,31.27,30.09
500,31.27,30.09
613,31.27,30.09
124,31.27,30.09
670,31.27,30.09
183,31.27,30.09
474,31.27,30.09
675,31.27,30.09
511,31.27,30.15
588,31.27,30.15
138,31.27,30.15
668,31.27,30.15
325,31.27,30.15
441,31.27,30.15
340,31.27,30.15
728,31.27,30.15
182,31.27,30.15
543,31.27,30.15
461,31.27,30.15
734,31.27,30.15
242,31.27,30.15
583,31.27,30.15
593,31.27,30.15
597,31.27,30.15
527,31.27,30.15
493,31.27,30.15
790,31.27,30.15
378,31.27,30.15
746,31.27,30.15
369,31.27,30.15
678,31.27,30.15
345,31.27,30.15
744,31.27,30.15
542,31.27,30.15
594,31.27,30.15
484,31.27,30.15
856,31.27,30.15
523,31.27,30.15
710,31.27,30.15
769,31.27,30.15
396,31.27,30.15
659,31.27,30.15
157,31.27,30.15
776,31.27,30.15
246,31.23,30.15
567,31.23,30.15
533,31.23,30.15
653,31.23,30.15
362,31.23,30.15
482,31.23,30.15
869,31.23,30.15
202,31.23,30.15
491,31.23,30.15
522,31.23,30.15
510,31.23,30.15
516,31.23,30.15
713,31.23,30.15
702,31.23,30.15
550,31.23,30.15
318,31.23,30.15
740,31.23,30.15
273,31.23,30.15
741,31.23,30.15
287,31.23,30.15
482,31.23,30.15
452,31.23,30.15
252,31.23,30.15
460,31.23,30.11
367,31.23,30.11
395,31.23,30.11
290,31.23,30.11
393,31.23,30.11
167,31.23,30.11
373,31.23,30.11
473,31.23,30.11
478,31.23,30.11
391,31.23,30.11
682,31.23,30.11
225,31.23,30.11
768,31.23,30.11
251,31.23,30.11
533,31.23,30.11
527,31.23,30.11
221,31.23,30.11
768,31.23,30.11
424,31.23,30.11
642,31.23,30.11
510,31.23,30.11
776,31.23,30.11
213,31.23,30.11
751,31.23,30.11
612,31.23,30.11
502,31.23,30.11
526,31.23,30.11
588,31.23,30.11
543,31.23,30.11
553,31.23,30.11
415,31.23,30.11
663,31.23,30.11
714,31.23,30.11
325,31.23,30.11
506,31.23,30.11
530,31.23,30.11
687,31.23,30.11
215,31.23,30.11
743,31.23,30.11
519,31.23,30.11
269,31.23,30.11
500,31.23,30.11
610,31.23,30.11
578,31.23,30.11
418,31.23,30.11
278,31.23,30.11
620,31.23,30.11
500,31.23,30.11
381,31.23,30.11
398,31.23,30.11
413,31.23,30.11
469,31.23,30.11
503,31.23,30.11
603,31.23,30.11
123,31.23,30.11
764,31.23,30.11
474,31.23,30.11
746,31.23,30.11
297,31.23,30.11
514,31.23,30.11
721,31.23,29.93
313,31.23,29.93
209,31.23,29.93
459,31.23,29.93
120,31.23,29.93
453,31.23,29.93
512,31.23,29.93
439,31.23,29.93
480,31.23,29.93
319,31.23,29.93
515,31.23,29.93
519,31.23,29.93
418,31.23,29.93
262,31.23,29.93
708,31.23,29.93
374,31.23,29.93
475,31.23,29.93
667,31.23,29.93
310,31.23,29.93
493,31.23,29.93
464,31.23,29.93
651,31.23,29.93
325,31.23,29.93
479,31.23,29.93
564,31.23,29.93
484,31.23,29.93
457,31.23,29.93
629,31.23,29.93
696,31.23,29.93
566,31.23,29.93
359,31.23,29.93
709,31.23,29.93
419,31.23,29.93
551,31.23,29.93
687,31.23,29.93
513,31.23,29.93
603,31.27,29.93
591,31.27,29.93
658,31.27,29.93
295,31.27,29.93
547,31.27,29.93
577,31.27,29.93
389,31.27,29.93
709,31.27,29.93
408,31.27,29.93
564,31.27,29.93
301,31.27,29.93
435,31.27,29.93
617,31.27,29.93
390,31.27,29.93
581,31.27,29.93
646,31.27,29.93
136,31.27,29.93
595,31.27,29.93
120,31.27,29.93
696,31.27,29.93
117,31.27,29.93
354,31.27,29.93
274,31.27,29.93
154,31.27,30.11
431,31.27,30.11
288,31.27,30.11
523,31.27,30.11
320,31.27,30.11
603,31.27,30.11
415,31.27,30.11
645,31.27,30.11
336,31.27,30.11
633,31.27,30.11
348,31.27,30.11
659,31.27,30.11
219,31.27,30.11
883,31.27,30.11
218,31.27,30.11
454,31.27,30.11
812,31.27,30.11
459,31.27,30.11
497,31.27,30.11
498,31.27,30.11
779,31.27,30.11
355,31.27,30.11
844,31.27,30.11
432,31.27,30.11
812,31.27,30.11
658,31.27,30.11
466,31.27,30.11
752,31.27,30.11
700,31.27,30.11
127,31.27,30.11
874,31.27,30.11
498,31.27,30.11
648,31.27,30.11
564,31.27,30.11
299,31.27,30.11
807,31.27,30.11
319,31.27,30.11
739,31.27,30.11
