430,30.99,29.85
699,30.99,29.85
401,30.99,29.85
194,30.99,29.85
555,30.99,29.85
617,30.99,29.85
866,30.99,29.85
266,30.99,29.85
451,30.99,29.85
364,30.99,29.85
528,30.99,29.85
542,30.99,29.85
691,30.99,29.85
364,30.99,29.85
431,30.99,29.85
808,30.99,29.85
391,30.99,29.85
349,30.99,29.85
414,30.99,29.85
661,30.99,29.85
421,30.99,29.85
497,30.99,29.85
548,30.99,29.85
481,30.99,29.85
372,30.99,29.85
601,30.99,29.85
751,30.99,29.85
545,30.99,29.85
591,30.99,29.85
465,30.99,29.85
741,30.99,29.85
346,30.99,29.85
600,30.99,29.85
675,30.99,29.85
721,30.99,29.85
638,30.99,29.85
566,30.99,29.85
759,30.99,29.85
558,30.99,29.85
641,30.99,29.85
363,30.99,29.85
631,30.99,29.85
182,30.99,29.85
530,30.99,29.85
729,30.99,29.85
566,30.99,29.85
409,30.99,29.85
724,30.99,29.85
512,30.99,29.85
716,30.99,29.85
487,31.01,29.85
619,31.01,29.85
211,31.01,29.85
561,31.01,29.85
766,31.01,29.85
509,31.01,29.85
622,31.01,29.85
391,31.01,29.85
284,31.01,29.85
591,31.01,29.85
119,31.01,29.85
462,31.01,29.85
431,31.01,29.85
308,31.01,29.85
581,31.01,29.85
466,31.01,29.85
428,31.01,29.85
474,31.01,29.85
768,31.01,29.85
433,31.01,29.85
227,31.01,29.85
508,31.01,29.85
253,31.01,29.85
805,31.01,29.93
232,31.01,29.93
443,31.01,29.93
413,31.01,29.93
332,31.01,29.93
462,31.01,29.93
644,31.01,29.93
520,31.01,29.93
119,31.01,29.93
613,31.01,29.93
354,31.01,29.93
609,31.01,29.93
386,31.01,29.93
565,31.01,29.93
654,31.01,29.93
158,31.01,29.93
265,31.01,29.93
513,31.01,29.93
598,31.01,29.93
438,31.01,29.93
637,31.01,29.93
650,31.01,29.93
368,31.01,29.93
435,31.01,29.93
816,31.01,29.93
296,31.01,29.93
779,31.01,29.93
420,31.01,29.93
477,31.01,29.93
461,31.01,29.93
880,31.01,29.93
587,31.01,29.93
596,31.01,29.93
699,31.01,29.93
609,31.01,29.93
800,31.01,29.93
361,30.99,29.93
528,30.99,29.93
435,30.99,29.93
606,30.99,29.93
314,30.99,29.93
694,30.99,29.93
801,30.99,29.93
807,30.99,29.93
511,30.99,29.93
577,30.99,29.93
364,30.99,29.93
408,30.99,29.93
728,30.99,29.93
228,30.99,29.93
602,30.99,29.93
243,30.99,29.93
583,30.99,29.93
359,30.99,29.93
593,30.99,29.93
458,30.99,29.93
713,30.99,29.93
366,30.99,29.93
668,30.99,29.93
238,30.99,29.93
773,30.99,29.93
249,30.99,29.93
431,30.99,29.93
455,30.99,29.93
240,30.99,29.93
640,30.99,29.93
123,30.99,29.93
604,30.99,29.93
121,30.99,29.93
597,30.99,29.93
251,30.99,29.93
473,30.99,29.93
346,30.99,29.93
586,30.99,29.93
231,30.99,29.93
368,30.99,29.93
341,30.99,29.93
373,30.99,29.93
476,30.99,29.93
390,30.99,29.93
719,30.99,29.93
405,30.99,29.93
667,30.99,29.93
177,30.99,29.93
732,30.99,29.93
379,30.99,29.93
797,30.99,29.93
411,30.99,29.93
513,30.99,29.93
393,30.99,29.93
611,30.99,29.93
664,30.99,29.93
443,30.99,29.93
883,30.99,29.93
155,30.99,29.93
791,30.99,29.93
670,30.97,29.93
524,30.97,29.93
306,30.97,29.93
676,30.97,29.93
239,30.97,29.93
510,30.97,29.93
330,30.97,29.93
462,30.97,29.93
652,30.97,29.93
329,30.97,29.93
880,30.97,29.93
366,30.97,29.93
883,30.97,29.93
385,30.97,29.93
795,30.97,29.93
333,30.97,29.93
668,30.97,29.93
861,30.97,29.93
758,30.97,29.93
711,30.97,29.93
513,30.97,29.93
459,30.97,29.93
765,30.97,29.93
472,30.97,29.93
535,30.97,29.83
582,30.97,29.83
567,30.97,29.83
383,30.97,29.83
244,30.97,29.83
463,30.97,29.83
288,30.97,29.83
852,30.97,29.83
337,30.97,29.83
571,30.97,29.83
394,30.97,29.83
674,30.97,29.83
415,30.97,29.83
545,30.97,29.83
452,30.97,29.83
635,30.97,29.83
240,30.97,29.83
476,30.97,29.83
501,30.97,29.83
454,30.97,29.83
431,30.97,29.83
505,30.97,29.83
767,30.97,29.83
368,30.97,29.83
662,30.97,29.83
360,30.97,29.83
626,30.97,29.83
269,30.97,29.83
471,30.97,29.83
432,30.97,29.83
358,30.97,29.83
582,30.97,29.83
252,30.97,29.83
689,30.97,29.83
414,30.97,29.83
329,30.97,29.83
638,30.99,29.83
595,30.99,29.83
553,30.99,29.83
789,30.99,29.83
701,30.99,29.83
288,30.99,29.83
562,30.99,29.83
805,30.99,29.83
575,30.99,29.83
775,30.99,29.83
341,30.99,29.83
854,30.99,29.83
757,30.99,29.83
164,30.99,29.83
883,30.99,29.83
467,30.99,29.83
303,30.99,29.83
479,30.99,29.83
654,30.99,29.83
205,30.99,29.83
597,30.99,29.83
595,30.99,29.83
712,30.99,29.83
397,30.99,29.75
884,30.99,29.75
239,30.99,29.75
687,30.99,29.75
810,30.99,29.75
443,30.99,29.75
669,30.99,29.75
323,30.99,29.75
772,30.99,29.75
249,30.99,29.75
630,30.99,29.75
337,30.99,29.75
451,30.99,29.75
741,30.99,29.75
318,30.99,29.75
500,30.99,29.75
450,30.99,29.75
563,30.99,29.75
271,30.99,29.75
678,30.99,29.75
464,30.99,29.75
428,30.99,29.75
306,30.99,29.75
693,30.99,29.75
309,30.99,29.75
343,30.99,29.75
179,30.99,29.75
736,30.99,29.75
294,30.99,29.75
339,30.99,29.75
547,30.99,29.75
225,30.99,29.75
438,30.99,29.75
488,30.99,29.75
725,30.99,29.75
349,30.99,29.75
464,30.97,29.75
753,30.97,29.75
635,30.97,29.75
412,30.97,29.75
490,30.97,29.75
448,30.97,29.75
385,30.97,29.75
166,30.97,29.75
851,30.97,29.75
491,30.97,29.75
413,30.97,29.75
811,30.97,29.75
734,30.97,29.75
573,30.97,29.75
494,30.97,29.75
742,30.97,29.75
433,30.97,29.75
808,30.97,29.75
516,30.97,29.75
785,30.97,29.75
612,30.97,29.75
301,30.97,29.75
589,30.97,29.75
689,30.97,29.75
530,30.97,29.89
459,30.97,29.89
743,30.97,29.89
588,30.97,29.89
461,30.97,29.89
626,30.97,29.89
616,30.97,29.89
577,30.97,29.89
824,30.97,29.89
450,30.97,29.89
481,30.97,29.89
528,30.97,29.89
743,30.97,29.89
518,30.97,29.89
428,30.97,29.89
645,30.97,29.89
454,30.97,29.89
619,30.97,29.89
321,30.97,29.89
541,30.97,29.89
866,30.97,29.89
360,30.97,29.89
581,30.97,29.89
431,30.97,29.89
463,30.97,29.89
538,30.97,29.89
623,30.97,29.89
633,30.97,29.89
379,30.97,29.89
262,30.97,29.89
636,30.97,29.89
117,30.97,29.89
560,30.97,29.89
512,30.97,29.89
567,30.97,29.89
144,30.97,29.89
726,30.97,29.89
603,30.97,29.89
548,30.97,29.89
633,30.97,29.89
424,30.97,29.89
570,30.97,29.89
308,30.97,29.89
694,30.97,29.89
488,30.97,29.89
488,30.97,29.89
313,30.97,29.89
679,30.97,29.89
545,30.97,29.89
577,30.97,29.89
507,30.97,29.89
701,30.97,29.89
362,30.97,29.89
423,30.97,29.89
407,30.97,29.89
733,30.97,29.89
404,30.97,29.89
396,30.97,29.89
849,30.97,29.89
260,30.97,29.89
773,30.97,29.85
482,30.97,29.85
694,30.97,29.85
439,30.97,29.85
505,30.97,29.85
470,30.97,29.85
592,30.97,29.85
431,30.97,29.85
451,30.97,29.85
739,30.97,29.85
358,30.97,29.85
326,30.97,29.85
541,30.97,29.85
431,30.97,29.85
411,30.97,29.85
851,30.97,29.85
520,30.97,29.85
637,30.97,29.85
577,30.97,29.85
883,30.97,29.85
458,30.97,29.85
364,30.97,29.85
776,30.97,29.85
308,30.97,29.85
800,30.97,29.85
125,30.97,29.85
676,30.97,29.85
432,30.97,29.85
518,30.97,29.85
363,30.97,29.85
811,30.97,29.85
438,30.97,29.85
759,30.97,29.85
523,30.97,29.85
699,30.97,29.85
632,30.97,29.85
540,30.97,29.85
738,30.97,29.85
332,30.97,29.85
755,30.97,29.85
117,30.97,29.85
883,30.97,29.85
203,30.97,29.85
515,30.97,29.85
387,30.97,29.85
411,30.97,29.85
466,30.97,29.85
489,30.97,29.85
