554,30.91,29.69
881,30.91,29.69
208,30.91,29.69
611,30.91,29.69
346,30.91,29.69
678,30.91,29.69
416,30.91,29.69
400,30.91,29.69
617,30.91,29.69
162,30.91,29.69
421,30.91,29.69
457,30.91,29.69
777,30.91,29.69
142,30.91,29.69
721,30.91,29.69
337,30.91,29.69
463,30.91,29.69
500,30.91,29.69
357,30.91,29.69
330,30.91,29.69
412,30.91,29.69
513,30.91,29.69
369,30.91,29.69
759,30.91,29.69
402,30.91,29.69
536,30.91,29.69
310,30.91,29.69
360,30.91,29.69
369,30.91,29.69
831,30.91,29.69
176,30.91,29.69
647,30.91,29.69
794,30.91,29.69
683,30.91,29.69
566,30.91,29.69
461,30.91,29.69
463,30.91,29.69
327,30.91,29.69
517,30.91,29.69
531,30.91,29.69
805,30.91,29.69
385,30.91,29.69
511,30.91,29.69
404,30.91,29.69
522,30.91,29.69
459,30.91,29.69
405,30.91,29.69
610,30.91,29.69
432,30.91,29.69
646,30.91,29.69
668,30.91,29.69
542,30.91,29.69
522,30.91,29.69
648,30.91,29.69
343,30.91,29.69
619,30.91,29.77
413,30.91,29.77
505,30.91,29.77
378,30.91,29.77
684,30.91,29.77
255,30.91,29.77
412,30.91,29.77
252,30.91,29.77
644,30.91,29.77
546,30.91,29.77
265,30.91,29.77
569,30.91,29.77
298,30.91,29.77
623,30.91,29.77
319,30.91,29.77
650,30.91,29.77
275,30.91,29.77
610,30.91,29.77
365,30.91,29.77
264,30.91,29.77
311,30.91,29.77
649,30.91,29.77
731,30.91,29.77
368,30.91,29.77
273,30.91,29.77
426,30.91,29.77
418,30.91,29.77
273,30.91,29.77
796,30.91,29.77
418,30.91,29.77
737,30.91,29.77
284,30.91,29.77
820,30.91,29.77
581,30.91,29.77
685,30.91,29.77
341,30.91,29.77
633,30.89,29.77
296,30.89,29.77
318,30.89,29.77
575,30.89,29.77
315,30.89,29.77
689,30.89,29.77
491,30.89,29.77
798,30.89,29.77
323,30.89,29.77
770,30.89,29.77
701,30.89,29.77
846,30.89,29.77
377,30.89,29.77
700,30.89,29.77
662,30.89,29.77
552,30.89,29.77
463,30.89,29.77
775,30.89,29.77
482,30.89,29.77
291,30.89,29.77
529,30.89,29.77
382,30.89,29.77
813,30.89,29.77
378,30.89,29.77
720,30.89,29.75
595,30.89,29.75
709,30.89,29.75
288,30.89,29.75
562,30.89,29.75
548,30.89,29.75
434,30.89,29.75
446,30.89,29.75
420,30.89,29.75
371,30.89,29.75
558,30.89,29.75
558,30.89,29.75
371,30.89,29.75
818,30.89,29.75
446,30.89,29.75
678,30.89,29.75
295,30.89,29.75
474,30.89,29.75
281,30.89,29.75
557,30.89,29.75
631,30.89,29.75
508,30.89,29.75
566,30.89,29.75
284,30.89,29.75
457,30.89,29.75
491,30.89,29.75
244,30.89,29.75
497,30.89,29.75
644,30.89,29.75
366,30.89,29.75
513,30.89,29.75
447,30.89,29.75
662,30.89,29.75
120,30.89,29.75
662,30.89,29.75
373,30.89,29.75
398,30.89,29.75
468,30.89,29.75
848,30.89,29.75
677,30.89,29.75
659,30.89,29.75
688,30.89,29.75
515,30.89,29.75
651,30.89,29.75
401,30.89,29.75
583,30.89,29.75
259,30.89,29.75
496,30.89,29.75
421,30.89,29.75
784,30.89,29.75
436,30.89,29.75
806,30.89,29.75
460,30.89,29.75
615,30.89,29.75
298,30.89,29.75
822,30.89,29.75
492,30.89,29.75
504,30.89,29.75
726,30.89,29.75
235,30.89,29.75
882,30.89,29.63
423,30.89,29.63
852,30.89,29.63
335,30.89,29.63
435,30.89,29.63
180,30.89,29.63
432,30.89,29.63
157,30.89,29.63
674,30.89,29.63
542,30.89,29.63
608,30.89,29.63
478,30.89,29.63
330,30.89,29.63
533,30.89,29.63
395,30.89,29.63
468,30.89,29.63
120,30.89,29.63
685,30.89,29.63
132,30.89,29.63
448,30.89,29.63
527,30.89,29.63
555,30.89,29.63
384,30.89,29.63
336,30.89,29.63
553,30.89,29.63
309,30.89,29.63
238,30.89,29.63
446,30.89,29.63
675,30.89,29.63
174,30.89,29.63
631,30.89,29.63
512,30.89,29.63
829,30.89,29.63
508,30.89,29.63
753,30.89,29.63
342,30.89,29.63
501,30.89,29.63
490,30.89,29.63
557,30.89,29.63
506,30.89,29.63
558,30.89,29.63
738,30.89,29.63
615,30.89,29.63
552,30.89,29.63
552,30.89,29.63
747,30.89,29.63
417,30.89,29.63
710,30.89,29.63
434,30.89,29.63
877,30.89,29.63
453,30.89,29.63
817,30.89,29.63
145,30.89,29.63
571,30.89,29.63
367,30.89,29.63
474,30.89,29.63
712,30.89,29.63
235,30.89,29.63
688,30.89,29.63
705,30.89,29.85
808,30.89,29.85
165,30.89,29.85
845,30.89,29.85
453,30.89,29.85
487,30.89,29.85
272,30.89,29.85
457,30.89,29.85
251,30.89,29.85
585,30.89,29.85
215,30.89,29.85
663,30.89,29.85
331,30.89,29.85
245,30.89,29.85
878,30.89,29.85
119,30.89,29.85
527,30.89,29.85
221,30.89,29.85
677,30.89,29.85
131,30.89,29.85
695,30.89,29.85
754,30.89,29.85
379,30.89,29.85
305,30.89,29.85
308,30.89,29.85
456,30.89,29.85
620,30.89,29.85
300,30.89,29.85
420,30.89,29.85
882,30.89,29.85
255,30.89,29.85
617,30.89,29.85
515,30.89,29.85
885,30.89,29.85
117,30.89,29.85
883,30.89,29.85
344,30.89,29.85
506,30.89,29.85
647,30.89,29.85
572,30.89,29.85
701,30.89,29.85
387,30.89,29.85
592,30.89,29.85
329,30.89,29.85
580,30.89,29.85
361,30.89,29.85
672,30.89,29.85
476,30.89,29.85
529,30.89,29.85
406,30.89,29.85
836,30.89,29.85
357,30.89,29.85
586,30.89,29.85
546,30.89,29.85
882,30.89,29.85
443,30.89,29.85
458,30.89,29.85
840,30.89,29.85
254,30.89,29.85
883,30.89,29.85
664,30.89,29.75
711,30.89,29.75
460,30.89,29.75
590,30.89,29.75
667,30.89,29.75
201,30.89,29.75
415,30.89,29.75
394,30.89,29.75
354,30.89,29.75
663,30.89,29.75
507,30.89,29.75
598,30.89,29.75
562,30.89,29.75
579,30.89,29.75
521,30.89,29.75
301,30.89,29.75
535,30.89,29.75
329,30.89,29.75
539,30.89,29.75
403,30.89,29.75
245,30.89,29.75
637,30.89,29.75
223,30.89,29.75
569,30.89,29.75
453,30.89,29.75
236,30.89,29.75
194,30.89,29.75
463,30.89,29.75
760,30.89,29.75
483,30.89,29.75
292,30.89,29.75
351,30.89,29.75
380,30.89,29.75
473,30.89,29.75
296,30.89,29.75
290,30.89,29.75
620,30.91,29.75
295,30.91,29.75
483,30.91,29.75
422,30.91,29.75
700,30.91,29.75
208,30.91,29.75
833,30.91,29.75
430,30.91,29.75
503,30.91,29.75
693,30.91,29.75
461,30.91,29.75
568,30.91,29.75
481,30.91,29.75
382,30.91,29.75
385,30.91,29.75
372,30.91,29.75
601,30.91,29.75
576,30.91,29.75
287,30.91,29.75
733,30.91,29.75
494,30.91,29.75
639,30.91,29.75
244,30.91,29.75
757,30.91,29.69
558,30.91,29.69
644,30.91,29.69
400,30.91,29.69
485,30.91,29.69
620,30.91,29.69
246,30.91,29.69
743,30.91,29.69
301,30.91,29.69
335,30.91,29.69
624,30.91,29.69
461,30.91,29.69
275,30.91,29.69
546,30.91,29.69
204,30.91,29.69
844,30.91,29.69
307,30.91,29.69
450,30.91,29.69
627,30.91,29.69
575,30.91,29.69
468,30.91,29.69
433,30.91,29.69
655,30.91,29.69
122,30.91,29.69
579,30.91,29.69
176,30.91,29.69
626,30.91,29.69
363,30.91,29.69
490,30.91,29.69
673,30.91,29.69
571,30.91,29.69
400,30.91,29.69
469,30.91,29.69
462,30.91,29.69
471,30.91,29.69
323,30.91,29.69
501,30.87,29.69
267,30.87,29.69
494,30.87,29.69
710,30.87,29.69
335,30.87,29.69
726,30.87,29.69
537,30.87,29.69
645,30.87,29.69
180,30.87,29.69
763,30.87,29.69
585,30.87,29.69
443,30.87,29.69
642,30.87,29.69
653,30.87,29.69
694,30.87,29.69
270,30.87,29.69
655,30.87,29.69
597,30.87,29.69
546,30.87,29.69
535,30.87,29.69
651,30.87,29.69
336,30.87,29.69
884,30.87,29.69
305,30.87,29.69
883,30.87,29.83
210,30.87,29.83
474,30.87,29.83
521,30.87,29.83
351,30.87,29.83
