677,31.85,30.79
310,31.85,30.79
467,31.85,30.79
375,31.85,30.79
317,31.85,30.79
437,31.85,30.79
633,31.85,30.79
561,31.85,30.79
392,31.85,30.79
562,31.85,30.79
358,31.85,30.79
728,31.85,30.79
476,31.85,30.79
483,31.83,30.79
392,31.83,30.79
591,31.83,30.79
528,31.83,30.79
653,31.83,30.79
584,31.83,30.79
791,31.83,30.79
574,31.83,30.79
589,31.83,30.79
730,31.83,30.79
340,31.83,30.79
792,31.83,30.79
400,31.83,30.79
709,31.83,30.79
507,31.83,30.79
480,31.83,30.79
463,31.83,30.79
643,31.83,30.79
643,31.83,30.79
364,31.83,30.79
550,31.83,30.79
509,31.83,30.79
417,31.83,30.79
675,31.83,30.43
690,31.83,30.43
148,31.83,30.43
882,31.83,30.43
298,31.83,30.43
499,31.83,30.43
423,31.83,30.43
429,31.83,30.43
590,31.83,30.43
449,31.83,30.43
278,31.83,30.43
161,31.83,30.43
782,31.83,30.43
127,31.83,30.43
556,31.83,30.43
268,31.83,30.43
341,31.83,30.43
360,31.83,30.43
636,31.83,30.43
365,31.83,30.43
590,31.83,30.43
504,31.83,30.43
712,31.83,30.43
410,31.83,30.43
563,31.83,30.43
380,31.83,30.43
211,31.83,30.43
659,31.83,30.43
318,31.83,30.43
721,31.83,30.43
441,31.83,30.43
716,31.83,30.43
508,31.83,30.43
596,31.83,30.43
410,31.83,30.43
331,31.83,30.43
624,31.83,30.43
493,31.83,30.43
480,31.83,30.43
804,31.83,30.43
424,31.83,30.43
562,31.83,30.43
469,31.83,30.43
583,31.83,30.43
656,31.83,30.43
123,31.83,30.43
836,31.83,30.43
398,31.83,30.43
536,31.83,30.43
396,31.83,30.43
547,31.83,30.43
405,31.83,30.43
812,31.83,30.43
803,31.83,30.43
600,31.83,30.43
490,31.83,30.43
304,31.83,30.43
592,31.83,30.43
415,31.83,30.43
598,31.83,30.43
604,31.83,30.59
676,31.83,30.59
119,31.83,30.59
767,31.83,30.59
272,31.83,30.59
521,31.83,30.59
248,31.83,30.59
644,31.83,30.59
238,31.83,30.59
450,31.83,30.59
655,31.83,30.59
348,31.83,30.59
603,31.83,30.59
311,31.83,30.59
570,31.83,30.59
339,31.83,30.59
384,31.83,30.59
617,31.83,30.59
820,31.83,30.59
142,31.83,30.59
830,31.83,30.59
409,31.83,30.59
570,31.83,30.59
278,31.83,30.59
539,31.83,30.59
347,31.83,30.59
326,31.83,30.59
560,31.83,30.59
438,31.83,30.59
695,31.83,30.59
320,31.83,30.59
779,31.83,30.59
257,31.83,30.59
709,31.83,30.59
129,31.83,30.59
588,31.83,30.59
368,31.87,30.59
397,31.87,30.59
310,31.87,30.59
738,31.87,30.59
121,31.87,30.59
637,31.87,30.59
437,31.87,30.59
498,31.87,30.59
557,31.87,30.59
720,31.87,30.59
828,31.87,30.59
540,31.87,30.59
466,31.87,30.59
359,31.87,30.59
658,31.87,30.59
337,31.87,30.59
599,31.87,30.59
606,31.87,30.59
543,31.87,30.59
451,31.87,30.59
520,31.87,30.59
869,31.87,30.59
363,31.87,30.59
590,31.87,30.73
683,31.87,30.73
581,31.87,30.73
536,31.87,30.73
743,31.87,30.73
391,31.87,30.73
741,31.87,30.73
133,31.87,30.73
858,31.87,30.73
125,31.87,30.73
431,31.87,30.73
860,31.87,30.73
452,31.87,30.73
451,31.87,30.73
233,31.87,30.73
786,31.87,30.73
243,31.87,30.73
650,31.87,30.73
539,31.87,30.73
678,31.87,30.73
118,31.87,30.73
595,31.87,30.73
275,31.87,30.73
699,31.87,30.73
317,31.87,30.73
463,31.87,30.73
595,31.87,30.73
117,31.87,30.73
241,31.87,30.73
422,31.87,30.73
577,31.87,30.73
118,31.87,30.73
797,31.87,30.73
300,31.87,30.73
526,31.87,30.73
384,31.87,30.73
673,31.87,30.73
253,31.87,30.73
294,31.87,30.73
487,31.87,30.73
627,31.87,30.73
587,31.87,30.73
585,31.87,30.73
396,31.87,30.73
539,31.87,30.73
233,31.87,30.73
551,31.87,30.73
821,31.87,30.73
376,31.87,30.73
554,31.87,30.73
414,31.87,30.73
658,31.87,30.73
335,31.87,30.73
457,31.87,30.73
645,31.87,30.73
536,31.87,30.73
882,31.87,30.73
460,31.87,30.73
815,31.87,30.73
396,31.87,30.73
834,31.87,30.67
550,31.87,30.67
343,31.87,30.67
387,31.87,30.67
507,31.87,30.67
476,31.87,30.67
680,31.87,30.67
421,31.87,30.67
726,31.87,30.67
413,31.87,30.67
509,31.87,30.67
660,31.87,30.67
369,31.87,30.67
704,31.87,30.67
564,31.87,30.67
613,31.87,30.67
350,31.87,30.67
539,31.87,30.67
448,31.87,30.67
327,31.87,30.67
476,31.87,30.67
266,31.87,30.67
697,31.87,30.67
381,31.87,30.67
381,31.87,30.67
566,31.87,30.67
432,31.87,30.67
403,31.87,30.67
421,31.87,30.67
361,31.87,30.67
610,31.87,30.67
242,31.87,30.67
401,31.87,30.67
334,31.87,30.67
386,31.87,30.67
711,31.87,30.67
387,31.85,30.67
633,31.85,30.67
389,31.85,30.67
260,31.85,30.67
346,31.85,30.67
575,31.85,30.67
277,31.85,30.67
490,31.85,30.67
659,31.85,30.67
646,31.85,30.67
416,31.85,30.67
500,31.85,30.67
350,31.85,30.67
400,31.85,30.67
297,31.85,30.67
408,31.85,30.67
469,31.85,30.67
370,31.85,30.67
610,31.85,30.67
119,31.85,30.67
737,31.85,30.67
266,31.85,30.67
587,31.85,30.67
366,31.85,30.67
742,31.85,30.53
638,31.85,30.53
418,31.85,30.53
709,31.85,30.53
401,31.85,30.53
481,31.85,30.53
442,31.85,30.53
469,31.85,30.53
151,31.85,30.53
676,31.85,30.53
253,31.85,30.53
725,31.85,30.53
561,31.85,30.53
700,31.85,30.53
554,31.85,30.53
478,31.85,30.53
674,31.85,30.53
737,31.85,30.53
446,31.85,30.53
481,31.85,30.53
875,31.85,30.53
601,31.85,30.53
814,31.85,30.53
403,31.85,30.53
780,31.85,30.53
410,31.85,30.53
569,31.85,30.53
585,31.85,30.53
363,31.85,30.53
576,31.85,30.53
725,31.85,30.53
571,31.85,30.53
634,31.85,30.53
648,31.85,30.53
377,31.85,30.53
837,31.85,30.53
305,31.87,30.53
655,31.87,30.53
240,31.87,30.53
610,31.87,30.53
135,31.87,30.53
712,31.87,30.53
381,31.87,30.53
191,31.87,30.53
817,31.87,30.53
439,31.87,30.53
711,31.87,30.53
358,31.87,30.53
349,31.87,30.53
440,31.87,30.53
455,31.87,30.53
184,31.87,30.53
639,31.87,30.53
270,31.87,30.53
550,31.87,30.53
296,31.87,30.53
668,31.87,30.53
182,31.87,30.53
268,31.87,30.53
514,31.87,30.67
336,31.87,30.67
514,31.87,30.67
500,31.87,30.67
692,31.87,30.67
320,31.87,30.67
882,31.87,30.67
320,31.87,30.67
678,31.87,30.67
303,31.87,30.67
644,31.87,30.67
417,31.87,30.67
694,31.87,30.67
620,31.87,30.67
761,31.87,30.67
406,31.87,30.67
518,31.87,30.67
429,31.87,30.67
367,31.87,30.67
836,31.87,30.67
122,31.87,30.67
796,31.87,30.67
262,31.87,30.67
720,31.87,30.67
641,31.87,30.67
822,31.87,30.67
379,31.87,30.67
706,31.87,30.67
313,31.87,30.67
290,31.87,30.67
585,31.87,30.67
361,31.87,30.67
545,31.87,30.67
581,31.87,30.67
269,31.87,30.67
602,31.87,30.67
590,31.83,30.67
181,31.83,30.67
816,31.83,30.67
323,31.83,30.67
762,31.83,30.67
432,31.83,30.67
654,31.83,30.67
585,31.83,30.67
401,31.83,30.67
444,31.83,30.67
524,31.83,30.67
549,31.83,30.67
182,31.83,30.67
510,31.83,30.67
530,31.83,30.67
462,31.83,30.67
540,31.83,30.67
724,31.83,30.67
414,31.83,30.67
467,31.83,30.67
169,31.83,30.67
775,31.83,30.67
123,31.83,30.67
530,31.83,30.67
533,31.83,30.73
410,31.83,30.73
657,31.83,30.73
337,31.83,30.73
804,31.83,30.73
294,31.83,30.73
563,31.83,30.73
380,31.83,30.73
651,31.83,30.73
373,31.83,30.73
751,31.83,30.73
119,31.83,30.73
691,31.83,30.73
442,31.83,30.73
777,31.83,30.73
261,31.83,30.73
630,31.83,30.73
594,31.83,30.73
630,31.83,30.73
505,31.83,30.73
412,31.83,30.73
540,31.83,30.73
246,31.83,30.73
767,31.83,30.73
465,31.83,30.73
