767,30.17,28.75
351,30.17,28.75
804,30.17,28.75
119,30.17,28.75
497,30.17,28.75
571,30.17,28.75
498,30.17,28.75
788,30.17,28.75
382,30.17,28.75
119,30.17,28.75
456,30.17,28.75
412,30.17,28.75
415,30.17,28.75
590,30.17,28.75
151,30.17,28.75
321,30.17,28.75
280,30.17,28.75
472,30.17,28.75
410,30.17,28.75
519,30.17,28.75
499,30.17,28.75
476,30.17,28.75
677,30.17,28.75
356,30.17,28.75
547,30.17,28.75
643,30.17,28.75
651,30.17,28.75
490,30.17,28.75
402,30.17,28.75
320,30.17,28.75
451,30.17,28.75
394,30.17,28.75
596,30.17,28.75
178,30.17,28.75
677,30.17,28.75
459,30.17,28.75
705,30.17,28.75
533,30.17,28.75
575,30.17,28.75
583,30.17,28.75
544,30.17,28.75
725,30.17,28.75
241,30.17,28.75
669,30.17,28.75
484,30.17,28.75
366,30.17,28.75
464,30.17,28.75
374,30.17,28.75
368,30.17,29.03
593,30.17,29.03
626,30.17,29.03
381,30.17,29.03
444,30.17,29.03
795,30.17,29.03
592,30.17,29.03
443,30.17,29.03
687,30.17,29.03
273,30.17,29.03
617,30.17,29.03
522,30.17,29.03
735,30.17,29.03
350,30.17,29.03
665,30.17,29.03
224,30.17,29.03
570,30.17,29.03
630,30.17,29.03
336,30.17,29.03
629,30.17,29.03
448,30.17,29.03
372,30.17,29.03
249,30.17,29.03
681,30.17,29.03
682,30.17,29.03
746,30.17,29.03
537,30.17,29.03
710,30.17,29.03
366,30.17,29.03
598,30.17,29.03
159,30.17,29.03
680,30.17,29.03
438,30.17,29.03
282,30.17,29.03
311,30.17,29.03
495,30.17,29.03
356,30.17,29.03
463,30.17,29.03
654,30.17,29.03
377,30.17,29.03
371,30.17,29.03
360,30.17,29.03
589,30.17,29.03
448,30.17,29.03
555,30.17,29.03
341,30.17,29.03
726,30.17,29.03
205,30.17,29.03
471,30.17,29.03
414,30.17,29.03
647,30.17,29.03
428,30.17,29.03
657,30.17,29.03
507,30.17,29.03
435,30.17,29.03
758,30.17,29.03
606,30.17,29.03
830,30.17,29.03
317,30.17,29.03
701,30.17,28.91
367,30.17,28.91
470,30.17,28.91
568,30.17,28.91
650,30.17,28.91
514,30.17,28.91
383,30.17,28.91
531,30.17,28.91
653,30.17,28.91
589,30.17,28.91
300,30.17,28.91
859,30.17,28.91
120,30.17,28.91
716,30.17,28.91
578,30.17,28.91
794,30.17,28.91
313,30.17,28.91
757,30.17,28.91
615,30.17,28.91
252,30.17,28.91
506,30.17,28.91
371,30.17,28.91
350,30.17,28.91
459,30.17,28.91
439,30.17,28.91
423,30.17,28.91
622,30.17,28.91
178,30.17,28.91
535,30.17,28.91
245,30.17,28.91
383,30.17,28.91
194,30.17,28.91
665,30.17,28.91
206,30.17,28.91
675,30.17,28.91
473,30.17,28.91
528,30.21,28.91
483,30.21,28.91
378,30.21,28.91
646,30.21,28.91
121,30.21,28.91
533,30.21,28.91
376,30.21,28.91
660,30.21,28.91
221,30.21,28.91
649,30.21,28.91
381,30.21,28.91
564,30.21,28.91
294,30.21,28.91
568,30.21,28.91
484,30.21,28.91
776,30.21,28.91
482,30.21,28.91
597,30.21,28.91
670,30.21,28.91
318,30.21,28.91
742,30.21,28.91
600,30.21,28.91
749,30.21,28.91
338,30.21,28.91
816,30.21,29.03
165,30.21,29.03
673,30.21,29.03
803,30.21,29.03
685,30.21,29.03
430,30.21,29.03
857,30.21,29.03
435,30.21,29.03
375,30.21,29.03
516,30.21,29.03
491,30.21,29.03
401,30.21,29.03
306,30.21,29.03
834,30.21,29.03
205,30.21,29.03
739,30.21,29.03
120,30.21,29.03
452,30.21,29.03
524,30.21,29.03
326,30.21,29.03
617,30.21,29.03
615,30.21,29.03
301,30.21,29.03
534,30.21,29.03
625,30.21,29.03
507,30.21,29.03
492,30.21,29.03
328,30.21,29.03
608,30.21,29.03
309,30.21,29.03
704,30.21,29.03
120,30.21,29.03
724,30.21,29.03
320,30.21,29.03
549,30.21,29.03
543,30.21,29.03
444,30.19,29.03
633,30.19,29.03
311,30.19,29.03
630,30.19,29.03
228,30.19,29.03
542,30.19,29.03
497,30.19,29.03
620,30.19,29.03
312,30.19,29.03
883,30.19,29.03
119,30.19,29.03
836,30.19,29.03
118,30.19,29.03
826,30.19,29.03
565,30.19,29.03
432,30.19,29.03
423,30.19,29.03
532,30.19,29.03
692,30.19,29.03
419,30.19,29.03
790,30.19,29.03
340,30.19,29.03
691,30.19,29.03
632,30.19,29.03
532,30.19,28.89
648,30.19,28.89
637,30.19,28.89
316,30.19,28.89
674,30.19,28.89
272,30.19,28.89
585,30.19,28.89
718,30.19,28.89
615,30.19,28.89
635,30.19,28.89
351,30.19,28.89
841,30.19,28.89
120,30.19,28.89
833,30.19,28.89
504,30.19,28.89
650,30.19,28.89
194,30.19,28.89
551,30.19,28.89
502,30.19,28.89
392,30.19,28.89
342,30.19,28.89
656,30.19,28.89
368,30.19,28.89
310,30.19,28.89
504,30.19,28.89
532,30.19,28.89
506,30.19,28.89
120,30.19,28.89
688,30.19,28.89
183,30.19,28.89
565,30.19,28.89
121,30.19,28.89
882,30.19,28.89
424,30.19,28.89
705,30.19,28.89
400,30.19,28.89
466,30.19,28.89
317,30.19,28.89
264,30.19,28.89
595,30.19,28.89
138,30.19,28.89
358,30.19,28.89
644,30.19,28.89
643,30.19,28.89
256,30.19,28.89
751,30.19,28.89
351,30.19,28.89
692,30.19,28.89
233,30.19,28.89
801,30.19,28.89
330,30.19,28.89
692,30.19,28.89
622,30.19,28.89
494,30.19,28.89
661,30.19,28.89
333,30.19,28.89
540,30.19,28.89
702,30.19,28.89
288,30.19,28.89
285,30.19,28.99
755,30.19,28.99
765,30.19,28.99
369,30.19,28.99
665,30.19,28.99
706,30.19,28.99
352,30.19,28.99
882,30.19,28.99
448,30.19,28.99
682,30.19,28.99
689,30.19,28.99
474,30.19,28.99
674,30.19,28.99
471,30.19,28.99
793,30.19,28.99
495,30.19,28.99
558,30.19,28.99
327,30.19,28.99
510,30.19,28.99
743,30.19,28.99
423,30.19,28.99
419,30.19,28.99
609,30.19,28.99
421,30.19,28.99
663,30.19,28.99
398,30.19,28.99
624,30.19,28.99
257,30.19,28.99
489,30.19,28.99
498,30.19,28.99
122,30.19,28.99
510,30.19,28.99
323,30.19,28.99
720,30.19,28.99
257,30.19,28.99
387,30.19,28.99
391,30.17,28.99
620,30.17,28.99
510,30.17,28.99
448,30.17,28.99
345,30.17,28.99
626,30.17,28.99
606,30.17,28.99
680,30.17,28.99
455,30.17,28.99
301,30.17,28.99
511,30.17,28.99
613,30.17,28.99
485,30.17,28.99
356,30.17,28.99
810,30.17,28.99
370,30.17,28.99
545,30.17,28.99
483,30.17,28.99
490,30.17,28.99
586,30.17,28.99
366,30.17,28.99
744,30.17,28.99
486,30.17,28.99
371,30.17,28.99
622,30.17,29.09
734,30.17,29.09
443,30.17,29.09
497,30.17,29.09
374,30.17,29.09
593,30.17,29.09
373,30.17,29.09
448,30.17,29.09
487,30.17,29.09
456,30.17,29.09
441,30.17,29.09
652,30.17,29.09
667,30.17,29.09
499,30.17,29.09
881,30.17,29.09
527,30.17,29.09
677,30.17,29.09
507,30.17,29.09
450,30.17,29.09
553,30.17,29.09
329,30.17,29.09
586,30.17,29.09
344,30.17,29.09
552,30.17,29.09
485,30.17,29.09
654,30.17,29.09
555,30.17,29.09
558,30.17,29.09
539,30.17,29.09
468,30.17,29.09
526,30.17,29.09
525,30.17,29.09
398,30.17,29.09
800,30.17,29.09
264,30.17,29.09
817,30.17,29.09
580,30.23,29.09
261,30.23,29.09
674,30.23,29.09
260,30.23,29.09
663,30.23,29.09
276,30.23,29.09
432,30.23,29.09
531,30.23,29.09
619,30.23,29.09
515,30.23,29.09
589,30.23,29.09
434,30.23,29.09
486,30.23,29.09
321,30.23,29.09
630,30.23,29.09
274,30.23,29.09
445,30.23,29.09
450,30.23,29.09
352,30.23,29.09
430,30.23,29.09
315,30.23,29.09
635,30.23,29.09
380,30.23,29.09
700,30.23,29.09
484,30.23,29.09
534,30.23,29.09
567,30.23,29.09
264,30.23,29.09
807,30.23,29.09
556,30.23,29.09
382,30.23,29.09
607,30.23,29.09
395,30.23,29.09
531,30.23,29.09
572,30.23,29.09
542,30.23,29.09
572,30.23,29.09
