535,31.59,30.51
332,31.59,30.51
578,31.59,30.51
188,31.59,30.51
430,31.59,30.51
812,31.59,30.51
841,31.59,30.51
794,31.59,30.51
781,31.59,30.51
691,31.59,30.51
283,31.59,30.51
605,31.59,30.51
499,31.59,30.51
724,31.59,30.51
128,31.59,30.51
763,31.59,30.51
461,31.59,30.51
583,31.59,30.51
430,31.59,30.51
546,31.59,30.51
526,31.59,30.51
465,31.59,30.51
543,31.59,30.51
596,31.59,30.51
626,31.59,30.51
383,31.59,30.51
608,31.59,30.51
172,31.59,30.51
658,31.59,30.51
473,31.59,30.51
474,31.59,30.51
182,31.59,30.51
760,31.59,30.51
236,31.59,30.51
506,31.59,30.51
423,31.59,30.51
518,31.59,30.51
554,31.59,30.51
648,31.59,30.51
657,31.59,30.51
431,31.59,30.51
595,31.59,30.51
150,31.59,30.51
576,31.59,30.51
428,31.59,30.51
438,31.59,30.51
397,31.59,30.51
607,31.59,30.51
212,31.59,30.51
582,31.59,30.51
309,31.59,30.51
594,31.59,30.51
490,31.59,30.51
694,31.59,30.51
403,31.59,30.51
653,31.59,30.51
883,31.59,30.51
264,31.59,30.51
775,31.59,30.51
337,31.59,30.51
689,31.59,30.51
511,31.59,30.51
674,31.59,30.51
436,31.59,30.51
801,31.59,30.51
425,31.59,30.51
434,31.59,30.51
509,31.59,30.51
544,31.59,30.51
459,31.59,30.51
726,31.59,30.51
367,31.59,30.51
296,31.59,30.51
635,31.59,30.51
447,31.59,30.51
881,31.59,30.51
339,31.59,30.51
742,31.59,30.51
121,31.59,30.51
536,31.59,30.51
313,31.59,30.51
495,31.59,30.53
701,31.59,30.53
413,31.59,30.53
349,31.59,30.53
496,31.59,30.53
466,31.59,30.53
359,31.59,30.53
626,31.59,30.53
476,31.59,30.53
478,31.59,30.53
119,31.59,30.53
618,31.59,30.53
330,31.59,30.53
781,31.59,30.53
477,31.59,30.53
445,31.59,30.53
511,31.59,30.53
179,31.59,30.53
338,31.59,30.53
605,31.59,30.53
377,31.59,30.53
314,31.59,30.53
547,31.59,30.53
358,31.59,30.53
880,31.59,30.53
460,31.59,30.53
707,31.59,30.53
318,31.59,30.53
776,31.59,30.53
197,31.59,30.53
514,31.59,30.53
300,31.59,30.53
842,31.59,30.53
605,31.59,30.53
352,31.59,30.53
864,31.59,30.53
554,31.61,30.53
547,31.61,30.53
379,31.61,30.53
738,31.61,30.53
254,31.61,30.53
712,31.61,30.53
633,31.61,30.53
792,31.61,30.53
178,31.61,30.53
738,31.61,30.53
484,31.61,30.53
747,31.61,30.53
406,31.61,30.53
539,31.61,30.53
377,31.61,30.53
312,31.61,30.53
450,31.61,30.53
309,31.61,30.53
652,31.61,30.53
119,31.61,30.53
774,31.61,30.53
170,31.61,30.53
689,31.61,30.53
187,31.61,30.53
814,31.61,30.53
487,31.61,30.53
752,31.61,30.53
450,31.61,30.53
560,31.61,30.53
187,31.61,30.53
509,31.61,30.53
390,31.61,30.53
379,31.61,30.53
134,31.61,30.53
524,31.61,30.53
645,31.61,30.53
182,31.61,30.53
826,31.61,30.53
436,31.61,30.53
502,31.61,30.53
119,31.61,30.53
702,31.61,30.53
365,31.61,30.53
866,31.61,30.53
342,31.61,30.53
483,31.61,30.53
466,31.61,30.53
419,31.61,30.53
519,31.61,30.53
610,31.61,30.53
358,31.61,30.53
289,31.61,30.53
689,31.61,30.53
129,31.61,30.53
923,31.61,30.53
120,31.61,30.53
749,31.61,30.53
190,31.61,30.53
830,31.61,30.53
378,31.61,30.53
652,31.57,30.53
540,31.57,30.53
880,31.57,30.53
584,31.57,30.53
749,31.57,30.53
654,31.57,30.53
364,31.57,30.53
634,31.57,30.53
121,31.57,30.53
744,31.57,30.53
420,31.57,30.53
574,31.57,30.53
204,31.57,30.53
755,31.57,30.53
368,31.57,30.53
730,31.57,30.53
557,31.57,30.53
532,31.57,30.53
533,31.57,30.53
429,31.57,30.53
773,31.57,30.53
194,31.57,30.53
445,31.57,30.53
630,31.57,30.31
303,31.57,30.31
425,31.57,30.31
723,31.57,30.31
386,31.57,30.31
689,31.57,30.31
142,31.57,30.31
670,31.57,30.31
496,31.57,30.31
368,31.57,30.31
683,31.57,30.31
404,31.57,30.31
436,31.57,30.31
224,31.57,30.31
623,31.57,30.31
187,31.57,30.31
542,31.57,30.31
318,31.57,30.31
512,31.57,30.31
563,31.57,30.31
150,31.57,30.31
539,31.57,30.31
711,31.57,30.31
249,31.57,30.31
711,31.57,30.31
412,31.57,30.31
566,31.57,30.31
779,31.57,30.31
544,31.57,30.31
651,31.57,30.31
573,31.57,30.31
568,31.57,30.31
704,31.57,30.31
420,31.57,30.31
211,31.57,30.31
378,31.57,30.31
761,31.57,30.31
172,31.59,30.31
792,31.59,30.31
799,31.59,30.31
497,31.59,30.31
528,31.59,30.31
553,31.59,30.31
624,31.59,30.31
439,31.59,30.31
485,31.59,30.31
665,31.59,30.31
353,31.59,30.31
763,31.59,30.31
286,31.59,30.31
587,31.59,30.31
689,31.59,30.31
377,31.59,30.31
694,31.59,30.31
297,31.59,30.31
535,31.59,30.31
332,31.59,30.31
622,31.59,30.31
276,31.59,30.31
467,31.59,30.31
444,31.59,30.45
385,31.59,30.45
588,31.59,30.45
638,31.59,30.45
269,31.59,30.45
591,31.59,30.45
489,31.59,30.45
421,31.59,30.45
634,31.59,30.45
181,31.59,30.45
409,31.59,30.45
382,31.59,30.45
397,31.59,30.45
118,31.59,30.45
626,31.59,30.45
456,31.59,30.45
211,31.59,30.45
577,31.59,30.45
205,31.59,30.45
540,31.59,30.45
347,31.59,30.45
549,31.59,30.45
180,31.59,30.45
458,31.59,30.45
377,31.59,30.45
426,31.59,30.45
593,31.59,30.45
394,31.59,30.45
351,31.59,30.45
746,31.59,30.45
503,31.59,30.45
627,31.59,30.45
589,31.59,30.45
511,31.59,30.45
570,31.59,30.45
386,31.59,30.45
836,31.59,30.45
467,31.59,30.45
836,31.59,30.45
812,31.59,30.45
751,31.59,30.45
382,31.59,30.45
632,31.59,30.45
451,31.59,30.45
373,31.59,30.45
640,31.59,30.45
559,31.59,30.45
534,31.59,30.45
711,31.59,30.45
380,31.59,30.45
661,31.59,30.45
484,31.59,30.45
232,31.59,30.45
655,31.59,30.45
287,31.59,30.45
641,31.59,30.45
232,31.59,30.45
631,31.59,30.45
303,31.59,30.45
617,31.59,30.45
469,31.59,30.53
375,31.59,30.53
407,31.59,30.53
337,31.59,30.53
487,31.59,30.53
416,31.59,30.53
183,31.59,30.53
541,31.59,30.53
522,31.59,30.53
406,31.59,30.53
520,31.59,30.53
269,31.59,30.53
539,31.59,30.53
281,31.59,30.53
579,31.59,30.53
522,31.59,30.53
523,31.59,30.53
616,31.59,30.53
245,31.59,30.53
620,31.59,30.53
217,31.59,30.53
575,31.59,30.53
326,31.59,30.53
641,31.59,30.53
597,31.59,30.53
511,31.59,30.53
406,31.59,30.53
562,31.59,30.53
598,31.59,30.53
559,31.59,30.53
127,31.59,30.53
309,31.59,30.53
523,31.59,30.53
443,31.59,30.53
702,31.59,30.53
227,31.59,30.53
723,31.59,30.53
387,31.59,30.53
884,31.59,30.53
310,31.59,30.53
744,31.59,30.53
529,31.59,30.53
702,31.59,30.53
784,31.59,30.53
751,31.59,30.53
663,31.59,30.53
802,31.59,30.53
591,31.59,30.53
656,31.59,30.53
535,31.59,30.53
396,31.59,30.53
716,31.59,30.53
407,31.59,30.53
576,31.59,30.53
123,31.59,30.53
850,31.59,30.53
349,31.59,30.53
606,31.59,30.53
382,31.59,30.53
534,31.59,30.43
590,31.59,30.43
339,31.59,30.43
657,31.59,30.43
547,31.59,30.43
358,31.59,30.43
311,31.59,30.43
527,31.59,30.43
264,31.59,30.43
539,31.59,30.43
407,31.59,30.43
370,31.59,30.43
532,31.59,30.43
517,31.59,30.43
121,31.59,30.43
607,31.59,30.43
431,31.59,30.43
386,31.59,30.43
494,31.59,30.43
375,31.59,30.43
753,31.59,30.43
344,31.59,30.43
423,31.59,30.43
122,31.59,30.43
684,31.59,30.43
533,31.59,30.43
344,31.59,30.43
641,31.59,30.43
635,31.59,30.43
425,31.59,30.43
656,31.59,30.43
643,31.59,30.43
516,31.59,30.43
691,31.59,30.43
684,31.59,30.43
566,31.59,30.43
702,31.59,30.43
565,31.59,30.43
291,31.59,30.43
