725,31.93,30.79
234,31.93,30.79
619,31.93,30.79
122,31.93,30.79
547,31.93,30.79
372,31.93,30.79
694,31.93,30.79
121,31.93,30.79
484,31.93,30.79
383,31.93,30.79
446,31.93,30.79
261,31.93,30.79
704,31.93,30.79
838,31.93,30.79
293,31.93,30.79
763,31.93,30.79
341,31.93,30.79
617,31.93,30.79
118,31.93,30.79
884,31.93,30.79
362,31.93,30.79
550,31.93,30.79
643,31.93,30.79
675,31.99,30.79
681,31.99,30.79
557,31.99,30.79
505,31.99,30.79
489,31.99,30.79
410,31.99,30.79
441,31.99,30.79
787,31.99,30.79
416,31.99,30.79
598,31.99,30.79
318,31.99,30.79
884,31.99,30.79
364,31.99,30.79
683,31.99,30.79
477,31.99,30.79
450,31.99,30.79
222,31.99,30.79
395,31.99,30.79
432,31.99,30.79
395,31.99,30.79
654,31.99,30.79
442,31.99,30.79
760,31.99,30.79
215,31.99,30.79
548,31.99,30.97
423,31.99,30.97
582,31.99,30.97
118,31.99,30.97
830,31.99,30.97
245,31.99,30.97
718,31.99,30.97
405,31.99,30.97
122,31.99,30.97
291,31.99,30.97
334,31.99,30.97
740,31.99,30.97
118,31.99,30.97
459,31.99,30.97
335,31.99,30.97
756,31.99,30.97
292,31.99,30.97
582,31.99,30.97
634,31.99,30.97
559,31.99,30.97
347,31.99,30.97
285,31.99,30.97
374,31.99,30.97
471,31.99,30.97
418,31.99,30.97
338,31.99,30.97
495,31.99,30.97
122,31.99,30.97
495,31.99,30.97
292,31.99,30.97
535,31.99,30.97
458,31.99,30.97
515,31.99,30.97
303,31.99,30.97
344,31.99,30.97
492,31.99,30.97
280,31.93,30.97
708,31.93,30.97
536,31.93,30.97
513,31.93,30.97
309,31.93,30.97
673,31.93,30.97
640,31.93,30.97
594,31.93,30.97
340,31.93,30.97
688,31.93,30.97
411,31.93,30.97
201,31.93,30.97
610,31.93,30.97
399,31.93,30.97
493,31.93,30.97
633,31.93,30.97
356,31.93,30.97
536,31.93,30.97
709,31.93,30.97
531,31.93,30.97
784,31.93,30.97
530,31.93,30.97
449,31.93,30.97
713,31.93,30.97
315,31.93,30.91
394,31.93,30.91
422,31.93,30.91
786,31.93,30.91
441,31.93,30.91
420,31.93,30.91
751,31.93,30.91
234,31.93,30.91
676,31.93,30.91
530,31.93,30.91
465,31.93,30.91
645,31.93,30.91
470,31.93,30.91
618,31.93,30.91
434,31.93,30.91
406,31.93,30.91
306,31.93,30.91
591,31.93,30.91
472,31.93,30.91
272,31.93,30.91
340,31.93,30.91
609,31.93,30.91
418,31.93,30.91
318,31.93,30.91
622,31.93,30.91
557,31.93,30.91
490,31.93,30.91
587,31.93,30.91
631,31.93,30.91
397,31.93,30.91
671,31.93,30.91
125,31.93,30.91
747,31.93,30.91
344,31.93,30.91
380,31.93,30.91
718,31.93,30.91
251,31.95,30.91
532,31.95,30.91
522,31.95,30.91
355,31.95,30.91
167,31.95,30.91
755,31.95,30.91
475,31.95,30.91
748,31.95,30.91
703,31.95,30.91
779,31.95,30.91
475,31.95,30.91
556,31.95,30.91
611,31.95,30.91
830,31.95,30.91
768,31.95,30.91
428,31.95,30.91
554,31.95,30.91
366,31.95,30.91
863,31.95,30.91
509,31.95,30.91
677,31.95,30.91
437,31.95,30.91
392,31.95,30.91
347,31.95,30.71
646,31.95,30.71
548,31.95,30.71
674,31.95,30.71
842,31.95,30.71
347,31.95,30.71
559,31.95,30.71
516,31.95,30.71
795,31.95,30.71
370,31.95,30.71
757,31.95,30.71
375,31.95,30.71
583,31.95,30.71
139,31.95,30.71
661,31.95,30.71
530,31.95,30.71
738,31.95,30.71
571,31.95,30.71
493,31.95,30.71
540,31.95,30.71
352,31.95,30.71
597,31.95,30.71
482,31.95,30.71
652,31.95,30.71
335,31.95,30.71
408,31.95,30.71
304,31.95,30.71
550,31.95,30.71
434,31.95,30.71
539,31.95,30.71
179,31.95,30.71
710,31.95,30.71
483,31.95,30.71
597,31.95,30.71
638,31.95,30.71
422,31.95,30.71
762,31.95,30.71
289,31.95,30.71
883,31.95,30.71
452,31.95,30.71
724,31.95,30.71
347,31.95,30.71
677,31.95,30.71
578,31.95,30.71
693,31.95,30.71
545,31.95,30.71
619,31.95,30.71
371,31.95,30.71
469,31.95,30.71
445,31.95,30.71
188,31.95,30.71
262,31.95,30.71
453,31.95,30.71
652,31.95,30.71
323,31.95,30.71
884,31.95,30.71
522,31.95,30.71
720,31.95,30.71
202,31.95,30.71
641,31.95,30.71
411,31.95,30.81
564,31.95,30.81
421,31.95,30.81
831,31.95,30.81
255,31.95,30.81
369,31.95,30.81
499,31.95,30.81
643,31.95,30.81
302,31.95,30.81
355,31.95,30.81
683,31.95,30.81
575,31.95,30.81
696,31.95,30.81
129,31.95,30.81
742,31.95,30.81
120,31.95,30.81
701,31.95,30.81
186,31.95,30.81
326,31.95,30.81
478,31.95,30.81
469,31.95,30.81
577,31.95,30.81
430,31.95,30.81
344,31.95,30.81
597,31.95,30.81
571,31.95,30.81
331,31.95,30.81
727,31.95,30.81
321,31.95,30.81
682,31.95,30.81
394,31.95,30.81
867,31.95,30.81
246,31.95,30.81
806,31.95,30.81
317,31.95,30.81
776,31.95,30.81
637,31.99,30.81
230,31.99,30.81
813,31.99,30.81
418,31.99,30.81
516,31.99,30.81
412,31.99,30.81
673,31.99,30.81
499,31.99,30.81
630,31.99,30.81
460,31.99,30.81
751,31.99,30.81
325,31.99,30.81
884,31.99,30.81
361,31.99,30.81
779,31.99,30.81
540,31.99,30.81
640,31.99,30.81
615,31.99,30.81
118,31.99,30.81
744,31.99,30.81
306,31.99,30.81
685,31.99,30.81
118,31.99,30.81
649,31.99,30.59
353,31.99,30.59
588,31.99,30.59
352,31.99,30.59
716,31.99,30.59
170,31.99,30.59
560,31.99,30.59
426,31.99,30.59
472,31.99,30.59
558,31.99,30.59
350,31.99,30.59
733,31.99,30.59
117,31.99,30.59
732,31.99,30.59
308,31.99,30.59
699,31.99,30.59
204,31.99,30.59
747,31.99,30.59
161,31.99,30.59
521,31.99,30.59
598,31.99,30.59
391,31.99,30.59
659,31.99,30.59
298,31.99,30.59
611,31.99,30.59
352,31.99,30.59
550,31.99,30.59
237,31.99,30.59
574,31.99,30.59
427,31.99,30.59
623,31.99,30.59
350,31.99,30.59
863,31.99,30.59
215,31.99,30.59
368,31.99,30.59
677,31.99,30.59
424,31.95,30.59
573,31.95,30.59
185,31.95,30.59
731,31.95,30.59
350,31.95,30.59
884,31.95,30.59
357,31.95,30.59
804,31.95,30.59
438,31.95,30.59
645,31.95,30.59
385,31.95,30.59
583,31.95,30.59
376,31.95,30.59
485,31.95,30.59
780,31.95,30.59
644,31.95,30.59
521,31.95,30.59
696,31.95,30.59
671,31.95,30.59
165,31.95,30.59
851,31.95,30.59
320,31.95,30.59
630,31.95,30.59
522,31.95,30.59
769,31.95,30.87
181,31.95,30.87
605,31.95,30.87
520,31.95,30.87
384,31.95,30.87
671,31.95,30.87
270,31.95,30.87
560,31.95,30.87
578,31.95,30.87
539,31.95,30.87
519,31.95,30.87
883,31.95,30.87
457,31.95,30.87
590,31.95,30.87
401,31.95,30.87
771,31.95,30.87
184,31.95,30.87
766,31.95,30.87
462,31.95,30.87
497,31.95,30.87
673,31.95,30.87
256,31.95,30.87
756,31.95,30.87
162,31.95,30.87
627,31.95,30.87
369,31.95,30.87
338,31.95,30.87
340,31.95,30.87
427,31.95,30.87
468,31.95,30.87
602,31.95,30.87
424,31.95,30.87
511,31.95,30.87
167,31.95,30.87
519,31.95,30.87
325,31.95,30.87
405,31.93,30.87
196,31.93,30.87
282,31.93,30.87
687,31.93,30.87
148,31.93,30.87
465,31.93,30.87
473,31.93,30.87
346,31.93,30.87
787,31.93,30.87
482,31.93,30.87
486,31.93,30.87
444,31.93,30.87
714,31.93,30.87
366,31.93,30.87
530,31.93,30.87
766,31.93,30.87
405,31.93,30.87
499,31.93,30.87
366,31.93,30.87
150,31.93,30.87
461,31.93,30.87
507,31.93,30.87
699,31.93,30.87
479,31.93,30.91
625,31.93,30.91
517,31.93,30.91
429,31.93,30.91
812,31.93,30.91
531,31.93,30.91
547,31.93,30.91
454,31.93,30.91
707,31.93,30.91
292,31.93,30.91
538,31.93,30.91
310,31.93,30.91
264,31.93,30.91
587,31.93,30.91
422,31.93,30.91
