687,29.27,27.95
734,29.27,27.95
315,29.27,27.95
510,29.27,27.95
152,29.27,27.95
536,29.27,27.95
121,29.27,27.95
563,29.27,27.95
651,29.27,27.95
318,29.27,27.95
465,29.27,27.95
427,29.27,27.95
617,29.27,27.95
604,29.27,27.95
812,29.27,27.95
680,29.27,27.95
526,29.27,28.05
338,29.27,28.05
488,29.27,28.05
530,29.27,28.05
516,29.27,28.05
124,29.27,28.05
622,29.27,28.05
417,29.27,28.05
217,29.27,28.05
684,29.27,28.05
120,29.27,28.05
376,29.27,28.05
250,29.27,28.05
614,29.27,28.05
217,29.27,28.05
540,29.27,28.05
124,29.27,28.05
865,29.27,28.05
127,29.27,28.05
485,29.27,28.05
300,29.27,28.05
679,29.27,28.05
340,29.27,28.05
419,29.27,28.05
609,29.27,28.05
360,29.27,28.05
721,29.27,28.05
187,29.27,28.05
642,29.27,28.05
120,29.27,28.05
722,29.27,28.05
120,29.27,28.05
730,29.27,28.05
508,29.27,28.05
590,29.27,28.05
679,29.27,28.05
434,29.25,28.05
414,29.25,28.05
418,29.25,28.05
666,29.25,28.05
683,29.25,28.05
724,29.25,28.05
392,29.25,28.05
363,29.25,28.05
398,29.25,28.05
695,29.25,28.05
169,29.25,28.05
695,29.25,28.05
581,29.25,28.05
504,29.25,28.05
289,29.25,28.05
536,29.25,28.05
732,29.25,28.05
406,29.25,28.05
761,29.25,28.05
501,29.25,28.05
484,29.25,28.05
423,29.25,28.05
435,29.25,28.05
463,29.25,28.01
411,29.25,28.01
410,29.25,28.01
565,29.25,28.01
574,29.25,28.01
634,29.25,28.01
243,29.25,28.01
574,29.25,28.01
356,29.25,28.01
536,29.25,28.01
525,29.25,28.01
314,29.25,28.01
476,29.25,28.01
404,29.25,28.01
881,29.25,28.01
199,29.25,28.01
597,29.25,28.01
457,29.25,28.01
433,29.25,28.01
362,29.25,28.01
629,29.25,28.01
390,29.25,28.01
503,29.25,28.01
431,29.25,28.01
278,29.25,28.01
680,29.25,28.01
300,29.25,28.01
544,29.25,28.01
366,29.25,28.01
707,29.25,28.01
215,29.25,28.01
554,29.25,28.01
358,29.25,28.01
427,29.25,28.01
485,29.25,28.01
123,29.25,28.01
776,29.25,28.01
291,29.27,28.01
831,29.27,28.01
400,29.27,28.01
806,29.27,28.01
397,29.27,28.01
571,29.27,28.01
380,29.27,28.01
716,29.27,28.01
512,29.27,28.01
638,29.27,28.01
154,29.27,28.01
669,29.27,28.01
400,29.27,28.01
471,29.27,28.01
628,29.27,28.01
493,29.27,28.01
626,29.27,28.01
202,29.27,28.01
781,29.27,28.01
353,29.27,28.01
734,29.27,28.01
427,29.27,28.01
688,29.27,28.01
459,29.27,27.99
630,29.27,27.99
634,29.27,27.99
721,29.27,27.99
535,29.27,27.99
629,29.27,27.99
360,29.27,27.99
547,29.27,27.99
617,29.27,27.99
127,29.27,27.99
666,29.27,27.99
358,29.27,27.99
873,29.27,27.99
462,29.27,27.99
880,29.27,27.99
248,29.27,27.99
728,29.27,27.99
429,29.27,27.99
457,29.27,27.99
220,29.27,27.99
267,29.27,27.99
200,29.27,27.99
130,29.27,27.99
544,29.27,27.99
623,29.27,27.99
497,29.27,27.99
347,29.27,27.99
878,29.27,27.99
446,29.27,27.99
504,29.27,27.99
302,29.27,27.99
876,29.27,27.99
551,29.27,27.99
574,29.27,27.99
667,29.27,27.99
425,29.27,27.99
482,29.25,27.99
416,29.25,27.99
731,29.25,27.99
526,29.25,27.99
466,29.25,27.99
561,29.25,27.99
341,29.25,27.99
497,29.25,27.99
880,29.25,27.99
332,29.25,27.99
704,29.25,27.99
245,29.25,27.99
714,29.25,27.99
805,29.25,27.99
454,29.25,27.99
640,29.25,27.99
316,29.25,27.99
809,29.25,27.99
483,29.25,27.99
605,29.25,27.99
545,29.25,27.99
280,29.25,27.99
470,29.25,27.99
427,29.25,27.99
546,29.25,28.07
285,29.25,28.07
856,29.25,28.07
882,29.25,28.07
647,29.25,28.07
486,29.25,28.07
266,29.25,28.07
522,29.25,28.07
549,29.25,28.07
683,29.25,28.07
616,29.25,28.07
273,29.25,28.07
881,29.25,28.07
338,29.25,28.07
663,29.25,28.07
493,29.25,28.07
455,29.25,28.07
657,29.25,28.07
251,29.25,28.07
259,29.25,28.07
331,29.25,28.07
700,29.25,28.07
426,29.25,28.07
559,29.25,28.07
271,29.25,28.07
437,29.25,28.07
242,29.25,28.07
415,29.25,28.07
122,29.25,28.07
366,29.25,28.07
442,29.25,28.07
451,29.25,28.07
757,29.25,28.07
483,29.25,28.07
299,29.25,28.07
123,29.25,28.07
614,29.25,28.07
118,29.25,28.07
747,29.25,28.07
486,29.25,28.07
464,29.25,28.07
388,29.25,28.07
540,29.25,28.07
692,29.25,28.07
466,29.25,28.07
567,29.25,28.07
316,29.25,28.07
513,29.25,28.07
493,29.25,28.07
489,29.25,28.07
543,29.25,28.07
511,29.25,28.07
555,29.25,28.07
757,29.25,28.07
454,29.25,28.07
764,29.25,28.07
570,29.25,28.07
502,29.25,28.07
455,29.25,28.07
485,29.25,28.05
500,29.25,28.05
541,29.25,28.05
617,29.25,28.05
659,29.25,28.05
221,29.25,28.05
649,29.25,28.05
569,29.25,28.05
415,29.25,28.05
382,29.25,28.05
543,29.25,28.05
639,29.25,28.05
467,29.25,28.05
811,29.25,28.05
556,29.25,28.05
852,29.25,28.05
516,29.25,28.05
456,29.25,28.05
537,29.25,28.05
516,29.25,28.05
850,29.25,28.05
529,29.25,28.05
633,29.25,28.05
625,29.25,28.05
515,29.25,28.05
572,29.25,28.05
326,29.25,28.05
720,29.25,28.05
480,29.25,28.05
583,29.25,28.05
553,29.25,28.05
615,29.25,28.05
694,29.25,28.05
545,29.25,28.05
664,29.25,28.05
584,29.25,28.05
120,29.25,28.05
767,29.25,28.05
347,29.25,28.05
534,29.25,28.05
341,29.25,28.05
502,29.25,28.05
423,29.25,28.05
229,29.25,28.05
564,29.25,28.05
468,29.25,28.05
627,29.25,28.05
386,29.25,28.05
531,29.25,28.05
617,29.25,28.05
334,29.25,28.05
420,29.25,28.05
404,29.25,28.05
436,29.25,28.05
423,29.25,28.05
550,29.25,28.05
643,29.25,28.05
367,29.25,28.05
222,29.25,28.05
601,29.25,28.05
186,29.25,28.13
606,29.25,28.13
352,29.25,28.13
734,29.25,28.13
120,29.25,28.13
607,29.25,28.13
474,29.25,28.13
531,29.25,28.13
501,29.25,28.13
480,29.25,28.13
615,29.25,28.13
529,29.25,28.13
465,29.25,28.13
626,29.25,28.13
558,29.25,28.13
381,29.25,28.13
826,29.25,28.13
675,29.25,28.13
509,29.25,28.13
122,29.25,28.13
882,29.25,28.13
387,29.25,28.13
783,29.25,28.13
397,29.25,28.13
706,29.25,28.13
499,29.25,28.13
512,29.25,28.13
737,29.25,28.13
301,29.25,28.13
678,29.25,28.13
229,29.25,28.13
696,29.25,28.13
456,29.25,28.13
585,29.25,28.13
444,29.25,28.13
748,29.25,28.13
125,29.27,28.13
591,29.27,28.13
356,29.27,28.13
753,29.27,28.13
359,29.27,28.13
770,29.27,28.13
751,29.27,28.13
295,29.27,28.13
700,29.27,28.13
343,29.27,28.13
661,29.27,28.13
121,29.27,28.13
794,29.27,28.13
196,29.27,28.13
201,29.27,28.13
558,29.27,28.13
699,29.27,28.13
133,29.27,28.13
543,29.27,28.13
657,29.27,28.13
610,29.27,28.13
255,29.27,28.13
509,29.27,28.13
507,29.27,28.13
173,29.27,28.13
592,29.27,28.13
283,29.27,28.13
557,29.27,28.13
163,29.27,28.13
592,29.27,28.13
446,29.27,28.13
487,29.27,28.13
577,29.27,28.13
591,29.27,28.13
883,29.27,28.13
431,29.27,28.13
373,29.27,28.13
690,29.27,28.13
462,29.27,28.13
628,29.27,28.13
641,29.27,28.13
208,29.27,28.13
757,29.27,28.13
372,29.27,28.13
639,29.27,28.13
419,29.27,28.13
668,29.27,28.13
381,29.27,28.13
460,29.27,28.13
400,29.27,28.13
467,29.27,28.13
688,29.27,28.13
418,29.27,28.13
373,29.27,28.13
657,29.27,28.13
563,29.27,28.13
599,29.27,28.13
683,29.27,28.13
575,29.27,28.13
585,29.27,28.13
121,29.23,28.13
840,29.23,28.13
172,29.23,28.13
463,29.23,28.13
570,29.23,28.13
376,29.23,28.13
449,29.23,28.13
246,29.23,28.13
663,29.23,28.13
