583,29.45,28.31
457,29.45,28.31
464,29.45,28.31
494,29.45,28.31
781,29.45,28.31
309,29.45,28.31
545,29.45,28.31
523,29.45,28.31
423,29.45,28.31
510,29.45,28.31
882,29.45,28.31
311,29.45,28.31
733,29.45,28.31
539,29.45,28.31
763,29.45,28.31
598,29.45,28.31
383,29.45,28.31
701,29.45,28.31
483,29.45,28.31
760,29.45,28.31
215,29.45,28.31
765,29.45,28.31
359,29.45,28.31
522,29.45,28.31
350,29.45,28.31
568,29.45,28.31
120,29.45,28.31
828,29.45,28.31
395,29.45,28.31
262,29.41,28.31
475,29.41,28.31
742,29.41,28.31
657,29.41,28.31
382,29.41,28.31
638,29.41,28.31
124,29.41,28.31
881,29.41,28.31
124,29.41,28.31
691,29.41,28.31
219,29.41,28.31
373,29.41,28.31
411,29.41,28.31
674,29.41,28.31
119,29.41,28.31
563,29.41,28.31
367,29.41,28.31
539,29.41,28.31
309,29.41,28.31
559,29.41,28.31
591,29.41,28.31
672,29.41,28.31
559,29.41,28.31
548,29.41,28.31
576,29.41,28.31
246,29.41,28.31
812,29.41,28.31
175,29.41,28.31
519,29.41,28.31
367,29.41,28.31
725,29.41,28.31
418,29.41,28.31
658,29.41,28.31
435,29.41,28.31
651,29.41,28.31
332,29.41,28.31
614,29.41,28.31
745,29.41,28.31
401,29.41,28.31
755,29.41,28.31
494,29.41,28.31
725,29.41,28.31
140,29.41,28.31
881,29.41,28.31
158,29.41,28.31
515,29.41,28.31
124,29.41,28.31
586,29.41,28.31
373,29.41,28.31
420,29.41,28.31
512,29.41,28.31
577,29.41,28.31
369,29.41,28.31
482,29.41,28.31
455,29.41,28.31
656,29.41,28.31
424,29.41,28.31
551,29.41,28.31
816,29.41,28.31
131,29.41,28.31
591,29.45,28.31
515,29.45,28.31
349,29.45,28.31
203,29.45,28.31
445,29.45,28.31
567,29.45,28.31
416,29.45,28.31
514,29.45,28.31
450,29.45,28.31
785,29.45,28.31
440,29.45,28.31
315,29.45,28.31
421,29.45,28.31
460,29.45,28.31
466,29.45,28.31
477,29.45,28.31
341,29.45,28.31
489,29.45,28.31
681,29.45,28.31
590,29.45,28.31
424,29.45,28.31
296,29.45,28.31
766,29.45,28.31
455,29.45,28.31
640,29.45,28.31
265,29.45,28.31
578,29.45,28.31
470,29.45,28.31
679,29.45,28.31
518,29.45,28.31
465,29.45,28.31
409,29.45,28.31
594,29.45,28.31
471,29.45,28.31
578,29.45,28.31
615,29.45,28.31
687,29.45,28.31
616,29.45,28.31
551,29.45,28.31
630,29.45,28.31
575,29.45,28.31
670,29.45,28.31
349,29.45,28.31
779,29.45,28.31
543,29.45,28.31
694,29.45,28.31
550,29.45,28.31
644,29.45,28.31
632,29.45,28.31
221,29.45,28.31
741,29.45,28.31
120,29.45,28.31
435,29.45,28.31
634,29.45,28.31
472,29.45,28.31
452,29.45,28.31
582,29.45,28.31
304,29.45,28.31
856,29.45,28.31
339,29.41,28.31
690,29.41,28.31
427,29.41,28.31
398,29.41,28.31
597,29.41,28.31
430,29.41,28.31
294,29.41,28.31
266,29.41,28.31
817,29.41,28.31
121,29.41,28.31
532,29.41,28.31
394,29.41,28.31
245,29.41,28.31
369,29.41,28.31
365,29.41,28.31
297,29.41,28.31
313,29.41,28.31
499,29.41,28.31
745,29.41,28.31
360,29.41,28.31
465,29.41,28.31
429,29.41,28.31
579,29.41,28.31
560,29.41,28.31
369,29.41,28.17
846,29.41,28.17
347,29.41,28.17
437,29.41,28.17
374,29.41,28.17
554,29.41,28.17
372,29.41,28.17
393,29.41,28.17
725,29.41,28.17
532,29.41,28.17
563,29.41,28.17
705,29.41,28.17
698,29.41,28.17
793,29.41,28.17
747,29.41,28.17
567,29.41,28.17
742,29.41,28.17
566,29.41,28.17
811,29.41,28.17
317,29.41,28.17
804,29.41,28.17
250,29.41,28.17
665,29.41,28.17
596,29.41,28.17
504,29.41,28.17
881,29.41,28.17
507,29.41,28.17
277,29.41,28.17
264,29.41,28.17
529,29.41,28.17
428,29.41,28.17
761,29.41,28.17
381,29.41,28.17
691,29.41,28.17
182,29.41,28.17
676,29.41,28.17
127,29.47,28.17
655,29.47,28.17
655,29.47,28.17
461,29.47,28.17
590,29.47,28.17
241,29.47,28.17
474,29.47,28.17
555,29.47,28.17
476,29.47,28.17
180,29.47,28.17
457,29.47,28.17
573,29.47,28.17
529,29.47,28.17
826,29.47,28.17
570,29.47,28.17
339,29.47,28.17
428,29.47,28.17
459,29.47,28.17
728,29.47,28.17
279,29.47,28.17
513,29.47,28.17
614,29.47,28.17
119,29.47,28.17
821,29.47,28.31
333,29.47,28.31
883,29.47,28.31
508,29.47,28.31
755,29.47,28.31
364,29.47,28.31
720,29.47,28.31
483,29.47,28.31
450,29.47,28.31
779,29.47,28.31
465,29.47,28.31
576,29.47,28.31
468,29.47,28.31
609,29.47,28.31
570,29.47,28.31
657,29.47,28.31
432,29.47,28.31
536,29.47,28.31
258,29.47,28.31
882,29.47,28.31
199,29.47,28.31
882,29.47,28.31
566,29.47,28.31
725,29.47,28.31
767,29.47,28.31
624,29.47,28.31
800,29.47,28.31
248,29.47,28.31
568,29.47,28.31
124,29.47,28.31
821,29.47,28.31
193,29.47,28.31
617,29.47,28.31
552,29.47,28.31
531,29.47,28.31
444,29.47,28.31
723,29.43,28.31
349,29.43,28.31
811,29.43,28.31
329,29.43,28.31
607,29.43,28.31
500,29.43,28.31
327,29.43,28.31
720,29.43,28.31
331,29.43,28.31
535,29.43,28.31
236,29.43,28.31
595,29.43,28.31
472,29.43,28.31
290,29.43,28.31
252,29.43,28.31
700,29.43,28.31
558,29.43,28.31
389,29.43,28.31
386,29.43,28.31
839,29.43,28.31
221,29.43,28.31
443,29.43,28.31
492,29.43,28.31
358,29.43,28.31
624,29.43,28.39
462,29.43,28.39
702,29.43,28.39
249,29.43,28.39
551,29.43,28.39
554,29.43,28.39
468,29.43,28.39
371,29.43,28.39
855,29.43,28.39
620,29.43,28.39
786,29.43,28.39
393,29.43,28.39
872,29.43,28.39
500,29.43,28.39
728,29.43,28.39
713,29.43,28.39
468,29.43,28.39
637,29.43,28.39
272,29.43,28.39
799,29.43,28.39
128,29.43,28.39
725,29.43,28.39
553,29.43,28.39
630,29.43,28.39
399,29.43,28.39
399,29.43,28.39
651,29.43,28.39
506,29.43,28.39
122,29.43,28.39
648,29.43,28.39
545,29.43,28.39
595,29.43,28.39
756,29.43,28.39
610,29.43,28.39
474,29.43,28.39
132,29.43,28.39
708,29.45,28.39
164,29.45,28.39
600,29.45,28.39
172,29.45,28.39
829,29.45,28.39
439,29.45,28.39
444,29.45,28.39
335,29.45,28.39
326,29.45,28.39
642,29.45,28.39
503,29.45,28.39
381,29.45,28.39
157,29.45,28.39
457,29.45,28.39
477,29.45,28.39
738,29.45,28.39
119,29.45,28.39
712,29.45,28.39
454,29.45,28.39
625,29.45,28.39
119,29.45,28.39
835,29.45,28.39
467,29.45,28.39
646,29.45,28.39
580,29.45,28.19
450,29.45,28.19
556,29.45,28.19
452,29.45,28.19
882,29.45,28.19
333,29.45,28.19
541,29.45,28.19
524,29.45,28.19
645,29.45,28.19
443,29.45,28.19
713,29.45,28.19
329,29.45,28.19
795,29.45,28.19
287,29.45,28.19
640,29.45,28.19
802,29.45,28.19
177,29.45,28.19
628,29.45,28.19
583,29.45,28.19
757,29.45,28.19
235,29.45,28.19
882,29.45,28.19
471,29.45,28.19
791,29.45,28.19
136,29.45,28.19
608,29.45,28.19
366,29.45,28.19
488,29.45,28.19
283,29.45,28.19
508,29.45,28.19
406,29.45,28.19
515,29.45,28.19
425,29.45,28.19
535,29.45,28.19
365,29.45,28.19
183,29.45,28.19
826,29.43,28.19
120,29.43,28.19
571,29.43,28.19
547,29.43,28.19
867,29.43,28.19
119,29.43,28.19
645,29.43,28.19
300,29.43,28.19
380,29.43,28.19
480,29.43,28.19
596,29.43,28.19
434,29.43,28.19
374,29.43,28.19
466,29.43,28.19
714,29.43,28.19
692,29.43,28.19
125,29.43,28.19
861,29.43,28.19
363,29.43,28.19
876,29.43,28.19
123,29.43,28.19
571,29.43,28.19
322,29.43,28.19
594,29.43,28.39
384,29.43,28.39
421,29.43,28.39
551,29.43,28.39
539,29.43,28.39
689,29.43,28.39
340,29.43,28.39
488,29.43,28.39
596,29.43,28.39
