610,32.31,31.11
565,32.31,31.11
445,32.31,31.11
588,32.31,31.11
351,32.31,31.11
291,32.31,31.11
393,32.31,31.11
378,32.31,31.11
393,32.31,31.11
572,32.31,31.11
448,32.31,31.11
383,32.31,31.11
495,32.31,31.11
230,32.31,31.11
374,32.31,31.11
456,32.31,31.11
326,32.31,31.11
883,32.31,31.11
423,32.31,31.11
340,32.31,31.11
533,32.31,31.11
578,32.31,31.11
490,32.31,31.11
552,32.31,31.11
603,32.31,31.11
181,32.31,31.11
508,32.31,31.11
595,32.31,31.11
782,32.31,31.11
174,32.31,31.11
700,32.31,31.11
297,32.31,31.11
826,32.31,31.11
122,32.31,31.11
853,32.31,31.11
379,32.31,31.11
840,32.31,31.11
290,32.31,31.11
523,32.31,31.19
623,32.31,31.19
385,32.31,31.19
782,32.31,31.19
384,32.31,31.19
549,32.31,31.19
485,32.31,31.19
545,32.31,31.19
459,32.31,31.19
701,32.31,31.19
323,32.31,31.19
671,32.31,31.19
480,32.31,31.19
824,32.31,31.19
652,32.31,31.19
511,32.31,31.19
293,32.31,31.19
647,32.31,31.19
760,32.31,31.19
188,32.31,31.19
700,32.31,31.19
480,32.31,31.19
554,32.31,31.19
248,32.31,31.19
618,32.31,31.19
290,32.31,31.19
387,32.31,31.19
464,32.31,31.19
552,32.31,31.19
365,32.31,31.19
681,32.31,31.19
579,32.31,31.19
596,32.31,31.19
312,32.31,31.19
122,32.31,31.19
407,32.31,31.19
186,32.31,31.19
686,32.31,31.19
509,32.31,31.19
612,32.31,31.19
243,32.31,31.19
430,32.31,31.19
545,32.31,31.19
612,32.31,31.19
309,32.31,31.19
583,32.31,31.19
645,32.31,31.19
120,32.31,31.19
664,32.31,31.19
385,32.31,31.19
721,32.31,31.19
466,32.31,31.19
560,32.31,31.19
259,32.31,31.19
619,32.31,31.19
301,32.31,31.19
798,32.31,31.19
424,32.31,31.19
719,32.31,31.19
544,32.31,31.19
637,32.31,31.15
466,32.31,31.15
593,32.31,31.15
695,32.31,31.15
542,32.31,31.15
672,32.31,31.15
476,32.31,31.15
857,32.31,31.15
376,32.31,31.15
623,32.31,31.15
536,32.31,31.15
363,32.31,31.15
166,32.31,31.15
791,32.31,31.15
328,32.31,31.15
487,32.31,31.15
504,32.31,31.15
602,32.31,31.15
651,32.31,31.15
625,32.31,31.15
750,32.31,31.15
420,32.31,31.15
390,32.31,31.15
497,32.31,31.15
592,32.31,31.15
263,32.31,31.15
653,32.31,31.15
498,32.31,31.15
578,32.31,31.15
198,32.31,31.15
533,32.31,31.15
548,32.31,31.15
751,32.31,31.15
389,32.31,31.15
405,32.31,31.15
454,32.31,31.15
312,32.31,31.15
747,32.31,31.15
505,32.31,31.15
583,32.31,31.15
127,32.31,31.15
541,32.31,31.15
603,32.31,31.15
410,32.31,31.15
354,32.31,31.15
698,32.31,31.15
280,32.31,31.15
263,32.31,31.15
611,32.31,31.15
503,32.31,31.15
645,32.31,31.15
463,32.31,31.15
486,32.31,31.15
502,32.31,31.15
644,32.31,31.15
500,32.31,31.15
762,32.31,31.15
345,32.31,31.15
664,32.31,31.15
585,32.31,31.33
483,32.31,31.33
483,32.31,31.33
640,32.31,31.33
722,32.31,31.33
153,32.31,31.33
581,32.31,31.33
693,32.31,31.33
582,32.31,31.33
517,32.31,31.33
869,32.31,31.33
528,32.31,31.33
246,32.31,31.33
292,32.31,31.33
596,32.31,31.33
486,32.31,31.33
664,32.31,31.33
442,32.31,31.33
198,32.31,31.33
610,32.31,31.33
362,32.31,31.33
731,32.31,31.33
121,32.31,31.33
400,32.31,31.33
647,32.31,31.33
525,32.31,31.33
259,32.31,31.33
621,32.31,31.33
445,32.31,31.33
720,32.31,31.33
436,32.31,31.33
322,32.31,31.33
380,32.31,31.33
721,32.31,31.33
350,32.31,31.33
244,32.31,31.33
733,32.29,31.33
222,32.29,31.33
667,32.29,31.33
120,32.29,31.33
600,32.29,31.33
333,32.29,31.33
585,32.29,31.33
410,32.29,31.33
437,32.29,31.33
538,32.29,31.33
663,32.29,31.33
495,32.29,31.33
659,32.29,31.33
457,32.29,31.33
428,32.29,31.33
769,32.29,31.33
449,32.29,31.33
772,32.29,31.33
238,32.29,31.33
855,32.29,31.33
298,32.29,31.33
762,32.29,31.33
397,32.29,31.33
592,32.29,31.33
771,32.29,31.15
371,32.29,31.15
885,32.29,31.15
440,32.29,31.15
669,32.29,31.15
577,32.29,31.15
529,32.29,31.15
491,32.29,31.15
534,32.29,31.15
320,32.29,31.15
676,32.29,31.15
138,32.29,31.15
290,32.29,31.15
277,32.29,31.15
575,32.29,31.15
308,32.29,31.15
492,32.29,31.15
651,32.29,31.15
196,32.29,31.15
791,32.29,31.15
261,32.29,31.15
641,32.29,31.15
125,32.29,31.15
537,32.29,31.15
393,32.29,31.15
526,32.29,31.15
374,32.29,31.15
652,32.29,31.15
265,32.29,31.15
520,32.29,31.15
391,32.29,31.15
418,32.29,31.15
119,32.29,31.15
415,32.29,31.15
758,32.29,31.15
539,32.29,31.15
590,32.37,31.15
203,32.37,31.15
734,32.37,31.15
242,32.37,31.15
775,32.37,31.15
339,32.37,31.15
767,32.37,31.15
237,32.37,31.15
665,32.37,31.15
484,32.37,31.15
264,32.37,31.15
516,32.37,31.15
657,32.37,31.15
534,32.37,31.15
552,32.37,31.15
598,32.37,31.15
278,32.37,31.15
640,32.37,31.15
485,32.37,31.15
741,32.37,31.15
363,32.37,31.15
875,32.37,31.15
424,32.37,31.15
864,32.37,31.13
333,32.37,31.13
604,32.37,31.13
652,32.37,31.13
529,32.37,31.13
610,32.37,31.13
508,32.37,31.13
436,32.37,31.13
647,32.37,31.13
484,32.37,31.13
562,32.37,31.13
809,32.37,31.13
454,32.37,31.13
885,32.37,31.13
225,32.37,31.13
831,32.37,31.13
471,32.37,31.13
433,32.37,31.13
426,32.37,31.13
532,32.37,31.13
552,32.37,31.13
144,32.37,31.13
587,32.37,31.13
385,32.37,31.13
655,32.37,31.13
342,32.37,31.13
667,32.37,31.13
356,32.37,31.13
512,32.37,31.13
164,32.37,31.13
802,32.37,31.13
270,32.37,31.13
763,32.37,31.13
175,32.37,31.13
730,32.37,31.13
526,32.37,31.13
273,32.31,31.13
848,32.31,31.13
366,32.31,31.13
764,32.31,31.13
422,32.31,31.13
573,32.31,31.13
216,32.31,31.13
841,32.31,31.13
390,32.31,31.13
645,32.31,31.13
538,32.31,31.13
554,32.31,31.13
556,32.31,31.13
749,32.31,31.13
439,32.31,31.13
881,32.31,31.13
430,32.31,31.13
362,32.31,31.13
802,32.31,31.13
333,32.31,31.13
795,32.31,31.13
255,32.31,31.13
679,32.31,31.13
506,32.31,31.13
638,32.31,31.27
437,32.31,31.27
677,32.31,31.27
643,32.31,31.27
776,32.31,31.27
508,32.31,31.27
366,32.31,31.27
359,32.31,31.27
545,32.31,31.27
376,32.31,31.27
398,32.31,31.27
625,32.31,31.27
390,32.31,31.27
794,32.31,31.27
141,32.31,31.27
729,32.31,31.27
368,32.31,31.27
633,32.31,31.27
313,32.31,31.27
493,32.31,31.27
678,32.31,31.27
438,32.31,31.27
796,32.31,31.27
514,32.31,31.27
362,32.31,31.27
436,32.31,31.27
410,32.31,31.27
420,32.31,31.27
407,32.31,31.27
417,32.31,31.27
535,32.31,31.27
476,32.31,31.27
540,32.31,31.27
551,32.31,31.27
535,32.31,31.27
472,32.31,31.27
267,32.29,31.27
559,32.29,31.27
118,32.29,31.27
706,32.29,31.27
438,32.29,31.27
582,32.29,31.27
294,32.29,31.27
621,32.29,31.27
367,32.29,31.27
250,32.29,31.27
442,32.29,31.27
740,32.29,31.27
322,32.29,31.27
531,32.29,31.27
587,32.29,31.27
614,32.29,31.27
268,32.29,31.27
581,32.29,31.27
622,32.29,31.27
306,32.29,31.27
809,32.29,31.27
404,32.29,31.27
885,32.29,31.27
379,32.29,31.05
602,32.29,31.05
624,32.29,31.05
668,32.29,31.05
472,32.29,31.05
560,32.29,31.05
694,32.29,31.05
261,32.29,31.05
569,32.29,31.05
670,32.29,31.05
623,32.29,31.05
535,32.29,31.05
885,32.29,31.05
389,32.29,31.05
662,32.29,31.05
438,32.29,31.05
628,32.29,31.05
348,32.29,31.05
783,32.29,31.05
418,32.29,31.05
500,32.29,31.05
573,32.29,31.05
192,32.29,31.05
738,32.29,31.05
