594,31.71,30.43
537,31.71,30.43
689,31.71,30.43
210,31.71,30.43
478,31.71,30.43
739,31.71,30.43
779,31.71,30.43
346,31.71,30.43
176,31.71,30.43
318,31.71,30.43
670,31.71,30.43
242,31.71,30.43
574,31.71,30.43
281,31.71,30.43
516,31.71,30.43
448,31.71,30.43
457,31.71,30.43
478,31.71,30.43
451,31.71,30.43
585,31.71,30.43
118,31.71,30.43
399,31.71,30.43
380,31.71,30.43
409,31.71,30.43
647,31.71,30.43
305,31.71,30.43
462,31.71,30.43
882,31.71,30.43
327,31.71,30.43
767,31.71,30.43
500,31.71,30.43
378,31.71,30.43
395,31.71,30.43
322,31.71,30.43
400,31.71,30.43
449,31.71,30.43
474,31.71,30.43
496,31.71,30.43
644,31.71,30.43
397,31.71,30.43
444,31.71,30.43
553,31.71,30.43
590,31.71,30.43
674,31.71,30.57
609,31.71,30.57
323,31.71,30.57
693,31.71,30.57
654,31.71,30.57
629,31.71,30.57
605,31.71,30.57
277,31.71,30.57
841,31.71,30.57
418,31.71,30.57
459,31.71,30.57
459,31.71,30.57
672,31.71,30.57
351,31.71,30.57
389,31.71,30.57
567,31.71,30.57
483,31.71,30.57
321,31.71,30.57
451,31.71,30.57
344,31.71,30.57
528,31.71,30.57
473,31.71,30.57
340,31.71,30.57
541,31.71,30.57
458,31.71,30.57
420,31.71,30.57
243,31.71,30.57
564,31.71,30.57
118,31.71,30.57
666,31.71,30.57
278,31.71,30.57
548,31.71,30.57
521,31.71,30.57
388,31.71,30.57
602,31.71,30.57
454,31.71,30.57
420,31.71,30.57
562,31.71,30.57
414,31.71,30.57
448,31.71,30.57
604,31.71,30.57
551,31.71,30.57
538,31.71,30.57
385,31.71,30.57
627,31.71,30.57
354,31.71,30.57
579,31.71,30.57
433,31.71,30.57
434,31.71,30.57
414,31.71,30.57
543,31.71,30.57
702,31.71,30.57
566,31.71,30.57
727,31.71,30.57
364,31.71,30.57
586,31.71,30.57
412,31.71,30.57
582,31.71,30.57
602,31.71,30.57
731,31.71,30.37
374,31.71,30.37
661,31.71,30.37
611,31.71,30.37
434,31.71,30.37
538,31.71,30.37
531,31.71,30.37
457,31.71,30.37
404,31.71,30.37
664,31.71,30.37
491,31.71,30.37
446,31.71,30.37
585,31.71,30.37
883,31.71,30.37
521,31.71,30.37
444,31.71,30.37
546,31.71,30.37
386,31.71,30.37
723,31.71,30.37
488,31.71,30.37
368,31.71,30.37
377,31.71,30.37
509,31.71,30.37
480,31.71,30.37
461,31.71,30.37
347,31.71,30.37
441,31.71,30.37
416,31.71,30.37
532,31.71,30.37
199,31.71,30.37
427,31.71,30.37
651,31.71,30.37
539,31.71,30.37
511,31.71,30.37
184,31.71,30.37
450,31.71,30.37
606,31.71,30.37
373,31.71,30.37
207,31.71,30.37
460,31.71,30.37
436,31.71,30.37
432,31.71,30.37
627,31.71,30.37
285,31.71,30.37
575,31.71,30.37
419,31.71,30.37
597,31.71,30.37
542,31.71,30.37
442,31.71,30.37
300,31.71,30.37
764,31.71,30.37
520,31.71,30.37
583,31.71,30.37
502,31.71,30.37
727,31.71,30.37
117,31.71,30.37
681,31.71,30.37
516,31.71,30.37
608,31.71,30.37
317,31.71,30.37
807,31.71,30.51
686,31.71,30.51
543,31.71,30.51
751,31.71,30.51
632,31.71,30.51
618,31.71,30.51
520,31.71,30.51
595,31.71,30.51
304,31.71,30.51
843,31.71,30.51
519,31.71,30.51
881,31.71,30.51
262,31.71,30.51
585,31.71,30.51
553,31.71,30.51
572,31.71,30.51
449,31.71,30.51
459,31.71,30.51
693,31.71,30.51
476,31.71,30.51
592,31.71,30.51
657,31.71,30.51
496,31.71,30.51
506,31.71,30.51
643,31.71,30.51
419,31.71,30.51
546,31.71,30.51
117,31.71,30.51
584,31.71,30.51
295,31.71,30.51
468,31.71,30.51
206,31.71,30.51
506,31.71,30.51
543,31.71,30.51
347,31.71,30.51
552,31.71,30.51
345,31.71,30.51
623,31.71,30.51
352,31.71,30.51
280,31.71,30.51
335,31.71,30.51
882,31.71,30.51
459,31.71,30.51
882,31.71,30.51
203,31.71,30.51
681,31.71,30.51
296,31.71,30.51
522,31.71,30.51
283,31.71,30.51
636,31.71,30.51
728,31.71,30.51
496,31.71,30.51
750,31.71,30.51
429,31.71,30.51
799,31.71,30.51
320,31.71,30.51
835,31.71,30.51
276,31.71,30.51
812,31.71,30.51
396,31.71,30.39
750,31.71,30.39
536,31.71,30.39
555,31.71,30.39
422,31.71,30.39
525,31.71,30.39
324,31.71,30.39
506,31.71,30.39
605,31.71,30.39
134,31.71,30.39
882,31.71,30.39
422,31.71,30.39
749,31.71,30.39
119,31.71,30.39
821,31.71,30.39
390,31.71,30.39
495,31.71,30.39
411,31.71,30.39
587,31.71,30.39
449,31.71,30.39
606,31.71,30.39
265,31.71,30.39
608,31.71,30.39
485,31.71,30.39
334,31.71,30.39
614,31.71,30.39
187,31.71,30.39
348,31.71,30.39
149,31.71,30.39
850,31.71,30.39
122,31.71,30.39
882,31.71,30.39
318,31.71,30.39
803,31.71,30.39
441,31.71,30.39
390,31.71,30.39
432,31.69,30.39
518,31.69,30.39
325,31.69,30.39
450,31.69,30.39
736,31.69,30.39
232,31.69,30.39
645,31.69,30.39
302,31.69,30.39
883,31.69,30.39
178,31.69,30.39
823,31.69,30.39
171,31.69,30.39
824,31.69,30.39
373,31.69,30.39
672,31.69,30.39
551,31.69,30.39
252,31.69,30.39
560,31.69,30.39
368,31.69,30.39
609,31.69,30.39
118,31.69,30.39
749,31.69,30.39
182,31.69,30.39
688,31.69,30.39
554,31.69,30.73
851,31.69,30.73
171,31.69,30.73
593,31.69,30.73
689,31.69,30.73
604,31.69,30.73
420,31.69,30.73
726,31.69,30.73
625,31.69,30.73
469,31.69,30.73
763,31.69,30.73
322,31.69,30.73
718,31.69,30.73
117,31.69,30.73
883,31.69,30.73
132,31.69,30.73
467,31.69,30.73
257,31.69,30.73
658,31.69,30.73
458,31.69,30.73
548,31.69,30.73
390,31.69,30.73
673,31.69,30.73
279,31.69,30.73
481,31.69,30.73
615,31.69,30.73
263,31.69,30.73
682,31.69,30.73
349,31.69,30.73
738,31.69,30.73
215,31.69,30.73
726,31.69,30.73
386,31.69,30.73
616,31.69,30.73
382,31.69,30.73
436,31.69,30.73
722,31.71,30.73
351,31.71,30.73
638,31.71,30.73
265,31.71,30.73
626,31.71,30.73
321,31.71,30.73
552,31.71,30.73
320,31.71,30.73
700,31.71,30.73
173,31.71,30.73
708,31.71,30.73
137,31.71,30.73
579,31.71,30.73
732,31.71,30.73
441,31.71,30.73
496,31.71,30.73
454,31.71,30.73
839,31.71,30.73
429,31.71,30.73
820,31.71,30.73
686,31.71,30.73
764,31.71,30.73
484,31.71,30.73
679,31.71,30.77
681,31.71,30.77
385,31.71,30.77
348,31.71,30.77
577,31.71,30.77
285,31.71,30.77
503,31.71,30.77
281,31.71,30.77
807,31.71,30.77
476,31.71,30.77
280,31.71,30.77
694,31.71,30.77
404,31.71,30.77
479,31.71,30.77
665,31.71,30.77
655,31.71,30.77
119,31.71,30.77
426,31.71,30.77
488,31.71,30.77
396,31.71,30.77
321,31.71,30.77
610,31.71,30.77
491,31.71,30.77
493,31.71,30.77
288,31.71,30.77
651,31.71,30.77
527,31.71,30.77
362,31.71,30.77
555,31.71,30.77
385,31.71,30.77
581,31.71,30.77
415,31.71,30.77
641,31.71,30.77
400,31.71,30.77
230,31.71,30.77
666,31.71,30.77
291,31.73,30.77
278,31.73,30.77
482,31.73,30.77
437,31.73,30.77
362,31.73,30.77
414,31.73,30.77
169,31.73,30.77
408,31.73,30.77
454,31.73,30.77
538,31.73,30.77
494,31.73,30.77
646,31.73,30.77
374,31.73,30.77
694,31.73,30.77
531,31.73,30.77
469,31.73,30.77
608,31.73,30.77
447,31.73,30.77
580,31.73,30.77
408,31.73,30.77
642,31.73,30.77
536,31.73,30.77
638,31.73,30.77
615,31.73,30.77
424,31.73,30.57
635,31.73,30.57
756,31.73,30.57
575,31.73,30.57
633,31.73,30.57
637,31.73,30.57
622,31.73,30.57
429,31.73,30.57
333,31.73,30.57
494,31.73,30.57
335,31.73,30.57
678,31.73,30.57
166,31.73,30.57
823,31.73,30.57
457,31.73,30.57
614,31.73,30.57
585,31.73,30.57
697,31.73,30.57
349,31.73,30.57
