559,30.47,29.39
616,30.47,29.39
580,30.47,29.39
217,30.47,29.39
368,30.47,29.39
121,30.47,29.39
641,30.47,29.39
586,30.47,29.39
531,30.47,29.39
120,30.47,29.39
703,30.47,29.39
612,30.47,29.39
887,30.47,29.39
809,30.47,29.39
783,30.47,29.39
644,30.47,29.39
355,30.47,29.39
691,30.47,29.39
470,30.47,29.39
615,30.49,29.39
549,30.49,29.39
776,30.49,29.39
507,30.49,29.39
537,30.49,29.39
489,30.49,29.39
668,30.49,29.39
431,30.49,29.39
580,30.49,29.39
406,30.49,29.39
677,30.49,29.39
327,30.49,29.39
687,30.49,29.39
545,30.49,29.39
441,30.49,29.39
785,30.49,29.39
416,30.49,29.39
586,30.49,29.39
266,30.49,29.39
649,30.49,29.39
306,30.49,29.39
427,30.49,29.39
396,30.49,29.39
731,30.49,29.39
296,30.49,29.35
283,30.49,29.35
399,30.49,29.35
716,30.49,29.35
120,30.49,29.35
491,30.49,29.35
394,30.49,29.35
488,30.49,29.35
709,30.49,29.35
467,30.49,29.35
784,30.49,29.35
147,30.49,29.35
769,30.49,29.35
539,30.49,29.35
497,30.49,29.35
294,30.49,29.35
485,30.49,29.35
735,30.49,29.35
476,30.49,29.35
631,30.49,29.35
593,30.49,29.35
556,30.49,29.35
687,30.49,29.35
733,30.49,29.35
515,30.49,29.35
565,30.49,29.35
599,30.49,29.35
706,30.49,29.35
261,30.49,29.35
612,30.49,29.35
463,30.49,29.35
619,30.49,29.35
606,30.49,29.35
240,30.49,29.35
647,30.49,29.35
408,30.49,29.35
744,30.47,29.35
507,30.47,29.35
726,30.47,29.35
533,30.47,29.35
520,30.47,29.35
584,30.47,29.35
541,30.47,29.35
168,30.47,29.35
650,30.47,29.35
316,30.47,29.35
489,30.47,29.35
244,30.47,29.35
806,30.47,29.35
193,30.47,29.35
409,30.47,29.35
613,30.47,29.35
332,30.47,29.35
438,30.47,29.35
413,30.47,29.35
882,30.47,29.35
184,30.47,29.35
491,30.47,29.35
247,30.47,29.35
659,30.47,29.35
251,30.47,29.25
576,30.47,29.25
447,30.47,29.25
552,30.47,29.25
458,30.47,29.25
674,30.47,29.25
469,30.47,29.25
265,30.47,29.25
755,30.47,29.25
405,30.47,29.25
824,30.47,29.25
187,30.47,29.25
883,30.47,29.25
505,30.47,29.25
843,30.47,29.25
697,30.47,29.25
545,30.47,29.25
571,30.47,29.25
611,30.47,29.25
670,30.47,29.25
434,30.47,29.25
571,30.47,29.25
404,30.47,29.25
768,30.47,29.25
353,30.47,29.25
567,30.47,29.25
530,30.47,29.25
673,30.47,29.25
421,30.47,29.25
881,30.47,29.25
355,30.47,29.25
708,30.47,29.25
532,30.47,29.25
726,30.47,29.25
668,30.47,29.25
495,30.47,29.25
522,30.49,29.25
425,30.49,29.25
413,30.49,29.25
271,30.49,29.25
644,30.49,29.25
462,30.49,29.25
482,30.49,29.25
393,30.49,29.25
641,30.49,29.25
142,30.49,29.25
709,30.49,29.25
304,30.49,29.25
745,30.49,29.25
378,30.49,29.25
664,30.49,29.25
372,30.49,29.25
245,30.49,29.25
800,30.49,29.25
518,30.49,29.25
841,30.49,29.25
133,30.49,29.25
515,30.49,29.25
526,30.49,29.25
659,30.49,29.17
178,30.49,29.17
733,30.49,29.17
262,30.49,29.17
771,30.49,29.17
263,30.49,29.17
568,30.49,29.17
305,30.49,29.17
508,30.49,29.17
638,30.49,29.17
416,30.49,29.17
410,30.49,29.17
431,30.49,29.17
882,30.49,29.17
428,30.49,29.17
712,30.49,29.17
602,30.49,29.17
481,30.49,29.17
138,30.49,29.17
744,30.49,29.17
678,30.49,29.17
676,30.49,29.17
331,30.49,29.17
740,30.49,29.17
586,30.49,29.17
493,30.49,29.17
840,30.49,29.17
437,30.49,29.17
439,30.49,29.17
120,30.49,29.17
744,30.49,29.17
403,30.49,29.17
549,30.49,29.17
438,30.49,29.17
602,30.49,29.17
657,30.49,29.17
392,30.49,29.17
727,30.49,29.17
731,30.49,29.17
411,30.49,29.17
566,30.49,29.17
588,30.49,29.17
437,30.49,29.17
397,30.49,29.17
474,30.49,29.17
655,30.49,29.17
118,30.49,29.17
759,30.49,29.17
232,30.49,29.17
670,30.49,29.17
137,30.49,29.17
411,30.49,29.17
639,30.49,29.17
389,30.49,29.17
775,30.49,29.17
644,30.49,29.17
519,30.49,29.17
477,30.49,29.17
659,30.49,29.17
281,30.49,29.17
325,30.49,29.31
424,30.49,29.31
471,30.49,29.31
450,30.49,29.31
643,30.49,29.31
293,30.49,29.31
750,30.49,29.31
245,30.49,29.31
553,30.49,29.31
373,30.49,29.31
425,30.49,29.31
498,30.49,29.31
423,30.49,29.31
503,30.49,29.31
555,30.49,29.31
614,30.49,29.31
575,30.49,29.31
541,30.49,29.31
632,30.49,29.31
546,30.49,29.31
616,30.49,29.31
413,30.49,29.31
536,30.49,29.31
709,30.49,29.31
539,30.49,29.31
586,30.49,29.31
504,30.49,29.31
533,30.49,29.31
542,30.49,29.31
451,30.49,29.31
665,30.49,29.31
362,30.49,29.31
659,30.49,29.31
455,30.49,29.31
594,30.49,29.31
415,30.49,29.31
634,30.49,29.31
382,30.49,29.31
287,30.49,29.31
717,30.49,29.31
475,30.49,29.31
330,30.49,29.31
659,30.49,29.31
456,30.49,29.31
412,30.49,29.31
382,30.49,29.31
362,30.49,29.31
834,30.49,29.31
451,30.49,29.31
489,30.49,29.31
515,30.49,29.31
489,30.49,29.31
553,30.49,29.31
276,30.49,29.31
495,30.49,29.31
238,30.49,29.31
532,30.49,29.31
340,30.49,29.31
397,30.49,29.31
530,30.49,29.43
779,30.49,29.43
670,30.49,29.43
517,30.49,29.43
612,30.49,29.43
638,30.49,29.43
466,30.49,29.43
297,30.49,29.43
431,30.49,29.43
651,30.49,29.43
565,30.49,29.43
360,30.49,29.43
732,30.49,29.43
525,30.49,29.43
641,30.49,29.43
495,30.49,29.43
626,30.49,29.43
518,30.49,29.43
488,30.49,29.43
787,30.49,29.43
607,30.49,29.43
297,30.49,29.43
839,30.49,29.43
514,30.49,29.43
650,30.49,29.43
619,30.49,29.43
411,30.49,29.43
717,30.49,29.43
195,30.49,29.43
739,30.49,29.43
200,30.49,29.43
778,30.49,29.43
286,30.49,29.43
708,30.49,29.43
419,30.49,29.43
489,30.49,29.43
566,30.49,29.43
524,30.49,29.43
605,30.49,29.43
586,30.49,29.43
563,30.49,29.43
774,30.49,29.43
563,30.49,29.43
698,30.49,29.43
587,30.49,29.43
129,30.49,29.43
880,30.49,29.43
221,30.49,29.43
506,30.49,29.43
199,30.49,29.43
438,30.49,29.43
492,30.49,29.43
509,30.49,29.43
699,30.49,29.43
312,30.49,29.43
650,30.49,29.43
257,30.49,29.43
672,30.49,29.43
182,30.49,29.43
267,30.49,29.43
476,30.49,29.35
737,30.49,29.35
121,30.49,29.35
605,30.49,29.35
373,30.49,29.35
586,30.49,29.35
240,30.49,29.35
665,30.49,29.35
664,30.49,29.35
391,30.49,29.35
773,30.49,29.35
439,30.49,29.35
753,30.49,29.35
249,30.49,29.35
834,30.49,29.35
245,30.49,29.35
870,30.49,29.35
376,30.49,29.35
543,30.49,29.35
397,30.49,29.35
585,30.49,29.35
537,30.49,29.35
463,30.49,29.35
269,30.49,29.35
516,30.49,29.35
591,30.49,29.35
457,30.49,29.35
549,30.49,29.35
504,30.49,29.35
884,30.49,29.35
273,30.49,29.35
744,30.49,29.35
440,30.49,29.35
586,30.49,29.35
332,30.49,29.35
779,30.49,29.35
463,30.49,29.35
386,30.49,29.35
439,30.49,29.35
490,30.49,29.35
818,30.49,29.35
391,30.49,29.35
749,30.49,29.35
686,30.49,29.35
544,30.49,29.35
280,30.49,29.35
733,30.49,29.35
118,30.49,29.35
539,30.49,29.35
302,30.49,29.35
445,30.49,29.35
300,30.49,29.35
311,30.49,29.35
543,30.49,29.35
327,30.49,29.35
411,30.49,29.35
461,30.49,29.35
884,30.49,29.35
276,30.49,29.35
692,30.49,29.35
476,30.49,29.23
530,30.49,29.23
333,30.49,29.23
620,30.49,29.23
607,30.49,29.23
674,30.49,29.23
346,30.49,29.23
842,30.49,29.23
265,30.49,29.23
667,30.49,29.23
411,30.49,29.23
419,30.49,29.23
515,30.49,29.23
284,30.49,29.23
720,30.49,29.23
306,30.49,29.23
687,30.49,29.23
419,30.49,29.23
