697,32.05,30.79
168,32.05,30.79
624,32.05,30.79
119,32.05,30.79
342,32.05,30.79
350,32.05,30.79
643,32.05,30.81
340,32.05,30.81
599,32.05,30.81
306,32.05,30.81
785,32.05,30.81
548,32.05,30.81
585,32.05,30.81
297,32.05,30.81
659,32.05,30.81
400,32.05,30.81
454,32.05,30.81
534,32.05,30.81
213,32.05,30.81
740,32.05,30.81
234,32.05,30.81
701,32.05,30.81
477,32.05,30.81
673,32.05,30.81
362,32.05,30.81
564,32.05,30.81
729,32.05,30.81
523,32.05,30.81
509,32.05,30.81
792,32.05,30.81
719,32.05,30.81
411,32.05,30.81
831,32.05,30.81
196,32.05,30.81
791,32.05,30.81
275,32.05,30.81
850,32.05,30.81
354,32.05,30.81
835,32.05,30.81
336,32.05,30.81
718,32.05,30.81
556,32.05,30.81
295,32.03,30.81
427,32.03,30.81
470,32.03,30.81
485,32.03,30.81
277,32.03,30.81
712,32.03,30.81
610,32.03,30.81
882,32.03,30.81
666,32.03,30.81
845,32.03,30.81
121,32.03,30.81
800,32.03,30.81
344,32.03,30.81
528,32.03,30.81
553,32.03,30.81
504,32.03,30.81
506,32.03,30.81
427,32.03,30.81
704,32.03,30.81
318,32.03,30.81
882,32.03,30.81
364,32.03,30.81
747,32.03,30.81
252,32.03,30.81
412,32.03,30.87
571,32.03,30.87
688,32.03,30.87
456,32.03,30.87
204,32.03,30.87
501,32.03,30.87
395,32.03,30.87
268,32.03,30.87
542,32.03,30.87
494,32.03,30.87
344,32.03,30.87
572,32.03,30.87
430,32.03,30.87
675,32.03,30.87
313,32.03,30.87
713,32.03,30.87
348,32.03,30.87
354,32.03,30.87
359,32.03,30.87
475,32.03,30.87
487,32.03,30.87
562,32.03,30.87
562,32.03,30.87
484,32.03,30.87
557,32.03,30.87
470,32.03,30.87
652,32.03,30.87
446,32.03,30.87
455,32.03,30.87
209,32.03,30.87
557,32.03,30.87
475,32.03,30.87
613,32.03,30.87
531,32.03,30.87
690,32.03,30.87
371,32.03,30.87
618,32.03,30.87
539,32.03,30.87
524,32.03,30.87
789,32.03,30.87
467,32.03,30.87
646,32.03,30.87
217,32.03,30.87
866,32.03,30.87
474,32.03,30.87
581,32.03,30.87
563,32.03,30.87
606,32.03,30.87
347,32.03,30.87
748,32.03,30.87
815,32.03,30.87
527,32.03,30.87
647,32.03,30.87
442,32.03,30.87
883,32.03,30.87
507,32.03,30.87
753,32.03,30.87
525,32.03,30.87
883,32.03,30.87
423,32.03,30.87
552,32.03,30.93
684,32.03,30.93
564,32.03,30.93
670,32.03,30.93
470,32.03,30.93
773,32.03,30.93
521,32.03,30.93
800,32.03,30.93
747,32.03,30.93
672,32.03,30.93
421,32.03,30.93
429,32.03,30.93
620,32.03,30.93
392,32.03,30.93
443,32.03,30.93
730,32.03,30.93
485,32.03,30.93
340,32.03,30.93
588,32.03,30.93
341,32.03,30.93
586,32.03,30.93
294,32.03,30.93
795,32.03,30.93
347,32.03,30.93
514,32.03,30.93
496,32.03,30.93
610,32.03,30.93
350,32.03,30.93
396,32.03,30.93
623,32.03,30.93
121,32.03,30.93
330,32.03,30.93
425,32.03,30.93
544,32.03,30.93
368,32.03,30.93
474,32.03,30.93
431,32.03,30.93
191,32.03,30.93
370,32.03,30.93
743,32.03,30.93
434,32.03,30.93
628,32.03,30.93
313,32.03,30.93
457,32.03,30.93
416,32.03,30.93
436,32.03,30.93
579,32.03,30.93
317,32.03,30.93
478,32.03,30.93
181,32.03,30.93
628,32.03,30.93
668,32.03,30.93
582,32.03,30.93
617,32.03,30.93
774,32.03,30.93
502,32.03,30.93
630,32.03,30.93
494,32.03,30.93
370,32.03,30.93
463,32.03,30.73
383,32.03,30.73
884,32.03,30.73
361,32.03,30.73
522,32.03,30.73
491,32.03,30.73
807,32.03,30.73
237,32.03,30.73
475,32.03,30.73
808,32.03,30.73
527,32.03,30.73
516,32.03,30.73
571,32.03,30.73
655,32.03,30.73
401,32.03,30.73
673,32.03,30.73
728,32.03,30.73
791,32.03,30.73
419,32.03,30.73
769,32.03,30.73
393,32.03,30.73
808,32.03,30.73
273,32.03,30.73
439,32.03,30.73
525,32.03,30.73
202,32.03,30.73
599,32.03,30.73
509,32.03,30.73
734,32.03,30.73
119,32.03,30.73
744,32.03,30.73
331,32.03,30.73
565,32.03,30.73
531,32.03,30.73
477,32.03,30.73
458,32.03,30.73
403,32.03,30.73
413,32.03,30.73
391,32.03,30.73
163,32.03,30.73
467,32.03,30.73
570,32.03,30.73
256,32.03,30.73
399,32.03,30.73
486,32.03,30.73
669,32.03,30.73
180,32.03,30.73
600,32.03,30.73
457,32.03,30.73
492,32.03,30.73
225,32.03,30.73
668,32.03,30.73
564,32.03,30.73
359,32.03,30.73
703,32.03,30.73
488,32.03,30.73
655,32.03,30.73
376,32.03,30.73
618,32.03,30.73
576,32.03,30.73
374,32.03,30.67
523,32.03,30.67
647,32.03,30.67
326,32.03,30.67
817,32.03,30.67
421,32.03,30.67
804,32.03,30.67
476,32.03,30.67
469,32.03,30.67
613,32.03,30.67
445,32.03,30.67
601,32.03,30.67
515,32.03,30.67
809,32.03,30.67
116,32.03,30.67
447,32.03,30.67
437,32.03,30.67
471,32.03,30.67
630,32.03,30.67
684,32.03,30.67
402,32.03,30.67
780,32.03,30.67
452,32.03,30.67
653,32.03,30.67
567,32.03,30.67
490,32.03,30.67
482,32.03,30.67
211,32.03,30.67
814,32.03,30.67
260,32.03,30.67
805,32.03,30.67
549,32.03,30.67
592,32.03,30.67
573,32.03,30.67
540,32.03,30.67
468,32.03,30.67
505,32.01,30.67
663,32.01,30.67
233,32.01,30.67
415,32.01,30.67
340,32.01,30.67
652,32.01,30.67
247,32.01,30.67
613,32.01,30.67
224,32.01,30.67
769,32.01,30.67
118,32.01,30.67
763,32.01,30.67
315,32.01,30.67
457,32.01,30.67
300,32.01,30.67
365,32.01,30.67
846,32.01,30.67
161,32.01,30.67
584,32.01,30.67
414,32.01,30.67
507,32.01,30.67
307,32.01,30.67
759,32.01,30.67
481,32.01,30.77
626,32.01,30.77
339,32.01,30.77
690,32.01,30.77
180,32.01,30.77
612,32.01,30.77
371,32.01,30.77
522,32.01,30.77
410,32.01,30.77
323,32.01,30.77
791,32.01,30.77
288,32.01,30.77
884,32.01,30.77
325,32.01,30.77
699,32.01,30.77
341,32.01,30.77
816,32.01,30.77
560,32.01,30.77
663,32.01,30.77
522,32.01,30.77
675,32.01,30.77
486,32.01,30.77
282,32.01,30.77
704,32.01,30.77
505,32.01,30.77
509,32.01,30.77
325,32.01,30.77
697,32.01,30.77
306,32.01,30.77
839,32.01,30.77
302,32.01,30.77
864,32.01,30.77
468,32.01,30.77
594,32.01,30.77
562,32.01,30.77
493,32.01,30.77
525,32.01,30.77
597,32.01,30.77
491,32.01,30.77
403,32.01,30.77
557,32.01,30.77
351,32.01,30.77
568,32.01,30.77
316,32.01,30.77
577,32.01,30.77
253,32.01,30.77
583,32.01,30.77
137,32.01,30.77
730,32.01,30.77
364,32.01,30.77
527,32.01,30.77
292,32.01,30.77
532,32.01,30.77
348,32.01,30.77
151,32.01,30.77
711,32.01,30.77
298,32.01,30.77
471,32.01,30.77
341,32.01,30.77
332,32.01,30.77
484,32.01,31.01
508,32.01,31.01
268,32.01,31.01
766,32.01,31.01
297,32.01,31.01
562,32.01,31.01
494,32.01,31.01
367,32.01,31.01
493,32.01,31.01
498,32.01,31.01
456,32.01,31.01
343,32.01,31.01
866,32.01,31.01
329,32.01,31.01
684,32.01,31.01
431,32.01,31.01
388,32.01,31.01
494,32.01,31.01
545,32.01,31.01
658,32.01,31.01
393,32.01,31.01
475,32.01,31.01
426,32.01,31.01
767,32.01,31.01
373,32.01,31.01
346,32.01,31.01
669,32.01,31.01
678,32.01,31.01
227,32.01,31.01
837,32.01,31.01
430,32.01,31.01
433,32.01,31.01
739,32.01,31.01
379,32.01,31.01
546,32.01,31.01
439,32.01,31.01
735,32.01,31.01
117,32.01,31.01
884,32.01,31.01
492,32.01,31.01
773,32.01,31.01
466,32.01,31.01
556,32.01,31.01
305,32.01,31.01
721,32.01,31.01
542,32.01,31.01
325,32.01,31.01
629,32.01,31.01
455,32.01,31.01
546,32.01,31.01
560,32.01,31.01
853,32.01,31.01
402,32.01,31.01
649,32.01,31.01
387,32.01,31.01
714,32.01,31.01
