482,32.59,31.53
505,32.59,31.53
291,32.59,31.53
657,32.59,31.53
316,32.59,31.53
465,32.59,31.53
505,32.59,31.53
295,32.59,31.53
667,32.59,31.53
529,32.59,31.53
248,32.59,31.53
403,32.59,31.53
281,32.59,31.53
332,32.59,31.53
658,32.59,31.53
289,32.59,31.53
482,32.59,31.53
548,32.59,31.53
645,32.59,31.53
398,32.59,31.53
704,32.59,31.53
549,32.59,31.53
695,32.59,31.53
443,32.59,31.53
424,32.59,31.53
266,32.59,31.53
481,32.59,31.53
381,32.59,31.53
228,32.59,31.53
628,32.59,31.53
566,32.59,31.53
559,32.57,31.53
482,32.57,31.53
507,32.57,31.53
435,32.57,31.53
648,32.57,31.53
631,32.57,31.53
845,32.57,31.53
532,32.57,31.53
540,32.57,31.53
496,32.57,31.53
614,32.57,31.53
624,32.57,31.53
329,32.57,31.53
661,32.57,31.53
443,32.57,31.53
615,32.57,31.53
285,32.57,31.53
700,32.57,31.53
541,32.57,31.53
795,32.57,31.53
431,32.57,31.53
596,32.57,31.53
511,32.57,31.53
553,32.57,31.53
365,32.57,31.25
619,32.57,31.25
564,32.57,31.25
407,32.57,31.25
625,32.57,31.25
284,32.57,31.25
738,32.57,31.25
242,32.57,31.25
743,32.57,31.25
124,32.57,31.25
569,32.57,31.25
468,32.57,31.25
552,32.57,31.25
130,32.57,31.25
586,32.57,31.25
565,32.57,31.25
288,32.57,31.25
172,32.57,31.25
399,32.57,31.25
456,32.57,31.25
257,32.57,31.25
283,32.57,31.25
126,32.57,31.25
819,32.57,31.25
212,32.57,31.25
787,32.57,31.25
364,32.57,31.25
494,32.57,31.25
409,32.57,31.25
554,32.57,31.25
401,32.57,31.25
844,32.57,31.25
331,32.57,31.25
603,32.57,31.25
438,32.57,31.25
624,32.57,31.25
578,32.57,31.25
395,32.57,31.25
515,32.57,31.25
578,32.57,31.25
505,32.57,31.25
420,32.57,31.25
814,32.57,31.25
322,32.57,31.25
695,32.57,31.25
237,32.57,31.25
723,32.57,31.25
402,32.57,31.25
783,32.57,31.25
628,32.57,31.25
680,32.57,31.25
665,32.57,31.25
347,32.57,31.25
703,32.57,31.25
421,32.57,31.25
856,32.57,31.25
365,32.57,31.25
622,32.57,31.25
521,32.57,31.25
592,32.57,31.43
293,32.57,31.43
720,32.57,31.43
483,32.57,31.43
339,32.57,31.43
494,32.57,31.43
494,32.57,31.43
613,32.57,31.43
221,32.57,31.43
482,32.57,31.43
324,32.57,31.43
502,32.57,31.43
340,32.57,31.43
405,32.57,31.43
279,32.57,31.43
450,32.57,31.43
376,32.57,31.43
633,32.57,31.43
578,32.57,31.43
476,32.57,31.43
502,32.57,31.43
605,32.57,31.43
558,32.57,31.43
332,32.57,31.43
846,32.57,31.43
354,32.57,31.43
812,32.57,31.43
388,32.57,31.43
679,32.57,31.43
480,32.57,31.43
648,32.57,31.43
217,32.57,31.43
737,32.57,31.43
283,32.57,31.43
300,32.57,31.43
637,32.57,31.43
411,32.59,31.43
303,32.59,31.43
707,32.59,31.43
878,32.59,31.43
620,32.59,31.43
702,32.59,31.43
398,32.59,31.43
782,32.59,31.43
459,32.59,31.43
882,32.59,31.43
153,32.59,31.43
787,32.59,31.43
311,32.59,31.43
589,32.59,31.43
456,32.59,31.43
516,32.59,31.43
684,32.59,31.43
319,32.59,31.43
525,32.59,31.43
480,32.59,31.43
489,32.59,31.43
339,32.59,31.43
858,32.59,31.43
119,32.59,31.43
515,32.59,31.39
214,32.59,31.39
686,32.59,31.39
552,32.59,31.39
531,32.59,31.39
287,32.59,31.39
304,32.59,31.39
342,32.59,31.39
349,32.59,31.39
673,32.59,31.39
286,32.59,31.39
734,32.59,31.39
298,32.59,31.39
718,32.59,31.39
263,32.59,31.39
644,32.59,31.39
387,32.59,31.39
721,32.59,31.39
143,32.59,31.39
652,32.59,31.39
256,32.59,31.39
633,32.59,31.39
312,32.59,31.39
525,32.59,31.39
542,32.59,31.39
443,32.59,31.39
688,32.59,31.39
464,32.59,31.39
570,32.59,31.39
584,32.59,31.39
716,32.59,31.39
451,32.59,31.39
618,32.59,31.39
321,32.59,31.39
628,32.59,31.39
500,32.59,31.39
725,32.59,31.39
367,32.59,31.39
757,32.59,31.39
495,32.59,31.39
643,32.59,31.39
541,32.59,31.39
401,32.59,31.39
730,32.59,31.39
543,32.59,31.39
822,32.59,31.39
153,32.59,31.39
797,32.59,31.39
605,32.59,31.39
622,32.59,31.39
792,32.59,31.39
618,32.59,31.39
486,32.59,31.39
421,32.59,31.39
679,32.59,31.39
679,32.59,31.39
607,32.59,31.39
519,32.59,31.39
458,32.59,31.39
680,32.59,31.57
387,32.59,31.57
205,32.59,31.57
678,32.59,31.57
415,32.59,31.57
780,32.59,31.57
471,32.59,31.57
360,32.59,31.57
813,32.59,31.57
229,32.59,31.57
672,32.59,31.57
370,32.59,31.57
315,32.59,31.57
123,32.59,31.57
415,32.59,31.57
536,32.59,31.57
160,32.59,31.57
628,32.59,31.57
391,32.59,31.57
505,32.59,31.57
423,32.59,31.57
585,32.59,31.57
561,32.59,31.57
360,32.59,31.57
271,32.59,31.57
525,32.59,31.57
117,32.59,31.57
609,32.59,31.57
376,32.59,31.57
710,32.59,31.57
170,32.59,31.57
404,32.59,31.57
594,32.59,31.57
302,32.59,31.57
267,32.59,31.57
614,32.59,31.57
602,32.63,31.57
421,32.63,31.57
542,32.63,31.57
644,32.63,31.57
533,32.63,31.57
697,32.63,31.57
648,32.63,31.57
505,32.63,31.57
698,32.63,31.57
354,32.63,31.57
724,32.63,31.57
495,32.63,31.57
385,32.63,31.57
553,32.63,31.57
477,32.63,31.57
674,32.63,31.57
359,32.63,31.57
712,32.63,31.57
326,32.63,31.57
695,32.63,31.57
523,32.63,31.57
730,32.63,31.57
743,32.63,31.57
828,32.63,31.57
443,32.63,31.55
868,32.63,31.55
159,32.63,31.55
647,32.63,31.55
473,32.63,31.55
546,32.63,31.55
378,32.63,31.55
562,32.63,31.55
590,32.63,31.55
174,32.63,31.55
639,32.63,31.55
625,32.63,31.55
576,32.63,31.55
476,32.63,31.55
766,32.63,31.55
682,32.63,31.55
512,32.63,31.55
562,32.63,31.55
431,32.63,31.55
433,32.63,31.55
527,32.63,31.55
610,32.63,31.55
441,32.63,31.55
574,32.63,31.55
410,32.63,31.55
276,32.63,31.55
278,32.63,31.55
594,32.63,31.55
399,32.63,31.55
631,32.63,31.55
316,32.63,31.55
537,32.63,31.55
475,32.63,31.55
202,32.63,31.55
378,32.63,31.55
335,32.63,31.55
527,32.61,31.55
293,32.61,31.55
293,32.61,31.55
621,32.61,31.55
478,32.61,31.55
519,32.61,31.55
639,32.61,31.55
322,32.61,31.55
482,32.61,31.55
561,32.61,31.55
744,32.61,31.55
470,32.61,31.55
743,32.61,31.55
627,32.61,31.55
362,32.61,31.55
744,32.61,31.55
500,32.61,31.55
692,32.61,31.55
525,32.61,31.55
551,32.61,31.55
706,32.61,31.55
562,32.61,31.55
257,32.61,31.55
732,32.61,31.47
593,32.61,31.47
458,32.61,31.47
452,32.61,31.47
811,32.61,31.47
461,32.61,31.47
546,32.61,31.47
710,32.61,31.47
578,32.61,31.47
721,32.61,31.47
297,32.61,31.47
700,32.61,31.47
340,32.61,31.47
595,32.61,31.47
389,32.61,31.47
430,32.61,31.47
518,32.61,31.47
481,32.61,31.47
418,32.61,31.47
506,32.61,31.47
293,32.61,31.47
587,32.61,31.47
569,32.61,31.47
343,32.61,31.47
523,32.61,31.47
180,32.61,31.47
418,32.61,31.47
229,32.61,31.47
521,32.61,31.47
257,32.61,31.47
631,32.61,31.47
405,32.61,31.47
458,32.61,31.47
630,32.61,31.47
408,32.61,31.47
464,32.61,31.47
645,32.65,31.47
409,32.65,31.47
472,32.65,31.47
501,32.65,31.47
514,32.65,31.47
610,32.65,31.47
579,32.65,31.47
472,32.65,31.47
438,32.65,31.47
885,32.65,31.47
358,32.65,31.47
759,32.65,31.47
458,32.65,31.47
283,32.65,31.47
816,32.65,31.47
297,32.65,31.47
657,32.65,31.47
641,32.65,31.47
668,32.65,31.47
416,32.65,31.47
863,32.65,31.47
734,32.65,31.47
709,32.65,31.47
822,32.65,31.47
491,32.65,31.53
559,32.65,31.53
585,32.65,31.53
509,32.65,31.53
534,32.65,31.53
470,32.65,31.53
571,32.65,31.53
