490,31.31,30.11
757,31.31,30.11
290,31.31,30.11
122,31.31,30.11
214,31.31,30.11
874,31.31,30.11
686,31.31,30.11
425,31.31,30.11
364,31.31,30.11
471,31.31,30.09
530,31.31,30.09
262,31.31,30.09
884,31.31,30.09
190,31.31,30.09
849,31.31,30.09
353,31.31,30.09
616,31.31,30.09
448,31.31,30.09
876,31.31,30.09
484,31.31,30.09
507,31.31,30.09
511,31.31,30.09
527,31.31,30.09
597,31.31,30.09
407,31.31,30.09
544,31.31,30.09
356,31.31,30.09
883,31.31,30.09
361,31.31,30.09
618,31.31,30.09
364,31.31,30.09
668,31.31,30.09
330,31.31,30.09
552,31.31,30.09
479,31.31,30.09
423,31.31,30.09
707,31.31,30.09
598,31.31,30.09
713,31.31,30.09
485,31.31,30.09
625,31.31,30.09
406,31.31,30.09
537,31.31,30.09
485,31.31,30.09
595,31.31,30.09
347,31.31,30.09
333,31.29,30.09
372,31.29,30.09
727,31.29,30.09
333,31.29,30.09
702,31.29,30.09
566,31.29,30.09
508,31.29,30.09
382,31.29,30.09
175,31.29,30.09
628,31.29,30.09
204,31.29,30.09
604,31.29,30.09
316,31.29,30.09
496,31.29,30.09
252,31.29,30.09
383,31.29,30.09
861,31.29,30.09
325,31.29,30.09
384,31.29,30.09
715,31.29,30.09
544,31.29,30.09
463,31.29,30.09
579,31.29,30.09
412,31.29,30.17
541,31.29,30.17
123,31.29,30.17
419,31.29,30.17
390,31.29,30.17
490,31.29,30.17
453,31.29,30.17
699,31.29,30.17
552,31.29,30.17
327,31.29,30.17
750,31.29,30.17
453,31.29,30.17
717,31.29,30.17
269,31.29,30.17
878,31.29,30.17
121,31.29,30.17
745,31.29,30.17
660,31.29,30.17
852,31.29,30.17
518,31.29,30.17
909,31.29,30.17
372,31.29,30.17
740,31.29,30.17
702,31.29,30.17
554,31.29,30.17
672,31.29,30.17
372,31.29,30.17
712,31.29,30.17
157,31.29,30.17
634,31.29,30.17
176,31.29,30.17
873,31.29,30.17
445,31.29,30.17
695,31.29,30.17
291,31.29,30.17
731,31.29,30.17
336,31.31,30.17
668,31.31,30.17
501,31.31,30.17
362,31.31,30.17
321,31.31,30.17
128,31.31,30.17
648,31.31,30.17
556,31.31,30.17
479,31.31,30.17
359,31.31,30.17
812,31.31,30.17
266,31.31,30.17
789,31.31,30.17
406,31.31,30.17
270,31.31,30.17
588,31.31,30.17
288,31.31,30.17
643,31.31,30.17
540,31.31,30.17
555,31.31,30.17
367,31.31,30.17
559,31.31,30.17
441,31.31,30.17
230,31.31,30.17
549,31.31,30.19
294,31.31,30.19
406,31.31,30.19
522,31.31,30.19
334,31.31,30.19
515,31.31,30.19
395,31.31,30.19
575,31.31,30.19
595,31.31,30.19
342,31.31,30.19
840,31.31,30.19
255,31.31,30.19
660,31.31,30.19
592,31.31,30.19
648,31.31,30.19
579,31.31,30.19
524,31.31,30.19
586,31.31,30.19
260,31.31,30.19
584,31.31,30.19
511,31.31,30.19
600,31.31,30.19
483,31.31,30.19
570,31.31,30.19
360,31.31,30.19
494,31.31,30.19
222,31.31,30.19
754,31.31,30.19
299,31.31,30.19
686,31.31,30.19
379,31.31,30.19
437,31.31,30.19
376,31.31,30.19
771,31.31,30.19
725,31.31,30.19
545,31.31,30.19
597,31.29,30.19
292,31.29,30.19
686,31.29,30.19
493,31.29,30.19
549,31.29,30.19
489,31.29,30.19
853,31.29,30.19
120,31.29,30.19
570,31.29,30.19
601,31.29,30.19
679,31.29,30.19
499,31.29,30.19
421,31.29,30.19
224,31.29,30.19
432,31.29,30.19
564,31.29,30.19
325,31.29,30.19
756,31.29,30.19
119,31.29,30.19
602,31.29,30.19
125,31.29,30.19
494,31.29,30.19
499,31.29,30.19
464,31.29,30.23
580,31.29,30.23
329,31.29,30.23
361,31.29,30.23
645,31.29,30.23
452,31.29,30.23
719,31.29,30.23
599,31.29,30.23
118,31.29,30.23
697,31.29,30.23
362,31.29,30.23
782,31.29,30.23
182,31.29,30.23
851,31.29,30.23
341,31.29,30.23
868,31.29,30.23
338,31.29,30.23
775,31.29,30.23
621,31.29,30.23
661,31.29,30.23
723,31.29,30.23
471,31.29,30.23
449,31.29,30.23
784,31.29,30.23
574,31.29,30.23
248,31.29,30.23
644,31.29,30.23
200,31.29,30.23
643,31.29,30.23
206,31.29,30.23
742,31.29,30.23
523,31.29,30.23
699,31.29,30.23
613,31.29,30.23
622,31.29,30.23
673,31.29,30.23
616,31.31,30.23
812,31.31,30.23
382,31.31,30.23
798,31.31,30.23
503,31.31,30.23
657,31.31,30.23
205,31.31,30.23
705,31.31,30.23
594,31.31,30.23
432,31.31,30.23
290,31.31,30.23
726,31.31,30.23
504,31.31,30.23
667,31.31,30.23
729,31.31,30.23
351,31.31,30.23
543,31.31,30.23
120,31.31,30.23
554,31.31,30.23
507,31.31,30.23
675,31.31,30.23
124,31.31,30.23
575,31.31,30.23
314,31.31,30.23
320,30.23,29.89
456,31.31,29.89
678,31.31,29.89
505,31.31,29.89
830,31.31,29.89
623,31.31,29.89
707,31.31,29.89
394,31.31,29.89
669,31.31,29.89
454,31.31,29.89
228,31.31,29.89
595,31.31,29.89
272,31.31,29.89
676,31.31,29.89
187,31.31,29.89
473,31.31,29.89
764,31.31,29.89
346,31.31,29.89
389,31.31,29.89
656,31.31,29.89
582,31.31,29.89
307,31.31,29.89
663,31.31,29.89
733,31.31,29.89
717,31.31,29.89
606,31.31,29.89
768,31.31,29.89
375,31.31,29.89
884,31.31,29.89
239,31.31,29.89
763,31.31,29.89
378,31.31,29.89
602,31.31,29.89
503,31.31,29.89
460,31.31,29.89
455,31.31,29.89
225,31.31,29.89
827,31.31,29.89
521,31.31,29.89
609,31.31,29.89
382,31.31,29.89
730,31.31,29.89
336,31.31,29.89
769,31.31,29.89
315,31.31,29.89
319,31.31,29.89
133,31.31,29.89
720,31.31,29.89
237,31.31,29.89
654,31.31,29.89
296,31.31,29.89
393,31.31,29.89
450,31.31,29.89
131,31.31,29.89
687,31.31,29.89
359,31.31,29.89
361,31.31,29.89
317,31.31,29.89
572,31.31,29.89
133,31.31,29.99
860,31.31,29.99
457,31.31,29.99
754,31.31,29.99
497,31.31,29.99
480,31.31,29.99
208,31.31,29.99
554,31.31,29.99
241,31.31,29.99
563,31.31,29.99
449,31.31,29.99
203,31.31,29.99
846,31.31,29.99
292,31.31,29.99
884,31.31,29.99
255,31.31,29.99
878,31.31,29.99
310,31.31,29.99
842,31.31,29.99
391,31.31,29.99
759,31.31,29.99
480,31.31,29.99
736,31.31,29.99
257,31.31,29.99
828,31.31,29.99
328,31.31,29.99
639,31.31,29.99
869,31.31,29.99
585,31.31,29.99
604,31.31,29.99
508,31.31,29.99
642,31.31,29.99
221,31.31,29.99
885,31.31,29.99
357,31.31,29.99
626,31.31,29.99
385,31.31,29.99
696,31.29,29.99
518,31.29,29.99
482,31.29,29.99
316,31.29,29.99
614,31.29,29.99
474,31.29,29.99
530,31.29,29.99
594,31.29,29.99
354,31.29,29.99
214,31.29,29.99
294,31.29,29.99
762,31.29,29.99
117,31.29,29.99
708,31.29,29.99
405,31.29,29.99
654,31.29,29.99
417,31.29,29.99
386,31.29,29.99
507,31.29,29.99
298,31.29,29.99
405,31.29,29.99
455,31.29,29.99
495,31.29,29.99
276,31.29,30.09
610,31.29,30.09
645,31.29,30.09
609,31.29,30.09
184,31.29,30.09
873,31.29,30.09
318,31.29,30.09
697,31.29,30.09
413,31.29,30.09
713,31.29,30.09
280,31.29,30.09
727,31.29,30.09
628,31.29,30.09
625,31.29,30.09
639,31.29,30.09
276,31.29,30.09
676,31.29,30.09
610,31.29,30.09
295,31.29,30.09
729,31.29,30.09
882,31.29,30.09
218,31.29,30.09
675,31.29,30.09
818,31.29,30.09
684,31.29,30.09
423,31.29,30.09
741,31.29,30.09
446,31.29,30.09
292,31.29,30.09
824,31.29,30.09
344,31.29,30.09
618,31.29,30.09
485,31.29,30.09
675,31.29,30.09
336,31.29,30.09
184,31.29,30.09
460,31.29,30.09
568,31.29,30.09
581,31.29,30.09
406,31.29,30.09
500,31.29,30.09
648,31.29,30.09
389,31.29,30.09
560,31.29,30.09
683,31.29,30.09
461,31.29,30.09
281,31.29,30.09
328,31.29,30.09
579,31.29,30.09
252,31.29,30.09
564,31.29,30.09
547,31.29,30.09
