518,32.37,31.33
521,32.37,31.33
457,32.37,31.33
227,32.37,31.33
683,32.37,31.33
635,32.37,31.33
637,32.37,31.33
525,32.37,31.33
652,32.37,31.33
435,32.37,31.33
453,32.37,31.33
554,32.37,31.33
419,32.37,31.33
620,32.37,31.33
434,32.37,31.33
268,32.37,31.33
302,32.37,31.33
577,32.37,31.33
376,32.37,31.33
508,32.37,31.33
379,32.37,31.33
538,32.35,31.33
400,32.35,31.33
598,32.35,31.33
268,32.35,31.33
677,32.35,31.33
619,32.35,31.33
122,32.35,31.33
448,32.35,31.33
119,32.35,31.33
504,32.35,31.33
255,32.35,31.33
805,32.35,31.33
121,32.35,31.33
650,32.35,31.33
358,32.35,31.33
409,32.35,31.33
382,32.35,31.33
260,32.35,31.33
497,32.35,31.33
481,32.35,31.33
573,32.35,31.33
577,32.35,31.33
697,32.35,31.33
656,32.35,31.21
763,32.35,31.21
514,32.35,31.21
874,32.35,31.21
339,32.35,31.21
807,32.35,31.21
571,32.35,31.21
459,32.35,31.21
562,32.35,31.21
565,32.35,31.21
626,32.35,31.21
438,32.35,31.21
696,32.35,31.21
167,32.35,31.21
746,32.35,31.21
587,32.35,31.21
497,32.35,31.21
551,32.35,31.21
781,32.35,31.21
340,32.35,31.21
663,32.35,31.21
118,32.35,31.21
513,32.35,31.21
483,32.35,31.21
336,32.35,31.21
226,32.35,31.21
435,32.35,31.21
608,32.35,31.21
282,32.35,31.21
697,32.35,31.21
366,32.35,31.21
545,32.35,31.21
255,32.35,31.21
715,32.35,31.21
144,32.35,31.21
879,32.35,31.21
471,32.35,31.21
465,32.35,31.21
412,32.35,31.21
323,32.35,31.21
492,32.35,31.21
582,32.35,31.21
326,32.35,31.21
548,32.35,31.21
518,32.35,31.21
315,32.35,31.21
545,32.35,31.21
332,32.35,31.21
797,32.35,31.21
121,32.35,31.21
671,32.35,31.21
338,32.35,31.21
783,32.35,31.21
381,32.35,31.21
853,32.35,31.21
408,32.35,31.21
498,32.35,31.21
579,32.35,31.21
552,32.35,31.21
509,32.35,31.21
119,32.35,31.25
720,32.35,31.25
318,32.35,31.25
678,32.35,31.25
310,32.35,31.25
884,32.35,31.25
208,32.35,31.25
865,32.35,31.25
381,32.35,31.25
618,32.35,31.25
427,32.35,31.25
562,32.35,31.25
460,32.35,31.25
327,32.35,31.25
455,32.35,31.25
369,32.35,31.25
582,32.35,31.25
123,32.35,31.25
582,32.35,31.25
732,32.35,31.25
679,32.35,31.25
117,32.35,31.25
855,32.35,31.25
121,32.35,31.25
755,32.35,31.25
308,32.35,31.25
533,32.35,31.25
584,32.35,31.25
323,32.35,31.25
598,32.35,31.25
456,32.35,31.25
281,32.35,31.25
308,32.35,31.25
475,32.35,31.25
122,32.35,31.25
447,32.35,31.25
387,32.31,31.25
628,32.31,31.25
340,32.31,31.25
575,32.31,31.25
667,32.31,31.25
569,32.31,31.25
450,32.31,31.25
759,32.31,31.25
355,32.31,31.25
236,32.31,31.25
559,32.31,31.25
364,32.31,31.25
719,32.31,31.25
418,32.31,31.25
328,32.31,31.25
206,32.31,31.25
417,32.31,31.25
643,32.31,31.25
518,32.31,31.25
418,32.31,31.25
563,32.31,31.25
500,32.31,31.25
245,32.31,31.25
575,32.31,31.19
749,32.31,31.19
525,32.31,31.19
404,32.31,31.19
713,32.31,31.19
334,32.31,31.19
884,32.31,31.19
549,32.31,31.19
573,32.31,31.19
641,32.31,31.19
526,32.31,31.19
254,32.31,31.19
839,32.31,31.19
560,32.31,31.19
415,32.31,31.19
662,32.31,31.19
554,32.31,31.19
491,32.31,31.19
436,32.31,31.19
620,32.31,31.19
583,32.31,31.19
768,32.31,31.19
124,32.31,31.19
621,32.31,31.19
411,32.31,31.19
188,32.31,31.19
471,32.31,31.19
625,32.31,31.19
541,32.31,31.19
392,32.31,31.19
795,32.31,31.19
301,32.31,31.19
394,32.31,31.19
304,32.31,31.19
688,32.31,31.19
433,32.31,31.19
524,32.31,31.19
471,32.31,31.19
353,32.31,31.19
262,32.31,31.19
754,32.31,31.19
218,32.31,31.19
472,32.31,31.19
633,32.31,31.19
450,32.31,31.19
401,32.31,31.19
145,32.31,31.19
649,32.31,31.19
625,32.31,31.19
543,32.31,31.19
249,32.31,31.19
478,32.31,31.19
534,32.31,31.19
580,32.31,31.19
471,32.31,31.19
880,32.31,31.19
402,32.31,31.19
841,32.31,31.19
343,32.31,31.19
687,32.31,31.19
249,32.31,31.25
421,32.31,31.25
520,32.31,31.25
375,32.31,31.25
712,32.31,31.25
441,32.31,31.25
871,32.31,31.25
405,32.31,31.25
687,32.31,31.25
547,32.31,31.25
383,32.31,31.25
855,32.31,31.25
426,32.31,31.25
766,32.31,31.25
583,32.31,31.25
617,32.31,31.25
381,32.31,31.25
400,32.31,31.25
557,32.31,31.25
505,32.31,31.25
701,32.31,31.25
717,32.31,31.25
277,32.31,31.25
685,32.31,31.25
462,32.31,31.25
620,32.31,31.25
500,32.31,31.25
206,32.31,31.25
533,32.31,31.25
343,32.31,31.25
515,32.31,31.25
133,32.31,31.25
411,32.31,31.25
503,32.31,31.25
391,32.31,31.25
396,32.31,31.25
468,32.31,31.25
428,32.31,31.25
576,32.31,31.25
259,32.31,31.25
500,32.31,31.25
577,32.31,31.25
494,32.31,31.25
523,32.31,31.25
536,32.31,31.25
547,32.31,31.25
352,32.31,31.25
702,32.31,31.25
304,32.31,31.25
672,32.31,31.25
501,32.31,31.25
517,32.31,31.25
508,32.31,31.25
530,32.31,31.25
603,32.31,31.25
686,32.31,31.25
332,32.31,31.25
724,32.31,31.25
648,32.31,31.25
551,32.31,31.21
626,32.31,31.21
414,32.31,31.21
555,32.31,31.21
415,32.31,31.21
690,32.31,31.21
136,32.31,31.21
779,32.31,31.21
272,32.31,31.21
762,32.31,31.21
521,32.31,31.21
485,32.31,31.21
642,32.31,31.21
741,32.31,31.21
477,32.31,31.21
434,32.31,31.21
535,32.31,31.21
401,32.31,31.21
799,32.31,31.21
536,32.31,31.21
722,32.31,31.21
132,32.31,31.21
860,32.31,31.21
117,32.31,31.21
755,32.31,31.21
419,32.31,31.21
645,32.31,31.21
443,32.31,31.21
404,32.31,31.21
475,32.31,31.21
194,32.31,31.21
676,32.31,31.21
310,32.31,31.21
518,32.31,31.21
451,32.31,31.21
292,32.31,31.21
411,32.35,31.21
636,32.35,31.21
320,32.35,31.21
520,32.35,31.21
184,32.35,31.21
397,32.35,31.21
381,32.35,31.21
419,32.35,31.21
527,32.35,31.21
387,32.35,31.21
649,32.35,31.21
311,32.35,31.21
637,32.35,31.21
118,32.35,31.21
798,32.35,31.21
382,32.35,31.21
548,32.35,31.21
457,32.35,31.21
460,32.35,31.21
422,32.35,31.21
538,32.35,31.21
452,32.35,31.21
567,32.35,31.21
344,32.35,31.21
716,32.35,31.15
649,32.35,31.15
307,32.35,31.15
607,32.35,31.15
507,32.35,31.15
768,32.35,31.15
510,32.35,31.15
881,32.35,31.15
497,32.35,31.15
885,32.35,31.15
463,32.35,31.15
627,32.35,31.15
450,32.35,31.15
325,32.35,31.15
661,32.35,31.15
289,32.35,31.15
467,32.35,31.15
334,32.35,31.15
785,32.35,31.15
470,32.35,31.15
506,32.35,31.15
242,32.35,31.15
764,32.35,31.15
167,32.35,31.15
881,32.35,31.15
117,32.35,31.15
635,32.35,31.15
443,32.35,31.15
477,32.35,31.15
422,32.35,31.15
215,32.35,31.15
629,32.35,31.15
443,32.35,31.15
506,32.35,31.15
201,32.35,31.15
530,32.35,31.15
333,32.31,31.15
690,32.31,31.15
298,32.31,31.15
628,32.31,31.15
189,32.31,31.15
793,32.31,31.15
130,32.31,31.15
738,32.31,31.15
119,32.31,31.15
556,32.31,31.15
720,32.31,31.15
325,32.31,31.15
756,32.31,31.15
598,32.31,31.15
515,32.31,31.15
360,32.31,31.15
779,32.31,31.15
343,32.31,31.15
593,32.31,31.15
604,32.31,31.15
780,32.31,31.15
363,32.31,31.15
832,32.31,31.15
423,32.31,31.25
884,32.31,31.25
439,32.31,31.25
586,32.31,31.25
642,32.31,31.25
522,32.31,31.25
285,32.31,31.25
593,32.31,31.25
758,32.31,31.25
309,32.31,31.25
623,32.31,31.25
705,32.31,31.25
419,32.31,31.25
354,32.31,31.25
824,32.31,31.25
243,32.31,31.25
641,32.31,31.25
