884,31.57,30.57
293,31.57,30.43
491,31.57,30.43
359,31.57,30.43
621,31.57,30.43
500,31.57,30.43
488,31.57,30.43
585,31.57,30.43
254,31.57,30.43
633,31.57,30.43
524,31.57,30.43
814,31.57,30.43
170,31.57,30.43
821,31.57,30.43
518,31.57,30.43
538,31.57,30.43
119,31.57,30.43
562,31.57,30.43
281,31.57,30.43
444,31.57,30.43
381,31.57,30.43
525,31.57,30.43
452,31.57,30.43
232,31.57,30.43
470,31.57,30.43
311,31.57,30.43
420,31.57,30.43
307,31.57,30.43
878,31.57,30.43
275,31.57,30.43
692,31.57,30.43
514,31.57,30.43
618,31.57,30.43
118,31.57,30.43
605,31.57,30.43
271,31.57,30.43
588,31.57,30.43
197,31.55,30.43
601,31.55,30.43
845,31.55,30.43
392,31.55,30.43
785,31.55,30.43
492,31.55,30.43
757,31.55,30.43
118,31.55,30.43
640,31.55,30.43
298,31.55,30.43
797,31.55,30.43
469,31.55,30.43
690,31.55,30.43
606,31.55,30.43
587,31.55,30.43
473,31.55,30.43
513,31.55,30.43
396,31.55,30.43
319,31.55,30.43
865,31.55,30.43
279,31.55,30.43
660,31.55,30.43
605,31.55,30.43
812,31.55,30.43
258,31.55,30.43
626,31.55,30.43
221,31.55,30.43
610,31.55,30.43
509,31.55,30.43
545,31.55,30.43
386,31.55,30.43
594,31.55,30.43
406,31.55,30.43
366,31.55,30.43
372,31.55,30.43
313,31.55,30.43
544,31.55,30.43
362,31.55,30.43
395,31.55,30.43
228,31.55,30.43
801,31.55,30.43
239,31.55,30.43
810,31.55,30.43
599,31.55,30.43
403,31.55,30.43
312,31.55,30.43
478,31.55,30.43
504,31.55,30.43
439,31.55,30.43
475,31.55,30.43
492,31.55,30.43
684,31.55,30.43
229,31.55,30.43
870,31.55,30.43
393,31.55,30.43
707,31.55,30.43
211,31.55,30.43
843,31.55,30.43
176,31.55,30.43
581,31.55,30.43
565,31.59,30.43
581,31.59,30.43
362,31.59,30.43
344,31.59,30.43
657,31.59,30.43
427,31.59,30.43
494,31.59,30.43
455,31.59,30.43
823,31.59,30.43
268,31.59,30.43
488,31.59,30.43
576,31.59,30.43
651,31.59,30.43
253,31.59,30.43
759,31.59,30.43
534,31.59,30.43
450,31.59,30.43
606,31.59,30.43
599,31.59,30.43
795,31.59,30.43
509,31.59,30.43
736,31.59,30.43
549,31.59,30.43
762,31.59,30.39
239,31.59,30.39
682,31.59,30.39
344,31.59,30.39
494,31.59,30.39
150,31.59,30.39
773,31.59,30.39
377,31.59,30.39
711,31.59,30.39
526,31.59,30.39
648,31.59,30.39
587,31.59,30.39
372,31.59,30.39
590,31.59,30.39
436,31.59,30.39
548,31.59,30.39
223,31.59,30.39
364,31.59,30.39
185,31.59,30.39
488,31.59,30.39
534,31.59,30.39
383,31.59,30.39
419,31.59,30.39
474,31.59,30.39
339,31.59,30.39
251,31.59,30.39
712,31.59,30.39
468,31.59,30.39
821,31.59,30.39
295,31.59,30.39
704,31.59,30.39
152,31.59,30.39
472,31.59,30.39
406,31.59,30.39
552,31.59,30.39
289,31.59,30.39
298,31.59,30.39
389,31.57,30.39
464,31.57,30.39
548,31.57,30.39
138,31.57,30.39
746,31.57,30.39
383,31.57,30.39
580,31.57,30.39
493,31.57,30.39
818,31.57,30.39
312,31.57,30.39
712,31.57,30.39
643,31.57,30.39
575,31.57,30.39
361,31.57,30.39
661,31.57,30.39
443,31.57,30.39
567,31.57,30.39
447,31.57,30.39
466,31.57,30.39
882,31.57,30.39
339,31.57,30.39
503,31.57,30.39
707,31.57,30.39
642,31.57,30.33
622,31.57,30.33
800,31.57,30.33
589,31.57,30.33
533,31.57,30.33
