721,29.95,28.79
483,29.95,28.79
714,29.95,28.79
126,29.95,28.79
461,29.95,28.79
880,29.95,28.79
777,29.95,28.79
684,29.95,28.79
786,29.95,28.79
148,29.95,28.79
883,29.95,28.79
494,29.95,28.79
446,29.95,28.79
493,29.95,28.79
197,29.95,28.79
598,29.95,28.79
122,29.95,28.79
714,29.95,28.79
612,29.95,28.79
302,29.95,28.79
377,29.95,28.79
848,29.95,28.79
679,29.95,28.79
312,29.95,28.79
880,29.95,28.79
758,29.95,28.79
597,29.95,28.79
622,29.95,28.79
658,29.95,28.79
415,29.95,28.79
418,29.95,28.79
187,29.95,28.79
708,29.95,28.79
145,29.95,28.79
473,29.95,28.79
208,29.95,28.79
572,29.95,28.79
164,29.95,28.79
245,29.95,28.79
586,29.95,28.79
465,29.95,28.79
615,29.95,28.79
301,29.95,28.79
581,29.95,28.79
312,29.95,28.79
533,29.95,28.79
436,29.95,28.79
529,29.95,28.79
208,29.95,28.79
547,29.95,28.79
545,29.95,28.79
663,29.95,28.79
236,29.95,28.79
735,29.95,28.79
514,29.95,28.79
503,29.95,28.91
494,29.95,28.91
620,29.95,28.91
741,29.95,28.91
121,29.95,28.91
658,29.95,28.91
323,29.95,28.91
583,29.95,28.91
199,29.95,28.91
738,29.95,28.91
293,29.95,28.91
538,29.95,28.91
292,29.95,28.91
413,29.95,28.91
433,29.95,28.91
522,29.95,28.91
708,29.95,28.91
352,29.95,28.91
319,29.95,28.91
487,29.95,28.91
887,29.95,28.91
463,29.95,28.91
881,29.95,28.91
477,29.95,28.91
881,29.95,28.91
577,29.95,28.91
864,29.95,28.91
282,29.95,28.91
758,29.95,28.91
720,29.95,28.91
224,29.95,28.91
638,29.95,28.91
121,29.95,28.91
721,29.95,28.91
397,29.95,28.91
525,29.95,28.91
521,29.95,28.91
635,29.95,28.91
348,29.95,28.91
718,29.95,28.91
453,29.95,28.91
514,29.95,28.91
215,29.95,28.91
385,29.95,28.91
564,29.95,28.91
403,29.95,28.91
474,29.95,28.91
231,29.95,28.91
873,29.95,28.91
120,29.95,28.91
505,29.95,28.91
542,29.95,28.91
501,29.95,28.91
383,29.95,28.91
655,29.95,28.91
442,29.95,28.91
495,29.95,28.91
396,29.95,28.91
435,29.95,28.91
321,29.95,28.91
464,29.95,28.83
536,29.95,28.83
228,29.95,28.83
454,29.95,28.83
441,29.95,28.83
590,29.95,28.83
455,29.95,28.83
606,29.95,28.83
454,29.95,28.83
881,29.95,28.83
538,29.95,28.83
690,29.95,28.83
686,29.95,28.83
616,29.95,28.83
413,29.95,28.83
464,29.95,28.83
491,29.95,28.83
644,29.95,28.83
643,29.95,28.83
456,29.95,28.83
549,29.95,28.83
284,29.95,28.83
797,29.95,28.83
413,29.95,28.83
560,29.95,28.83
481,29.95,28.83
652,29.95,28.83
505,29.95,28.83
354,29.95,28.83
721,29.95,28.83
594,29.95,28.83
677,29.95,28.83
336,29.95,28.83
778,29.95,28.83
314,29.95,28.83
405,29.95,28.83
665,29.95,28.83
723,29.95,28.83
346,29.95,28.83
481,29.95,28.83
462,29.95,28.83
259,29.95,28.83
388,29.95,28.83
448,29.95,28.83
393,29.95,28.83
392,29.95,28.83
808,29.95,28.83
524,29.95,28.83
545,29.95,28.83
378,29.95,28.83
344,29.95,28.83
323,29.95,28.83
494,29.95,28.83
357,29.95,28.83
594,29.95,28.83
543,29.95,28.83
475,29.95,28.83
216,29.95,28.83
633,29.95,28.83
653,29.95,28.77
414,29.95,28.77
624,29.95,28.77
476,29.95,28.77
511,29.95,28.77
334,29.95,28.77
699,29.95,28.77
343,29.95,28.77
786,29.95,28.77
419,29.95,28.77
406,29.95,28.77
377,29.95,28.77
537,29.95,28.77
583,29.95,28.77
447,29.95,28.77
693,29.95,28.77
280,29.95,28.77
595,29.95,28.77
847,29.95,28.77
643,29.95,28.77
433,29.95,28.77
810,29.95,28.77
318,29.95,28.77
506,29.95,28.77
423,29.95,28.77
804,29.95,28.77
682,29.95,28.77
791,29.95,28.77
254,29.95,28.77
314,29.95,28.77
626,29.95,28.77
377,29.95,28.77
855,29.95,28.77
260,29.95,28.77
622,29.95,28.77
490,29.95,28.77
563,29.91,28.77
501,29.91,28.77
480,29.91,28.77
705,29.91,28.77
510,29.91,28.77
527,29.91,28.77
298,29.91,28.77
686,29.91,28.77
363,29.91,28.77
447,29.91,28.77
598,29.91,28.77
853,29.91,28.77
269,29.91,28.77
717,29.91,28.77
845,29.91,28.77
393,29.91,28.77
318,29.91,28.77
713,29.91,28.77
335,29.91,28.77
479,29.91,28.77
622,29.91,28.77
466,29.91,28.77
524,29.91,28.77
343,29.91,28.77
533,29.91,28.65
266,29.91,28.65
609,29.91,28.65
415,29.91,28.65
769,29.91,28.65
244,29.91,28.65
511,29.91,28.65
659,29.91,28.65
466,29.91,28.65
458,29.91,28.65
515,29.91,28.65
711,29.91,28.65
121,29.91,28.65
683,29.91,28.65
285,29.91,28.65
876,29.91,28.65
434,29.91,28.65
592,29.91,28.65
481,29.91,28.65
748,29.91,28.65
464,29.91,28.65
679,29.91,28.65
182,29.91,28.65
428,29.91,28.65
504,29.91,28.65
747,29.91,28.65
721,29.91,28.65
337,29.91,28.65
880,29.91,28.65
350,29.91,28.65
882,29.91,28.65
351,29.91,28.65
747,29.91,28.65
549,29.91,28.65
571,29.91,28.65
466,29.91,28.65
500,29.95,28.65
527,29.95,28.65
388,29.95,28.65
881,29.95,28.65
373,29.95,28.65
284,29.95,28.65
516,29.95,28.65
551,29.95,28.65
385,29.95,28.65
640,29.95,28.65
580,29.95,28.65
882,29.95,28.65
138,29.95,28.65
883,29.95,28.65
168,29.95,28.65
423,29.95,28.65
370,29.95,28.65
437,29.95,28.65
359,29.95,28.65
352,29.95,28.65
485,29.95,28.65
588,29.95,28.65
367,29.95,28.65
301,29.95,28.69
483,29.95,28.69
402,29.95,28.69
688,29.95,28.69
338,29.95,28.69
764,29.95,28.69
334,29.95,28.69
714,29.95,28.69
281,29.95,28.69
597,29.95,28.69
326,29.95,28.69
534,29.95,28.69
642,29.95,28.69
119,29.95,28.69
576,29.95,28.69
374,29.95,28.69
676,29.95,28.69
352,29.95,28.69
775,29.95,28.69
428,29.95,28.69
653,29.95,28.69
256,29.95,28.69
500,29.95,28.69
448,29.95,28.69
629,29.95,28.69
420,29.95,28.69
540,29.95,28.69
555,29.95,28.69
402,29.95,28.69
704,29.95,28.69
321,29.95,28.69
603,29.95,28.69
237,29.95,28.69
861,29.95,28.69
233,29.95,28.69
512,29.95,28.69
667,29.95,28.69
705,29.95,28.69
378,29.95,28.69
672,29.95,28.69
721,29.95,28.69
504,29.95,28.69
631,29.95,28.69
621,29.95,28.69
585,29.95,28.69
554,29.95,28.69
761,29.95,28.69
432,29.95,28.69
627,29.95,28.69
147,29.95,28.69
661,29.95,28.69
490,29.95,28.69
686,29.95,28.69
259,29.95,28.69
637,29.95,28.69
812,29.95,28.69
383,29.95,28.69
850,29.95,28.69
423,29.95,28.69
318,29.95,28.69
290,29.95,28.85
547,29.95,28.85
333,29.95,28.85
488,29.95,28.85
331,29.95,28.85
737,29.95,28.85
520,29.95,28.85
186,29.95,28.85
441,29.95,28.85
506,29.95,28.85
348,29.95,28.85
405,29.95,28.85
610,29.95,28.85
259,29.95,28.85
801,29.95,28.85
291,29.95,28.85
771,29.95,28.85
349,29.95,28.85
554,29.95,28.85
675,29.95,28.85
351,29.95,28.85
401,29.95,28.85
440,29.95,28.85
379,29.95,28.85
334,29.95,28.85
641,29.95,28.85
536,29.95,28.85
490,29.95,28.85
372,29.95,28.85
729,29.95,28.85
652,29.95,28.85
504,29.95,28.85
350,29.95,28.85
772,29.95,28.85
559,29.95,28.85
576,29.95,28.85
516,29.91,28.85
419,29.91,28.85
504,29.91,28.85
205,29.91,28.85
882,29.91,28.85
304,29.91,28.85
490,29.91,28.85
709,29.91,28.85
705,29.91,28.85
499,29.91,28.85
712,29.91,28.85
557,29.91,28.85
528,29.91,28.85
271,29.91,28.85
699,29.91,28.85
343,29.91,28.85
525,29.91,28.85
689,29.91,28.85
524,29.91,28.85
539,29.91,28.85
235,29.91,28.85
641,29.91,28.85
387,29.91,28.85
478,29.91,28.85
317,29.91,28.65
478,29.91,28.65
806,29.91,28.65
258,29.91,28.65
826,29.91,28.65
662,29.91,28.65
