346,29.11,27.91
470,29.11,27.91
468,29.11,27.91
120,29.11,27.91
366,29.11,27.91
382,29.11,27.91
502,29.11,27.91
536,29.11,27.91
716,29.11,27.91
251,29.11,27.91
544,29.11,27.91
358,29.11,27.91
650,29.11,27.91
276,29.11,27.91
619,29.11,27.91
519,29.11,27.91
544,29.11,27.91
372,29.11,27.91
299,29.11,27.91
618,29.11,27.91
302,29.11,27.91
576,29.11,27.91
442,29.11,27.91
615,29.11,27.91
125,29.11,27.91
568,29.11,27.91
646,29.11,27.91
609,29.11,27.91
355,29.11,27.91
559,29.11,27.91
327,29.11,27.91
273,29.11,27.91
435,29.11,27.91
626,29.11,27.91
620,29.11,27.91
560,29.11,27.91
445,29.11,27.91
468,29.11,27.91
261,29.11,27.91
649,29.11,27.91
487,29.11,27.91
545,29.11,27.91
460,29.11,27.91
626,29.11,27.91
795,29.11,27.91
684,29.11,27.91
458,29.11,27.91
518,29.11,27.91
514,29.11,27.91
359,29.11,27.91
434,29.11,27.91
678,29.11,27.91
481,29.11,27.91
743,29.11,27.91
465,29.11,27.91
540,29.11,27.91
353,29.11,27.91
810,29.11,27.91
504,29.11,27.91
498,29.11,27.91
479,29.11,27.91
409,29.11,27.91
598,29.11,27.91
355,29.11,27.91
704,29.11,27.91
419,29.11,27.91
546,29.11,27.91
409,29.11,27.91
473,29.11,27.91
488,29.11,27.91
522,29.11,27.91
539,29.11,27.91
641,29.11,27.91
354,29.11,27.93
331,29.11,27.93
606,29.11,27.93
388,29.11,27.93
399,29.11,27.93
121,29.11,27.93
318,29.11,27.93
265,29.11,27.93
684,29.11,27.93
525,29.11,27.93
393,29.11,27.93
670,29.11,27.93
610,29.11,27.93
466,29.11,27.93
306,29.11,27.93
554,29.11,27.93
503,29.11,27.93
300,29.11,27.93
640,29.11,27.93
594,29.11,27.93
559,29.11,27.93
366,29.11,27.93
527,29.11,27.93
528,29.11,27.93
288,29.11,27.93
773,29.11,27.93
496,29.11,27.93
604,29.11,27.93
442,29.11,27.93
699,29.11,27.93
700,29.11,27.93
713,29.11,27.93
543,29.11,27.93
684,29.11,27.93
329,29.11,27.93
603,29.11,27.93
734,29.13,27.93
577,29.13,27.93
637,29.13,27.93
500,29.13,27.93
629,29.13,27.93
189,29.13,27.93
615,29.13,27.93
264,29.13,27.93
632,29.13,27.93
437,29.13,27.93
372,29.13,27.93
729,29.13,27.93
310,29.13,27.93
742,29.13,27.93
556,29.13,27.93
706,29.13,27.93
417,29.13,27.93
657,29.13,27.93
200,29.13,27.93
476,29.13,27.93
524,29.13,27.93
670,29.13,27.93
310,29.13,27.93
449,29.13,27.93
373,29.13,27.95
391,29.13,27.95
591,29.13,27.95
470,29.13,27.95
680,29.13,27.95
120,29.13,27.95
497,29.13,27.95
183,29.13,27.95
699,29.13,27.95
415,29.13,27.95
431,29.13,27.95
334,29.13,27.95
385,29.13,27.95
484,29.13,27.95
751,29.13,27.95
601,29.13,27.95
465,29.13,27.95
183,29.13,27.95
596,29.13,27.95
510,29.13,27.95
422,29.13,27.95
826,29.13,27.95
214,29.13,27.95
763,29.13,27.95
302,29.13,27.95
695,29.13,27.95
594,29.13,27.95
687,29.13,27.95
379,29.13,27.95
732,29.13,27.95
537,29.13,27.95
641,29.13,27.95
582,29.13,27.95
653,29.13,27.95
430,29.13,27.95
743,29.13,27.95
544,29.11,27.95
372,29.11,27.95
653,29.11,27.95
363,29.11,27.95
687,29.11,27.95
323,29.11,27.95
699,29.11,27.95
124,29.11,27.95
884,29.11,27.95
413,29.11,27.95
459,29.11,27.95
334,29.11,27.95
389,29.11,27.95
549,29.11,27.95
121,29.11,27.95
592,29.11,27.95
538,29.11,27.95
563,29.11,27.95
151,29.11,27.95
788,29.11,27.95
175,29.11,27.95
395,29.11,27.95
355,29.11,27.95
882,29.11,27.81
122,29.11,27.81
495,29.11,27.81
601,29.11,27.81
657,29.11,27.81
267,29.11,27.81
386,29.11,27.81
598,29.11,27.81
296,29.11,27.81
492,29.11,27.81
125,29.11,27.81
608,29.11,27.81
402,29.11,27.81
874,29.11,27.81
465,29.11,27.81
829,29.11,27.81
162,29.11,27.81
871,29.11,27.81
389,29.11,27.81
515,29.11,27.81
357,29.11,27.81
418,29.11,27.81
575,29.11,27.81
301,29.11,27.81
691,29.11,27.81
517,29.11,27.81
744,29.11,27.81
378,29.11,27.81
821,29.11,27.81
376,29.11,27.81
593,29.11,27.81
504,29.11,27.81
782,29.11,27.81
120,29.11,27.81
851,29.11,27.81
587,29.11,27.81
362,29.11,27.81
564,29.11,27.81
472,29.11,27.81
652,29.11,27.81
245,29.11,27.81
444,29.11,27.81
389,29.11,27.81
717,29.11,27.81
359,29.11,27.81
494,29.11,27.81
649,29.11,27.81
397,29.11,27.81
300,29.11,27.81
743,29.11,27.81
539,29.11,27.81
566,29.11,27.81
641,29.11,27.81
683,29.11,27.81
334,29.11,27.81
453,29.11,27.81
407,29.11,27.81
398,29.11,27.81
702,29.11,27.81
212,29.11,27.81
632,29.11,27.91
170,29.11,27.91
666,29.11,27.91
492,29.11,27.91
616,29.11,27.91
402,29.11,27.91
341,29.11,27.91
473,29.11,27.91
580,29.11,27.91
222,29.11,27.91
685,29.11,27.91
552,29.11,27.91
578,29.11,27.91
536,29.11,27.91
588,29.11,27.91
489,29.11,27.91
511,29.11,27.91
641,29.11,27.91
340,29.11,27.91
727,29.11,27.91
322,29.11,27.91
610,29.11,27.91
323,29.11,27.91
534,29.11,27.91
819,29.11,27.91
370,29.11,27.91
797,29.11,27.91
519,29.11,27.91
613,29.11,27.91
493,29.11,27.91
601,29.11,27.91
555,29.11,27.91
827,29.11,27.91
366,29.11,27.91
522,29.11,27.91
698,29.11,27.91
303,29.09,27.91
391,29.09,27.91
424,29.09,27.91
442,29.09,27.91
156,29.09,27.91
762,29.09,27.91
392,29.09,27.91
795,29.09,27.91
418,29.09,27.91
389,29.09,27.91
474,29.09,27.91
327,29.09,27.91
269,29.09,27.91
264,29.09,27.91
671,29.09,27.91
250,29.09,27.91
433,29.09,27.91
700,29.09,27.91
429,29.09,27.91
552,29.09,27.91
590,29.09,27.91
359,29.09,27.91
413,29.09,27.91
295,29.09,27.91
545,29.09,27.93
278,29.09,27.93
688,29.09,27.93
319,29.09,27.93
527,29.09,27.93
309,29.09,27.93
264,29.09,27.93
715,29.09,27.93
261,29.09,27.93
405,29.09,27.93
465,29.09,27.93
545,29.09,27.93
454,29.09,27.93
597,29.09,27.93
691,29.09,27.93
761,29.09,27.93
410,29.09,27.93
542,29.09,27.93
300,29.09,27.93
498,29.09,27.93
316,29.09,27.93
471,29.09,27.93
628,29.09,27.93
334,29.09,27.93
436,29.09,27.93
525,29.09,27.93
881,29.09,27.93
443,29.09,27.93
659,29.09,27.93
539,29.09,27.93
348,29.09,27.93
736,29.09,27.93
556,29.09,27.93
606,29.09,27.93
493,29.09,27.93
334,29.09,27.93
629,29.13,27.93
332,29.13,27.93
597,29.13,27.93
730,29.13,27.93
648,29.13,27.93
397,29.13,27.93
718,29.13,27.93
467,29.13,27.93
640,29.13,27.93
727,29.13,27.93
605,29.13,27.93
238,29.13,27.93
744,29.13,27.93
390,29.13,27.93
796,29.13,27.93
375,29.13,27.93
653,29.13,27.93
566,29.13,27.93
573,29.13,27.93
340,29.13,27.93
455,29.13,27.93
536,29.13,27.93
521,29.13,27.93
344,29.13,27.93
261,29.13,27.93
445,29.13,27.93
494,29.13,27.93
667,29.13,27.93
567,29.13,27.93
500,29.13,27.93
396,29.13,27.93
869,29.13,27.93
430,29.13,27.93
579,29.13,27.93
271,29.13,27.93
425,29.13,27.93
626,29.13,27.93
248,29.13,27.93
624,29.13,27.93
213,29.13,27.93
395,29.13,27.93
294,29.13,27.93
699,29.13,27.93
405,29.13,27.93
694,29.13,27.93
663,29.13,27.93
741,29.13,27.93
212,29.13,27.93
767,29.13,27.93
293,29.13,27.93
527,29.13,27.93
591,29.13,27.93
491,29.13,27.93
440,29.13,27.93
411,29.13,27.93
349,29.13,27.93
425,29.13,27.93
684,29.13,27.93
359,29.13,27.93
640,29.11,27.93
394,29.11,27.93
347,29.11,27.93
621,29.11,27.93
409,29.11,27.93
403,29.11,27.93
758,29.11,27.93
517,29.11,27.93
682,29.11,27.93
555,29.11,27.93
430,29.11,27.93
318,29.11,27.93
