399,29.81,28.57
721,29.81,28.57
118,29.81,28.57
592,29.81,28.57
384,29.81,28.57
881,29.81,28.57
709,29.81,28.57
481,29.81,28.57
697,29.81,28.57
464,29.81,28.57
546,29.81,28.57
782,29.81,28.57
676,29.81,28.57
575,29.81,28.57
561,29.81,28.57
263,29.81,28.57
537,29.81,28.57
543,29.81,28.57
460,29.81,28.57
699,29.81,28.57
530,29.81,28.57
341,29.81,28.57
844,29.81,28.57
321,29.81,28.57
479,29.81,28.57
640,29.81,28.57
388,29.81,28.57
685,29.81,28.57
411,29.81,28.57
437,29.81,28.57
262,29.81,28.57
610,29.81,28.57
306,29.81,28.57
300,29.81,28.57
365,29.81,28.57
480,29.81,28.57
674,29.81,28.57
496,29.81,28.57
643,29.81,28.57
481,29.81,28.57
478,29.81,28.57
682,29.81,28.57
590,29.81,28.57
383,29.81,28.57
530,29.81,28.57
237,29.81,28.57
645,29.81,28.57
311,29.81,28.57
741,29.81,28.57
577,29.81,28.57
157,29.81,28.57
588,29.81,28.57
442,29.79,28.57
714,29.79,28.57
513,29.79,28.57
755,29.79,28.57
396,29.79,28.57
462,29.79,28.57
485,29.79,28.57
685,29.79,28.57
595,29.79,28.57
490,29.79,28.57
490,29.79,28.57
759,29.79,28.57
459,29.79,28.57
420,29.79,28.57
356,29.79,28.57
500,29.79,28.57
609,29.79,28.57
120,29.79,28.57
710,29.79,28.57
356,29.79,28.57
774,29.79,28.57
365,29.79,28.57
846,29.79,28.57
685,29.79,28.57
566,29.79,28.51
359,29.79,28.51
237,29.79,28.51
540,29.79,28.51
448,29.79,28.51
548,29.79,28.51
369,29.79,28.51
685,29.79,28.51
484,29.79,28.51
456,29.79,28.51
403,29.79,28.51
526,29.79,28.51
266,29.79,28.51
658,29.79,28.51
180,29.79,28.51
382,29.79,28.51
383,29.79,28.51
562,29.79,28.51
374,29.79,28.51
451,29.79,28.51
555,29.79,28.51
458,29.79,28.51
620,29.79,28.51
134,29.79,28.51
505,29.79,28.51
418,29.79,28.51
541,29.79,28.51
404,29.79,28.51
606,29.79,28.51
123,29.79,28.51
454,29.79,28.51
539,29.79,28.51
579,29.79,28.51
305,29.79,28.51
529,29.79,28.51
551,29.79,28.51
531,29.77,28.51
709,29.77,28.51
424,29.77,28.51
731,29.77,28.51
193,29.77,28.51
539,29.77,28.51
286,29.77,28.51
425,29.77,28.51
431,29.77,28.51
810,29.77,28.51
505,29.77,28.51
508,29.77,28.51
678,29.77,28.51
818,29.77,28.51
549,29.77,28.51
622,29.77,28.51
573,29.77,28.51
528,29.77,28.51
671,29.77,28.51
132,29.77,28.51
541,29.77,28.51
590,29.77,28.51
521,29.77,28.51
647,29.77,28.63
501,29.77,28.63
392,29.77,28.63
642,29.77,28.63
751,29.77,28.63
519,29.77,28.63
245,29.77,28.63
826,29.77,28.63
264,29.77,28.63
477,29.77,28.63
524,29.77,28.63
236,29.77,28.63
491,29.77,28.63
173,29.77,28.63
872,29.77,28.63
120,29.77,28.63
301,29.77,28.63
499,29.77,28.63
423,29.77,28.63
256,29.77,28.63
363,29.77,28.63
406,29.77,28.63
424,29.77,28.63
498,29.77,28.63
530,29.77,28.63
704,29.77,28.63
268,29.77,28.63
745,29.77,28.63
344,29.77,28.63
661,29.77,28.63
123,29.77,28.63
803,29.77,28.63
318,29.77,28.63
573,29.77,28.63
349,29.77,28.63
832,29.77,28.63
555,29.79,28.63
367,29.79,28.63
441,29.79,28.63
516,29.79,28.63
731,29.79,28.63
325,29.79,28.63
835,29.79,28.63
341,29.79,28.63
698,29.79,28.63
662,29.79,28.63
879,29.79,28.63
383,29.79,28.63
649,29.79,28.63
471,29.79,28.63
720,29.79,28.63
307,29.79,28.63
606,29.79,28.63
653,29.79,28.63
562,29.79,28.63
805,29.79,28.63
402,29.79,28.63
701,29.79,28.63
337,29.79,28.63
795,29.79,28.63
604,29.79,28.57
532,29.79,28.57
509,29.79,28.57
601,29.79,28.57
209,29.79,28.57
558,29.79,28.57
357,29.79,28.57
625,29.79,28.57
295,29.79,28.57
215,29.79,28.57
478,29.79,28.57
479,29.79,28.57
537,29.79,28.57
422,29.79,28.57
882,29.79,28.57
173,29.79,28.57
501,29.79,28.57
157,29.79,28.57
573,29.79,28.57
120,29.79,28.57
575,29.79,28.57
521,29.79,28.57
630,29.79,28.57
179,29.79,28.57
800,29.79,28.57
437,29.79,28.57
418,29.79,28.57
832,29.79,28.57
535,29.79,28.57
868,29.79,28.57
284,29.79,28.57
882,29.79,28.57
279,29.79,28.57
603,29.79,28.57
461,29.79,28.57
754,29.79,28.57
386,29.81,28.57
428,29.81,28.57
650,29.81,28.57
486,29.81,28.57
402,29.81,28.57
454,29.81,28.57
716,29.81,28.57
497,29.81,28.57
338,29.81,28.57
457,29.81,28.57
734,29.81,28.57
185,29.81,28.57
653,29.81,28.57
406,29.81,28.57
883,29.81,28.57
417,29.81,28.57
769,29.81,28.57
366,29.81,28.57
660,29.81,28.57
492,29.81,28.57
391,29.81,28.57
564,29.81,28.57
126,29.81,28.57
493,29.81,28.59
684,29.81,28.59
378,29.81,28.59
544,29.81,28.59
646,29.81,28.59
366,29.81,28.59
585,29.81,28.59
127,29.81,28.59
697,29.81,28.59
122,29.81,28.59
477,29.81,28.59
364,29.81,28.59
273,29.81,28.59
453,29.81,28.59
151,29.81,28.59
448,29.81,28.59
348,29.81,28.59
606,29.81,28.59
329,29.81,28.59
396,29.81,28.59
458,29.81,28.59
564,29.81,28.59
603,29.81,28.59
713,29.81,28.59
536,29.81,28.59
745,29.81,28.59
234,29.81,28.59
614,29.81,28.59
437,29.81,28.59
531,29.81,28.59
639,29.81,28.59
225,29.81,28.59
673,29.81,28.59
311,29.81,28.59
477,29.81,28.59
510,29.81,28.59
563,29.79,28.59
423,29.79,28.59
412,29.79,28.59
470,29.79,28.59
422,29.79,28.59
595,29.79,28.59
625,29.79,28.59
514,29.79,28.59
457,29.79,28.59
566,29.79,28.59
521,29.79,28.59
358,29.79,28.59
659,29.79,28.59
715,29.79,28.59
219,29.79,28.59
864,29.79,28.59
400,29.79,28.59
581,29.79,28.59
660,29.79,28.59
537,29.79,28.59
716,29.79,28.59
584,29.79,28.59
422,29.79,28.59
422,29.79,28.59
672,29.79,28.51
393,29.79,28.51
344,29.79,28.51
484,29.79,28.51
339,29.79,28.51
499,29.79,28.51
493,29.79,28.51
421,29.79,28.51
450,29.79,28.51
543,29.79,28.51
604,29.79,28.51
399,29.79,28.51
494,29.79,28.51
825,29.79,28.51
368,29.79,28.51
713,29.79,28.51
464,29.79,28.51
376,29.79,28.51
406,29.79,28.51
514,29.79,28.51
632,29.79,28.51
432,29.79,28.51
371,29.79,28.51
387,29.79,28.51
635,29.79,28.51
123,29.79,28.51
543,29.79,28.51
524,29.79,28.51
537,29.79,28.51
243,29.79,28.51
591,29.79,28.51
337,29.79,28.51
865,29.79,28.51
512,29.79,28.51
467,29.79,28.51
377,29.79,28.51
291,29.81,28.51
451,29.81,28.51
363,29.81,28.51
555,29.81,28.51
276,29.81,28.51
659,29.81,28.51
614,29.81,28.51
404,29.81,28.51
646,29.81,28.51
461,29.81,28.51
566,29.81,28.51
591,29.81,28.51
486,29.81,28.51
602,29.81,28.51
498,29.81,28.51
723,29.81,28.51
520,29.81,28.51
794,29.81,28.51
596,29.81,28.51
522,29.81,28.51
770,29.81,28.51
258,29.81,28.51
882,29.81,28.51
342,29.81,28.79
566,29.81,28.79
602,29.81,28.79
679,29.81,28.79
431,29.81,28.79
743,29.81,28.79
135,29.81,28.79
533,29.81,28.79
462,29.81,28.79
512,29.81,28.79
600,29.81,28.79
466,29.81,28.79
638,29.81,28.79
169,29.81,28.79
458,29.81,28.79
118,29.81,28.79
865,29.81,28.79
247,29.81,28.79
514,29.81,28.79
396,29.81,28.79
569,29.81,28.79
649,29.81,28.79
355,29.81,28.79
875,29.81,28.79
326,29.81,28.79
402,29.81,28.79
275,29.81,28.79
389,29.81,28.79
238,29.81,28.79
552,29.81,28.79
176,29.81,28.79
872,29.81,28.79
424,29.81,28.79
520,29.81,28.79
414,29.81,28.79
624,29.81,28.79
390,29.81,28.79
315,29.81,28.79
587,29.81,28.79
119,29.81,28.79
869,29.81,28.79
435,29.81,28.79
716,29.81,28.79
205,29.81,28.79
644,29.81,28.79
581,29.81,28.79
