152,32.15,30.93
442,32.15,30.93
122,32.15,30.93
123,32.15,30.93
769,32.15,30.93
143,32.15,30.93
467,32.15,30.93
122,32.15,30.93
882,32.15,30.93
368,32.15,30.93
561,32.15,30.93
487,32.15,30.93
705,32.15,30.93
405,32.15,30.93
413,32.15,30.93
219,32.15,30.93
574,32.15,30.93
386,32.15,30.93
659,32.15,30.93
343,32.15,30.93
598,32.15,30.93
369,32.15,30.93
830,32.15,30.93
607,32.15,30.93
120,32.15,30.93
815,32.15,30.93
123,32.15,30.93
808,32.15,30.93
422,32.15,30.93
285,32.15,30.93
619,32.15,30.93
314,32.15,30.93
592,32.15,30.93
784,32.17,30.93
581,32.17,30.93
456,32.17,30.93
819,32.17,30.93
727,32.17,30.93
485,32.17,30.93
237,32.17,30.93
604,32.17,30.93
378,32.17,30.93
510,32.17,30.93
605,32.17,30.93
797,32.17,30.93
416,32.17,30.93
689,32.17,30.93
451,32.17,30.93
589,32.17,30.93
759,32.17,30.93
542,32.17,30.93
684,32.17,30.93
161,32.17,30.93
676,32.17,30.93
223,32.17,30.93
451,32.17,30.93
410,32.17,31.15
454,32.17,31.15
260,32.17,31.15
335,32.17,31.15
552,32.17,31.15
727,32.17,31.15
289,32.17,31.15
714,32.17,31.15
596,32.17,31.15
298,32.17,31.15
544,32.17,31.15
409,32.17,31.15
618,32.17,31.15
496,32.17,31.15
584,32.17,31.15
256,32.17,31.15
624,32.17,31.15
125,32.17,31.15
696,32.17,31.15
521,32.17,31.15
315,32.17,31.15
577,32.17,31.15
743,32.17,31.15
339,32.17,31.15
412,32.17,31.15
814,32.17,31.15
491,32.17,31.15
599,32.17,31.15
239,32.17,31.15
609,32.17,31.15
343,32.17,31.15
816,32.17,31.15
407,32.17,31.15
570,32.17,31.15
420,32.17,31.15
385,32.17,31.15
688,32.17,31.15
487,32.15,31.15
339,32.15,31.15
826,32.15,31.15
651,32.15,31.15
423,32.15,31.15
732,32.15,31.15
468,32.15,31.15
708,32.15,31.15
646,32.15,31.15
806,32.15,31.15
443,32.15,31.15
590,32.15,31.15
237,32.15,31.15
694,32.15,31.15
278,32.15,31.15
312,32.15,31.15
637,32.15,31.15
569,32.15,31.15
552,32.15,31.15
504,32.15,31.15
578,32.15,31.15
385,32.15,31.15
431,32.15,31.15
493,32.15,31.05
390,32.15,31.05
379,32.15,31.05
572,32.15,31.05
216,32.15,31.05
397,32.15,31.05
439,32.15,31.05
528,32.15,31.05
523,32.15,31.05
121,32.15,31.05
299,32.15,31.05
387,32.15,31.05
755,32.15,31.05
192,32.15,31.05
736,32.15,31.05
448,32.15,31.05
581,32.15,31.05
317,32.15,31.05
623,32.15,31.05
370,32.15,31.05
418,32.15,31.05
530,32.15,31.05
352,32.15,31.05
640,32.15,31.05
442,32.15,31.05
634,32.15,31.05
595,32.15,31.05
488,32.15,31.05
212,32.15,31.05
483,32.15,31.05
433,32.15,31.05
800,32.15,31.05
282,32.15,31.05
467,32.15,31.05
627,32.15,31.05
643,32.15,31.05
374,32.15,31.05
387,32.15,31.05
883,32.15,31.05
297,32.15,31.05
886,32.15,31.05
400,32.15,31.05
562,32.15,31.05
438,32.15,31.05
423,32.15,31.05
568,32.15,31.05
614,32.15,31.05
528,32.15,31.05
702,32.15,31.05
726,32.15,31.05
646,32.15,31.05
580,32.15,31.05
482,32.15,31.05
855,32.15,31.05
118,32.15,31.05
862,32.15,31.05
376,32.15,31.05
879,32.15,31.05
245,32.15,31.05
749,32.15,31.05
472,32.15,30.85
522,32.15,30.85
632,32.15,30.85
464,32.15,30.85
509,32.15,30.85
691,32.15,30.85
547,32.15,30.85
764,32.15,30.85
604,32.15,30.85
467,32.15,30.85
777,32.15,30.85
117,32.15,30.85
513,32.15,30.85
312,32.15,30.85
695,32.15,30.85
218,32.15,30.85
553,32.15,30.85
387,32.15,30.85
519,32.15,30.85
471,32.15,30.85
425,32.15,30.85
597,32.15,30.85
606,32.15,30.85
561,32.15,30.85
531,32.15,30.85
531,32.15,30.85
486,32.15,30.85
650,32.15,30.85
398,32.15,30.85
815,32.15,30.85
328,32.15,30.85
834,32.15,30.85
323,32.15,30.85
734,32.15,30.85
544,32.15,30.85
571,32.15,30.85
662,32.15,30.85
318,32.15,30.85
605,32.15,30.85
539,32.15,30.85
537,32.15,30.85
490,32.15,30.85
609,32.15,30.85
497,32.15,30.85
621,32.15,30.85
322,32.15,30.85
791,32.15,30.85
318,32.15,30.85
629,32.15,30.85
362,32.15,30.85
570,32.15,30.85
475,32.15,30.85
606,32.15,30.85
568,32.15,30.85
506,32.15,30.85
765,32.15,30.85
413,32.15,30.85
737,32.15,30.85
450,32.15,30.85
672,32.15,30.91
517,32.15,30.91
644,32.15,30.91
207,32.15,30.91
627,32.15,30.91
237,32.15,30.91
438,32.15,30.91
165,32.15,30.91
260,32.15,30.91
755,32.15,30.91
356,32.15,30.91
444,32.15,30.91
354,32.15,30.91
884,32.15,30.91
117,32.15,30.91
801,32.15,30.91
390,32.15,30.91
663,32.15,30.91
207,32.15,30.91
431,32.15,30.91
452,32.15,30.91
486,32.15,30.91
215,32.15,30.91
680,32.15,30.91
252,32.15,30.91
409,32.15,30.91
648,32.15,30.91
321,32.15,30.91
647,32.15,30.91
654,32.15,30.91
715,32.15,30.91
370,32.15,30.91
721,32.15,30.91
377,32.15,30.91
884,32.15,30.91
395,32.15,30.91
706,32.13,30.91
642,32.13,30.91
495,32.13,30.91
445,32.13,30.91
629,32.13,30.91
455,32.13,30.91
464,32.13,30.91
442,32.13,30.91
481,32.13,30.91
681,32.13,30.91
206,32.13,30.91
883,32.13,30.91
340,32.13,30.91
884,32.13,30.91
246,32.13,30.91
799,32.13,30.91
145,32.13,30.91
691,32.13,30.91
528,32.13,30.91
265,32.13,30.91
539,32.13,30.91
409,32.13,30.91
764,32.13,30.91
218,32.13,30.91
129,32.13,30.91
438,32.13,30.91
658,32.13,30.91
280,32.13,30.91
708,32.13,30.91
201,32.13,30.91
686,32.13,30.91
196,32.13,30.91
499,32.13,30.91
612,32.13,30.91
292,32.13,30.91
403,32.13,30.91
329,32.13,30.91
730,32.13,30.91
117,32.13,30.91
485,32.13,30.91
539,32.13,30.91
678,32.13,30.91
444,32.13,30.91
690,32.13,30.91
537,32.13,30.91
386,32.13,30.91
500,32.13,30.91
488,32.13,30.91
463,32.13,30.91
621,32.13,30.91
444,32.13,30.91
615,32.13,30.91
497,32.13,30.91
287,32.13,30.91
707,32.13,30.91
237,32.13,30.91
599,32.13,30.91
597,32.13,30.91
603,32.13,30.91
211,32.13,30.91
490,32.15,30.91
783,32.15,30.91
637,32.15,30.91
738,32.15,30.91
882,32.15,30.91
555,32.15,30.91
508,32.15,30.91
634,32.15,30.91
545,32.15,30.91
856,32.15,30.91
419,32.15,30.91
551,32.15,30.91
384,32.15,30.91
678,32.15,30.91
135,32.15,30.91
650,32.15,30.91
538,32.15,30.91
295,32.15,30.91
564,32.15,30.91
403,32.15,30.91
473,32.15,30.91
719,32.15,30.91
826,32.15,30.91
205,32.15,31.01
373,32.15,31.01
324,32.15,31.01
649,32.15,31.01
229,32.15,31.01
486,32.15,31.01
475,32.15,31.01
614,32.15,31.01
155,32.15,31.01
574,32.15,31.01
431,32.15,31.01
379,32.15,31.01
426,32.15,31.01
301,32.15,31.01
558,32.15,31.01
254,32.15,31.01
503,32.15,31.01
568,32.15,31.01
641,32.15,31.01
393,32.15,31.01
371,32.15,31.01
565,32.15,31.01
255,32.15,31.01
598,32.15,31.01
571,32.15,31.01
435,32.15,31.01
571,32.15,31.01
588,32.15,31.01
678,32.15,31.01
461,32.15,31.01
419,32.15,31.01
721,32.15,31.01
366,32.15,31.01
885,32.15,31.01
501,32.15,31.01
706,32.15,31.01
401,32.13,31.01
505,32.13,31.01
774,32.13,31.01
576,32.13,31.01
428,32.13,31.01
544,32.13,31.01
556,32.13,31.01
132,32.13,31.01
454,32.13,31.01
666,32.13,31.01
581,32.13,31.01
445,32.13,31.01
854,32.13,31.01
428,32.13,31.01
813,32.13,31.01
242,32.13,31.01
682,32.13,31.01
301,32.13,31.01
470,32.13,31.01
359,32.13,31.01
474,32.13,31.01
739,32.13,31.01
157,32.13,31.01
619,32.13,30.99
382,32.13,30.99
399,32.13,30.99
393,32.13,30.99
441,32.13,30.99
