407,30.35,29.19
623,30.35,29.19
721,30.35,29.19
133,30.35,29.19
742,30.35,29.19
444,30.35,29.19
878,30.35,29.19
295,30.35,29.19
705,30.35,29.19
167,30.35,29.19
662,30.35,29.19
621,30.35,29.19
494,30.35,29.19
429,30.35,29.19
849,30.35,29.19
409,30.39,29.19
430,30.39,29.19
713,30.39,29.19
398,30.39,29.19
290,30.39,29.19
262,30.39,29.19
596,30.39,29.19
161,30.39,29.19
496,30.39,29.19
255,30.39,29.19
772,30.39,29.19
119,30.39,29.19
647,30.39,29.19
440,30.39,29.19
513,30.39,29.19
416,30.39,29.19
526,30.39,29.19
639,30.39,29.19
379,30.39,29.19
357,30.39,29.19
829,30.39,29.19
620,30.39,29.19
270,30.39,29.19
838,30.39,29.29
279,30.39,29.29
612,30.39,29.29
120,30.39,29.29
882,30.39,29.29
127,30.39,29.29
759,30.39,29.29
359,30.39,29.29
819,30.39,29.29
330,30.39,29.29
503,30.39,29.29
881,30.39,29.29
452,30.39,29.29
618,30.39,29.29
522,30.39,29.29
621,30.39,29.29
498,30.39,29.29
550,30.39,29.29
446,30.39,29.29
581,30.39,29.29
120,30.39,29.29
694,30.39,29.29
655,30.39,29.29
379,30.39,29.29
671,30.39,29.29
469,30.39,29.29
580,30.39,29.29
380,30.39,29.29
510,30.39,29.29
390,30.39,29.29
767,30.39,29.29
275,30.39,29.29
676,30.39,29.29
320,30.39,29.29
468,30.39,29.29
616,30.39,29.29
630,30.33,29.29
379,30.33,29.29
399,30.33,29.29
514,30.33,29.29
503,30.33,29.29
474,30.33,29.29
520,30.33,29.29
633,30.33,29.29
230,30.33,29.29
776,30.33,29.29
242,30.33,29.29
621,30.33,29.29
182,30.33,29.29
354,30.33,29.29
412,30.33,29.29
401,30.33,29.29
442,30.33,29.29
509,30.33,29.29
573,30.33,29.29
261,30.33,29.29
419,30.33,29.29
458,30.33,29.29
495,30.33,29.29
440,30.33,29.29
723,30.33,29.23
237,30.33,29.23
624,30.33,29.23
489,30.33,29.23
880,30.33,29.23
346,30.33,29.23
586,30.33,29.23
550,30.33,29.23
482,30.33,29.23
612,30.33,29.23
326,30.33,29.23
440,30.33,29.23
467,30.33,29.23
603,30.33,29.23
612,30.33,29.23
492,30.33,29.23
337,30.33,29.23
660,30.33,29.23
738,30.33,29.23
311,30.33,29.23
312,30.33,29.23
782,30.33,29.23
369,30.33,29.23
595,30.33,29.23
451,30.33,29.23
429,30.33,29.23
295,30.33,29.23
414,30.33,29.23
703,30.33,29.23
249,30.33,29.23
284,30.33,29.23
268,30.33,29.23
580,30.33,29.23
307,30.33,29.23
533,30.33,29.23
606,30.33,29.23
525,30.39,29.23
520,30.39,29.23
574,30.39,29.23
411,30.39,29.23
473,30.39,29.23
407,30.39,29.23
524,30.39,29.23
239,30.39,29.23
485,30.39,29.23
511,30.39,29.23
356,30.39,29.23
403,30.39,29.23
141,30.39,29.23
486,30.39,29.23
326,30.39,29.23
526,30.39,29.23
637,30.39,29.23
608,30.39,29.23
726,30.39,29.23
403,30.39,29.23
572,30.39,29.23
219,30.39,29.23
614,30.39,29.23
551,30.39,29.23
632,30.39,29.19
334,30.39,29.19
633,30.39,29.19
328,30.39,29.19
443,30.39,29.19
684,30.39,29.19
619,30.39,29.19
588,30.39,29.19
533,30.39,29.19
669,30.39,29.19
369,30.39,29.19
842,30.39,29.19
491,30.39,29.19
721,30.39,29.19
209,30.39,29.19
568,30.39,29.19
409,30.39,29.19
580,30.39,29.19
479,30.39,29.19
470,30.39,29.19
882,30.39,29.19
703,30.39,29.19
472,30.39,29.19
655,30.39,29.19
475,30.39,29.19
412,30.39,29.19
650,30.39,29.19
311,30.39,29.19
741,30.39,29.19
139,30.39,29.19
749,30.39,29.19
202,30.39,29.19
632,30.39,29.19
121,30.39,29.19
435,30.39,29.19
219,30.39,29.19
440,30.39,29.19
607,30.39,29.19
435,30.39,29.19
393,30.39,29.19
623,30.39,29.19
455,30.39,29.19
503,30.39,29.19
498,30.39,29.19
307,30.39,29.19
754,30.39,29.19
167,30.39,29.19
802,30.39,29.19
345,30.39,29.19
434,30.39,29.19
352,30.39,29.19
737,30.39,29.19
433,30.39,29.19
588,30.39,29.19
724,30.39,29.19
327,30.39,29.19
627,30.39,29.19
457,30.39,29.19
702,30.39,29.19
140,30.39,29.15
777,30.39,29.15
536,30.39,29.15
881,30.39,29.15
182,30.39,29.15
647,30.39,29.15
125,30.39,29.15
879,30.39,29.15
312,30.39,29.15
451,30.39,29.15
550,30.39,29.15
195,30.39,29.15
477,30.39,29.15
557,30.39,29.15
531,30.39,29.15
511,30.39,29.15
504,30.39,29.15
428,30.39,29.15
493,30.39,29.15
369,30.39,29.15
737,30.39,29.15
411,30.39,29.15
879,30.39,29.15
188,30.39,29.15
833,30.39,29.15
136,30.39,29.15
680,30.39,29.15
326,30.39,29.15
133,30.39,29.15
708,30.39,29.15
125,30.39,29.15
760,30.39,29.15
127,30.39,29.15
847,30.39,29.15
189,30.39,29.15
469,30.39,29.15
402,30.35,29.15
880,30.35,29.15
404,30.35,29.15
586,30.35,29.15
122,30.35,29.15
790,30.35,29.15
528,30.35,29.15
656,30.35,29.15
684,30.35,29.15
120,30.35,29.15
725,30.35,29.15
292,30.35,29.15
740,30.35,29.15
250,30.35,29.15
699,30.35,29.15
569,30.35,29.15
742,30.35,29.15
398,30.35,29.15
443,30.35,29.15
513,30.35,29.15
748,30.35,29.15
296,30.35,29.15
750,30.35,29.15
557,30.35,29.15
475,30.35,29.25
600,30.35,29.25
493,30.35,29.25
595,30.35,29.25
126,30.35,29.25
881,30.35,29.25
172,30.35,29.25
881,30.35,29.25
433,30.35,29.25
880,30.35,29.25
592,30.35,29.25
859,30.35,29.25
510,30.35,29.25
489,30.35,29.25
600,30.35,29.25
463,30.35,29.25
770,30.35,29.25
387,30.35,29.25
449,30.35,29.25
541,30.35,29.25
660,30.35,29.25
324,30.35,29.25
878,30.35,29.25
343,30.35,29.25
623,30.35,29.25
259,30.35,29.25
716,30.35,29.25
374,30.35,29.25
555,30.35,29.25
667,30.35,29.25
320,30.35,29.25
704,30.35,29.25
297,30.35,29.25
504,30.35,29.25
439,30.35,29.25
399,30.35,29.25
427,30.35,29.25
647,30.35,29.25
120,30.35,29.25
798,30.35,29.25
534,30.35,29.25
708,30.35,29.25
142,30.35,29.25
519,30.35,29.25
273,30.35,29.25
456,30.35,29.25
415,30.35,29.25
273,30.35,29.25
659,30.35,29.25
170,30.35,29.25
561,30.35,29.25
369,30.35,29.25
527,30.35,29.25
120,30.35,29.25
648,30.35,29.25
534,30.35,29.25
493,30.35,29.25
334,30.35,29.25
861,30.35,29.25
220,30.35,29.29
880,30.35,29.29
592,30.35,29.29
399,30.35,29.29
677,30.35,29.29
678,30.35,29.29
782,30.35,29.29
136,30.35,29.29
671,30.35,29.29
351,30.35,29.29
877,30.35,29.29
459,30.35,29.29
491,30.35,29.29
804,30.35,29.29
438,30.35,29.29
374,30.35,29.29
451,30.35,29.29
435,30.35,29.29
749,30.35,29.29
694,30.35,29.29
513,30.35,29.29
509,30.35,29.29
119,30.35,29.29
883,30.35,29.29
286,30.35,29.29
593,30.35,29.29
595,30.35,29.29
610,30.35,29.29
169,30.35,29.29
425,30.35,29.29
482,30.35,29.29
446,30.35,29.29
562,30.35,29.29
454,30.35,29.29
447,30.35,29.29
479,30.35,29.29
342,30.35,29.29
758,30.35,29.29
483,30.35,29.29
240,30.35,29.29
646,30.35,29.29
403,30.35,29.29
302,30.35,29.29
425,30.35,29.29
380,30.35,29.29
671,30.35,29.29
118,30.35,29.29
544,30.35,29.29
534,30.35,29.29
865,30.35,29.29
326,30.35,29.29
839,30.35,29.29
477,30.35,29.29
421,30.35,29.29
878,30.35,29.29
480,30.35,29.29
594,30.35,29.29
424,30.35,29.29
454,30.35,29.29
551,30.35,29.29
396,30.35,29.15
652,30.35,29.15
572,30.35,29.15
592,30.35,29.15
339,30.35,29.15
637,30.35,29.15
585,30.35,29.15
365,30.35,29.15
815,30.35,29.15
673,30.35,29.15
397,30.35,29.15
569,30.35,29.15
573,30.35,29.15
583,30.35,29.15
356,30.35,29.15
561,30.35,29.15
324,30.35,29.15
616,30.35,29.15
262,30.35,29.15
464,30.35,29.15
660,30.35,29.15
314,30.35,29.15
433,30.35,29.15
