797,30.65,29.51
215,30.65,29.51
228,30.65,29.51
425,30.65,29.51
791,30.65,29.51
544,30.65,29.51
806,30.65,29.51
761,30.65,29.51
249,30.65,29.51
856,30.65,29.51
683,30.65,29.51
592,30.65,29.51
280,30.69,29.51
672,30.69,29.51
446,30.69,29.51
484,30.69,29.51
200,30.69,29.51
735,30.69,29.51
130,30.69,29.51
311,30.69,29.51
322,30.69,29.51
376,30.69,29.51
365,30.69,29.51
613,30.69,29.51
718,30.69,29.51
379,30.69,29.51
665,30.69,29.51
121,30.69,29.51
543,30.69,29.51
287,30.69,29.51
393,30.69,29.51
344,30.69,29.51
531,30.69,29.51
208,30.69,29.51
411,30.69,29.51
615,30.69,29.55
491,30.69,29.55
432,30.69,29.55
572,30.69,29.55
719,30.69,29.55
311,30.69,29.55
471,30.69,29.55
348,30.69,29.55
700,30.69,29.55
416,30.69,29.55
649,30.69,29.55
481,30.69,29.55
455,30.69,29.55
436,30.69,29.55
410,30.69,29.55
613,30.69,29.55
448,30.69,29.55
629,30.69,29.55
456,30.69,29.55
517,30.69,29.55
544,30.69,29.55
645,30.69,29.55
368,30.69,29.55
760,30.69,29.55
304,30.69,29.55
751,30.69,29.55
394,30.69,29.55
655,30.69,29.55
397,30.69,29.55
875,30.69,29.55
332,30.69,29.55
350,30.69,29.55
481,30.69,29.55
250,30.69,29.55
287,30.69,29.55
321,30.69,29.55
532,30.67,29.55
514,30.67,29.55
826,30.67,29.55
399,30.67,29.55
630,30.67,29.55
419,30.67,29.55
724,30.67,29.55
237,30.67,29.55
552,30.67,29.55
249,30.67,29.55
390,30.67,29.55
513,30.67,29.55
485,30.67,29.55
379,30.67,29.55
578,30.67,29.55
685,30.67,29.55
300,30.67,29.55
316,30.67,29.55
287,30.67,29.55
631,30.67,29.55
651,30.67,29.55
507,30.67,29.55
358,30.67,29.55
618,30.67,29.55
380,30.67,29.51
774,30.67,29.51
601,30.67,29.51
599,30.67,29.51
321,30.67,29.51
524,30.67,29.51
450,30.67,29.51
409,30.67,29.51
472,30.67,29.51
541,30.67,29.51
708,30.67,29.51
288,30.67,29.51
853,30.67,29.51
505,30.67,29.51
860,30.67,29.51
272,30.67,29.51
621,30.67,29.51
427,30.67,29.51
684,30.67,29.51
434,30.67,29.51
555,30.67,29.51
418,30.67,29.51
656,30.67,29.51
510,30.67,29.51
303,30.67,29.51
672,30.67,29.51
282,30.67,29.51
891,30.67,29.51
383,30.67,29.51
667,30.67,29.51
360,30.67,29.51
779,30.67,29.51
487,30.67,29.51
566,30.67,29.51
174,30.67,29.51
341,30.67,29.51
455,30.65,29.51
625,30.65,29.51
461,30.65,29.51
502,30.65,29.51
608,30.65,29.51
535,30.65,29.51
590,30.65,29.51
633,30.65,29.51
787,30.65,29.51
447,30.65,29.51
882,30.65,29.51
354,30.65,29.51
565,30.65,29.51
391,30.65,29.51
687,30.65,29.51
557,30.65,29.51
298,30.65,29.51
421,30.65,29.51
304,30.65,29.51
449,30.65,29.51
348,30.65,29.51
593,30.65,29.51
433,30.65,29.51
393,30.65,29.57
167,30.65,29.57
381,30.65,29.57
152,30.65,29.57
728,30.65,29.57
543,30.65,29.57
508,30.65,29.57
395,30.65,29.57
403,30.65,29.57
391,30.65,29.57
302,30.65,29.57
685,30.65,29.57
449,30.65,29.57
445,30.65,29.57
432,30.65,29.57
587,30.65,29.57
536,30.65,29.57
668,30.65,29.57
369,30.65,29.57
717,30.65,29.57
495,30.65,29.57
450,30.65,29.57
721,30.65,29.57
427,30.65,29.57
583,30.65,29.57
688,30.65,29.57
881,30.65,29.57
606,30.65,29.57
658,30.65,29.57
377,30.65,29.57
660,30.65,29.57
257,30.65,29.57
405,30.65,29.57
730,30.65,29.57
541,30.65,29.57
475,30.65,29.57
586,30.67,29.57
480,30.67,29.57
446,30.67,29.57
616,30.67,29.57
683,30.67,29.57
592,30.67,29.57
344,30.67,29.57
631,30.67,29.57
346,30.67,29.57
590,30.67,29.57
281,30.67,29.57
708,30.67,29.57
490,30.67,29.57
342,30.67,29.57
513,30.67,29.57
346,30.67,29.57
570,30.67,29.57
241,30.67,29.57
720,30.67,29.57
435,30.67,29.57
587,30.67,29.57
630,30.67,29.57
636,30.67,29.57
405,30.67,29.57
319,30.67,29.45
306,30.67,29.45
694,30.67,29.45
259,30.67,29.45
739,30.67,29.45
433,30.67,29.45
197,30.67,29.45
615,30.67,29.45
435,30.67,29.45
677,30.67,29.45
420,30.67,29.45
599,30.67,29.45
602,30.67,29.45
720,30.67,29.45
389,30.67,29.45
757,30.67,29.45
473,30.67,29.45
663,30.67,29.45
473,30.67,29.45
618,30.67,29.45
535,30.67,29.45
529,30.67,29.45
565,30.67,29.45
617,30.67,29.45
481,30.67,29.45
385,30.67,29.45
861,30.67,29.45
123,30.67,29.45
745,30.67,29.45
585,30.67,29.45
467,30.67,29.45
412,30.67,29.45
764,30.67,29.45
396,30.67,29.45
518,30.67,29.45
620,30.67,29.45
311,30.67,29.45
729,30.67,29.45
120,30.67,29.45
462,30.67,29.45
340,30.67,29.45
441,30.67,29.45
399,30.67,29.45
841,30.67,29.45
279,30.67,29.45
289,30.67,29.45
409,30.67,29.45
679,30.67,29.45
339,30.67,29.45
475,30.67,29.45
518,30.67,29.45
196,30.67,29.45
676,30.67,29.45
269,30.67,29.45
658,30.67,29.45
194,30.67,29.45
538,30.67,29.45
474,30.67,29.45
358,30.67,29.45
121,30.67,29.57
666,30.67,29.57
509,30.67,29.57
363,30.67,29.57
511,30.67,29.57
809,30.67,29.57
611,30.67,29.57
517,30.67,29.57
718,30.67,29.57
390,30.67,29.57
741,30.67,29.57
278,30.67,29.57
601,30.67,29.57
409,30.67,29.57
628,30.67,29.57
477,30.67,29.57
665,30.67,29.57
270,30.67,29.57
662,30.67,29.57
385,30.67,29.57
788,30.67,29.57
414,30.67,29.57
768,30.67,29.57
673,30.67,29.57
587,30.67,29.57
798,30.67,29.57
400,30.67,29.57
638,30.67,29.57
232,30.67,29.57
821,30.67,29.57
269,30.67,29.57
573,30.67,29.57
380,30.67,29.57
676,30.67,29.57
753,30.67,29.57
510,30.67,29.57
211,30.63,29.57
608,30.63,29.57
444,30.63,29.57
592,30.63,29.57
445,30.63,29.57
182,30.63,29.57
607,30.63,29.57
147,30.63,29.57
378,30.63,29.57
262,30.63,29.57
669,30.63,29.57
273,30.63,29.57
639,30.63,29.57
259,30.63,29.57
471,30.63,29.57
654,30.63,29.57
758,30.63,29.57
596,30.63,29.57
526,30.63,29.57
363,30.63,29.57
225,30.63,29.57
616,30.63,29.57
556,30.63,29.57
400,30.63,29.57
337,30.63,29.49
628,30.63,29.49
241,30.63,29.49
683,30.63,29.49
472,30.63,29.49
705,30.63,29.49
363,30.63,29.49
344,30.63,29.49
459,30.63,29.49
278,30.63,29.49
877,30.63,29.49
548,30.63,29.49
624,30.63,29.49
382,30.63,29.49
662,30.63,29.49
447,30.63,29.49
767,30.63,29.49
552,30.63,29.49
737,30.63,29.49
550,30.63,29.49
445,30.63,29.49
664,30.63,29.49
503,30.63,29.49
405,30.63,29.49
306,30.63,29.49
588,30.63,29.49
404,30.63,29.49
685,30.63,29.49
617,30.63,29.49
884,30.63,29.49
335,30.63,29.49
577,30.63,29.49
439,30.63,29.49
477,30.63,29.49
596,30.63,29.49
518,30.63,29.49
282,30.65,29.49
514,30.65,29.49
358,30.65,29.49
380,30.65,29.49
773,30.65,29.49
263,30.65,29.49
588,30.65,29.49
679,30.65,29.49
436,30.65,29.49
188,30.65,29.49
754,30.65,29.49
225,30.65,29.49
521,30.65,29.49
120,30.65,29.49
443,30.65,29.49
795,30.65,29.49
449,30.65,29.49
486,30.65,29.49
203,30.65,29.49
317,30.65,29.49
296,30.65,29.49
503,30.65,29.49
347,30.65,29.49
551,30.65,29.51
160,30.65,29.51
802,30.65,29.51
524,30.65,29.51
804,30.65,29.51
236,30.65,29.51
806,30.65,29.51
453,30.65,29.51
716,30.65,29.51
466,30.65,29.51
536,30.65,29.51
737,30.65,29.51
426,30.65,29.51
612,30.65,29.51
317,30.65,29.51
705,30.65,29.51
387,30.65,29.51
767,30.65,29.51
164,30.65,29.51
600,30.65,29.51
222,30.65,29.51
796,30.65,29.51
510,30.65,29.51
806,30.65,29.51
513,30.65,29.51
346,30.65,29.51
