548,31.77,30.57
419,31.77,30.57
445,31.77,30.57
123,31.77,30.57
759,31.77,30.57
271,31.77,30.57
746,31.77,30.57
655,31.77,30.57
845,31.77,30.57
195,31.77,30.57
778,31.77,30.57
688,31.77,30.57
578,31.77,30.57
260,31.77,30.57
721,31.77,30.57
722,31.77,30.57
666,31.77,30.57
419,31.77,30.57
603,31.77,30.57
558,31.77,30.57
368,31.77,30.57
448,31.77,30.57
657,31.77,30.57
825,31.77,30.57
343,31.77,30.57
768,31.77,30.57
469,31.75,30.57
280,31.75,30.57
686,31.75,30.57
575,31.75,30.57
404,31.75,30.57
253,31.75,30.57
831,31.75,30.57
258,31.75,30.57
392,31.75,30.57
356,31.75,30.57
653,31.75,30.57
360,31.75,30.57
300,31.75,30.57
468,31.75,30.57
850,31.75,30.57
144,31.75,30.57
857,31.75,30.57
509,31.75,30.57
419,31.75,30.57
668,31.75,30.57
413,31.75,30.57
718,31.75,30.57
119,31.75,30.57
567,31.75,30.57
441,31.75,30.71
377,31.75,30.71
341,31.75,30.71
552,31.75,30.71
406,31.75,30.71
245,31.75,30.71
561,31.75,30.71
750,31.75,30.71
353,31.75,30.71
598,31.75,30.71
794,31.75,30.71
825,31.75,30.71
575,31.75,30.71
554,31.75,30.71
619,31.75,30.71
496,31.75,30.71
879,31.75,30.71
345,31.75,30.71
590,31.75,30.71
485,31.75,30.71
646,31.75,30.71
586,31.75,30.71
369,31.75,30.71
170,31.75,30.71
593,31.75,30.71
364,31.75,30.71
247,31.75,30.71
488,31.75,30.71
597,31.75,30.71
574,31.75,30.71
541,31.75,30.71
729,31.75,30.71
315,31.75,30.71
764,31.75,30.71
259,31.75,30.71
855,31.75,30.71
365,31.77,30.71
305,31.77,30.71
719,31.77,30.71
420,31.77,30.71
479,31.77,30.71
477,31.77,30.71
716,31.77,30.71
120,31.77,30.71
744,31.77,30.71
212,31.77,30.71
493,31.77,30.71
622,31.77,30.71
358,31.77,30.71
388,31.77,30.71
400,31.77,30.71
301,31.77,30.71
378,31.77,30.71
486,31.77,30.71
266,31.77,30.71
581,31.77,30.71
281,31.77,30.71
527,31.77,30.71
256,31.77,30.71
867,31.77,30.53
661,31.77,30.53
629,31.77,30.53
705,31.77,30.53
496,31.77,30.53
531,31.77,30.53
679,31.77,30.53
640,31.77,30.53
471,31.77,30.53
719,31.77,30.53
557,31.77,30.53
405,31.77,30.53
603,31.77,30.53
475,31.77,30.53
280,31.77,30.53
744,31.77,30.53
222,31.77,30.53
664,31.77,30.53
611,31.77,30.53
640,31.77,30.53
258,31.77,30.53
813,31.77,30.53
474,31.77,30.53
256,31.77,30.53
700,31.77,30.53
252,31.77,30.53
326,31.77,30.53
604,31.77,30.53
686,31.77,30.53
416,31.77,30.53
507,31.77,30.53
553,31.77,30.53
526,31.77,30.53
438,31.77,30.53
536,31.77,30.53
281,31.77,30.53
686,31.77,30.53
338,31.77,30.53
513,31.77,30.53
496,31.77,30.53
284,31.77,30.53
793,31.77,30.53
386,31.77,30.53
447,31.77,30.53
119,31.77,30.53
640,31.77,30.53
292,31.77,30.53
663,31.77,30.53
453,31.77,30.53
675,31.77,30.53
521,31.77,30.53
322,31.77,30.53
542,31.77,30.53
398,31.77,30.53
567,31.77,30.53
490,31.77,30.53
511,31.77,30.53
264,31.77,30.53
704,31.77,30.53
199,31.77,30.53
811,31.77,30.65
297,31.77,30.65
648,31.77,30.65
343,31.77,30.65
593,31.77,30.65
307,31.77,30.65
762,31.77,30.65
518,31.77,30.65
596,31.77,30.65
411,31.77,30.65
707,31.77,30.65
566,31.77,30.65
724,31.77,30.65
875,31.77,30.65
392,31.77,30.65
884,31.77,30.65
397,31.77,30.65
885,31.77,30.65
377,31.77,30.65
502,31.77,30.65
506,31.77,30.65
675,31.77,30.65
385,31.77,30.65
306,31.77,30.65
528,31.77,30.65
528,31.77,30.65
601,31.77,30.65
557,31.77,30.65
725,31.77,30.65
619,31.77,30.65
880,31.77,30.65
124,31.77,30.65
709,31.77,30.65
262,31.77,30.65
776,31.77,30.65
117,31.77,30.65
648,31.73,30.65
570,31.73,30.65
279,31.73,30.65
716,31.73,30.65
167,31.73,30.65
562,31.73,30.65
443,31.73,30.65
807,31.73,30.65
183,31.73,30.65
565,31.73,30.65
327,31.73,30.65
696,31.73,30.65
150,31.73,30.65
701,31.73,30.65
270,31.73,30.65
637,31.73,30.65
280,31.73,30.65
560,31.73,30.65
548,31.73,30.65
277,31.73,30.65
545,31.73,30.65
517,31.73,30.65
765,31.73,30.65
122,31.73,30.65
529,31.73,30.47
516,31.73,30.47
488,31.73,30.47
554,31.73,30.47
550,31.73,30.47
340,31.73,30.47
883,31.73,30.47
380,31.73,30.47
461,31.73,30.47
646,31.73,30.47
529,31.73,30.47
504,31.73,30.47
814,31.73,30.47
693,31.73,30.47
206,31.73,30.47
845,31.73,30.47
227,31.73,30.47
817,31.73,30.47
568,31.73,30.47
881,31.73,30.47
546,31.73,30.47
579,31.73,30.47
463,31.73,30.47
444,31.73,30.47
532,31.73,30.47
667,31.73,30.47
687,31.73,30.47
386,31.73,30.47
345,31.73,30.47
439,31.73,30.47
457,31.73,30.47
408,31.73,30.47
647,31.73,30.47
267,31.73,30.47
687,31.73,30.47
342,31.73,30.47
623,31.77,30.47
644,31.77,30.47
373,31.77,30.47
634,31.77,30.47
267,31.77,30.47
592,31.77,30.47
195,31.77,30.47
418,31.77,30.47
256,31.77,30.47
438,31.77,30.47
253,31.77,30.47
516,31.77,30.47
145,31.77,30.47
536,31.77,30.47
560,31.77,30.47
569,31.77,30.47
373,31.77,30.47
500,31.77,30.47
510,31.77,30.47
516,31.77,30.47
493,31.77,30.47
545,31.77,30.47
707,31.77,30.47
198,31.77,30.37
676,31.77,30.37
328,31.77,30.37
508,31.77,30.37
443,31.77,30.37
645,31.77,30.37
580,31.77,30.37
518,31.77,30.37
519,31.77,30.37
764,31.77,30.37
266,31.77,30.37
754,31.77,30.37
766,31.77,30.37
489,31.77,30.37
537,31.77,30.37
738,31.77,30.37
702,31.77,30.37
225,31.77,30.37
659,31.77,30.37
322,31.77,30.37
859,31.77,30.37
272,31.77,30.37
584,31.77,30.37
669,31.77,30.37
354,31.77,30.37
714,31.77,30.37
559,31.77,30.37
487,31.77,30.37
722,31.77,30.37
394,31.77,30.37
564,31.77,30.37
572,31.77,30.37
119,31.77,30.37
727,31.77,30.37
324,31.77,30.37
522,31.77,30.37
122,31.75,30.37
594,31.75,30.37
232,31.75,30.37
321,31.75,30.37
663,31.75,30.37
243,31.75,30.37
466,31.75,30.37
601,31.75,30.37
818,31.75,30.37
539,31.75,30.37
119,31.75,30.37
758,31.75,30.37
642,31.75,30.37
230,31.75,30.37
667,31.75,30.37
119,31.75,30.37
683,31.75,30.37
416,31.75,30.37
644,31.75,30.37
747,31.75,30.37
119,31.75,30.37
479,31.75,30.37
538,31.75,30.37
713,31.75,30.37
119,31.75,30.63
779,31.75,30.63
576,31.75,30.63
280,31.75,30.63
688,31.75,30.63
317,31.75,30.63
316,31.75,30.63
792,31.75,30.63
462,31.75,30.63
806,31.75,30.63
138,31.75,30.63
761,31.75,30.63
742,31.75,30.63
869,31.75,30.63
654,31.75,30.63
470,31.75,30.63
850,31.75,30.63
317,31.75,30.63
895,31.75,30.63
720,31.75,30.63
761,31.75,30.63
224,31.75,30.63
718,31.75,30.63
725,31.75,30.63
538,31.75,30.63
558,31.75,30.63
473,31.75,30.63
349,31.75,30.63
272,31.75,30.63
265,31.75,30.63
321,31.75,30.63
268,31.75,30.63
364,31.75,30.63
723,31.75,30.63
142,31.75,30.63
778,31.75,30.63
332,31.75,30.63
579,31.75,30.63
287,31.75,30.63
358,31.75,30.63
486,31.75,30.63
384,31.75,30.63
338,31.75,30.63
484,31.75,30.63
587,31.75,30.63
118,31.75,30.63
590,31.75,30.63
523,31.75,30.63
443,31.75,30.63
269,31.75,30.63
726,31.75,30.63
374,31.75,30.63
732,31.75,30.63
117,31.75,30.63
680,31.75,30.63
124,31.75,30.63
491,31.75,30.63
231,31.75,30.63
320,31.75,30.63
502,31.75,30.51
382,31.75,30.51
570,31.75,30.51
537,31.75,30.51
602,31.75,30.51
536,31.75,30.51
600,31.75,30.51
191,31.75,30.51
704,31.75,30.51
505,31.75,30.51
852,31.75,30.51
