697,29.59,28.45
349,29.59,28.45
739,29.59,28.45
123,29.59,28.45
499,29.59,28.45
275,29.59,28.45
773,29.59,28.45
468,29.59,28.45
480,29.59,28.45
120,29.59,28.45
860,29.59,28.45
223,29.59,28.45
802,29.59,28.45
184,29.59,28.45
398,29.59,28.45
793,29.59,28.45
236,29.59,28.45
882,29.59,28.45
121,29.59,28.45
725,29.59,28.45
255,29.59,28.45
589,29.59,28.45
189,29.59,28.45
454,29.59,28.45
521,29.59,28.45
410,29.59,28.45
436,29.59,28.45
533,29.59,28.45
399,29.59,28.45
851,29.59,28.45
329,29.59,28.45
592,29.59,28.45
781,29.59,28.45
276,29.59,28.45
628,29.59,28.45
286,29.59,28.45
697,29.59,28.45
218,29.59,28.45
751,29.59,28.45
263,29.59,28.45
440,29.59,28.45
601,29.59,28.45
538,29.59,28.45
496,29.59,28.45
607,29.59,28.45
643,29.59,28.45
668,29.59,28.45
552,29.59,28.45
587,29.59,28.45
640,29.59,28.45
478,29.59,28.45
740,29.59,28.45
495,29.59,28.45
757,29.59,28.45
293,29.59,28.45
799,29.59,28.45
290,29.61,28.45
283,29.61,28.45
582,29.61,28.45
428,29.61,28.45
747,29.61,28.45
365,29.61,28.45
604,29.61,28.45
467,29.61,28.45
494,29.61,28.45
642,29.61,28.45
505,29.61,28.45
213,29.61,28.45
408,29.61,28.45
371,29.61,28.45
583,29.61,28.45
188,29.61,28.45
595,29.61,28.45
301,29.61,28.45
331,29.61,28.45
295,29.61,28.45
329,29.61,28.45
412,29.61,28.45
257,29.61,28.45
674,29.61,28.57
434,29.61,28.57
517,29.61,28.57
416,29.61,28.57
385,29.61,28.57
372,29.61,28.57
547,29.61,28.57
444,29.61,28.57
449,29.61,28.57
451,29.61,28.57
493,29.61,28.57
701,29.61,28.57
631,29.61,28.57
504,29.61,28.57
698,29.61,28.57
731,29.61,28.57
260,29.61,28.57
622,29.61,28.57
693,29.61,28.57
731,29.61,28.57
448,29.61,28.57
831,29.61,28.57
351,29.61,28.57
801,29.61,28.57
538,29.61,28.57
387,29.61,28.57
488,29.61,28.57
416,29.61,28.57
620,29.61,28.57
424,29.61,28.57
574,29.61,28.57
278,29.61,28.57
660,29.61,28.57
535,29.61,28.57
554,29.61,28.57
583,29.61,28.57
636,29.59,28.57
536,29.59,28.57
676,29.59,28.57
520,29.59,28.57
314,29.59,28.57
674,29.59,28.57
370,29.59,28.57
579,29.59,28.57
123,29.59,28.57
535,29.59,28.57
516,29.59,28.57
399,29.59,28.57
149,29.59,28.57
736,29.59,28.57
579,29.59,28.57
386,29.59,28.57
428,29.59,28.57
439,29.59,28.57
320,29.59,28.57
535,29.59,28.57
557,29.59,28.57
431,29.59,28.57
483,29.59,28.57
397,29.59,28.57
810,29.59,28.27
290,29.59,28.27
404,29.59,28.27
577,29.59,28.27
379,29.59,28.27
472,29.59,28.27
507,29.59,28.27
621,29.59,28.27
474,29.59,28.27
434,29.59,28.27
646,29.59,28.27
492,29.59,28.27
638,29.59,28.27
512,29.59,28.27
791,29.59,28.27
605,29.59,28.27
359,29.59,28.27
555,29.59,28.27
620,29.59,28.27
566,29.59,28.27
303,29.59,28.27
881,29.59,28.27
341,29.59,28.27
610,29.59,28.27
424,29.59,28.27
680,29.59,28.27
548,29.59,28.27
398,29.59,28.27
744,29.59,28.27
718,29.59,28.27
515,29.59,28.27
779,29.59,28.27
799,29.59,28.27
328,29.59,28.27
717,29.59,28.27
237,29.59,28.27
629,29.61,28.27
291,29.61,28.27
682,29.61,28.27
720,29.61,28.27
121,29.61,28.27
600,29.61,28.27
539,29.61,28.27
553,29.61,28.27
475,29.61,28.27
757,29.61,28.27
500,29.61,28.27
754,29.61,28.27
147,29.61,28.27
740,29.61,28.27
354,29.61,28.27
613,29.61,28.27
391,29.61,28.27
515,29.61,28.27
120,29.61,28.27
459,29.61,28.27
733,29.61,28.27
458,29.61,28.27
493,29.61,28.27
469,29.61,28.27
882,29.61,28.45
334,29.61,28.45
602,29.61,28.45
539,29.61,28.45
659,29.61,28.45
318,29.61,28.45
795,29.61,28.45
356,29.61,28.45
825,29.61,28.45
244,29.61,28.45
781,29.61,28.45
195,29.61,28.45
395,29.61,28.45
420,29.61,28.45
621,29.61,28.45
638,29.61,28.45
487,29.61,28.45
882,29.61,28.45
266,29.61,28.45
837,29.61,28.45
515,29.61,28.45
602,29.61,28.45
205,29.61,28.45
705,29.61,28.45
489,29.61,28.45
592,29.61,28.45
404,29.61,28.45
613,29.61,28.45
424,29.61,28.45
497,29.61,28.45
630,29.61,28.45
180,29.61,28.45
727,29.61,28.45
303,29.61,28.45
880,29.61,28.45
131,29.61,28.45
841,29.61,28.45
335,29.61,28.45
769,29.61,28.45
276,29.61,28.45
369,29.61,28.45
442,29.61,28.45
393,29.61,28.45
338,29.61,28.45
556,29.61,28.45
449,29.61,28.45
592,29.61,28.45
368,29.61,28.45
516,29.61,28.45
642,29.61,28.45
119,29.61,28.45
811,29.61,28.45
224,29.61,28.45
578,29.61,28.45
418,29.61,28.45
551,29.61,28.45
615,29.61,28.45
515,29.61,28.45
365,29.61,28.45
459,29.61,28.33
545,29.61,28.33
118,29.61,28.33
544,29.61,28.33
321,29.61,28.33
347,29.61,28.33
516,29.61,28.33
694,29.61,28.33
325,29.61,28.33
718,29.61,28.33
213,29.61,28.33
777,29.61,28.33
119,29.61,28.33
629,29.61,28.33
604,29.61,28.33
486,29.61,28.33
746,29.61,28.33
509,29.61,28.33
615,29.61,28.33
400,29.61,28.33
776,29.61,28.33
277,29.61,28.33
528,29.61,28.33
250,29.61,28.33
647,29.61,28.33
359,29.61,28.33
611,29.61,28.33
464,29.61,28.33
882,29.61,28.33
332,29.61,28.33
486,29.61,28.33
600,29.61,28.33
506,29.61,28.33
544,29.61,28.33
524,29.61,28.33
680,29.61,28.33
406,29.63,28.33
666,29.63,28.33
450,29.63,28.33
242,29.63,28.33
550,29.63,28.33
254,29.63,28.33
296,29.63,28.33
808,29.63,28.33
533,29.63,28.33
507,29.63,28.33
571,29.63,28.33
712,29.63,28.33
312,29.63,28.33
547,29.63,28.33
566,29.63,28.33
305,29.63,28.33
642,29.63,28.33
160,29.63,28.33
598,29.63,28.33
271,29.63,28.33
593,29.63,28.33
504,29.63,28.33
589,29.63,28.33
588,29.63,28.33
596,29.63,28.47
350,29.63,28.47
543,29.63,28.47
323,29.63,28.47
634,29.63,28.47
585,29.63,28.47
405,29.63,28.47
451,29.63,28.47
452,29.63,28.47
755,29.63,28.47
379,29.63,28.47
656,29.63,28.47
439,29.63,28.47
787,29.63,28.47
371,29.63,28.47
656,29.63,28.47
688,29.63,28.47
521,29.63,28.47
697,29.63,28.47
309,29.63,28.47
796,29.63,28.47
359,29.63,28.47
624,29.63,28.47
653,29.63,28.47
532,29.63,28.47
473,29.63,28.47
845,29.63,28.47
526,29.63,28.47
431,29.63,28.47
305,29.63,28.47
280,29.63,28.47
504,29.63,28.47
519,29.63,28.47
692,29.63,28.47
609,29.63,28.47
814,29.63,28.47
421,29.63,28.47
848,29.63,28.47
539,29.63,28.47
599,29.63,28.47
478,29.63,28.47
554,29.63,28.47
320,29.63,28.47
471,29.63,28.47
506,29.63,28.47
397,29.63,28.47
375,29.63,28.47
529,29.63,28.47
626,29.63,28.47
396,29.63,28.47
509,29.63,28.47
462,29.63,28.47
668,29.63,28.47
375,29.63,28.47
658,29.63,28.47
294,29.63,28.47
674,29.63,28.47
370,29.63,28.47
469,29.63,28.47
601,29.63,28.45
327,29.63,28.45
695,29.63,28.45
503,29.63,28.45
216,29.63,28.45
521,29.63,28.45
789,29.63,28.45
543,29.63,28.45
844,29.63,28.45
310,29.63,28.45
594,29.63,28.45
288,29.63,28.45
600,29.63,28.45
358,29.63,28.45
840,29.63,28.45
386,29.63,28.45
625,29.63,28.45
716,29.63,28.45
236,29.63,28.45
594,29.63,28.45
471,29.63,28.45
740,29.63,28.45
259,29.63,28.45
486,29.63,28.45
598,29.63,28.45
707,29.63,28.45
668,29.63,28.45
668,29.63,28.45
241,29.63,28.45
736,29.63,28.45
525,29.63,28.45
884,29.63,28.45
574,29.63,28.45
182,29.63,28.45
829,29.63,28.45
215,29.63,28.45
667,29.61,28.45
414,29.61,28.45
821,29.61,28.45
459,29.61,28.45
604,29.61,28.45
517,29.61,28.45
265,29.61,28.45
