581,30.09,28.83
394,30.09,28.83
535,30.09,28.83
120,30.09,28.83
425,30.09,28.83
640,30.09,28.83
406,30.09,28.83
569,30.09,28.83
120,30.09,28.83
431,30.09,28.83
591,30.09,28.83
339,30.09,28.83
556,30.09,28.83
396,30.09,28.83
679,30.09,28.83
522,30.09,28.83
441,30.09,28.83
711,30.09,28.83
310,30.09,28.83
777,30.09,28.83
540,30.09,28.83
490,30.09,28.83
374,30.09,28.83
576,30.09,28.83
706,30.09,28.83
518,30.09,28.83
406,30.09,28.83
578,30.09,28.83
689,30.09,28.83
642,30.09,28.83
492,30.09,28.83
596,30.09,28.83
313,30.09,28.83
832,30.09,28.83
355,30.09,28.83
464,30.09,28.83
557,30.09,28.83
621,30.09,28.83
579,30.09,28.83
510,30.09,28.83
385,30.09,28.83
783,30.09,28.83
614,30.09,28.83
438,30.09,28.83
513,30.09,28.83
594,30.09,28.83
572,30.09,28.83
220,30.09,28.83
882,30.09,28.83
504,30.09,28.83
585,30.09,28.83
309,30.09,28.83
614,30.09,28.83
440,30.09,28.83
374,30.09,28.83
572,30.09,28.83
440,30.09,28.83
743,30.09,28.83
243,30.09,28.83
635,30.05,28.83
456,30.05,28.83
488,30.05,28.83
330,30.05,28.83
575,30.05,28.83
402,30.05,28.83
572,30.05,28.83
516,30.05,28.83
884,30.05,28.83
394,30.05,28.83
454,30.05,28.83
659,30.05,28.83
263,30.05,28.83
673,30.05,28.83
329,30.05,28.83
373,30.05,28.83
185,30.05,28.83
858,30.05,28.83
170,30.05,28.83
638,30.05,28.83
402,30.05,28.83
193,30.05,28.83
636,30.05,28.83
394,30.05,28.95
289,30.05,28.95
446,30.05,28.95
562,30.05,28.95
330,30.05,28.95
365,30.05,28.95
475,30.05,28.95
564,30.05,28.95
322,30.05,28.95
743,30.05,28.95
121,30.05,28.95
523,30.05,28.95
199,30.05,28.95
493,30.05,28.95
632,30.05,28.95
471,30.05,28.95
520,30.05,28.95
282,30.05,28.95
542,30.05,28.95
433,30.05,28.95
553,30.05,28.95
692,30.05,28.95
267,30.05,28.95
410,30.05,28.95
431,30.05,28.95
446,30.05,28.95
588,30.05,28.95
492,30.05,28.95
302,30.05,28.95
486,30.05,28.95
666,30.05,28.95
439,30.05,28.95
481,30.05,28.95
757,30.05,28.95
238,30.05,28.95
548,30.05,28.95
583,30.05,28.95
671,30.05,28.95
534,30.05,28.95
738,30.05,28.95
151,30.05,28.95
654,30.05,28.95
574,30.05,28.95
230,30.05,28.95
347,30.05,28.95
509,30.05,28.95
582,30.05,28.95
501,30.05,28.95
707,30.05,28.95
567,30.05,28.95
640,30.05,28.95
457,30.05,28.95
643,30.05,28.95
522,30.05,28.95
775,30.05,28.95
624,30.05,28.95
445,30.05,28.95
534,30.05,28.95
401,30.05,28.95
775,30.05,28.95
227,30.05,28.91
468,30.05,28.91
383,30.05,28.91
592,30.05,28.91
539,30.05,28.91
457,30.05,28.91
791,30.05,28.91
561,30.05,28.91
693,30.05,28.91
446,30.05,28.91
425,30.05,28.91
496,30.05,28.91
703,30.05,28.91
511,30.05,28.91
471,30.05,28.91
305,30.05,28.91
779,30.05,28.91
295,30.05,28.91
621,30.05,28.91
550,30.05,28.91
561,30.05,28.91
486,30.05,28.91
179,30.05,28.91
620,30.05,28.91
372,30.05,28.91
657,30.05,28.91
394,30.05,28.91
721,30.05,28.91
320,30.05,28.91
666,30.05,28.91
203,30.05,28.91
334,30.05,28.91
344,30.05,28.91
282,30.05,28.91
423,30.05,28.91
354,30.05,28.91
460,30.07,28.91
606,30.07,28.91
454,30.07,28.91
394,30.07,28.91
780,30.07,28.91
123,30.07,28.91
687,30.07,28.91
127,30.07,28.91
450,30.07,28.91
607,30.07,28.91
422,30.07,28.91
621,30.07,28.91
419,30.07,28.91
432,30.07,28.91
123,30.07,28.91
606,30.07,28.91
557,30.07,28.91
515,30.07,28.91
530,30.07,28.91
455,30.07,28.91
429,30.07,28.91
455,30.07,28.91
474,30.07,28.91
871,30.07,28.95
180,30.07,28.95
278,30.07,28.95
233,30.07,28.95
510,30.07,28.95
439,30.07,28.95
419,30.07,28.95
609,30.07,28.95
356,30.07,28.95
562,30.07,28.95
391,30.07,28.95
586,30.07,28.95
413,30.07,28.95
602,30.07,28.95
634,30.07,28.95
487,30.07,28.95
122,30.07,28.95
881,30.07,28.95
567,30.07,28.95
860,30.07,28.95
656,30.07,28.95
288,30.07,28.95
870,30.07,28.95
121,30.07,28.95
802,30.07,28.95
244,30.07,28.95
776,30.07,28.95
172,30.07,28.95
847,30.07,28.95
524,30.07,28.95
317,30.07,28.95
828,30.07,28.95
411,30.07,28.95
703,30.07,28.95
659,30.07,28.95
781,30.07,28.95
515,30.07,28.95
617,30.07,28.95
363,30.07,28.95
832,30.07,28.95
237,30.07,28.95
603,30.07,28.95
481,30.07,28.95
489,30.07,28.95
330,30.07,28.95
300,30.07,28.95
738,30.07,28.95
358,30.07,28.95
790,30.07,28.95
240,30.07,28.95
823,30.07,28.95
118,30.07,28.95
882,30.07,28.95
463,30.07,28.95
445,30.07,28.95
369,30.07,28.95
557,30.07,28.95
646,30.07,28.95
401,30.07,28.95
398,30.07,28.95
540,30.07,28.89
563,30.07,28.89
261,30.07,28.89
736,30.07,28.89
119,30.07,28.89
715,30.07,28.89
134,30.07,28.89
687,30.07,28.89
297,30.07,28.89
614,30.07,28.89
467,30.07,28.89
535,30.07,28.89
255,30.07,28.89
144,30.07,28.89
748,30.07,28.89
127,30.07,28.89
711,30.07,28.89
235,30.07,28.89
755,30.07,28.89
474,30.07,28.89
384,30.07,28.89
508,30.07,28.89
696,30.07,28.89
231,30.07,28.89
445,30.07,28.89
405,30.07,28.89
418,30.07,28.89
483,30.07,28.89
425,30.07,28.89
867,30.07,28.89
122,30.07,28.89
870,30.07,28.89
312,30.07,28.89
676,30.07,28.89
159,30.07,28.89
615,30.07,28.89
313,30.09,28.89
312,30.09,28.89
754,30.09,28.89
626,30.09,28.89
633,30.09,28.89
266,30.09,28.89
720,30.09,28.89
550,30.09,28.89
522,30.09,28.89
385,30.09,28.89
741,30.09,28.89
257,30.09,28.89
559,30.09,28.89
367,30.09,28.89
531,30.09,28.89
387,30.09,28.89
477,30.09,28.89
883,30.09,28.89
218,30.09,28.89
430,30.09,28.89
306,30.09,28.89
882,30.09,28.89
160,30.09,28.89
870,30.09,28.89
677,30.09,29.09
704,30.09,29.09
554,30.09,29.09
452,30.09,29.09
671,30.09,29.09
458,30.09,29.09
631,30.09,29.09
527,30.09,29.09
706,30.09,29.09
550,30.09,29.09
571,30.09,29.09
495,30.09,29.09
710,30.09,29.09
169,30.09,29.09
679,30.09,29.09
388,30.09,29.09
622,30.09,29.09
307,30.09,29.09
711,30.09,29.09
521,30.09,29.09
316,30.09,29.09
882,30.09,29.09
244,30.09,29.09
601,30.09,29.09
258,30.09,29.09
666,30.09,29.09
579,30.09,29.09
202,30.09,29.09
596,30.09,29.09
420,30.09,29.09
861,30.09,29.09
124,30.09,29.09
503,30.09,29.09
713,30.09,29.09
663,30.09,29.09
632,30.09,29.09
777,30.09,29.09
288,30.09,29.09
648,30.09,29.09
376,30.09,29.09
312,30.09,29.09
487,30.09,29.09
480,30.09,29.09
503,30.09,29.09
416,30.09,29.09
344,30.09,29.09
125,30.09,29.09
883,30.09,29.09
313,30.09,29.09
456,30.09,29.09
568,30.09,29.09
439,30.09,29.09
758,30.09,29.09
301,30.09,29.09
778,30.09,29.09
587,30.09,29.09
309,30.09,29.09
296,30.09,29.09
615,30.09,29.09
571,30.09,29.09
294,30.09,28.91
678,30.09,28.91
445,30.09,28.91
638,30.09,28.91
488,30.09,28.91
392,30.09,28.91
539,30.09,28.91
358,30.09,28.91
607,30.09,28.91
737,30.09,28.91
377,30.09,28.91
558,30.09,28.91
271,30.09,28.91
775,30.09,28.91
462,30.09,28.91
510,30.09,28.91
531,30.09,28.91
354,30.09,28.91
553,30.09,28.91
216,30.09,28.91
519,30.09,28.91
509,30.09,28.91
460,30.09,28.91
657,30.09,28.91
323,30.09,28.91
346,30.09,28.91
747,30.09,28.91
502,30.09,28.91
233,30.09,28.91
251,30.09,28.91
370,30.09,28.91
361,30.09,28.91
446,30.09,28.91
588,30.09,28.91
405,30.09,28.91
460,30.09,28.91
299,30.11,28.91
681,30.11,28.91
489,30.11,28.91
