295,31.59,30.53
617,31.59,30.53
119,31.59,30.53
451,31.59,30.53
288,31.59,30.53
780,31.59,30.53
233,31.59,30.53
525,31.59,30.53
316,31.59,30.53
354,31.59,30.53
241,31.59,30.53
321,31.59,30.53
383,31.59,30.53
496,31.59,30.53
371,31.59,30.53
682,31.59,30.53
343,31.59,30.53
389,31.59,30.53
882,31.59,30.53
119,31.59,30.53
810,31.59,30.53
478,31.59,30.53
447,31.59,30.53
422,31.59,30.53
757,31.59,30.53
492,31.59,30.53
461,31.59,30.53
573,31.59,30.53
248,31.59,30.53
596,31.59,30.53
125,31.59,30.53
640,31.59,30.53
559,31.59,30.53
499,31.59,30.53
489,31.59,30.53
799,31.59,30.53
396,31.59,30.53
711,31.59,30.53
683,31.59,30.53
753,31.59,30.53
648,31.59,30.53
639,31.59,30.53
209,31.59,30.53
547,31.59,30.53
803,31.59,30.53
457,31.59,30.53
733,31.59,30.53
485,31.59,30.53
694,31.59,30.53
486,31.59,30.53
703,31.59,30.53
326,31.59,30.53
728,31.59,30.53
884,31.59,30.53
438,31.59,30.53
613,31.59,30.53
472,31.59,30.53
602,31.59,30.53
700,31.59,30.53
781,31.59,30.47
303,31.59,30.47
720,31.59,30.47
297,31.59,30.47
883,31.59,30.47
241,31.59,30.47
519,31.59,30.47
202,31.59,30.47
541,31.59,30.47
526,31.59,30.47
409,31.59,30.47
476,31.59,30.47
203,31.59,30.47
470,31.59,30.47
197,31.59,30.47
882,31.59,30.47
414,31.59,30.47
648,31.59,30.47
277,31.59,30.47
722,31.59,30.47
121,31.59,30.47
675,31.59,30.47
385,31.59,30.47
727,31.59,30.47
428,31.59,30.47
620,31.59,30.47
334,31.59,30.47
207,31.59,30.47
780,31.59,30.47
514,31.59,30.47
594,31.59,30.47
185,31.59,30.47
707,31.59,30.47
120,31.59,30.47
788,31.59,30.47
410,31.59,30.47
332,31.59,30.47
371,31.59,30.47
487,31.59,30.47
232,31.59,30.47
648,31.59,30.47
332,31.59,30.47
763,31.59,30.47
686,31.59,30.47
290,31.59,30.47
701,31.59,30.47
569,31.59,30.47
618,31.59,30.47
126,31.59,30.47
581,31.59,30.47
162,31.59,30.47
768,31.59,30.47
467,31.59,30.47
410,31.59,30.47
443,31.59,30.47
617,31.59,30.47
678,31.59,30.47
369,31.59,30.47
331,31.59,30.47
196,31.59,30.47
711,31.59,30.45
312,31.59,30.45
550,31.59,30.45
231,31.59,30.45
882,31.59,30.45
553,31.59,30.45
749,31.59,30.45
553,31.59,30.45
597,31.59,30.45
667,31.59,30.45
587,31.59,30.45
591,31.59,30.45
364,31.59,30.45
550,31.59,30.45
377,31.59,30.45
159,31.59,30.45
559,31.59,30.45
621,31.59,30.45
467,31.59,30.45
661,31.59,30.45
401,31.59,30.45
492,31.59,30.45
445,31.59,30.45
502,31.59,30.45
646,31.59,30.45
419,31.59,30.45
436,31.59,30.45
404,31.59,30.45
583,31.59,30.45
374,31.59,30.45
324,31.59,30.45
290,31.59,30.45
638,31.59,30.45
193,31.59,30.45
236,31.59,30.45
519,31.59,30.45
459,31.61,30.45
591,31.61,30.45
454,31.61,30.45
463,31.61,30.45
468,31.61,30.45
498,31.61,30.45
144,31.61,30.45
648,31.61,30.45
359,31.61,30.45
385,31.61,30.45
254,31.61,30.45
482,31.61,30.45
349,31.61,30.45
664,31.61,30.45
516,31.61,30.45
363,31.61,30.45
591,31.61,30.45
450,31.61,30.45
516,31.61,30.45
637,31.61,30.45
802,31.61,30.45
471,31.61,30.45
593,31.61,30.45
599,31.61,30.45
522,31.61,30.45
585,31.61,30.45
493,31.61,30.45
422,31.61,30.45
658,31.61,30.45
509,31.61,30.45
628,31.61,30.45
592,31.61,30.45
576,31.61,30.45
883,31.61,30.45
579,31.61,30.45
525,31.61,30.45
446,31.61,30.45
740,31.61,30.45
454,31.61,30.45
549,31.61,30.45
298,31.61,30.45
595,31.61,30.45
504,31.61,30.45
420,31.61,30.45
634,31.61,30.45
454,31.61,30.45
383,31.61,30.45
439,31.61,30.45
428,31.61,30.45
458,31.61,30.45
478,31.61,30.45
119,31.61,30.45
653,31.61,30.45
179,31.61,30.45
620,31.61,30.45
565,31.61,30.45
122,31.61,30.45
523,31.61,30.45
505,31.61,30.45
482,31.59,30.45
288,31.59,30.45
428,31.59,30.45
381,31.59,30.45
351,31.59,30.45
508,31.59,30.45
356,31.59,30.45
499,31.59,30.45
747,31.59,30.45
621,31.59,30.45
754,31.59,30.45
119,31.59,30.45
540,31.59,30.45
626,31.59,30.45
587,31.59,30.45
756,31.59,30.45
298,31.59,30.45
761,31.59,30.45
387,31.59,30.45
621,31.59,30.45
577,31.59,30.45
283,31.59,30.45
405,31.59,30.45
381,31.59,30.45
485,31.59,30.47
661,31.59,30.47
805,31.59,30.47
870,31.59,30.47
621,31.59,30.47
714,31.59,30.47
153,31.59,30.47
609,31.59,30.47
810,31.59,30.47
382,31.59,30.47
863,31.59,30.47
367,31.59,30.47
654,31.59,30.47
196,31.59,30.47
768,31.59,30.47
216,31.59,30.47
395,31.59,30.47
605,31.59,30.47
299,31.59,30.47
598,31.59,30.47
662,31.59,30.47
483,31.59,30.47
547,31.59,30.47
502,31.59,30.47
346,31.59,30.47
635,31.59,30.47
227,31.59,30.47
343,31.59,30.47
351,31.59,30.47
615,31.59,30.47
117,31.59,30.47
732,31.59,30.47
321,31.59,30.47
622,31.59,30.47
515,31.59,30.47
316,31.59,30.47
654,31.59,30.47
112,31.59,30.47
840,31.59,30.47
204,31.59,30.47
407,31.59,30.47
458,31.59,30.47
660,31.59,30.47
464,31.59,30.47
718,31.59,30.47
347,31.59,30.47
613,31.59,30.47
256,31.59,30.47
321,31.59,30.47
337,31.59,30.47
416,31.59,30.47
341,31.59,30.47
418,31.59,30.47
728,31.59,30.47
252,31.59,30.47
886,31.59,30.47
400,31.59,30.47
764,31.59,30.47
141,31.59,30.47
544,31.59,30.43
539,31.59,30.43
490,31.59,30.43
392,31.59,30.43
524,31.59,30.43
550,31.59,30.43
180,31.59,30.43
520,31.59,30.43
517,31.59,30.43
591,31.59,30.43
240,31.59,30.43
870,31.59,30.43
289,31.59,30.43
859,31.59,30.43
182,31.59,30.43
849,31.59,30.43
348,31.59,30.43
747,31.59,30.43
348,31.59,30.43
394,31.59,30.43
540,31.59,30.43
240,31.59,30.43
839,31.59,30.43
335,31.59,30.43
564,31.59,30.43
746,31.59,30.43
777,31.59,30.43
321,31.59,30.43
866,31.59,30.43
426,31.59,30.43
840,31.59,30.43
377,31.59,30.43
883,31.59,30.43
507,31.59,30.43
543,31.59,30.43
641,31.59,30.43
400,31.59,30.43
558,31.59,30.43
133,31.59,30.43
795,31.59,30.43
283,31.59,30.43
554,31.59,30.43
297,31.59,30.43
614,31.59,30.43
503,31.59,30.43
606,31.59,30.43
502,31.59,30.43
696,31.59,30.43
398,31.59,30.43
621,31.59,30.43
463,31.59,30.43
325,31.59,30.43
549,31.59,30.43
118,31.59,30.43
653,31.59,30.43
279,31.59,30.43
715,31.59,30.43
338,31.59,30.43
718,31.59,30.43
184,31.59,30.43
820,31.59,30.33
574,31.59,30.33
406,31.59,30.33
780,31.59,30.33
382,31.59,30.33
530,31.59,30.33
496,31.59,30.33
263,31.59,30.33
733,31.59,30.33
518,31.59,30.33
482,31.59,30.33
658,31.59,30.33
211,31.59,30.33
679,31.59,30.33
313,31.59,30.33
632,31.59,30.33
280,31.59,30.33
644,31.59,30.33
387,31.59,30.33
566,31.59,30.33
745,31.59,30.33
343,31.59,30.33
743,31.59,30.33
287,31.59,30.33
577,31.59,30.33
588,31.59,30.33
437,31.59,30.33
468,31.59,30.33
858,31.59,30.33
521,31.59,30.33
363,31.59,30.33
466,31.59,30.33
607,31.59,30.33
433,31.59,30.33
719,31.59,30.33
596,31.59,30.33
476,31.61,30.33
655,31.61,30.33
434,31.61,30.33
885,31.61,30.33
665,31.61,30.33
511,31.61,30.33
377,31.61,30.33
317,31.61,30.33
514,31.61,30.33
388,31.61,30.33
458,31.61,30.33
332,31.61,30.33
227,31.61,30.33
552,31.61,30.33
455,31.61,30.33
558,31.61,30.33
373,31.61,30.33
645,31.61,30.33
414,31.61,30.33
170,31.61,30.33
649,31.61,30.33
626,31.61,30.33
738,31.61,30.33
488,31.61,30.33
480,31.61,30.59
482,31.61,30.59
