327,30.93,29.83
484,30.93,29.83
204,30.93,29.83
345,30.93,29.83
480,30.93,29.83
342,30.93,29.83
834,30.93,29.83
281,30.93,29.83
522,30.93,29.83
447,30.93,29.83
237,30.93,29.83
395,30.93,29.83
405,30.93,29.83
469,30.93,29.83
440,30.93,29.83
640,30.93,29.83
314,30.93,29.83
607,30.93,29.83
503,30.93,29.83
499,30.93,29.83
523,30.93,29.83
293,30.93,29.83
645,30.93,29.83
627,30.93,29.83
409,30.93,29.83
618,30.93,29.83
632,30.93,29.83
487,30.93,29.83
542,30.93,29.83
387,30.93,29.69
781,30.93,29.69
219,30.93,29.69
879,30.93,29.69
355,30.93,29.69
606,30.93,29.69
653,30.93,29.69
607,30.93,29.69
548,30.93,29.69
555,30.93,29.69
692,30.93,29.69
353,30.93,29.69
592,30.93,29.69
607,30.93,29.69
663,30.93,29.69
396,30.93,29.69
728,30.93,29.69
379,30.93,29.69
655,30.93,29.69
255,30.93,29.69
652,30.93,29.69
553,30.93,29.69
289,30.93,29.69
484,30.93,29.69
507,30.93,29.69
673,30.93,29.69
386,30.93,29.69
593,30.93,29.69
459,30.93,29.69
562,30.93,29.69
311,30.93,29.69
579,30.93,29.69
364,30.93,29.69
685,30.93,29.69
136,30.93,29.69
720,30.93,29.69
135,30.91,29.69
205,30.91,29.69
297,30.91,29.69
432,30.91,29.69
470,30.91,29.69
446,30.91,29.69
411,30.91,29.69
258,30.91,29.69
519,30.91,29.69
376,30.91,29.69
677,30.91,29.69
122,30.91,29.69
450,30.91,29.69
514,30.91,29.69
538,30.91,29.69
319,30.91,29.69
455,30.91,29.69
415,30.91,29.69
356,30.91,29.69
438,30.91,29.69
431,30.91,29.69
684,30.91,29.69
338,30.91,29.69
754,30.91,29.89
354,30.91,29.89
751,30.91,29.89
265,30.91,29.89
880,30.91,29.89
305,30.91,29.89
722,30.91,29.89
695,30.91,29.89
491,30.91,29.89
478,30.91,29.89
433,30.91,29.89
506,30.91,29.89
424,30.91,29.89
453,30.91,29.89
477,30.91,29.89
882,30.91,29.89
250,30.91,29.89
536,30.91,29.89
460,30.91,29.89
619,30.91,29.89
172,30.91,29.89
771,30.91,29.89
340,30.91,29.89
714,30.91,29.89
651,30.91,29.89
298,30.91,29.89
711,30.91,29.89
198,30.91,29.89
684,30.91,29.89
345,30.91,29.89
541,30.91,29.89
343,30.91,29.89
713,30.91,29.89
679,30.91,29.89
799,30.91,29.89
119,30.91,29.89
767,30.89,29.89
268,30.89,29.89
591,30.89,29.89
388,30.89,29.89
329,30.89,29.89
444,30.89,29.89
409,30.89,29.89
529,30.89,29.89
119,30.89,29.89
705,30.89,29.89
121,30.89,29.89
669,30.89,29.89
119,30.89,29.89
242,30.89,29.89
470,30.89,29.89
471,30.89,29.89
616,30.89,29.89
449,30.89,29.89
570,30.89,29.89
341,30.89,29.89
681,30.89,29.89
524,30.89,29.89
596,30.89,29.89
265,30.89,29.89
611,30.89,29.79
310,30.89,29.79
554,30.89,29.79
597,30.89,29.79
677,30.89,29.79
443,30.89,29.79
554,30.89,29.79
330,30.89,29.79
455,30.89,29.79
564,30.89,29.79
612,30.89,29.79
882,30.89,29.79
535,30.89,29.79
787,30.89,29.79
254,30.89,29.79
545,30.89,29.79
585,30.89,29.79
554,30.89,29.79
301,30.89,29.79
643,30.89,29.79
200,30.89,29.79
423,30.89,29.79
877,30.89,29.79
526,30.89,29.79
783,30.89,29.79
561,30.89,29.79
565,30.89,29.79
326,30.89,29.79
681,30.89,29.79
474,30.89,29.79
644,30.89,29.79
368,30.89,29.79
759,30.89,29.79
526,30.89,29.79
568,30.89,29.79
535,30.89,29.79
391,30.95,29.79
436,30.95,29.79
794,30.95,29.79
449,30.95,29.79
492,30.95,29.79
594,30.95,29.79
303,30.95,29.79
707,30.95,29.79
357,30.95,29.79
883,30.95,29.79
250,30.95,29.79
783,30.95,29.79
387,30.95,29.79
559,30.95,29.79
493,30.95,29.79
271,30.95,29.79
732,30.95,29.79
227,30.95,29.79
725,30.95,29.79
135,30.95,29.79
564,30.95,29.79
751,30.95,29.79
518,30.95,29.79
573,30.95,29.79
561,30.95,29.83
439,30.95,29.83
704,30.95,29.83
510,30.95,29.83
643,30.95,29.83
361,30.95,29.83
245,30.95,29.83
377,30.95,29.83
122,30.95,29.83
710,30.95,29.83
387,30.95,29.83
430,30.95,29.83
621,30.95,29.83
814,30.95,29.83
283,30.95,29.83
398,30.95,29.83
478,30.95,29.83
305,30.95,29.83
679,30.95,29.83
357,30.95,29.83
350,30.95,29.83
601,30.95,29.83
455,30.95,29.83
661,30.95,29.83
820,30.95,29.83
417,30.95,29.83
481,30.95,29.83
338,30.95,29.83
666,30.95,29.83
353,30.95,29.83
474,30.95,29.83
692,30.95,29.83
589,30.95,29.83
772,30.95,29.83
498,30.95,29.83
796,30.95,29.83
342,30.93,29.83
849,30.93,29.83
350,30.93,29.83
419,30.93,29.83
793,30.93,29.83
523,30.93,29.83
615,30.93,29.83
459,30.93,29.83
418,30.93,29.83
629,30.93,29.83
390,30.93,29.83
640,30.93,29.83
606,30.93,29.83
547,30.93,29.83
819,30.93,29.83
467,30.93,29.83
884,30.93,29.83
444,30.93,29.83
670,30.93,29.83
590,30.93,29.83
471,30.93,29.83
588,30.93,29.83
289,30.93,29.83
597,30.93,29.77
409,30.93,29.77
590,30.93,29.77
451,30.93,29.77
648,30.93,29.77
461,30.93,29.77
454,30.93,29.77
427,30.93,29.77
412,30.93,29.77
300,30.93,29.77
750,30.93,29.77
323,30.93,29.77
840,30.93,29.77
696,30.93,29.77
471,30.93,29.77
458,30.93,29.77
141,30.93,29.77
823,30.93,29.77
181,30.93,29.77
458,30.93,29.77
471,30.93,29.77
704,30.93,29.77
469,30.93,29.77
548,30.93,29.77
512,30.93,29.77
574,30.93,29.77
615,30.93,29.77
501,30.93,29.77
279,30.93,29.77
493,30.93,29.77
208,30.93,29.77
827,30.93,29.77
540,30.93,29.77
343,30.93,29.77
667,30.93,29.77
514,30.93,29.77
656,30.95,29.77
466,30.95,29.77
550,30.95,29.77
297,30.95,29.77
736,30.95,29.77
684,30.95,29.77
629,30.95,29.77
498,30.95,29.77
598,30.95,29.77
653,30.95,29.77
455,30.95,29.77
340,30.95,29.77
122,30.95,29.77
742,30.95,29.77
545,30.95,29.77
390,30.95,29.77
219,30.95,29.77
544,30.95,29.77
127,30.95,29.77
701,30.95,29.77
470,30.95,29.77
349,30.95,29.77
353,30.95,29.77
700,30.95,29.77
648,30.95,29.59
652,30.95,29.59
601,30.95,29.59
567,30.95,29.59
618,30.95,29.59
312,30.95,29.59
730,30.95,29.59
119,30.95,29.59
559,30.95,29.59
314,30.95,29.59
837,30.95,29.59
245,30.95,29.59
681,30.95,29.59
499,30.95,29.59
762,30.95,29.59
271,30.95,29.59
346,30.95,29.59
752,30.95,29.59
173,30.95,29.59
728,30.95,29.59
397,30.95,29.59
625,30.95,29.59
340,30.95,29.59
667,30.95,29.59
603,30.95,29.59
773,30.95,29.59
162,30.95,29.59
777,30.95,29.59
374,30.95,29.59
602,30.95,29.59
222,30.95,29.59
761,30.95,29.59
425,30.95,29.59
475,30.95,29.59
826,30.95,29.59
416,30.95,29.59
845,30.91,29.59
478,30.91,29.59
810,30.91,29.59
481,30.91,29.59
666,30.91,29.59
334,30.91,29.59
724,30.91,29.59
244,30.91,29.59
639,30.91,29.59
578,30.91,29.59
581,30.91,29.59
402,30.91,29.59
554,30.91,29.59
667,30.91,29.59
400,30.91,29.59
665,30.91,29.59
289,30.91,29.59
800,30.91,29.59
241,30.91,29.59
672,30.91,29.59
118,30.91,29.59
565,30.91,29.59
430,30.91,29.59
425,30.91,29.59
755,30.91,29.75
340,30.91,29.75
733,30.91,29.75
335,30.91,29.75
433,30.91,29.75
541,30.91,29.75
548,30.91,29.75
290,30.91,29.75
785,30.91,29.75
466,30.91,29.75
467,30.91,29.75
252,30.91,29.75
663,30.91,29.75
450,30.91,29.75
672,30.91,29.75
307,30.91,29.75
400,30.91,29.75
398,30.91,29.75
122,30.91,29.75
639,30.91,29.75
248,30.91,29.75
294,30.91,29.75
291,30.91,29.75
714,30.91,29.75
448,30.91,29.75
610,30.91,29.75
673,30.91,29.75
845,30.91,29.75
286,30.91,29.75
833,30.91,29.75
331,30.91,29.75
593,30.91,29.75
