522,29.19,28.25
631,29.19,28.25
130,29.19,28.25
126,29.19,28.25
791,29.19,28.25
447,29.19,28.25
373,29.19,28.25
437,29.19,27.85
444,29.19,27.85
669,29.19,27.85
322,29.19,27.85
852,29.19,27.85
364,29.19,27.85
819,29.19,27.85
358,29.19,27.85
880,29.19,27.85
380,29.19,27.85
510,29.19,27.85
530,29.19,27.85
162,29.19,27.85
582,29.19,27.85
301,29.19,27.85
624,29.19,27.85
233,29.19,27.85
480,29.19,27.85
557,29.19,27.85
754,29.19,27.85
390,29.19,27.85
602,29.19,27.85
298,29.19,27.85
634,29.19,27.85
152,29.19,27.85
747,29.19,27.85
582,29.19,27.85
475,29.19,27.85
123,29.19,27.85
202,29.19,27.85
484,29.19,27.85
121,29.19,27.85
518,29.19,27.85
456,29.19,27.85
480,29.19,27.85
587,29.19,27.85
689,29.21,27.85
679,29.21,27.85
600,29.21,27.85
677,29.21,27.85
611,29.21,27.85
318,29.21,27.85
679,29.21,27.85
584,29.21,27.85
725,29.21,27.85
556,29.21,27.85
622,29.21,27.85
755,29.21,27.85
333,29.21,27.85
881,29.21,27.85
323,29.21,27.85
543,29.21,27.85
387,29.21,27.85
639,29.21,27.85
523,29.21,27.85
641,29.21,27.85
298,29.21,27.85
729,29.21,27.85
650,29.21,27.85
419,29.21,27.85
415,29.21,28.05
549,29.21,28.05
537,29.21,28.05
546,29.21,28.05
795,29.21,28.05
235,29.21,28.05
591,29.21,28.05
377,29.21,28.05
589,29.21,28.05
134,29.21,28.05
451,29.21,28.05
416,29.21,28.05
662,29.21,28.05
246,29.21,28.05
514,29.21,28.05
879,29.21,28.05
338,29.21,28.05
335,29.21,28.05
484,29.21,28.05
484,29.21,28.05
120,29.21,28.05
454,29.21,28.05
374,29.21,28.05
543,29.21,28.05
303,29.21,28.05
820,29.21,28.05
371,29.21,28.05
711,29.21,28.05
326,29.21,28.05
836,29.21,28.05
253,29.21,28.05
489,29.21,28.05
444,29.21,28.05
445,29.21,28.05
684,29.21,28.05
565,29.21,28.05
690,29.19,28.05
426,29.19,28.05
753,29.19,28.05
671,29.19,28.05
421,29.19,28.05
391,29.19,28.05
757,29.19,28.05
506,29.19,28.05
578,29.19,28.05
447,29.19,28.05
728,29.19,28.05
707,29.19,28.05
542,29.19,28.05
880,29.19,28.05
221,29.19,28.05
653,29.19,28.05
512,29.19,28.05
601,29.19,28.05
418,29.19,28.05
607,29.19,28.05
691,29.19,28.05
373,29.19,28.05
459,29.19,28.05
222,29.19,27.93
509,29.19,27.93
651,29.19,27.93
344,29.19,27.93
492,29.19,27.93
717,29.19,27.93
736,29.19,27.93
423,29.19,27.93
657,29.19,27.93
617,29.19,27.93
230,29.19,27.93
591,29.19,27.93
264,29.19,27.93
179,29.19,27.93
679,29.19,27.93
538,29.19,27.93
475,29.19,27.93
535,29.19,27.93
734,29.19,27.93
646,29.19,27.93
383,29.19,27.93
349,29.19,27.93
183,29.19,27.93
315,29.19,27.93
729,29.19,27.93
336,29.19,27.93
709,29.19,27.93
573,29.19,27.93
296,29.19,27.93
495,29.19,27.93
187,29.19,27.93
727,29.19,27.93
126,29.19,27.93
589,29.19,27.93
391,29.19,27.93
634,29.19,27.93
216,29.19,27.93
496,29.19,27.93
322,29.19,27.93
512,29.19,27.93
648,29.19,27.93
414,29.19,27.93
606,29.19,27.93
607,29.19,27.93
335,29.19,27.93
362,29.19,27.93
769,29.19,27.93
441,29.19,27.93
598,29.19,27.93
373,29.19,27.93
851,29.19,27.93
128,29.19,27.93
297,29.19,27.93
673,29.19,27.93
694,29.19,27.93
609,29.19,27.93
513,29.19,27.93
546,29.19,27.93
383,29.19,27.93
628,29.19,27.93
522,29.19,28.01
492,29.19,28.01
368,29.19,28.01
625,29.19,28.01
464,29.19,28.01
612,29.19,28.01
459,29.19,28.01
805,29.19,28.01
121,29.19,28.01
522,29.19,28.01
395,29.19,28.01
190,29.19,28.01
579,29.19,28.01
386,29.19,28.01
599,29.19,28.01
426,29.19,28.01
553,29.19,28.01
430,29.19,28.01
460,29.19,28.01
470,29.19,28.01
488,29.19,28.01
316,29.19,28.01
701,29.19,28.01
253,29.19,28.01
668,29.19,28.01
315,29.19,28.01
415,29.19,28.01
585,29.19,28.01
693,29.19,28.01
521,29.19,28.01
259,29.19,28.01
707,29.19,28.01
469,29.19,28.01
650,29.19,28.01
528,29.19,28.01
631,29.19,28.01
458,29.21,28.01
120,29.21,28.01
668,29.21,28.01
235,29.21,28.01
524,29.21,28.01
343,29.21,28.01
629,29.21,28.01
687,29.21,28.01
311,29.21,28.01
489,29.21,28.01
768,29.21,28.01
187,29.21,28.01
457,29.21,28.01
539,29.21,28.01
580,29.21,28.01
368,29.21,28.01
584,29.21,28.01
146,29.21,28.01
453,29.21,28.01
536,29.21,28.01
259,29.21,28.01
676,29.21,28.01
121,29.21,28.01
641,29.21,28.01
479,29.21,28.07
600,29.21,28.07
688,29.21,28.07
750,29.21,28.07
373,29.21,28.07
599,29.21,28.07
570,29.21,28.07
729,29.21,28.07
473,29.21,28.07
570,29.21,28.07
646,29.21,28.07
470,29.21,28.07
425,29.21,28.07
363,29.21,28.07
849,29.21,28.07
119,29.21,28.07
710,29.21,28.07
380,29.21,28.07
461,29.21,28.07
452,29.21,28.07
643,29.21,28.07
459,29.21,28.07
417,29.21,28.07
390,29.21,28.07
751,29.21,28.07
207,29.21,28.07
492,29.21,28.07
479,29.21,28.07
268,29.21,28.07
453,29.21,28.07
235,29.21,28.07
817,29.21,28.07
172,29.21,28.07
663,29.21,28.07
378,29.21,28.07
500,29.21,28.07
268,29.19,28.07
449,29.19,28.07
679,29.19,28.07
191,29.19,28.07
544,29.19,28.07
438,29.19,28.07
503,29.19,28.07
477,29.19,28.07
466,29.19,28.07
448,29.19,28.07
631,29.19,28.07
119,29.19,28.07
777,29.19,28.07
340,29.19,28.07
560,29.19,28.07
287,29.19,28.07
697,29.19,28.07
586,29.19,28.07
269,29.19,28.07
882,29.19,28.07
312,29.19,28.07
764,29.19,28.07
377,29.19,28.07
823,29.19,28.05
270,29.19,28.05
622,29.19,28.05
487,29.19,28.05
581,29.19,28.05
569,29.19,28.05
424,29.19,28.05
600,29.19,28.05
772,29.19,28.05
489,29.19,28.05
533,29.19,28.05
815,29.19,28.05
179,29.19,28.05
580,29.19,28.05
418,29.19,28.05
814,29.19,28.05
149,29.19,28.05
705,29.19,28.05
556,29.19,28.05
661,29.19,28.05
204,29.19,28.05
714,29.19,28.05
719,29.19,28.05
487,29.19,28.05
678,29.19,28.05
360,29.19,28.05
526,29.19,28.05
352,29.19,28.05
657,29.19,28.05
434,29.19,28.05
675,29.19,28.05
235,29.19,28.05
881,29.19,28.05
359,29.19,28.05
492,29.19,28.05
568,29.19,28.05
406,29.21,28.05
235,29.21,28.05
546,29.21,28.05
715,29.21,28.05
313,29.21,28.05
425,29.21,28.05
237,29.21,28.05
810,29.21,28.05
290,29.21,28.05
712,29.21,28.05
225,29.21,28.05
580,29.21,28.05
124,29.21,28.05
682,29.21,28.05
347,29.21,28.05
500,29.21,28.05
539,29.21,28.05
652,29.21,28.05
249,29.21,28.05
120,29.21,28.05
642,29.21,28.05
195,29.21,28.05
498,29.21,28.05
352,29.21,28.05
514,29.21,28.07
411,29.21,28.07
521,29.21,28.07
535,29.21,28.07
532,29.21,28.07
499,29.21,28.07
530,29.21,28.07
617,29.21,28.07
421,29.21,28.07
487,29.21,28.07
614,29.21,28.07
520,29.21,28.07
412,29.21,28.07
500,29.21,28.07
328,29.21,28.07
727,29.21,28.07
249,29.21,28.07
849,29.21,28.07
479,29.21,28.07
674,29.21,28.07
388,29.21,28.07
646,29.21,28.07
653,29.21,28.07
647,29.21,28.07
539,29.21,28.07
625,29.21,28.07
554,29.21,28.07
333,29.21,28.07
609,29.21,28.07
488,29.21,28.07
479,29.21,28.07
561,29.21,28.07
724,29.21,28.07
358,29.21,28.07
764,29.21,28.07
295,29.21,28.07
519,29.23,28.07
260,29.23,28.07
538,29.23,28.07
522,29.23,28.07
349,29.23,28.07
607,29.23,28.07
431,29.23,28.07
664,29.23,28.07
307,29.23,28.07
614,29.23,28.07
383,29.23,28.07
472,29.23,28.07
392,29.23,28.07
445,29.23,28.07
374,29.23,28.07
606,29.23,28.07
367,29.23,28.07
