544,32.31,31.25
661,32.31,31.25
507,32.31,31.25
120,32.31,31.25
515,32.31,31.25
396,32.31,31.25
537,32.31,31.25
720,32.31,31.25
529,32.31,31.25
450,32.31,31.25
600,32.31,31.25
476,32.31,31.25
445,32.31,31.25
601,32.31,31.25
466,32.31,31.25
396,32.31,31.15
502,32.31,31.15
635,32.31,31.15
625,32.31,31.15
724,32.31,31.15
604,32.31,31.15
758,32.31,31.15
790,32.31,31.15
487,32.31,31.15
649,32.31,31.15
618,32.31,31.15
754,32.31,31.15
690,32.31,31.15
420,32.31,31.15
589,32.31,31.15
380,32.31,31.15
831,32.31,31.15
181,32.31,31.15
375,32.31,31.15
548,32.31,31.15
260,32.31,31.15
620,32.31,31.15
352,32.31,31.15
388,32.31,31.15
514,32.31,31.15
412,32.31,31.15
433,32.31,31.15
442,32.31,31.15
531,32.31,31.15
263,32.31,31.15
594,32.31,31.15
707,32.31,31.15
225,32.31,31.15
527,32.31,31.15
289,32.31,31.15
702,32.31,31.15
275,32.29,31.15
340,32.29,31.15
486,32.29,31.15
475,32.29,31.15
676,32.29,31.15
319,32.29,31.15
380,32.29,31.15
472,32.29,31.15
503,32.29,31.15
420,32.29,31.15
326,32.29,31.15
328,32.29,31.15
452,32.29,31.15
415,32.29,31.15
643,32.29,31.15
489,32.29,31.15
485,32.29,31.15
541,32.29,31.15
505,32.29,31.15
737,32.29,31.15
425,32.29,31.15
613,32.29,31.15
255,32.29,31.15
685,32.29,31.15
384,32.29,31.19
751,32.29,31.19
705,32.29,31.19
496,32.29,31.19
877,32.29,31.19
478,32.29,31.19
454,32.29,31.19
256,32.29,31.19
748,32.29,31.19
252,32.29,31.19
700,32.29,31.19
463,32.29,31.19
719,32.29,31.19
346,32.29,31.19
754,32.29,31.19
542,32.29,31.19
817,32.29,31.19
546,32.29,31.19
547,32.29,31.19
494,32.29,31.19
587,32.29,31.19
537,32.29,31.19
382,32.29,31.19
779,32.29,31.19
118,32.29,31.19
639,32.29,31.19
271,32.29,31.19
458,32.29,31.19
455,32.29,31.19
720,32.29,31.19
562,32.29,31.19
699,32.29,31.19
578,32.29,31.19
521,32.29,31.19
542,32.29,31.19
311,32.29,31.19
442,32.29,31.19
251,32.29,31.19
635,32.29,31.19
120,32.29,31.19
757,32.29,31.19
244,32.29,31.19
548,32.29,31.19
522,32.29,31.19
564,32.29,31.19
392,32.29,31.19
503,32.29,31.19
569,32.29,31.19
366,32.29,31.19
729,32.29,31.19
470,32.29,31.19
445,32.29,31.19
343,32.29,31.19
595,32.29,31.19
214,32.29,31.19
642,32.29,31.19
254,32.29,31.19
863,32.29,31.19
430,32.29,31.19
640,32.29,31.25
315,32.29,31.25
693,32.29,31.25
333,32.29,31.25
663,32.29,31.25
882,32.29,31.25
349,32.29,31.25
723,32.29,31.25
591,32.29,31.25
636,32.29,31.25
515,32.29,31.25
632,32.29,31.25
519,32.29,31.25
773,32.29,31.25
176,32.29,31.25
661,32.29,31.25
373,32.29,31.25
470,32.29,31.25
405,32.29,31.25
487,32.29,31.25
532,32.29,31.25
691,32.29,31.25
642,32.29,31.25
560,32.29,31.25
884,32.29,31.25
157,32.29,31.25
727,32.29,31.25
300,32.29,31.25
455,32.29,31.25
581,32.29,31.25
703,32.29,31.25
300,32.29,31.25
433,32.29,31.25
422,32.29,31.25
694,32.29,31.25
475,32.29,31.25
273,32.31,31.25
353,32.31,31.25
185,32.31,31.25
246,32.31,31.25
590,32.31,31.25
881,32.31,31.25
120,32.31,31.25
754,32.31,31.25
336,32.31,31.25
459,32.31,31.25
367,32.31,31.25
648,32.31,31.25
605,32.31,31.25
362,32.31,31.25
341,32.31,31.25
884,32.31,31.25
503,32.31,31.25
478,32.31,31.25
689,32.31,31.25
534,32.31,31.25
715,32.31,31.25
119,32.31,31.25
843,32.31,31.25
662,32.31,31.25
447,32.31,31.21
621,32.31,31.21
545,32.31,31.21
447,32.31,31.21
119,32.31,31.21
713,32.31,31.21
555,32.31,31.21
465,32.31,31.21
724,32.31,31.21
355,32.31,31.21
409,32.31,31.21
569,32.31,31.21
553,32.31,31.21
884,32.31,31.21
118,32.31,31.21
870,32.31,31.21
344,32.31,31.21
599,32.31,31.21
672,32.31,31.21
433,32.31,31.21
639,32.31,31.21
118,32.31,31.21
400,32.31,31.21
380,32.31,31.21
121,32.31,31.21
242,32.31,31.21
683,32.31,31.21
887,32.31,31.21
196,32.31,31.21
429,32.31,31.21
883,32.31,31.21
435,32.31,31.21
880,32.31,31.21
154,32.31,31.21
696,32.31,31.21
353,32.31,31.21
471,32.29,31.21
524,32.29,31.21
119,32.29,31.21
449,32.29,31.21
399,32.29,31.21
762,32.29,31.21
142,32.29,31.21
526,32.29,31.21
587,32.29,31.21
513,32.29,31.21
496,32.29,31.21
771,32.29,31.21
363,32.29,31.21
784,32.29,31.21
331,32.29,31.21
865,32.29,31.21
426,32.29,31.21
498,32.29,31.21
321,32.29,31.21
564,32.29,31.21
427,32.29,31.21
338,32.29,31.21
885,32.29,31.21
236,32.29,31.27
732,32.29,31.27
287,32.29,31.27
722,32.29,31.27
202,32.29,31.27
730,32.29,31.27
365,32.29,31.27
780,32.29,31.27
220,32.29,31.27
787,32.29,31.27
469,32.29,31.27
544,32.29,31.27
759,32.29,31.27
370,32.29,31.27
460,32.29,31.27
474,32.29,31.27
842,32.29,31.27
295,32.29,31.27
702,32.29,31.27
133,32.29,31.27
729,32.29,31.27
335,32.29,31.27
465,32.29,31.27
626,32.29,31.27
550,32.29,31.27
356,32.29,31.27
487,32.29,31.27
588,32.29,31.27
531,32.29,31.27
416,32.29,31.27
488,32.29,31.27
294,32.29,31.27
295,32.29,31.27
505,32.29,31.27
461,32.29,31.27
476,32.29,31.27
118,32.29,31.27
685,32.29,31.27
284,32.29,31.27
498,32.29,31.27
759,32.29,31.27
198,32.29,31.27
504,32.29,31.27
325,32.29,31.27
559,32.29,31.27
296,32.29,31.27
473,32.29,31.27
510,32.29,31.27
568,32.29,31.27
458,32.29,31.27
400,32.29,31.27
428,32.29,31.27
838,32.29,31.27
284,32.29,31.27
823,32.29,31.27
805,32.29,31.27
621,32.29,31.27
709,32.29,31.27
453,32.29,31.27
756,32.29,31.27
527,32.29,31.13
635,32.29,31.13
559,32.29,31.13
560,32.29,31.13
496,32.29,31.13
489,32.29,31.13
793,32.29,31.13
363,32.29,31.13
695,32.29,31.13
616,32.29,31.13
332,32.29,31.13
701,32.29,31.13
391,32.29,31.13
485,32.29,31.13
770,32.29,31.13
354,32.29,31.13
865,32.29,31.13
349,32.29,31.13
557,32.29,31.13
280,32.29,31.13
732,32.29,31.13
274,32.29,31.13
410,32.29,31.13
680,32.29,31.13
202,32.29,31.13
612,32.29,31.13
480,32.29,31.13
498,32.29,31.13
385,32.29,31.13
301,32.29,31.13
566,32.29,31.13
499,32.29,31.13
164,32.29,31.13
762,32.29,31.13
395,32.29,31.13
717,32.29,31.13
337,32.31,31.13
288,32.31,31.13
621,32.31,31.13
261,32.31,31.13
650,32.31,31.13
142,32.31,31.13
620,32.31,31.13
295,32.31,31.13
715,32.31,31.13
308,32.31,31.13
606,32.31,31.13
631,32.31,31.13
197,32.31,31.13
555,32.31,31.13
549,32.31,31.13
269,32.31,31.13
584,32.31,31.13
651,32.31,31.13
459,32.31,31.13
666,32.31,31.13
435,32.31,31.13
656,32.31,31.13
117,32.31,31.13
701,32.31,31.13
326,32.31,31.13
563,32.31,31.13
565,32.31,31.13
806,32.31,31.13
580,32.31,31.13
349,32.31,31.13
661,32.31,31.13
341,32.31,31.13
693,32.31,31.13
383,32.31,31.13
608,32.31,31.13
485,32.31,31.13
582,32.31,31.13
490,32.31,31.13
648,32.31,31.13
167,32.31,31.13
823,32.31,31.13
578,32.31,31.13
693,32.31,31.13
130,32.31,31.13
597,32.31,31.13
484,32.31,31.13
433,32.31,31.13
637,32.31,31.13
367,32.31,31.13
554,32.31,31.13
117,32.31,31.13
499,32.31,31.13
337,32.31,31.13
374,32.31,31.13
270,32.31,31.13
439,32.31,31.13
449,32.31,31.13
421,32.31,31.13
185,32.31,31.13
667,32.35,31.13
193,32.35,31.13
680,32.35,31.13
433,32.35,31.13
282,32.35,31.13
703,32.35,31.13
575,32.35,31.13
789,32.35,31.13
454,32.35,31.13
515,32.35,31.13
391,32.35,31.13
