152,31.01,29.85
561,31.01,29.85
399,31.01,29.85
589,31.01,29.85
550,31.01,29.85
860,31.01,30.03
142,31.01,30.03
867,31.01,30.03
458,31.01,30.03
761,31.01,30.03
749,31.01,30.03
714,31.01,30.03
727,31.01,30.03
398,31.01,30.03
675,31.01,30.03
431,31.01,30.03
676,31.01,30.03
356,31.01,30.03
661,31.01,30.03
225,31.01,30.03
869,31.01,30.03
490,31.01,30.03
149,31.01,30.03
865,31.01,30.03
459,31.01,30.03
711,31.01,30.03
553,31.01,30.03
699,31.01,30.03
277,31.01,30.03
657,31.01,30.03
373,31.01,30.03
741,31.01,30.03
333,31.01,30.03
504,31.01,30.03
396,31.01,30.03
675,31.01,30.03
433,31.01,30.03
509,31.01,30.03
623,31.01,30.03
360,31.01,30.03
460,31.01,30.03
336,31.01,30.03
491,30.99,30.03
384,30.99,30.03
555,30.99,30.03
572,30.99,30.03
364,30.99,30.03
399,30.99,30.03
450,30.99,30.03
600,30.99,30.03
267,30.99,30.03
294,30.99,30.03
525,30.99,30.03
446,30.99,30.03
270,30.99,30.03
773,30.99,30.03
516,30.99,30.03
611,30.99,30.03
284,30.99,30.03
883,30.99,30.03
334,30.99,30.03
413,30.99,30.03
476,30.99,30.03
687,30.99,30.03
398,30.99,30.03
396,30.99,29.77
452,30.99,29.77
324,30.99,29.77
786,30.99,29.77
242,30.99,29.77
570,30.99,29.77
119,30.99,29.77
186,30.99,29.77
514,30.99,29.77
448,30.99,29.77
374,30.99,29.77
223,30.99,29.77
664,30.99,29.77
716,30.99,29.77
511,30.99,29.77
698,30.99,29.77
409,30.99,29.77
482,30.99,29.77
467,30.99,29.77
261,30.99,29.77
474,30.99,29.77
407,30.99,29.77
770,30.99,29.77
542,30.99,29.77
719,30.99,29.77
328,30.99,29.77
794,30.99,29.77
535,30.99,29.77
155,30.99,29.77
632,30.99,29.77
467,30.99,29.77
498,30.99,29.77
560,30.99,29.77
490,30.99,29.77
685,30.99,29.77
457,30.99,29.77
407,31.01,29.77
784,31.01,29.77
430,31.01,29.77
429,31.01,29.77
878,31.01,29.77
603,31.01,29.77
587,31.01,29.77
634,31.01,29.77
761,31.01,29.77
424,31.01,29.77
696,31.01,29.77
419,31.01,29.77
509,31.01,29.77
788,31.01,29.77
617,31.01,29.77
520,31.01,29.77
515,31.01,29.77
263,31.01,29.77
362,31.01,29.77
476,31.01,29.77
121,31.01,29.77
550,31.01,29.77
657,31.01,29.77
262,31.01,29.77
323,31.01,30.03
601,31.01,30.03
459,31.01,30.03
729,31.01,30.03
538,31.01,30.03
536,31.01,30.03
332,31.01,30.03
424,31.01,30.03
481,31.01,30.03
356,31.01,30.03
624,31.01,30.03
216,31.01,30.03
689,31.01,30.03
362,31.01,30.03
368,31.01,30.03
783,31.01,30.03
804,31.01,30.03
121,31.01,30.03
597,31.01,30.03
547,31.01,30.03
333,31.01,30.03
384,31.01,30.03
444,31.01,30.03
237,31.01,30.03
543,31.01,30.03
313,31.01,30.03
256,31.01,30.03
859,31.01,30.03
136,31.01,30.03
476,31.01,30.03
443,31.01,30.03
644,31.01,30.03
352,31.01,30.03
550,31.01,30.03
532,31.01,30.03
238,31.01,30.03
551,30.99,30.03
540,30.99,30.03
774,30.99,30.03
360,30.99,30.03
736,30.99,30.03
541,30.99,30.03
413,30.99,30.03
306,30.99,30.03
803,30.99,30.03
349,30.99,30.03
592,30.99,30.03
550,30.99,30.03
529,30.99,30.03
348,30.99,30.03
332,30.99,30.03
792,30.99,30.03
375,30.99,30.03
758,30.99,30.03
303,30.99,30.03
669,30.99,30.03
133,30.99,30.03
736,30.99,30.03
726,30.99,30.03
283,30.99,30.03
486,30.99,29.91
481,30.99,29.91
616,30.99,29.91
406,30.99,29.91
634,30.99,29.91
446,30.99,29.91
536,30.99,29.91
121,30.99,29.91
565,30.99,29.91
404,30.99,29.91
759,30.99,29.91
394,30.99,29.91
868,30.99,29.91
536,30.99,29.91
578,30.99,29.91
633,30.99,29.91
310,30.99,29.91
758,30.99,29.91
267,30.99,29.91
606,30.99,29.91
483,30.99,29.91
557,30.99,29.91
498,30.99,29.91
547,30.99,29.91
495,30.99,29.91
308,30.99,29.91
445,30.99,29.91
562,30.99,29.91
397,30.99,29.91
766,30.99,29.91
541,30.99,29.91
362,30.99,29.91
681,30.99,29.91
120,30.99,29.91
718,30.99,29.91
120,30.99,29.91
461,30.99,29.91
251,30.99,29.91
591,30.99,29.91
236,30.99,29.91
475,30.99,29.91
876,30.99,29.91
532,30.99,29.91
468,30.99,29.91
479,30.99,29.91
415,30.99,29.91
412,30.99,29.91
408,30.99,29.91
621,30.99,29.91
496,30.99,29.91
119,30.99,29.91
882,30.99,29.91
147,30.99,29.91
739,30.99,29.91
215,30.99,29.91
589,30.99,29.91
303,30.99,29.91
253,30.99,29.91
377,30.99,29.91
458,30.99,29.79
619,30.99,29.79
163,30.99,29.79
883,30.99,29.79
360,30.99,29.79
793,30.99,29.79
560,30.99,29.79
449,30.99,29.79
319,30.99,29.79
642,30.99,29.79
123,30.99,29.79
842,30.99,29.79
343,30.99,29.79
536,30.99,29.79
645,30.99,29.79
321,30.99,29.79
587,30.99,29.79
452,30.99,29.79
721,30.99,29.79
307,30.99,29.79
822,30.99,29.79
290,30.99,29.79
770,30.99,29.79
608,30.99,29.79
622,30.99,29.79
442,30.99,29.79
479,30.99,29.79
632,30.99,29.79
327,30.99,29.79
474,30.99,29.79
330,30.99,29.79
644,30.99,29.79
257,30.99,29.79
586,30.99,29.79
304,30.99,29.79
843,30.99,29.79
313,30.99,29.79
504,30.99,29.79
425,30.99,29.79
757,30.99,29.79
260,30.99,29.79
694,30.99,29.79
735,30.99,29.79
332,30.99,29.79
663,30.99,29.79
186,30.99,29.79
496,30.99,29.79
176,30.99,29.79
524,30.99,29.79
385,30.99,29.79
405,30.99,29.79
296,30.99,29.79
636,30.99,29.79
448,30.99,29.79
630,30.99,29.79
487,30.99,29.79
237,30.99,29.79
274,30.99,29.79
319,30.99,29.79
743,30.99,29.79
214,30.99,29.77
739,30.99,29.77
309,30.99,29.77
404,30.99,29.77
628,30.99,29.77
565,30.99,29.77
144,30.99,29.77
791,30.99,29.77
607,30.99,29.77
359,30.99,29.77
599,30.99,29.77
516,30.99,29.77
539,30.99,29.77
785,30.99,29.77
445,30.99,29.77
564,30.99,29.77
777,30.99,29.77
261,30.99,29.77
592,30.99,29.77
326,30.99,29.77
720,30.99,29.77
445,30.99,29.77
366,30.99,29.77
729,30.99,29.77
516,30.99,29.77
667,30.99,29.77
568,30.99,29.77
881,30.99,29.77
149,30.99,29.77
707,30.99,29.77
424,30.99,29.77
505,30.99,29.77
627,30.99,29.77
654,30.99,29.77
590,30.99,29.77
444,30.99,29.77
399,31.01,29.77
639,31.01,29.77
489,31.01,29.77
411,31.01,29.77
504,31.01,29.77
507,31.01,29.77
379,31.01,29.77
504,31.01,29.77
720,31.01,29.77
392,31.01,29.77
565,31.01,29.77
697,31.01,29.77
352,31.01,29.77
324,31.01,29.77
630,31.01,29.77
713,31.01,29.77
471,31.01,29.77
380,31.01,29.77
663,31.01,29.77
471,31.01,29.77
204,31.01,29.77
718,31.01,29.77
494,31.01,29.77
373,31.01,29.77
301,31.01,29.77
769,31.01,29.77
372,31.01,29.77
882,31.01,29.77
331,31.01,29.77
636,31.01,29.77
164,31.01,29.77
210,31.01,29.77
423,31.01,29.77
462,31.01,29.77
479,31.01,29.77
426,31.01,29.77
588,31.01,29.77
137,31.01,29.77
313,31.01,29.77
528,31.01,29.77
543,31.01,29.77
347,31.01,29.77
616,31.01,29.77
604,31.01,29.77
746,31.01,29.77
275,31.01,29.77
667,31.01,29.77
553,31.01,29.77
461,31.01,29.77
467,31.01,29.77
593,31.01,29.77
597,31.01,29.77
120,31.01,29.77
661,31.01,29.77
669,31.01,29.77
405,31.01,29.77
521,31.01,29.77
756,31.01,29.77
639,31.01,29.77
318,31.01,29.77
614,30.99,29.77
482,30.99,29.77
640,30.99,29.77
652,30.99,29.77
709,30.99,29.77
319,30.99,29.77
858,30.99,29.77
327,30.99,29.77
713,30.99,29.77
327,30.99,29.77
364,30.99,29.77
532,30.99,29.77
345,30.99,29.77
634,30.99,29.77
760,30.99,29.77
542,30.99,29.77
367,30.99,29.77
643,30.99,29.77
563,30.99,29.77
