469,32.37,31.05
489,32.37,31.05
378,32.37,31.05
557,32.37,31.05
464,32.37,31.05
373,32.37,31.05
724,32.37,31.05
641,32.37,31.05
680,32.37,31.05
135,32.37,31.05
665,32.37,31.05
755,32.37,31.05
498,32.37,31.05
443,32.37,31.05
733,32.37,31.05
568,32.37,31.05
479,32.37,31.05
717,32.37,31.05
436,32.37,31.05
712,32.37,31.05
547,32.37,31.05
344,32.37,31.05
592,32.37,31.05
656,32.37,31.05
419,32.37,31.05
585,32.37,31.05
656,32.37,31.05
119,32.37,31.05
633,32.37,31.05
435,32.37,31.05
846,32.37,31.05
424,32.37,31.05
733,32.37,31.05
140,32.37,31.05
746,32.37,31.05
396,32.37,31.05
268,32.37,31.05
661,32.37,31.05
192,32.37,31.05
574,32.37,31.05
121,32.37,31.05
464,32.37,31.05
171,32.37,31.05
403,32.37,31.07
221,32.37,31.07
487,32.37,31.07
266,32.37,31.07
476,32.37,31.07
443,32.37,31.07
494,32.37,31.07
661,32.37,31.07
372,32.37,31.07
591,32.37,31.07
248,32.37,31.07
744,32.37,31.07
118,32.37,31.07
623,32.37,31.07
276,32.37,31.07
884,32.37,31.07
325,32.37,31.07
643,32.37,31.07
523,32.37,31.07
447,32.37,31.07
777,32.37,31.07
380,32.37,31.07
515,32.37,31.07
656,32.37,31.07
568,32.37,31.07
661,32.37,31.07
687,32.37,31.07
434,32.37,31.07
707,32.37,31.07
351,32.37,31.07
711,32.37,31.07
118,32.37,31.07
723,32.37,31.07
497,32.37,31.07
656,32.37,31.07
784,32.37,31.07
450,32.37,31.07
343,32.39,31.07
376,32.39,31.07
615,32.39,31.07
330,32.39,31.07
641,32.39,31.07
378,32.39,31.07
771,32.39,31.07
256,32.39,31.07
738,32.39,31.07
310,32.39,31.07
600,32.39,31.07
118,32.39,31.07
335,32.39,31.07
388,32.39,31.07
407,32.39,31.07
496,32.39,31.07
541,32.39,31.07
643,32.39,31.07
277,32.39,31.07
618,32.39,31.07
251,32.39,31.07
632,32.39,31.07
118,32.39,31.07
733,32.39,31.25
119,32.39,31.25
631,32.39,31.25
304,32.39,31.25
882,32.39,31.25
344,32.39,31.25
670,32.39,31.25
451,32.39,31.25
360,32.39,31.25
391,32.39,31.25
373,32.39,31.25
783,32.39,31.25
119,32.39,31.25
776,32.39,31.25
390,32.39,31.25
603,32.39,31.25
223,32.39,31.25
822,32.39,31.25
275,32.39,31.25
514,32.39,31.25
277,32.39,31.25
552,32.39,31.25
588,32.39,31.25
279,32.39,31.25
656,32.39,31.25
385,32.39,31.25
572,32.39,31.25
377,32.39,31.25
735,32.39,31.25
135,32.39,31.25
786,32.39,31.25
328,32.39,31.25
883,32.39,31.25
532,32.39,31.25
534,32.39,31.25
399,32.39,31.25
616,32.35,31.25
186,32.35,31.25
590,32.35,31.25
737,32.35,31.25
192,32.35,31.25
491,32.35,31.25
583,32.35,31.25
748,32.35,31.25
381,32.35,31.25
882,32.35,31.25
356,32.35,31.25
883,32.35,31.25
155,32.35,31.25
570,32.35,31.25
270,32.35,31.25
795,32.35,31.25
437,32.35,31.25
544,32.35,31.25
589,32.35,31.25
255,32.35,31.25
716,32.35,31.25
247,32.35,31.25
577,32.35,31.25
268,32.35,31.25
672,32.35,31.41
118,32.35,31.41
528,32.35,31.41
476,32.35,31.41
769,32.35,31.41
321,32.35,31.41
674,32.35,31.41
288,32.35,31.41
411,32.35,31.41
325,32.35,31.41
357,32.35,31.41
691,32.35,31.41
121,32.35,31.41
488,32.35,31.41
433,32.35,31.41
520,32.35,31.41
175,32.35,31.41
814,32.35,31.41
171,32.35,31.41
663,32.35,31.41
728,32.35,31.41
775,32.35,31.41
649,32.35,31.41
431,32.35,31.41
431,32.35,31.41
535,32.35,31.41
417,32.35,31.41
455,32.35,31.41
741,32.35,31.41
230,32.35,31.41
462,32.35,31.41
430,32.35,31.41
883,32.35,31.41
342,32.35,31.41
572,32.35,31.41
682,32.35,31.41
647,32.41,31.41
579,32.41,31.41
755,32.41,31.41
603,32.41,31.41
581,32.41,31.41
832,32.41,31.41
681,32.41,31.41
622,32.41,31.41
415,32.41,31.41
788,32.41,31.41
443,32.41,31.41
495,32.41,31.41
467,32.41,31.41
313,32.41,31.41
419,32.41,31.41
438,32.41,31.41
577,32.41,31.41
298,32.41,31.41
840,32.41,31.41
355,32.41,31.41
885,32.41,31.41
157,32.41,31.41
324,32.41,31.41
404,32.41,31.11
494,32.41,31.11
239,32.41,31.11
638,32.41,31.11
234,32.41,31.11
314,32.41,31.11
348,32.41,31.11
343,32.41,31.11
387,32.41,31.11
457,32.41,31.11
298,32.41,31.11
650,32.41,31.11
522,32.41,31.11
220,32.41,31.11
633,32.41,31.11
333,32.41,31.11
453,32.41,31.11
374,32.41,31.11
487,32.41,31.11
471,32.41,31.11
273,32.41,31.11
826,32.41,31.11
383,32.41,31.11
280,32.41,31.11
254,32.41,31.11
673,32.41,31.11
630,32.41,31.11
417,32.41,31.11
736,32.41,31.11
443,32.41,31.11
485,32.41,31.11
645,32.41,31.11
522,32.41,31.11
805,32.41,31.11
528,32.41,31.11
566,32.41,31.11
549,32.39,31.11
468,32.39,31.11
412,32.39,31.11
585,32.39,31.11
724,32.39,31.11
259,32.39,31.11
837,32.39,31.11
410,32.39,31.11
608,32.39,31.11
409,32.39,31.11
882,32.39,31.11
593,32.39,31.11
490,32.39,31.11
584,32.39,31.11
649,32.39,31.11
393,32.39,31.11
658,32.39,31.11
485,32.39,31.11
476,32.39,31.11
482,32.39,31.11
466,32.39,31.11
490,32.39,31.11
334,32.39,31.11
412,32.39,31.11
522,32.39,31.33
499,32.39,31.33
424,32.39,31.33
536,32.39,31.33
612,32.39,31.33
335,32.39,31.33
366,32.39,31.33
324,32.39,31.33
474,32.39,31.33
589,32.39,31.33
455,32.39,31.33
310,32.39,31.33
561,32.39,31.33
150,32.39,31.33
758,32.39,31.33
502,32.39,31.33
383,32.39,31.33
412,32.39,31.33
640,32.39,31.33
393,32.39,31.33
597,32.39,31.33
573,32.39,31.33
651,32.39,31.33
580,32.39,31.33
360,32.39,31.33
391,32.39,31.33
539,32.39,31.33
579,32.39,31.33
443,32.39,31.33
588,32.39,31.33
464,32.39,31.33
367,32.39,31.33
496,32.39,31.33
622,32.39,31.33
640,32.39,31.33
496,32.39,31.33
606,32.39,31.33
529,32.39,31.33
732,32.39,31.33
515,32.39,31.33
781,32.39,31.33
310,32.39,31.33
633,32.39,31.33
686,32.39,31.33
467,32.39,31.33
436,32.39,31.33
532,32.39,31.33
574,32.39,31.33
598,32.39,31.33
445,32.39,31.33
658,32.39,31.33
605,32.39,31.33
471,32.39,31.33
698,32.39,31.33
342,32.39,31.33
794,32.39,31.33
458,32.39,31.33
658,32.39,31.33
181,32.39,31.33
882,32.39,31.19
323,32.39,31.19
477,32.39,31.19
398,32.39,31.19
193,32.39,31.19
592,32.39,31.19
267,32.39,31.19
601,32.39,31.19
305,32.39,31.19
699,32.39,31.19
182,32.39,31.19
558,32.39,31.19
146,32.39,31.19
553,32.39,31.19
269,32.39,31.19
541,32.39,31.19
182,32.39,31.19
786,32.39,31.19
433,32.39,31.19
432,32.39,31.19
662,32.39,31.19
344,32.39,31.19
680,32.39,31.19
236,32.39,31.19
601,32.39,31.19
398,32.39,31.19
801,32.39,31.19
259,32.39,31.19
843,32.39,31.19
372,32.39,31.19
665,32.39,31.19
304,32.39,31.19
882,32.39,31.19
237,32.39,31.19
856,32.39,31.19
612,32.39,31.19
448,32.35,31.19
336,32.35,31.19
287,32.35,31.19
855,32.35,31.19
195,32.35,31.19
809,32.35,31.19
244,32.35,31.19
507,32.35,31.19
453,32.35,31.19
690,32.35,31.19
361,32.35,31.19
883,32.35,31.19
527,32.35,31.19
517,32.35,31.19
373,32.35,31.19
728,32.35,31.19
688,32.35,31.19
568,32.35,31.19
381,32.35,31.19
510,32.35,31.19
741,32.35,31.19
131,32.35,31.19
852,32.35,31.19
242,32.35,31.19
642,32.35,31.29
171,32.35,31.29
550,32.35,31.29
444,32.35,31.29
770,32.35,31.29
368,32.35,31.29
698,32.35,31.29
118,32.35,31.29
521,32.35,31.29
454,32.35,31.29
640,32.35,31.29
181,32.35,31.29
394,32.35,31.29
549,32.35,31.29
117,32.35,31.29
443,32.35,31.29
459,32.35,31.29
