293,31.81,30.67
757,31.81,30.67
654,31.81,30.67
403,31.81,30.67
656,31.81,30.67
437,31.81,30.67
766,31.81,30.67
366,31.81,30.67
876,31.81,30.67
349,31.81,30.67
686,31.81,30.67
436,31.81,30.67
724,31.81,30.67
282,31.81,30.67
660,31.81,30.67
650,31.81,30.67
551,31.81,30.67
613,31.81,30.67
573,31.81,30.67
842,31.81,30.67
280,31.81,30.67
725,31.81,30.67
420,31.81,30.67
796,31.81,30.67
461,31.81,30.67
880,31.81,30.67
643,31.81,30.67
438,31.81,30.67
276,31.81,30.67
600,31.81,30.67
503,31.81,30.67
540,31.81,30.67
483,31.81,30.67
495,31.81,30.67
405,31.81,30.67
342,31.81,30.67
784,31.81,30.67
402,31.81,30.67
549,31.81,30.67
361,31.81,30.67
485,31.81,30.67
152,31.81,30.67
465,31.81,30.67
392,31.81,30.67
538,31.81,30.67
479,31.81,30.67
509,31.81,30.67
590,31.81,30.67
553,31.81,30.67
317,31.81,30.67
545,31.81,30.67
397,31.81,30.67
276,31.81,30.67
512,31.81,30.67
468,31.81,30.65
679,31.81,30.65
393,31.81,30.65
751,31.81,30.65
284,31.81,30.65
463,31.81,30.65
369,31.81,30.65
583,31.81,30.65
246,31.81,30.65
661,31.81,30.65
572,31.81,30.65
802,31.81,30.65
373,31.81,30.65
822,31.81,30.65
710,31.81,30.65
445,31.81,30.65
587,31.81,30.65
361,31.81,30.65
735,31.81,30.65
205,31.81,30.65
881,31.81,30.65
422,31.81,30.65
477,31.81,30.65
457,31.81,30.65
615,31.81,30.65
797,31.81,30.65
280,31.81,30.65
605,31.81,30.65
538,31.81,30.65
594,31.81,30.65
353,31.81,30.65
601,31.81,30.65
805,31.81,30.65
351,31.81,30.65
216,31.81,30.65
627,31.81,30.65
355,31.79,30.65
797,31.79,30.65
666,31.79,30.65
506,31.79,30.65
618,31.79,30.65
224,31.79,30.65
723,31.79,30.65
493,31.79,30.65
202,31.79,30.65
397,31.79,30.65
313,31.79,30.65
340,31.79,30.65
402,31.79,30.65
523,31.79,30.65
563,31.79,30.65
338,31.79,30.65
529,31.79,30.65
417,31.79,30.65
341,31.79,30.65
293,31.79,30.65
408,31.79,30.65
362,31.79,30.65
276,31.79,30.65
398,31.79,30.65
235,31.79,30.47
741,31.79,30.47
279,31.79,30.47
500,31.79,30.47
419,31.79,30.47
546,31.79,30.47
602,31.79,30.47
497,31.79,30.47
431,31.79,30.47
456,31.79,30.47
670,31.79,30.47
377,31.79,30.47
473,31.79,30.47
675,31.79,30.47
537,31.79,30.47
615,31.79,30.47
562,31.79,30.47
486,31.79,30.47
637,31.79,30.47
419,31.79,30.47
649,31.79,30.47
504,31.79,30.47
370,31.79,30.47
597,31.79,30.47
335,31.79,30.47
803,31.79,30.47
548,31.79,30.47
678,31.79,30.47
707,31.79,30.47
593,31.79,30.47
882,31.79,30.47
484,31.79,30.47
478,31.79,30.47
567,31.79,30.47
423,31.79,30.47
497,31.79,30.47
577,31.81,30.47
465,31.81,30.47
670,31.81,30.47
508,31.81,30.47
246,31.81,30.47
343,31.81,30.47
504,31.81,30.47
119,31.81,30.47
583,31.81,30.47
397,31.81,30.47
464,31.81,30.47
379,31.81,30.47
202,31.81,30.47
552,31.81,30.47
437,31.81,30.47
427,31.81,30.47
219,31.81,30.47
605,31.81,30.47
337,31.81,30.47
518,31.81,30.47
600,31.81,30.47
566,31.81,30.47
410,31.81,30.47
690,31.81,30.57
419,31.81,30.57
710,31.81,30.57
458,31.81,30.57
720,31.81,30.57
371,31.81,30.57
633,31.81,30.57
519,31.81,30.57
477,31.81,30.57
544,31.81,30.57
286,31.81,30.57
700,31.81,30.57
263,31.81,30.57
633,31.81,30.57
345,31.81,30.57
596,31.81,30.57
606,31.81,30.57
528,31.81,30.57
661,31.81,30.57
571,31.81,30.57
573,31.81,30.57
559,31.81,30.57
438,31.81,30.57
398,31.81,30.57
601,31.81,30.57
315,31.81,30.57
711,31.81,30.57
361,31.81,30.57
465,31.81,30.57
264,31.81,30.57
624,31.81,30.57
357,31.81,30.57
817,31.81,30.57
485,31.81,30.57
598,31.81,30.57
368,31.81,30.57
590,31.81,30.57
392,31.81,30.57
652,31.81,30.57
428,31.81,30.57
364,31.81,30.57
425,31.81,30.57
325,31.81,30.57
655,31.81,30.57
202,31.81,30.57
588,31.81,30.57
215,31.81,30.57
654,31.81,30.57
153,31.81,30.57
562,31.81,30.57
242,31.81,30.57
631,31.81,30.57
287,31.81,30.57
378,31.81,30.57
575,31.81,30.57
579,31.81,30.57
657,31.81,30.57
417,31.81,30.57
757,31.81,30.57
220,31.81,30.57
674,31.81,30.77
122,31.81,30.77
673,31.81,30.77
215,31.81,30.77
687,31.81,30.77
347,31.81,30.77
764,31.81,30.77
485,31.81,30.77
658,31.81,30.77
775,31.81,30.77
705,31.81,30.77
654,31.81,30.77
521,31.81,30.77
524,31.81,30.77
295,31.81,30.77
862,31.81,30.77
528,31.81,30.77
551,31.81,30.77
222,31.81,30.77
740,31.81,30.77
381,31.81,30.77
479,31.81,30.77
611,31.81,30.77
597,31.81,30.77
567,31.81,30.77
676,31.81,30.77
588,31.81,30.77
489,31.81,30.77
531,31.81,30.77
324,31.81,30.77
759,31.81,30.77
275,31.81,30.77
573,31.81,30.77
593,31.81,30.77
688,31.81,30.77
266,31.81,30.77
578,31.81,30.77
572,31.81,30.77
217,31.81,30.77
487,31.81,30.77
454,31.81,30.77
588,31.81,30.77
358,31.81,30.77
779,31.81,30.77
509,31.81,30.77
882,31.81,30.77
211,31.81,30.77
778,31.81,30.77
204,31.81,30.77
585,31.81,30.77
399,31.81,30.77
738,31.81,30.77
359,31.81,30.77
424,31.81,30.77
461,31.81,30.77
816,31.81,30.77
317,31.81,30.77
475,31.81,30.77
645,31.81,30.77
310,31.81,30.81
771,31.81,30.81
423,31.81,30.81
866,31.81,30.81
375,31.81,30.81
535,31.81,30.81
254,31.81,30.81
676,31.81,30.81
153,31.81,30.81
706,31.81,30.81
550,31.81,30.81
372,31.81,30.81
609,31.81,30.81
444,31.81,30.81
389,31.81,30.81
543,31.81,30.81
826,31.81,30.81
292,31.81,30.81
566,31.81,30.81
683,31.81,30.81
777,31.81,30.81
461,31.81,30.81
801,31.81,30.81
455,31.81,30.81
705,31.81,30.81
374,31.81,30.81
577,31.81,30.81
476,31.81,30.81
304,31.81,30.81
534,31.81,30.81
460,31.81,30.81
431,31.81,30.81
209,31.81,30.81
619,31.81,30.81
499,31.81,30.81
680,31.81,30.81
253,31.77,30.81
685,31.77,30.81
303,31.77,30.81
557,31.77,30.81
429,31.77,30.81
656,31.77,30.81
368,31.77,30.81
438,31.77,30.81
628,31.77,30.81
350,31.77,30.81
417,31.77,30.81
216,31.77,30.81
537,31.77,30.81
354,31.77,30.81
571,31.77,30.81
573,31.77,30.81
791,31.77,30.81
340,31.77,30.81
601,31.77,30.81
482,31.77,30.81
398,31.77,30.81
441,31.77,30.81
495,31.77,30.81
397,31.77,30.81
249,31.77,30.53
656,31.77,30.53
349,31.77,30.53
422,31.77,30.53
352,31.77,30.53
858,31.77,30.53
416,31.77,30.53
344,31.77,30.53
361,31.77,30.53
761,31.77,30.53
531,31.77,30.53
700,31.77,30.53
726,31.77,30.53
674,31.77,30.53
484,31.77,30.53
611,31.77,30.53
356,31.77,30.53
426,31.77,30.53
689,31.77,30.53
660,31.77,30.53
627,31.77,30.53
307,31.77,30.53
884,31.77,30.53
392,31.77,30.53
667,31.77,30.53
337,31.77,30.53
658,31.77,30.53
630,31.77,30.53
556,31.77,30.53
707,31.77,30.53
527,31.77,30.53
446,31.77,30.53
311,31.77,30.53
482,31.77,30.53
376,31.77,30.53
351,31.77,30.53
327,31.83,30.53
692,31.83,30.53
213,31.83,30.53
615,31.83,30.53
648,31.83,30.53
340,31.83,30.53
585,31.83,30.53
500,31.83,30.53
558,31.83,30.53
366,31.83,30.53
666,31.83,30.53
537,31.83,30.53
512,31.83,30.53
460,31.83,30.53
739,31.83,30.53
625,31.83,30.53
559,31.83,30.53
674,31.83,30.53
485,31.83,30.53
553,31.83,30.53
314,31.83,30.53
346,31.83,30.53
670,31.83,30.53
267,31.83,30.85
529,31.83,30.85
716,31.83,30.85
155,31.83,30.85
881,31.83,30.85
658,31.83,30.85
586,31.83,30.85
353,31.83,30.85
