740,32.25,31.27
177,32.25,31.27
442,32.25,31.27
242,32.25,31.27
538,32.25,31.27
593,32.25,31.27
363,32.25,31.27
677,32.25,31.27
474,32.25,31.27
736,32.25,31.27
149,32.25,31.27
657,32.25,31.27
431,32.25,31.27
408,32.25,31.27
605,32.25,31.27
670,32.25,31.27
126,32.25,31.27
519,32.25,31.27
324,32.25,31.27
738,32.25,31.27
361,32.25,31.27
640,32.25,31.27
861,32.25,31.27
644,32.25,31.27
491,32.25,31.27
489,32.25,31.27
591,32.25,31.27
232,32.25,31.27
880,32.25,31.27
381,32.25,31.27
646,32.25,31.27
587,32.25,31.27
586,32.25,31.27
585,32.25,31.27
488,32.25,31.27
259,32.25,31.27
666,32.25,31.27
608,32.25,31.27
347,32.25,31.27
693,32.25,31.27
356,32.25,31.27
581,32.25,31.27
507,32.25,31.27
886,32.25,31.27
372,32.25,31.27
747,32.25,31.27
135,32.25,31.27
757,32.25,31.27
550,32.25,31.27
615,32.25,31.27
434,32.25,31.27
473,32.25,31.27
484,32.25,31.27
309,32.25,31.27
557,32.25,31.27
214,32.25,31.27
414,32.25,31.27
598,32.25,30.99
463,32.25,30.99
121,32.25,30.99
879,32.25,30.99
346,32.25,30.99
748,32.25,30.99
278,32.25,30.99
290,32.25,30.99
236,32.25,30.99
395,32.25,30.99
634,32.25,30.99
459,32.25,30.99
646,32.25,30.99
117,32.25,30.99
722,32.25,30.99
280,32.25,30.99
291,32.25,30.99
424,32.25,30.99
597,32.25,30.99
244,32.25,30.99
773,32.25,30.99
567,32.25,30.99
787,32.25,30.99
440,32.25,30.99
791,32.25,30.99
707,32.25,30.99
735,32.25,30.99
524,32.25,30.99
270,32.25,30.99
724,32.25,30.99
264,32.25,30.99
761,32.25,30.99
463,32.25,30.99
616,32.25,30.99
660,32.25,30.99
644,32.25,30.99
533,32.27,30.99
641,32.27,30.99
686,32.27,30.99
475,32.27,30.99
333,32.27,30.99
516,32.27,30.99
322,32.27,30.99
490,32.27,30.99
521,32.27,30.99
197,32.27,30.99
720,32.27,30.99
155,32.27,30.99
500,32.27,30.99
395,32.27,30.99
579,32.27,30.99
279,32.27,30.99
714,32.27,30.99
414,32.27,30.99
623,32.27,30.99
537,32.27,30.99
441,32.27,30.99
292,32.27,30.99
565,32.27,30.99
363,32.27,30.99
176,32.27,31.01
666,32.27,31.01
482,32.27,31.01
579,32.27,31.01
323,32.27,31.01
611,32.27,31.01
186,32.27,31.01
719,32.27,31.01
156,32.27,31.01
510,32.27,31.01
650,32.27,31.01
719,32.27,31.01
600,32.27,31.01
571,32.27,31.01
706,32.27,31.01
607,32.27,31.01
882,32.27,31.01
550,32.27,31.01
823,32.27,31.01
186,32.27,31.01
565,32.27,31.01
364,32.27,31.01
446,32.27,31.01
125,32.27,31.01
557,32.27,31.01
582,32.27,31.01
478,32.27,31.01
679,32.27,31.01
605,32.27,31.01
491,32.27,31.01
382,32.27,31.01
706,32.27,31.01
121,32.27,31.01
882,32.27,31.01
304,32.27,31.01
403,32.27,31.01
281,32.25,31.01
464,32.25,31.01
523,32.25,31.01
397,32.25,31.01
398,32.25,31.01
714,32.25,31.01
453,32.25,31.01
518,32.25,31.01
537,32.25,31.01
407,32.25,31.01
572,32.25,31.01
400,32.25,31.01
766,32.25,31.01
199,32.25,31.01
575,32.25,31.01
320,32.25,31.01
726,32.25,31.01
401,32.25,31.01
687,32.25,31.01
342,32.25,31.01
334,32.25,31.01
693,32.25,31.01
341,32.25,31.01
480,32.25,31.21
394,32.25,31.21
548,32.25,31.21
454,32.25,31.21
645,32.25,31.21
381,32.25,31.21
884,32.25,31.21
238,32.25,31.21
678,32.25,31.21
263,32.25,31.21
508,32.25,31.21
533,32.25,31.21
591,32.25,31.21
610,32.25,31.21
537,32.25,31.21
520,32.25,31.21
828,32.25,31.21
490,32.25,31.21
359,32.25,31.21
597,32.25,31.21
686,32.25,31.21
648,32.25,31.21
565,32.25,31.21
772,32.25,31.21
409,32.25,31.21
820,32.25,31.21
386,32.25,31.21
516,32.25,31.21
502,32.25,31.21
118,32.25,31.21
758,32.25,31.21
405,32.25,31.21
593,32.25,31.21
572,32.25,31.21
588,32.25,31.21
529,32.25,31.21
486,32.23,31.21
529,32.23,31.21
617,32.23,31.21
265,32.23,31.21
774,32.23,31.21
128,32.23,31.21
541,32.23,31.21
132,32.23,31.21
486,32.23,31.21
492,32.23,31.21
120,32.23,31.21
696,32.23,31.21
343,32.23,31.21
568,32.23,31.21
274,32.23,31.21
471,32.23,31.21
304,32.23,31.21
529,32.23,31.21
459,32.23,31.21
714,32.23,31.21
307,32.23,31.21
288,32.23,31.21
492,32.23,31.21
703,32.23,31.21
390,32.23,31.05
534,32.23,31.05
811,32.23,31.05
329,32.23,31.05
517,32.23,31.05
619,32.23,31.05
521,32.23,31.05
270,32.23,31.05
661,32.23,31.05
488,32.23,31.05
473,32.23,31.05
450,32.23,31.05
403,32.23,31.05
806,32.23,31.05
366,32.23,31.05
393,32.23,31.05
632,32.23,31.05
403,32.23,31.05
409,32.23,31.05
867,32.23,31.05
151,32.23,31.05
530,32.23,31.05
372,32.23,31.05
775,32.23,31.05
452,32.23,31.05
437,32.23,31.05
517,32.23,31.05
692,32.23,31.05
596,32.23,31.05
480,32.23,31.05
825,32.23,31.05
405,32.23,31.05
600,32.23,31.05
320,32.23,31.05
681,32.23,31.05
321,32.23,31.05
468,32.23,31.05
502,32.23,31.05
384,32.23,31.05
129,32.23,31.05
724,32.23,31.05
711,32.23,31.05
424,32.23,31.05
645,32.23,31.05
456,32.23,31.05
854,32.23,31.05
273,32.23,31.05
885,32.23,31.05
321,32.23,31.05
545,32.23,31.05
119,32.23,31.05
713,32.23,31.05
472,32.23,31.05
262,32.23,31.05
736,32.23,31.05
457,32.23,31.05
372,32.23,31.05
241,32.23,31.05
747,32.23,31.05
258,32.23,31.07
562,32.23,31.07
553,32.23,31.07
664,32.23,31.07
118,32.23,31.07
750,32.23,31.07
445,32.23,31.07
838,32.23,31.07
452,32.23,31.07
583,32.23,31.07
568,32.23,31.07
410,32.23,31.07
621,32.23,31.07
457,32.23,31.07
724,32.23,31.07
119,32.23,31.07
716,32.23,31.07
273,32.23,31.07
780,32.23,31.07
427,32.23,31.07
581,32.23,31.07
165,32.23,31.07
765,32.23,31.07
407,32.23,31.07
884,32.23,31.07
365,32.23,31.07
876,32.23,31.07
400,32.23,31.07
549,32.23,31.07
639,32.23,31.07
432,32.23,31.07
612,32.23,31.07
181,32.23,31.07
683,32.23,31.07
309,32.23,31.07
802,32.23,31.07
171,32.27,31.07
836,32.27,31.07
353,32.27,31.07
498,32.27,31.07
359,32.27,31.07
575,32.27,31.07
146,32.27,31.07
556,32.27,31.07
412,32.27,31.07
695,32.27,31.07
413,32.27,31.07
394,32.27,31.07
684,32.27,31.07
361,32.27,31.07
479,32.27,31.07
310,32.27,31.07
496,32.27,31.07
352,32.27,31.07
728,32.27,31.07
681,32.27,31.07
301,32.27,31.07
606,32.27,31.07
275,32.27,31.07
506,32.27,31.07
431,32.27,31.19
538,32.27,31.19
467,32.27,31.19
430,32.27,31.19
157,32.27,31.19
698,32.27,31.19
118,32.27,31.19
693,32.27,31.19
353,32.27,31.19
630,32.27,31.19
121,32.27,31.19
489,32.27,31.19
484,32.27,31.19
465,32.27,31.19
668,32.27,31.19
426,32.27,31.19
489,32.27,31.19
766,32.27,31.19
377,32.27,31.19
482,32.27,31.19
565,32.27,31.19
413,32.27,31.19
392,32.27,31.19
348,32.27,31.19
645,32.27,31.19
308,32.27,31.19
787,32.27,31.19
587,32.27,31.19
700,32.27,31.19
596,32.27,31.19
595,32.27,31.19
715,32.27,31.19
418,32.27,31.19
519,32.27,31.19
494,32.27,31.19
434,32.27,31.19
608,32.27,31.19
628,32.27,31.19
610,32.27,31.19
526,32.27,31.19
366,32.27,31.19
585,32.27,31.19
271,32.27,31.19
799,32.27,31.19
453,32.27,31.19
480,32.27,31.19
449,32.27,31.19
143,32.27,31.19
754,32.27,31.19
302,32.27,31.19
755,32.27,31.19
234,32.27,31.19
579,32.27,31.19
411,32.27,31.19
389,32.27,31.19
576,32.27,31.19
483,32.27,31.19
420,32.27,31.19
584,32.27,31.19
378,32.27,31.27
510,32.27,31.27
500,32.27,31.27
432,32.27,31.27
459,32.27,31.27
