534,29.59,28.31
419,29.59,28.31
136,29.59,28.31
193,29.59,28.31
560,29.59,28.31
121,29.59,28.31
563,29.59,28.31
389,29.59,28.31
647,29.59,28.31
468,29.59,28.31
498,29.59,28.31
661,29.59,28.31
682,29.59,28.31
508,29.59,28.31
490,29.59,28.31
510,29.59,28.31
431,29.59,28.31
304,29.59,28.31
589,29.59,28.31
711,29.59,28.31
354,29.59,28.31
882,29.59,28.31
355,29.59,28.31
765,29.59,28.31
227,29.59,28.31
712,29.59,28.31
591,29.61,28.31
547,29.61,28.31
590,29.61,28.31
635,29.61,28.31
426,29.61,28.31
449,29.61,28.31
739,29.61,28.31
286,29.61,28.31
369,29.61,28.31
566,29.61,28.31
583,29.61,28.31
219,29.61,28.31
729,29.61,28.31
396,29.61,28.31
662,29.61,28.31
231,29.61,28.31
713,29.61,28.31
248,29.61,28.31
351,29.61,28.31
212,29.61,28.31
667,29.61,28.31
564,29.61,28.31
371,29.61,28.31
619,29.61,28.31
380,29.61,28.31
438,29.61,28.31
341,29.61,28.31
485,29.61,28.31
163,29.61,28.31
636,29.61,28.31
258,29.61,28.31
740,29.61,28.31
433,29.61,28.31
787,29.61,28.31
395,29.61,28.31
659,29.61,28.31
146,29.61,28.31
649,29.61,28.31
370,29.61,28.31
579,29.61,28.31
385,29.61,28.31
657,29.61,28.31
659,29.61,28.31
418,29.61,28.31
752,29.61,28.31
526,29.61,28.31
802,29.61,28.31
332,29.61,28.31
882,29.61,28.31
305,29.61,28.31
881,29.61,28.31
511,29.61,28.31
561,29.61,28.31
349,29.61,28.31
569,29.61,28.31
477,29.61,28.31
432,29.61,28.31
520,29.61,28.31
248,29.61,28.31
881,29.61,28.31
307,29.61,28.31
706,29.61,28.31
441,29.61,28.31
768,29.61,28.31
365,29.61,28.31
784,29.61,28.31
174,29.61,28.31
496,29.61,28.31
126,29.61,28.31
707,29.61,28.31
404,29.61,28.31
440,29.61,28.31
395,29.61,28.31
322,29.61,28.31
471,29.61,28.31
156,29.61,28.31
641,29.61,28.31
310,29.61,28.31
440,29.61,28.31
233,29.61,28.31
644,29.61,28.31
194,29.61,28.31
677,29.61,28.31
761,29.61,28.39
682,29.61,28.39
121,29.61,28.39
666,29.61,28.39
413,29.61,28.39
424,29.61,28.39
346,29.61,28.39
446,29.61,28.39
677,29.61,28.39
347,29.61,28.39
865,29.61,28.39
463,29.61,28.39
825,29.61,28.39
461,29.61,28.39
873,29.61,28.39
334,29.61,28.39
569,29.61,28.39
848,29.61,28.39
627,29.61,28.39
464,29.61,28.39
799,29.61,28.39
595,29.61,28.39
523,29.61,28.39
544,29.61,28.39
329,29.61,28.39
831,29.61,28.39
235,29.61,28.39
835,29.61,28.39
648,29.61,28.39
662,29.61,28.39
313,29.61,28.39
694,29.61,28.39
400,29.61,28.39
552,29.61,28.39
419,29.61,28.39
590,29.61,28.39
437,29.59,28.39
430,29.59,28.39
454,29.59,28.39
626,29.59,28.39
184,29.59,28.39
266,29.59,28.39
766,29.59,28.39
245,29.59,28.39
461,29.59,28.39
405,29.59,28.39
780,29.59,28.39
353,29.59,28.39
602,29.59,28.39
499,29.59,28.39
452,29.59,28.39
499,29.59,28.39
338,29.59,28.39
678,29.59,28.39
187,29.59,28.39
511,29.59,28.39
516,29.59,28.39
398,29.59,28.39
138,29.59,28.39
691,29.59,28.39
461,29.59,28.31
398,29.59,28.31
182,29.59,28.31
600,29.59,28.31
367,29.59,28.31
351,29.59,28.31
622,29.59,28.31
339,29.59,28.31
623,29.59,28.31
120,29.59,28.31
749,29.59,28.31
456,29.59,28.31
484,29.59,28.31
378,29.59,28.31
578,29.59,28.31
637,29.59,28.31
157,29.59,28.31
673,29.59,28.31
440,29.59,28.31
490,29.59,28.31
446,29.59,28.31
608,29.59,28.31
411,29.59,28.31
508,29.59,28.31
594,29.59,28.31
695,29.59,28.31
314,29.59,28.31
741,29.59,28.31
354,29.59,28.31
440,29.59,28.31
442,29.59,28.31
555,29.59,28.31
820,29.59,28.31
389,29.59,28.31
803,29.59,28.31
320,29.59,28.31
722,29.59,28.31
321,29.59,28.31
785,29.59,28.31
667,29.59,28.31
724,29.59,28.31
529,29.59,28.31
580,29.59,28.31
619,29.59,28.31
627,29.59,28.31
454,29.59,28.31
586,29.59,28.31
215,29.59,28.31
670,29.59,28.31
302,29.59,28.31
282,29.59,28.31
403,29.59,28.31
121,29.59,28.31
495,29.59,28.31
276,29.59,28.31
696,29.59,28.31
553,29.59,28.31
294,29.59,28.31
221,29.59,28.31
301,29.59,28.31
733,29.59,28.47
325,29.59,28.47
694,29.59,28.47
310,29.59,28.47
540,29.59,28.47
335,29.59,28.47
729,29.59,28.47
139,29.59,28.47
540,29.59,28.47
200,29.59,28.47
575,29.59,28.47
414,29.59,28.47
705,29.59,28.47
538,29.59,28.47
724,29.59,28.47
552,29.59,28.47
439,29.59,28.47
559,29.59,28.47
340,29.59,28.47
854,29.59,28.47
348,29.59,28.47
588,29.59,28.47
602,29.59,28.47
600,29.59,28.47
378,29.59,28.47
539,29.59,28.47
382,29.59,28.47
803,29.59,28.47
596,29.59,28.47
635,29.59,28.47
377,29.59,28.47
816,29.59,28.47
675,29.59,28.47
535,29.59,28.47
837,29.59,28.47
535,29.59,28.47
484,29.61,28.47
369,29.61,28.47
317,29.61,28.47
396,29.61,28.47
760,29.61,28.47
414,29.61,28.47
629,29.61,28.47
128,29.61,28.47
641,29.61,28.47
318,29.61,28.47
604,29.61,28.47
258,29.61,28.47
458,29.61,28.47
481,29.61,28.47
310,29.61,28.47
648,29.61,28.47
270,29.61,28.47
355,29.61,28.47
320,29.61,28.47
663,29.61,28.47
278,29.61,28.47
533,29.61,28.47
483,29.61,28.47
741,29.61,28.47
336,29.61,28.47
580,29.61,28.47
530,29.61,28.47
635,29.61,28.47
412,29.61,28.47
555,29.61,28.47
479,29.61,28.47
268,29.61,28.47
880,29.61,28.47
383,29.61,28.47
683,29.61,28.47
357,29.61,28.47
875,29.61,28.47
501,29.61,28.47
636,29.61,28.47
792,29.61,28.47
653,29.61,28.47
407,29.61,28.47
512,29.61,28.47
671,29.61,28.47
492,29.61,28.47
511,29.61,28.47
455,29.61,28.47
871,29.61,28.47
213,29.61,28.47
823,29.61,28.47
268,29.61,28.47
862,29.61,28.47
272,29.61,28.47
843,29.61,28.47
438,29.61,28.47
386,29.61,28.47
744,29.61,28.47
343,29.61,28.47
678,29.61,28.47
287,29.61,28.47
520,29.61,28.47
485,29.61,28.47
591,29.61,28.47
336,29.61,28.47
872,29.61,28.47
189,29.61,28.47
690,29.61,28.47
129,29.61,28.47
670,29.61,28.47
126,29.61,28.47
472,29.61,28.47
400,29.61,28.47
374,29.61,28.47
695,29.61,28.47
399,29.61,28.47
663,29.61,28.47
485,29.61,28.47
767,29.61,28.47
200,29.61,28.47
799,29.61,28.47
343,29.61,28.47
562,29.61,28.47
627,29.61,28.47
616,29.61,28.51
485,29.61,28.51
615,29.61,28.51
558,29.61,28.51
498,29.61,28.51
676,29.61,28.51
441,29.61,28.51
406,29.61,28.51
450,29.61,28.51
720,29.61,28.51
383,29.61,28.51
630,29.61,28.51
521,29.61,28.51
783,29.61,28.51
418,29.61,28.51
523,29.61,28.51
577,29.61,28.51
796,29.61,28.51
551,29.61,28.51
788,29.61,28.51
126,29.61,28.51
670,29.61,28.51
343,29.61,28.51
565,29.61,28.51
401,29.61,28.51
383,29.61,28.51
742,29.61,28.51
360,29.61,28.51
639,29.61,28.51
425,29.61,28.51
617,29.61,28.51
398,29.61,28.51
725,29.61,28.51
479,29.61,28.51
318,29.61,28.51
158,29.61,28.51
630,29.57,28.51
208,29.57,28.51
467,29.57,28.51
329,29.57,28.51
563,29.57,28.51
481,29.57,28.51
397,29.57,28.51
882,29.57,28.51
173,29.57,28.51
793,29.57,28.51
138,29.57,28.51
660,29.57,28.51
313,29.57,28.51
337,29.57,28.51
551,29.57,28.51
635,29.57,28.51
410,29.57,28.51
463,29.57,28.51
583,29.57,28.51
277,29.57,28.51
511,29.57,28.51
770,29.57,28.51
555,29.57,28.51
516,29.57,28.23
542,29.57,28.23
714,29.57,28.23
545,29.57,28.23
256,29.57,28.23
714,29.57,28.23
212,29.57,28.23
558,29.57,28.23
343,29.57,28.23
484,29.57,28.23
594,29.57,28.23
562,29.57,28.23
