518,32.43,31.35
646,32.43,31.35
363,32.43,31.35
122,32.43,31.35
318,32.43,31.35
884,32.43,31.35
793,32.43,31.35
169,32.43,31.35
544,32.43,31.35
189,32.43,31.35
768,32.43,31.35
885,32.43,31.35
770,32.43,31.35
238,32.43,31.35
302,32.43,31.35
796,32.43,31.35
125,32.43,31.33
571,32.43,31.33
286,32.43,31.33
882,32.43,31.33
538,32.43,31.33
570,32.43,31.33
588,32.43,31.33
597,32.43,31.33
381,32.43,31.33
777,32.43,31.33
288,32.43,31.33
232,32.43,31.33
557,32.43,31.33
440,32.43,31.33
494,32.43,31.33
118,32.43,31.33
432,32.43,31.33
406,32.43,31.33
663,32.43,31.33
118,32.43,31.33
779,32.43,31.33
346,32.43,31.33
599,32.43,31.33
383,32.43,31.33
368,32.43,31.33
518,32.43,31.33
361,32.43,31.33
376,32.43,31.33
202,32.43,31.33
675,32.43,31.33
188,32.43,31.33
418,32.43,31.33
510,32.43,31.33
676,32.43,31.33
269,32.43,31.33
880,32.43,31.33
228,32.47,31.33
731,32.47,31.33
403,32.47,31.33
477,32.47,31.33
518,32.47,31.33
504,32.47,31.33
633,32.47,31.33
499,32.47,31.33
716,32.47,31.33
331,32.47,31.33
762,32.47,31.33
242,32.47,31.33
572,32.47,31.33
552,32.47,31.33
619,32.47,31.33
650,32.47,31.33
359,32.47,31.33
708,32.47,31.33
648,32.47,31.33
623,32.47,31.33
694,32.47,31.33
786,32.47,31.33
489,32.47,31.33
681,32.47,31.33
363,32.47,31.35
843,32.47,31.35
333,32.47,31.35
613,32.47,31.35
334,32.47,31.35
556,32.47,31.35
270,32.47,31.35
480,32.47,31.35
871,32.47,31.35
314,32.47,31.35
466,32.47,31.35
228,32.47,31.35
637,32.47,31.35
465,32.47,31.35
763,32.47,31.35
249,32.47,31.35
846,32.47,31.35
119,32.47,31.35
685,32.47,31.35
294,32.47,31.35
424,32.47,31.35
161,32.47,31.35
512,32.47,31.35
395,32.47,31.35
223,32.47,31.35
650,32.47,31.35
241,32.47,31.35
451,32.47,31.35
241,32.47,31.35
638,32.47,31.35
210,32.47,31.35
738,32.47,31.35
544,32.47,31.35
648,32.47,31.35
477,32.47,31.35
472,32.47,31.35
285,32.47,31.35
429,32.47,31.35
118,32.47,31.35
552,32.47,31.35
602,32.47,31.35
239,32.47,31.35
803,32.47,31.35
270,32.47,31.35
767,32.47,31.35
224,32.47,31.35
741,32.47,31.35
299,32.47,31.35
682,32.47,31.35
457,32.47,31.35
882,32.47,31.35
470,32.47,31.35
602,32.47,31.35
456,32.47,31.35
609,32.47,31.35
327,32.47,31.35
440,32.47,31.35
627,32.47,31.35
454,32.47,31.35
297,32.47,31.55
376,32.47,31.55
882,32.47,31.55
337,32.47,31.55
881,32.47,31.55
430,32.47,31.55
698,32.47,31.55
132,32.47,31.55
768,32.47,31.55
373,32.47,31.55
726,32.47,31.55
314,32.47,31.55
571,32.47,31.55
622,32.47,31.55
203,32.47,31.55
705,32.47,31.55
391,32.47,31.55
635,32.47,31.55
330,32.47,31.55
762,32.47,31.55
124,32.47,31.55
797,32.47,31.55
127,32.47,31.55
699,32.47,31.55
225,32.47,31.55
385,32.47,31.55
608,32.47,31.55
359,32.47,31.55
250,32.47,31.55
437,32.47,31.55
822,32.47,31.55
468,32.47,31.55
349,32.47,31.55
679,32.47,31.55
403,32.47,31.55
189,32.47,31.55
657,32.45,31.55
172,32.45,31.55
529,32.45,31.55
131,32.45,31.55
838,32.45,31.55
432,32.45,31.55
461,32.45,31.55
613,32.45,31.55
450,32.45,31.55
341,32.45,31.55
321,32.45,31.55
814,32.45,31.55
502,32.45,31.55
387,32.45,31.55
586,32.45,31.55
797,32.45,31.55
527,32.45,31.55
744,32.45,31.55
563,32.45,31.55
700,32.45,31.55
181,32.45,31.55
840,32.45,31.55
571,32.45,31.55
420,32.45,31.55
819,32.45,31.43
498,32.45,31.43
797,32.45,31.43
398,32.45,31.43
869,32.45,31.43
528,32.45,31.43
348,32.45,31.43
373,32.45,31.43
655,32.45,31.43
547,32.45,31.43
388,32.45,31.43
422,32.45,31.43
601,32.45,31.43
215,32.45,31.43
499,32.45,31.43
726,32.45,31.43
450,32.45,31.43
530,32.45,31.43
189,32.45,31.43
753,32.45,31.43
351,32.45,31.43
489,32.45,31.43
591,32.45,31.43
505,32.45,31.43
122,32.45,31.43
292,32.45,31.43
618,32.45,31.43
141,32.45,31.43
607,32.45,31.43
412,32.45,31.43
546,32.45,31.43
551,32.45,31.43
469,32.45,31.43
475,32.45,31.43
647,32.45,31.43
473,32.45,31.43
786,32.47,31.43
349,32.47,31.43
767,32.47,31.43
472,32.47,31.43
500,32.47,31.43
528,32.47,31.43
555,32.47,31.43
861,32.47,31.43
536,32.47,31.43
597,32.47,31.43
383,32.47,31.43
732,32.47,31.43
360,32.47,31.43
504,32.47,31.43
561,32.47,31.43
583,32.47,31.43
581,32.47,31.43
467,32.47,31.43
179,32.47,31.43
684,32.47,31.43
378,32.47,31.43
458,32.47,31.43
403,32.47,31.43
139,32.47,31.35
711,32.47,31.35
341,32.47,31.35
630,32.47,31.35
466,32.47,31.35
843,32.47,31.35
398,32.47,31.35
459,32.47,31.35
534,32.47,31.35
414,32.47,31.35
206,32.47,31.35
343,32.47,31.35
346,32.47,31.35
438,32.47,31.35
210,32.47,31.35
527,32.47,31.35
531,32.47,31.35
343,32.47,31.35
125,32.47,31.35
386,32.47,31.35
505,32.47,31.35
224,32.47,31.35
786,32.47,31.35
437,32.47,31.35
330,32.47,31.35
469,32.47,31.35
482,32.47,31.35
246,32.47,31.35
753,32.47,31.35
336,32.47,31.35
486,32.47,31.35
315,32.47,31.35
582,32.47,31.35
342,32.47,31.35
718,32.47,31.35
254,32.47,31.35
262,32.47,31.35
526,32.47,31.35
420,32.47,31.35
527,32.47,31.35
333,32.47,31.35
747,32.47,31.35
430,32.47,31.35
656,32.47,31.35
362,32.47,31.35
639,32.47,31.35
629,32.47,31.35
528,32.47,31.35
710,32.47,31.35
322,32.47,31.35
493,32.47,31.35
639,32.47,31.35
524,32.47,31.35
552,32.47,31.35
670,32.47,31.35
491,32.47,31.35
495,32.47,31.35
378,32.47,31.35
634,32.47,31.35
386,32.47,31.35
754,32.47,31.27
463,32.47,31.27
248,32.47,31.27
502,32.47,31.27
266,32.47,31.27
653,32.47,31.27
369,32.47,31.27
276,32.47,31.27
483,32.47,31.27
585,32.47,31.27
388,32.47,31.27
764,32.47,31.27
476,32.47,31.27
536,32.47,31.27
540,32.47,31.27
589,32.47,31.27
142,32.47,31.27
666,32.47,31.27
321,32.47,31.27
397,32.47,31.27
703,32.47,31.27
315,32.47,31.27
479,32.47,31.27
276,32.47,31.27
576,32.47,31.27
528,32.47,31.27
541,32.47,31.27
647,32.47,31.27
688,32.47,31.27
589,32.47,31.27
466,32.47,31.27
589,32.47,31.27
549,32.47,31.27
581,32.47,31.27
522,32.47,31.27
729,32.47,31.27
151,32.47,31.27
512,32.47,31.27
373,32.47,31.27
650,32.47,31.27
324,32.47,31.27
774,32.47,31.27
542,32.47,31.27
456,32.47,31.27
782,32.47,31.27
393,32.47,31.27
854,32.47,31.27
525,32.47,31.27
718,32.47,31.27
526,32.47,31.27
684,32.47,31.27
466,32.47,31.27
605,32.47,31.27
314,32.47,31.27
681,32.47,31.27
314,32.47,31.27
633,32.47,31.27
484,32.47,31.27
507,32.47,31.27
679,32.47,31.43
482,32.47,31.43
719,32.47,31.43
343,32.47,31.43
660,32.47,31.43
274,32.47,31.43
681,32.47,31.43
216,32.47,31.43
521,32.47,31.43
504,32.47,31.43
358,32.47,31.43
671,32.47,31.43
559,32.47,31.43
165,32.47,31.43
339,32.47,31.43
475,32.47,31.43
352,32.47,31.43
756,32.47,31.43
135,32.47,31.43
856,32.47,31.43
200,32.47,31.43
634,32.47,31.43
145,32.47,31.43
787,32.47,31.43
341,32.47,31.43
768,32.47,31.43
199,32.47,31.43
453,32.47,31.43
227,32.47,31.43
522,32.47,31.43
550,32.47,31.43
192,32.47,31.43
476,32.47,31.43
605,32.47,31.43
435,32.47,31.43
652,32.47,31.43
744,32.49,31.43
480,32.49,31.43
885,32.49,31.43
279,32.49,31.43
867,32.49,31.43
519,32.49,31.43
562,32.49,31.43
595,32.49,31.43
392,32.49,31.43
611,32.49,31.43
