532,32.63,31.43
574,32.63,31.43
189,32.63,31.43
120,32.63,31.43
460,32.63,31.43
157,32.63,31.43
291,32.63,31.43
564,32.63,31.43
226,32.63,31.43
471,32.63,31.43
883,32.63,31.43
120,32.63,31.43
884,32.63,31.43
587,32.63,31.43
609,32.63,31.43
569,32.63,31.43
120,32.63,31.43
386,32.63,31.43
348,32.63,31.43
577,32.63,31.43
296,32.63,31.43
479,32.63,31.43
581,32.63,31.43
184,32.67,31.43
606,32.67,31.43
549,32.67,31.43
616,32.67,31.43
622,32.67,31.43
522,32.67,31.43
848,32.67,31.43
221,32.67,31.43
877,32.67,31.43
830,32.67,31.43
527,32.67,31.43
882,32.67,31.43
128,32.67,31.43
883,32.67,31.43
278,32.67,31.43
689,32.67,31.43
628,32.67,31.43
330,32.67,31.43
405,32.67,31.43
778,32.67,31.43
708,32.67,31.43
673,32.67,31.43
608,32.67,31.43
817,32.67,31.43
589,32.67,31.55
369,32.67,31.55
730,32.67,31.55
513,32.67,31.55
243,32.67,31.55
320,32.67,31.55
527,32.67,31.55
163,32.67,31.55
717,32.67,31.55
478,32.67,31.55
570,32.67,31.55
326,32.67,31.55
332,32.67,31.55
668,32.67,31.55
225,32.67,31.55
253,32.67,31.55
642,32.67,31.55
335,32.67,31.55
501,32.67,31.55
503,32.67,31.55
497,32.67,31.55
449,32.67,31.55
281,32.67,31.55
196,32.67,31.55
362,32.67,31.55
385,32.67,31.55
377,32.67,31.55
627,32.67,31.55
428,32.67,31.55
430,32.67,31.55
739,32.67,31.55
598,32.67,31.55
341,32.67,31.55
447,32.67,31.55
503,32.67,31.55
406,32.67,31.55
765,32.61,31.55
678,32.61,31.55
548,32.61,31.55
644,32.61,31.55
713,32.61,31.55
697,32.61,31.55
409,32.61,31.55
597,32.61,31.55
711,32.61,31.55
607,32.61,31.55
394,32.61,31.55
563,32.61,31.55
636,32.61,31.55
742,32.61,31.55
560,32.61,31.55
883,32.61,31.55
515,32.61,31.55
580,32.61,31.55
618,32.61,31.55
401,32.61,31.55
577,32.61,31.55
261,32.61,31.55
658,32.61,31.55
119,32.61,31.53
509,32.61,31.53
400,32.61,31.53
707,32.61,31.53
297,32.61,31.53
710,32.61,31.53
266,32.61,31.53
866,32.61,31.53
243,32.61,31.53
429,32.61,31.53
533,32.61,31.53
507,32.61,31.53
537,32.61,31.53
339,32.61,31.53
809,32.61,31.53
246,32.61,31.53
690,32.61,31.53
275,32.61,31.53
646,32.61,31.53
477,32.61,31.53
647,32.61,31.53
359,32.61,31.53
654,32.61,31.53
154,32.61,31.53
681,32.61,31.53
119,32.61,31.53
838,32.61,31.53
337,32.61,31.53
659,32.61,31.53
726,32.61,31.53
496,32.61,31.53
656,32.61,31.53
293,32.61,31.53
493,32.61,31.53
267,32.61,31.53
754,32.61,31.53
264,32.65,31.53
755,32.65,31.53
370,32.65,31.53
526,32.65,31.53
542,32.65,31.53
854,32.65,31.53
657,32.65,31.53
866,32.65,31.53
499,32.65,31.53
514,32.65,31.53
589,32.65,31.53
734,32.65,31.53
449,32.65,31.53
165,32.65,31.53
698,32.65,31.53
119,32.65,31.53
612,32.65,31.53
518,32.65,31.53
659,32.65,31.53
496,32.65,31.53
546,32.65,31.53
346,32.65,31.53
491,32.65,31.53
573,32.65,31.53
746,32.65,31.47
463,32.65,31.47
321,32.65,31.47
483,32.65,31.47
443,32.65,31.47
361,32.65,31.47
490,32.65,31.47
782,32.65,31.47
288,32.65,31.47
513,32.65,31.47
455,32.65,31.47
654,32.65,31.47
505,32.65,31.47
407,32.65,31.47
566,32.65,31.47
385,32.65,31.47
476,32.65,31.47
264,32.65,31.47
374,32.65,31.47
517,32.65,31.47
596,32.65,31.47
525,32.65,31.47
675,32.65,31.47
324,32.65,31.47
611,32.65,31.47
205,32.65,31.47
433,32.65,31.47
329,32.65,31.47
535,32.65,31.47
348,32.65,31.47
404,32.65,31.47
649,32.65,31.47
571,32.65,31.47
884,32.65,31.47
389,32.65,31.47
839,32.65,31.47
353,32.63,31.47
718,32.63,31.47
497,32.63,31.47
774,32.63,31.47
439,32.63,31.47
491,32.63,31.47
409,32.63,31.47
562,32.63,31.47
363,32.63,31.47
423,32.63,31.47
684,32.63,31.47
177,32.63,31.47
681,32.63,31.47
437,32.63,31.47
885,32.63,31.47
352,32.63,31.47
885,32.63,31.47
272,32.63,31.47
648,32.63,31.47
119,32.63,31.47
514,32.63,31.47
752,32.63,31.47
118,32.63,31.47
646,32.63,31.27
416,32.63,31.27
280,32.63,31.27
425,32.63,31.27
699,32.63,31.27
352,32.63,31.27
745,32.63,31.27
311,32.63,31.27
702,32.63,31.27
132,32.63,31.27
787,32.63,31.27
436,32.63,31.27
493,32.63,31.27
412,32.63,31.27
434,32.63,31.27
500,32.63,31.27
338,32.63,31.27
297,32.63,31.27
453,32.63,31.27
466,32.63,31.27
617,32.63,31.27
590,32.63,31.27
535,32.63,31.27
884,32.63,31.27
349,32.63,31.27
834,32.63,31.27
224,32.63,31.27
851,32.63,31.27
132,32.63,31.27
731,32.63,31.27
438,32.63,31.27
533,32.63,31.27
559,32.63,31.27
659,32.63,31.27
578,32.63,31.27
712,32.63,31.27
803,32.65,31.27
310,32.65,31.27
546,32.65,31.27
528,32.65,31.27
751,32.65,31.27
526,32.65,31.27
671,32.65,31.27
535,32.65,31.27
682,32.65,31.27
262,32.65,31.27
884,32.65,31.27
338,32.65,31.27
655,32.65,31.27
576,32.65,31.27
451,32.65,31.27
716,32.65,31.27
293,32.65,31.27
549,32.65,31.27
835,32.65,31.27
330,32.65,31.27
524,32.65,31.27
771,32.65,31.27
351,32.65,31.27
793,32.65,31.27
712,32.65,31.47
561,32.65,31.47
381,32.65,31.47
683,32.65,31.47
382,32.65,31.47
576,32.65,31.47
473,32.65,31.47
420,32.65,31.47
620,32.65,31.47
194,32.65,31.47
640,32.65,31.47
539,32.65,31.47
537,32.65,31.47
586,32.65,31.47
596,32.65,31.47
544,32.65,31.47
444,32.65,31.47
365,32.65,31.47
677,32.65,31.47
161,32.65,31.47
370,32.65,31.47
450,32.65,31.47
406,32.65,31.47
214,32.65,31.47
332,32.65,31.47
486,32.65,31.47
381,32.65,31.47
632,32.65,31.47
416,32.65,31.47
878,32.65,31.47
432,32.65,31.47
630,32.65,31.47
612,32.65,31.47
413,32.65,31.47
730,32.65,31.47
467,32.65,31.47
290,32.67,31.47
832,32.67,31.47
613,32.67,31.47
573,32.67,31.47
625,32.67,31.47
468,32.67,31.47
503,32.67,31.47
758,32.67,31.47
351,32.67,31.47
526,32.67,31.47
728,32.67,31.47
555,32.67,31.47
374,32.67,31.47
779,32.67,31.47
592,32.67,31.47
884,32.67,31.47
561,32.67,31.47
722,32.67,31.47
711,32.67,31.47
328,32.67,31.47
500,32.67,31.47
446,32.67,31.47
721,32.67,31.47
425,32.67,31.47
736,32.67,31.47
388,32.67,31.47
384,32.67,31.47
584,32.67,31.47
649,32.67,31.47
119,32.67,31.47
692,32.67,31.47
313,32.67,31.47
594,32.67,31.47
277,32.67,31.47
654,32.67,31.47
359,32.67,31.47
448,32.67,31.47
243,32.67,31.47
477,32.67,31.47
648,32.67,31.47
247,32.67,31.47
755,32.67,31.47
554,32.67,31.47
432,32.67,31.47
377,32.67,31.47
461,32.67,31.47
403,32.67,31.47
660,32.67,31.47
120,32.67,31.47
736,32.67,31.47
426,32.67,31.47
848,32.67,31.47
515,32.67,31.47
590,32.67,31.47
594,32.67,31.47
331,32.67,31.47
557,32.67,31.47
167,32.67,31.47
782,32.67,31.47
141,32.63,31.47
825,32.63,31.47
131,32.63,31.47
675,32.63,31.47
714,32.63,31.47
545,32.63,31.47
576,32.63,31.47
659,32.63,31.47
310,32.63,31.47
694,32.63,31.47
659,32.63,31.47
464,32.63,31.47
729,32.63,31.47
474,32.63,31.47
768,32.63,31.47
171,32.63,31.47
618,32.63,31.47
347,32.63,31.47
824,32.63,31.47
319,32.63,31.47
611,32.63,31.47
777,32.63,31.47
539,32.63,31.47
811,32.63,31.55
587,32.63,31.55
500,32.63,31.55
305,32.63,31.55
586,32.63,31.55
398,32.63,31.55
518,32.63,31.55
364,32.63,31.55
535,32.63,31.55
180,32.63,31.55
561,32.63,31.55
266,32.63,31.55
600,32.63,31.55
478,32.63,31.55
472,32.63,31.55
560,32.63,31.55
