379,31.39,30.19
692,31.39,30.19
440,31.39,30.19
381,31.39,30.05
493,31.39,30.05
368,31.39,30.05
883,31.39,30.05
369,31.39,30.05
688,31.39,30.05
627,31.39,30.05
689,31.39,30.05
563,31.39,30.05
785,31.39,30.05
389,31.39,30.05
884,31.39,30.05
430,31.39,30.05
646,31.39,30.05
550,31.39,30.05
463,31.39,30.05
495,31.39,30.05
490,31.39,30.05
362,31.39,30.05
334,31.39,30.05
548,31.39,30.05
188,31.39,30.05
474,31.39,30.05
545,31.39,30.05
738,31.39,30.05
431,31.39,30.05
648,31.39,30.05
667,31.39,30.05
558,31.39,30.05
393,31.39,30.05
458,31.39,30.05
595,31.39,30.05
486,31.39,30.05
506,31.39,30.05
485,31.39,30.05
540,31.39,30.05
446,31.39,30.05
540,31.39,30.05
655,31.39,30.05
389,31.39,30.05
212,31.39,30.05
645,31.39,30.05
565,31.39,30.05
453,31.39,30.05
608,31.39,30.05
364,31.39,30.05
602,31.39,30.05
362,31.39,30.05
318,31.39,30.05
402,31.39,30.05
291,31.39,30.05
581,31.39,30.05
397,31.39,30.05
626,31.39,30.05
359,31.39,30.05
494,31.39,30.05
470,31.39,30.05
340,31.39,30.05
403,31.39,30.05
451,31.39,30.05
767,31.39,30.29
452,31.39,30.29
591,31.39,30.29
492,31.39,30.29
395,31.39,30.29
694,31.39,30.29
330,31.39,30.29
247,31.39,30.29
546,31.39,30.29
282,31.39,30.29
498,31.39,30.29
198,31.39,30.29
701,31.39,30.29
552,31.39,30.29
567,31.39,30.29
646,31.39,30.29
405,31.39,30.29
666,31.39,30.29
510,31.39,30.29
535,31.39,30.29
766,31.39,30.29
536,31.39,30.29
463,31.39,30.29
728,31.39,30.29
553,31.39,30.29
474,31.39,30.29
671,31.39,30.29
477,31.39,30.29
508,31.39,30.29
777,31.39,30.29
268,31.39,30.29
735,31.39,30.29
575,31.39,30.29
324,31.39,30.29
563,31.39,30.29
376,31.39,30.29
507,31.35,30.29
530,31.35,30.29
418,31.35,30.29
362,31.35,30.29
642,31.35,30.29
513,31.35,30.29
579,31.35,30.29
226,31.35,30.29
376,31.35,30.29
130,31.35,30.29
564,31.35,30.29
363,31.35,30.29
380,31.35,30.29
267,31.35,30.29
415,31.35,30.29
611,31.35,30.29
301,31.35,30.29
636,31.35,30.29
233,31.35,30.29
321,31.35,30.29
284,31.35,30.29
621,31.35,30.29
119,31.35,30.29
708,31.35,30.29
350,31.35,30.17
690,31.35,30.17
426,31.35,30.17
572,31.35,30.17
248,31.35,30.17
662,31.35,30.17
493,31.35,30.17
448,31.35,30.17
770,31.35,30.17
208,31.35,30.17
882,31.35,30.17
472,31.35,30.17
728,31.35,30.17
443,31.35,30.17
666,31.35,30.17
339,31.35,30.17
658,31.35,30.17
432,31.35,30.17
696,31.35,30.17
508,31.35,30.17
438,31.35,30.17
713,31.35,30.17
446,31.35,30.17
470,31.35,30.17
553,31.35,30.17
689,31.35,30.17
353,31.35,30.17
868,31.35,30.17
238,31.35,30.17
881,31.35,30.17
341,31.35,30.17
881,31.35,30.17
269,31.35,30.17
673,31.35,30.17
252,31.35,30.17
464,31.35,30.17
622,31.37,30.17
123,31.37,30.17
661,31.37,30.17
675,31.37,30.17
672,31.37,30.17
478,31.37,30.17
808,31.37,30.17
290,31.37,30.17
842,31.37,30.17
130,31.37,30.17
667,31.37,30.17
315,31.37,30.17
481,31.37,30.17
431,31.37,30.17
477,31.37,30.17
586,31.37,30.17
194,31.37,30.17
844,31.37,30.17
123,31.37,30.17
533,31.37,30.17
314,31.37,30.17
637,31.37,30.17
132,31.37,30.17
651,31.37,30.37
439,31.37,30.37
628,31.37,30.37
216,31.37,30.37
843,31.37,30.37
393,31.37,30.37
560,31.37,30.37
454,31.37,30.37
515,31.37,30.37
805,31.37,30.37
463,31.37,30.37
669,31.37,30.37
573,31.37,30.37
566,31.37,30.37
278,31.37,30.37
860,31.37,30.37
522,31.37,30.37
756,31.37,30.37
688,31.37,30.37
723,31.37,30.37
488,31.37,30.37
763,31.37,30.37
284,31.37,30.37
722,31.37,30.37
322,31.37,30.37
439,31.37,30.37
405,31.37,30.37
391,31.37,30.37
552,31.37,30.37
352,31.37,30.37
884,31.37,30.37
273,31.37,30.37
883,31.37,30.37
408,31.37,30.37
658,31.37,30.37
370,31.37,30.37
570,31.37,30.37
497,31.37,30.37
419,31.37,30.37
525,31.37,30.37
683,31.37,30.37
429,31.37,30.37
383,31.37,30.37
753,31.37,30.37
298,31.37,30.37
474,31.37,30.37
334,31.37,30.37
836,31.37,30.37
214,31.37,30.37
793,31.37,30.37
384,31.37,30.37
733,31.37,30.37
620,31.37,30.37
487,31.37,30.37
495,31.37,30.37
451,31.37,30.37
285,31.37,30.37
680,31.37,30.37
414,31.37,30.37
385,31.37,30.37
749,31.37,30.25
245,31.37,30.25
324,31.37,30.25
260,31.37,30.25
648,31.37,30.25
118,31.37,30.25
689,31.37,30.25
236,31.37,30.25
811,31.37,30.25
321,31.37,30.25
514,31.37,30.25
623,31.37,30.25
515,31.37,30.25
471,31.37,30.25
253,31.37,30.25
662,31.37,30.25
560,31.37,30.25
581,31.37,30.25
661,31.37,30.25
763,31.37,30.25
323,31.37,30.25
853,31.37,30.25
462,31.37,30.25
551,31.37,30.25
556,31.37,30.25
766,31.37,30.25
506,31.37,30.25
392,31.37,30.25
884,31.37,30.25
312,31.37,30.25
725,31.37,30.25
237,31.37,30.25
659,31.37,30.25
520,31.37,30.25
209,31.37,30.25
557,31.37,30.25
676,31.37,30.25
403,31.37,30.25
311,31.37,30.25
515,31.37,30.25
469,31.37,30.25
335,31.37,30.25
415,31.37,30.25
809,31.37,30.25
254,31.37,30.25
610,31.37,30.25
330,31.37,30.25
548,31.37,30.25
382,31.37,30.25
390,31.37,30.25
522,31.37,30.25
343,31.37,30.25
522,31.37,30.25
249,31.37,30.25
526,31.37,30.25
286,31.37,30.25
319,31.37,30.25
582,31.37,30.25
546,31.37,30.25
511,31.37,30.23
705,31.37,30.23
498,31.37,30.23
491,31.37,30.23
538,31.37,30.23
746,31.37,30.23
342,31.37,30.23
682,31.37,30.23
529,31.37,30.23
571,31.37,30.23
448,31.37,30.23
282,31.37,30.23
740,31.37,30.23
357,31.37,30.23
547,31.37,30.23
429,31.37,30.23
574,31.37,30.23
486,31.37,30.23
870,31.37,30.23
516,31.37,30.23
576,31.37,30.23
611,31.37,30.23
721,31.37,30.23
464,31.37,30.23
529,31.37,30.23
630,31.37,30.23
180,31.37,30.23
739,31.37,30.23
364,31.37,30.23
708,31.37,30.23
427,31.37,30.23
535,31.37,30.23
263,31.37,30.23
743,31.37,30.23
558,31.37,30.23
380,31.37,30.23
613,31.39,30.23
443,31.39,30.23
497,31.39,30.23
262,31.39,30.23
354,31.39,30.23
375,31.39,30.23
432,31.39,30.23
256,31.39,30.23
715,31.39,30.23
235,31.39,30.23
724,31.39,30.23
172,31.39,30.23
590,31.39,30.23
478,31.39,30.23
542,31.39,30.23
423,31.39,30.23
510,31.39,30.23
548,31.39,30.23
117,31.39,30.23
593,31.39,30.23
229,31.39,30.23
547,31.39,30.23
333,31.39,30.23
431,31.39,30.23
293,31.39,30.45
276,31.39,30.45
550,31.39,30.45
587,31.39,30.45
351,31.39,30.45
683,31.39,30.45
241,31.39,30.45
567,31.39,30.45
571,31.39,30.45
298,31.39,30.45
811,31.39,30.45
325,31.39,30.45
883,31.39,30.45
599,31.39,30.45
585,31.39,30.45
267,31.39,30.45
777,31.39,30.45
380,31.39,30.45
542,31.39,30.45
321,31.39,30.45
523,31.39,30.45
467,31.39,30.45
724,31.39,30.45
355,31.39,30.45
536,31.39,30.45
618,31.39,30.45
571,31.39,30.45
629,31.39,30.45
256,31.39,30.45
580,31.39,30.45
295,31.39,30.45
825,31.39,30.45
125,31.39,30.45
422,31.39,30.45
613,31.39,30.45
422,31.39,30.45
309,31.39,30.45
769,31.39,30.45
223,31.39,30.45
304,31.39,30.45
600,31.39,30.45
652,31.39,30.45
350,31.39,30.45
325,31.39,30.45
437,31.39,30.45
467,31.39,30.45
669,31.39,30.45
118,31.39,30.45
728,31.39,30.45
444,31.39,30.45
484,31.39,30.45
313,31.39,30.45
718,31.39,30.45
485,31.39,30.45
670,31.39,30.45
639,31.39,30.45
535,31.39,30.45
184,31.39,30.45
695,31.39,30.45
