503,32.13,30.93
545,32.13,30.93
120,32.13,30.93
727,32.13,30.93
214,32.13,30.93
856,32.13,30.93
168,32.13,30.93
787,32.13,30.93
279,32.13,30.93
845,32.13,30.93
121,32.13,30.93
668,32.13,30.93
499,32.13,30.93
524,32.13,30.93
704,32.13,30.93
381,32.13,30.93
605,32.13,30.93
623,32.13,30.93
408,32.13,30.93
313,32.13,30.93
792,32.13,30.93
291,32.13,30.93
581,32.13,30.93
540,32.13,30.93
447,32.13,30.93
306,32.13,30.93
636,32.13,30.93
342,32.13,30.93
655,32.13,30.93
446,32.13,30.93
570,32.13,30.93
784,32.13,30.93
235,32.13,30.93
431,32.13,30.93
356,32.13,30.93
623,32.13,30.93
133,32.13,30.93
669,32.13,30.93
609,32.13,30.93
730,32.13,30.93
317,32.13,30.93
881,32.13,30.93
256,32.13,30.93
689,32.13,30.93
404,32.13,30.93
392,32.13,30.93
316,32.13,30.93
135,32.13,30.93
841,32.13,30.93
206,32.13,30.93
707,32.13,30.93
477,32.13,30.93
784,32.13,30.93
137,32.13,30.93
673,32.13,30.93
391,32.13,30.93
741,32.13,30.93
461,32.13,30.93
793,32.13,30.93
406,32.13,30.93
767,32.13,30.93
393,32.13,30.93
873,32.13,30.93
608,32.13,30.93
224,32.13,30.93
768,32.13,30.93
323,32.13,30.93
733,32.13,30.93
336,32.13,30.93
878,32.13,30.93
520,32.13,30.93
750,32.13,30.93
440,32.13,30.93
881,32.13,30.93
274,32.13,30.93
506,32.13,30.93
584,32.13,30.93
435,32.13,30.93
203,32.13,30.93
555,32.13,30.93
459,32.13,30.93
182,32.13,30.93
382,32.07,30.93
267,32.07,30.93
761,32.07,30.93
119,32.07,30.93
874,32.07,30.93
178,32.07,30.93
599,32.07,30.93
285,32.07,30.93
689,32.07,30.93
626,32.07,30.93
416,32.07,30.93
467,32.07,30.93
256,32.07,30.93
463,32.07,30.93
269,32.07,30.93
400,32.07,30.93
663,32.07,30.93
504,32.07,30.93
240,32.07,30.93
562,32.07,30.93
451,32.07,30.93
627,32.07,30.93
461,32.07,30.93
744,32.07,30.93
298,32.07,30.99
591,32.07,30.99
496,32.07,30.99
507,32.07,30.99
674,32.07,30.99
577,32.07,30.99
434,32.07,30.99
347,32.07,30.99
447,32.07,30.99
477,32.07,30.99
461,32.07,30.99
492,32.07,30.99
464,32.07,30.99
707,32.07,30.99
420,32.07,30.99
665,32.07,30.99
689,32.07,30.99
527,32.07,30.99
406,32.07,30.99
587,32.07,30.99
313,32.07,30.99
419,32.07,30.99
596,32.07,30.99
875,32.07,30.99
542,32.07,30.99
477,32.07,30.99
722,32.07,30.99
250,32.07,30.99
721,32.07,30.99
278,32.07,30.99
514,32.07,30.99
479,32.07,30.99
519,32.07,30.99
344,32.07,30.99
766,32.07,30.99
700,32.07,30.99
467,32.07,30.99
763,32.07,30.99
519,32.07,30.99
533,32.07,30.99
641,32.07,30.99
431,32.07,30.99
472,32.07,30.99
597,32.07,30.99
408,32.07,30.99
816,32.07,30.99
459,32.07,30.99
707,32.07,30.99
450,32.07,30.99
631,32.07,30.99
400,32.07,30.99
728,32.07,30.99
741,32.07,30.99
341,32.07,30.99
719,32.07,30.99
291,32.07,30.99
510,32.07,30.99
403,32.07,30.99
542,32.07,30.99
594,32.07,30.99
432,32.07,30.99
285,32.07,30.99
339,32.07,30.99
623,32.07,30.99
635,32.07,30.99
466,32.07,30.99
697,32.07,30.99
489,32.07,30.99
498,32.07,30.99
418,32.07,30.99
394,32.07,30.99
710,32.07,30.99
116,32.07,30.99
733,32.07,30.99
219,32.07,30.99
511,32.07,30.99
592,32.07,30.99
466,32.07,30.99
647,32.07,30.99
354,32.07,30.99
321,32.07,30.99
160,32.07,30.99
647,32.07,30.99
277,32.07,30.99
615,32.07,30.99
528,32.07,30.99
606,32.07,30.99
119,32.07,30.99
568,32.07,30.99
257,32.07,30.99
545,32.07,30.99
410,32.07,30.99
249,32.07,30.99
764,32.07,30.99
277,32.07,30.99
647,32.07,30.99
289,32.07,30.99
885,32.07,30.99
382,32.07,30.99
469,32.07,30.99
386,32.07,30.99
480,32.07,30.99
539,32.07,30.99
524,32.07,30.99
542,32.07,30.99
394,32.07,30.99
332,32.07,30.99
717,32.07,30.99
455,32.07,30.99
115,32.07,30.99
713,32.07,30.99
379,32.07,30.99
579,32.07,30.99
386,32.07,30.99
740,32.07,30.99
693,32.07,30.99
539,32.07,30.99
666,32.07,30.99
436,32.07,30.99
662,32.07,30.97
154,32.07,30.97
821,32.07,30.97
478,32.07,30.97
762,32.07,30.97
670,32.07,30.97
453,32.07,30.97
723,32.07,30.97
395,32.07,30.97
607,32.07,30.97
774,32.07,30.97
277,32.07,30.97
426,32.07,30.97
756,32.07,30.97
438,32.07,30.97
870,32.07,30.97
361,32.07,30.97
884,32.07,30.97
594,32.07,30.97
852,32.07,30.97
251,32.07,30.97
719,32.07,30.97
653,32.07,30.97
443,32.07,30.97
864,32.07,30.97
119,32.07,30.97
713,32.07,30.97
402,32.07,30.97
767,32.07,30.97
331,32.07,30.97
125,32.07,30.97
533,32.07,30.97
611,32.07,30.97
492,32.07,30.97
689,32.07,30.97
299,32.07,30.97
589,32.07,30.97
517,32.07,30.97
318,32.07,30.97
692,32.07,30.97
118,32.07,30.97
753,32.07,30.97
196,32.07,30.97
578,32.07,30.97
118,32.07,30.97
884,32.07,30.97
433,32.07,30.97
598,32.07,30.97
379,32.07,30.97
500,32.07,30.97
716,32.07,30.97
368,32.07,30.97
505,32.07,30.97
120,32.07,30.97
488,32.07,30.97
459,32.07,30.97
620,32.07,30.97
285,32.07,30.97
665,32.07,30.97
181,32.07,30.97
755,32.07,31.05
117,32.07,31.05
463,32.07,31.05
414,32.07,31.05
424,32.07,31.05
294,32.07,31.05
327,32.07,31.05
883,32.07,31.05
257,32.07,31.05
884,32.07,31.05
412,32.07,31.05
864,32.07,31.05
214,32.07,31.05
583,32.07,31.05
375,32.07,31.05
404,32.07,31.05
482,32.07,31.05
614,32.07,31.05
482,32.07,31.05
382,32.07,31.05
631,32.07,31.05
596,32.07,31.05
586,32.07,31.05
230,32.07,31.05
836,32.07,31.05
219,32.07,31.05
880,32.07,31.05
362,32.07,31.05
834,32.07,31.05
608,32.07,31.05
632,32.07,31.05
336,32.07,31.05
459,32.07,31.05
429,32.07,31.05
347,32.07,31.05
882,32.07,31.05
135,32.09,31.05
626,32.09,31.05
585,32.09,31.05
692,32.09,31.05
374,32.09,31.05
786,32.09,31.05
434,32.09,31.05
780,32.09,31.05
440,32.09,31.05
607,32.09,31.05
609,32.09,31.05
429,32.09,31.05
703,32.09,31.05
519,32.09,31.05
570,32.09,31.05
357,32.09,31.05
577,32.09,31.05
596,32.09,31.05
752,32.09,31.05
321,32.09,31.05
395,32.09,31.05
733,32.09,31.05
389,32.09,31.05
745,32.09,31.05
508,32.09,30.87
672,32.09,30.87
276,32.09,30.87
570,32.09,30.87
316,32.09,30.87
699,32.09,30.87
592,32.09,30.87
381,32.09,30.87
688,32.09,30.87
409,32.09,30.87
206,32.09,30.87
767,32.09,30.87
600,32.09,30.87
347,32.09,30.87
660,32.09,30.87
480,32.09,30.87
669,32.09,30.87
505,32.09,30.87
783,32.09,30.87
355,32.09,30.87
756,32.09,30.87
461,32.09,30.87
372,32.09,30.87
565,32.09,30.87
290,32.09,30.87
638,32.09,30.87
493,32.09,30.87
281,32.09,30.87
581,32.09,30.87
394,32.09,30.87
527,32.09,30.87
739,32.09,30.87
502,32.09,30.87
635,32.09,30.87
583,32.09,30.87
466,32.09,30.87
450,32.13,30.87
348,32.13,30.87
260,32.13,30.87
448,32.13,30.87
700,32.13,30.87
136,32.13,30.87
705,32.13,30.87
342,32.13,30.87
460,32.13,30.87
456,32.13,30.87
473,32.13,30.87
333,32.13,30.87
279,32.13,30.87
678,32.13,30.87
407,32.13,30.87
407,32.13,30.87
199,32.13,30.87
547,32.13,30.87
520,32.13,30.87
429,32.13,30.87
632,32.13,30.87
290,32.13,30.87
540,32.13,30.87
367,32.13,31.07
305,32.13,31.07
418,32.13,31.07
360,32.13,31.07
402,32.13,31.07
530,32.13,31.07
181,32.13,31.07
630,32.13,31.07
364,32.13,31.07
314,32.13,31.07
396,32.13,31.07
495,32.13,31.07
414,32.13,31.07
174,32.13,31.07
737,32.13,31.07
278,32.13,31.07
