448,30.23,29.09
385,30.23,29.09
519,30.23,29.09
198,30.23,29.09
414,30.23,29.09
466,30.23,29.09
744,30.23,29.09
274,30.23,29.09
613,30.23,29.09
448,30.23,29.09
744,30.23,29.09
515,30.23,29.09
668,30.23,29.09
778,30.23,29.09
547,30.23,29.09
649,30.23,29.09
607,30.23,29.09
462,30.23,29.09
356,30.23,29.09
617,30.23,29.09
501,30.23,29.09
494,30.23,29.09
622,30.19,29.09
533,30.19,29.09
519,30.19,29.09
720,30.19,29.09
325,30.19,29.09
882,30.19,29.09
336,30.19,29.09
737,30.19,29.09
306,30.19,29.09
327,30.19,29.09
599,30.19,29.09
424,30.19,29.09
579,30.19,29.09
127,30.19,29.09
629,30.19,29.09
155,30.19,29.09
639,30.19,29.09
559,30.19,29.09
493,30.19,29.09
363,30.19,29.09
544,30.19,29.09
383,30.19,29.09
649,30.19,29.09
489,30.19,29.09
377,30.19,29.03
424,30.19,29.03
417,30.19,29.03
205,30.19,29.03
178,30.19,29.03
683,30.19,29.03
119,30.19,29.03
724,30.19,29.03
218,30.19,29.03
406,30.19,29.03
389,30.19,29.03
444,30.19,29.03
648,30.19,29.03
487,30.19,29.03
526,30.19,29.03
292,30.19,29.03
475,30.19,29.03
463,30.19,29.03
630,30.19,29.03
126,30.19,29.03
870,30.19,29.03
379,30.19,29.03
678,30.19,29.03
412,30.19,29.03
597,30.19,29.03
425,30.19,29.03
738,30.19,29.03
460,30.19,29.03
451,30.19,29.03
805,30.19,29.03
119,30.19,29.03
882,30.19,29.03
369,30.19,29.03
416,30.19,29.03
343,30.19,29.03
636,30.19,29.03
491,30.19,29.03
548,30.19,29.03
456,30.19,29.03
589,30.19,29.03
413,30.19,29.03
685,30.19,29.03
454,30.19,29.03
708,30.19,29.03
408,30.19,29.03
483,30.19,29.03
736,30.19,29.03
248,30.19,29.03
687,30.19,29.03
401,30.19,29.03
635,30.19,29.03
507,30.19,29.03
711,30.19,29.03
317,30.19,29.03
673,30.19,29.03
461,30.19,29.03
291,30.19,29.03
751,30.19,29.03
323,30.19,29.03
451,30.19,29.03
575,30.19,28.99
705,30.19,28.99
224,30.19,28.99
672,30.19,28.99
416,30.19,28.99
527,30.19,28.99
191,30.19,28.99
760,30.19,28.99
331,30.19,28.99
312,30.19,28.99
209,30.19,28.99
491,30.19,28.99
464,30.19,28.99
159,30.19,28.99
870,30.19,28.99
231,30.19,28.99
265,30.19,28.99
465,30.19,28.99
465,30.19,28.99
177,30.19,28.99
568,30.19,28.99
372,30.19,28.99
731,30.19,28.99
238,30.19,28.99
784,30.19,28.99
335,30.19,28.99
574,30.19,28.99
402,30.19,28.99
701,30.19,28.99
455,30.19,28.99
144,30.19,28.99
736,30.19,28.99
307,30.19,28.99
701,30.19,28.99
266,30.19,28.99
549,30.19,28.99
464,30.19,28.99
593,30.19,28.99
556,30.19,28.99
664,30.19,28.99
383,30.19,28.99
734,30.19,28.99
552,30.19,28.99
582,30.19,28.99
508,30.19,28.99
389,30.19,28.99
572,30.19,28.99
207,30.19,28.99
389,30.19,28.99
293,30.19,28.99
881,30.19,28.99
229,30.19,28.99
879,30.19,28.99
464,30.19,28.99
257,30.19,28.99
614,30.19,28.99
653,30.19,28.99
613,30.19,28.99
509,30.19,28.99
419,30.19,28.95
696,30.19,28.95
390,30.19,28.95
356,30.19,28.95
666,30.19,28.95
688,30.19,28.95
422,30.19,28.95
253,30.19,28.95
732,30.19,28.95
305,30.19,28.95
560,30.19,28.95
125,30.19,28.95
271,30.19,28.95
729,30.19,28.95
556,30.19,28.95
659,30.19,28.95
320,30.19,28.95
299,30.19,28.95
582,30.19,28.95
363,30.19,28.95
464,30.19,28.95
121,30.19,28.95
422,30.19,28.95
230,30.19,28.95
190,30.19,28.95
752,30.19,28.95
215,30.19,28.95
477,30.19,28.95
468,30.19,28.95
437,30.19,28.95
776,30.19,28.95
124,30.19,28.95
715,30.19,28.95
614,30.19,28.95
307,30.19,28.95
869,30.19,28.95
463,30.19,28.95
417,30.19,28.95
719,30.19,28.95
197,30.19,28.95
740,30.19,28.95
125,30.19,28.95
699,30.19,28.95
722,30.19,28.95
562,30.19,28.95
686,30.19,28.95
565,30.19,28.95
772,30.19,28.95
260,30.19,28.95
771,30.19,28.95
611,30.19,28.95
714,30.19,28.95
373,30.19,28.95
222,30.19,28.95
715,30.19,28.95
220,30.19,28.95
674,30.19,28.95
459,30.19,28.95
397,30.19,28.95
342,30.19,28.95
643,30.19,28.89
596,30.19,28.89
352,30.19,28.89
499,30.19,28.89
731,30.19,28.89
321,30.19,28.89
398,30.19,28.89
381,30.19,28.89
639,30.19,28.89
267,30.19,28.89
570,30.19,28.89
424,30.19,28.89
118,30.19,28.89
593,30.19,28.89
163,30.19,28.89
378,30.19,28.89
254,30.19,28.89
686,30.19,28.89
383,30.19,28.89
444,30.19,28.89
510,30.19,28.89
515,30.19,28.89
763,30.19,28.89
611,30.19,28.89
253,30.19,28.89
588,30.19,28.89
673,30.19,28.89
382,30.19,28.89
647,30.19,28.89
325,30.19,28.89
663,30.19,28.89
257,30.19,28.89
772,30.19,28.89
377,30.19,28.89
674,30.19,28.89
544,30.19,28.89
583,30.19,28.89
533,30.19,28.89
692,30.19,28.89
655,30.19,28.89
448,30.19,28.89
597,30.19,28.89
641,30.19,28.89
484,30.19,28.89
583,30.19,28.89
763,30.19,28.89
420,30.19,28.89
791,30.19,28.89
132,30.19,28.89
809,30.19,28.89
505,30.19,28.89
388,30.19,28.89
455,30.19,28.89
715,30.19,28.89
655,30.19,28.89
266,30.19,28.89
723,30.19,28.89
316,30.19,28.89
817,30.19,28.89
365,30.19,28.89
330,30.19,28.97
291,30.19,28.97
683,30.19,28.97
356,30.19,28.97
434,30.19,28.97
355,30.19,28.97
645,30.19,28.97
426,30.19,28.97
694,30.19,28.97
382,30.19,28.97
403,30.19,28.97
761,30.19,28.97
267,30.19,28.97
549,30.19,28.97
209,30.19,28.97
509,30.19,28.97
175,30.19,28.97
624,30.19,28.97
174,30.19,28.97
576,30.19,28.97
498,30.19,28.97
458,30.19,28.97
506,30.19,28.97
700,30.19,28.97
208,30.19,28.97
746,30.19,28.97
444,30.19,28.97
552,30.19,28.97
534,30.19,28.97
297,30.19,28.97
667,30.19,28.97
517,30.19,28.97
633,30.19,28.97
389,30.19,28.97
667,30.19,28.97
626,30.19,28.97
509,30.19,28.97
318,30.19,28.97
495,30.19,28.97
555,30.19,28.97
503,30.19,28.97
240,30.19,28.97
597,30.19,28.97
486,30.19,28.97
510,30.19,28.97
738,30.19,28.97
656,30.19,28.97
758,30.19,28.97
443,30.19,28.97
882,30.19,28.97
295,30.19,28.97
615,30.19,28.97
304,30.19,28.97
506,30.19,28.97
715,30.19,28.97
228,30.19,28.97
528,30.19,28.97
595,30.19,28.97
476,30.19,28.97
536,30.19,28.89
551,30.19,28.89
567,30.19,28.89
622,30.19,28.89
332,30.19,28.89
551,30.19,28.89
365,30.19,28.89
760,30.19,28.89
118,30.19,28.89
605,30.19,28.89
220,30.19,28.89
438,30.19,28.89
595,30.19,28.89
410,30.19,28.89
649,30.19,28.89
210,30.19,28.89
563,30.19,28.89
446,30.19,28.89
251,30.19,28.89
486,30.19,28.89
595,30.19,28.89
265,30.19,28.89
742,30.19,28.89
467,30.19,28.89
576,30.19,28.89
370,30.19,28.89
844,30.19,28.89
181,30.19,28.89
677,30.19,28.89
224,30.19,28.89
501,30.19,28.89
741,30.19,28.89
162,30.19,28.89
849,30.19,28.89
327,30.19,28.89
611,30.19,28.89
511,30.19,28.89
680,30.19,28.89
514,30.19,28.89
851,30.19,28.89
439,30.19,28.89
831,30.19,28.89
440,30.19,28.89
765,30.19,28.89
691,30.19,28.89
683,30.19,28.89
264,30.19,28.89
546,30.19,28.89
726,30.19,28.89
230,30.19,28.89
611,30.19,28.89
682,30.19,28.89
713,30.19,28.89
303,30.19,28.89
767,30.19,28.89
719,30.19,28.89
503,30.19,28.89
389,30.19,28.89
518,30.19,28.89
293,30.19,28.89
655,30.19,28.91
398,30.19,28.91
595,30.19,28.91
654,30.19,28.91
120,30.19,28.91
709,30.19,28.91
433,30.19,28.91
417,30.19,28.91
119,30.19,28.91
883,30.19,28.91
270,30.19,28.91
551,30.19,28.91
508,30.19,28.91
711,30.19,28.91
