264,32.53,31.43
875,32.53,31.43
288,32.53,31.43
485,32.53,31.43
207,32.53,31.43
843,32.53,31.43
552,32.53,31.43
358,32.53,31.43
747,32.53,31.43
595,32.53,31.43
395,32.53,31.43
680,32.53,31.43
639,32.53,31.43
528,32.53,31.43
187,32.53,31.43
440,32.53,31.43
335,32.53,31.43
339,32.53,31.43
458,32.53,31.43
666,32.53,31.43
593,32.53,31.43
259,32.53,31.43
478,32.51,31.43
661,32.51,31.43
315,32.51,31.43
477,32.51,31.43
501,32.51,31.43
589,32.51,31.43
213,32.51,31.43
473,32.51,31.43
591,32.51,31.43
654,32.51,31.43
287,32.51,31.43
729,32.51,31.43
396,32.51,31.43
606,32.51,31.43
285,32.51,31.43
632,32.51,31.43
570,32.51,31.43
337,32.51,31.43
605,32.51,31.43
496,32.51,31.43
683,32.51,31.43
346,32.51,31.43
884,32.51,31.43
235,32.51,31.43
608,32.51,31.19
124,32.51,31.19
653,32.51,31.19
362,32.51,31.19
545,32.51,31.19
476,32.51,31.19
707,32.51,31.19
121,32.51,31.19
871,32.51,31.19
679,32.51,31.19
378,32.51,31.19
839,32.51,31.19
525,32.51,31.19
771,32.51,31.19
216,32.51,31.19
836,32.51,31.19
294,32.51,31.19
883,32.51,31.19
119,32.51,31.19
819,32.51,31.19
487,32.51,31.19
119,32.51,31.19
884,32.51,31.19
450,32.51,31.19
358,32.51,31.19
491,32.51,31.19
616,32.51,31.19
306,32.51,31.19
790,32.51,31.19
230,32.51,31.19
578,32.51,31.19
262,32.51,31.19
754,32.51,31.19
345,32.51,31.19
675,32.51,31.19
136,32.51,31.19
560,32.57,31.19
459,32.57,31.19
314,32.57,31.19
574,32.57,31.19
479,32.57,31.19
651,32.57,31.19
328,32.57,31.19
772,32.57,31.19
378,32.57,31.19
611,32.57,31.19
368,32.57,31.19
705,32.57,31.19
344,32.57,31.19
705,32.57,31.19
424,32.57,31.19
720,32.57,31.19
129,32.57,31.19
543,32.57,31.19
650,32.57,31.19
500,32.57,31.19
483,32.57,31.19
650,32.57,31.19
882,32.57,31.19
514,32.57,31.35
812,32.57,31.35
609,32.57,31.35
710,32.57,31.35
465,32.57,31.35
800,32.57,31.35
399,32.57,31.35
812,32.57,31.35
621,32.57,31.35
814,32.57,31.35
629,32.57,31.35
436,32.57,31.35
505,32.57,31.35
576,32.57,31.35
634,32.57,31.35
140,32.57,31.35
749,32.57,31.35
244,32.57,31.35
542,32.57,31.35
493,32.57,31.35
358,32.57,31.35
456,32.57,31.35
360,32.57,31.35
594,32.57,31.35
423,32.57,31.35
251,32.57,31.35
367,32.57,31.35
682,32.57,31.35
669,32.57,31.35
311,32.57,31.35
346,32.57,31.35
583,32.57,31.35
145,32.57,31.35
745,32.57,31.35
254,32.57,31.35
496,32.57,31.35
392,32.51,31.35
568,32.51,31.35
405,32.51,31.35
238,32.51,31.35
351,32.51,31.35
267,32.51,31.35
444,32.51,31.35
245,32.51,31.35
588,32.51,31.35
471,32.51,31.35
380,32.51,31.35
595,32.51,31.35
591,32.51,31.35
419,32.51,31.35
687,32.51,31.35
624,32.51,31.35
649,32.51,31.35
444,32.51,31.35
442,32.51,31.35
576,32.51,31.35
642,32.51,31.35
866,32.51,31.35
167,32.51,31.35
778,32.51,31.35
429,32.51,31.47
668,32.51,31.47
347,32.51,31.47
791,32.51,31.47
379,32.51,31.47
450,32.51,31.47
604,32.51,31.47
397,32.51,31.47
444,32.51,31.47
774,32.51,31.47
529,32.51,31.47
698,32.51,31.47
470,32.51,31.47
483,32.51,31.47
879,32.51,31.47
392,32.51,31.47
677,32.51,31.47
284,32.51,31.47
432,32.51,31.47
353,32.51,31.47
532,32.51,31.47
622,32.51,31.47
264,32.51,31.47
611,32.51,31.47
333,32.51,31.47
517,32.51,31.47
719,32.51,31.47
420,32.51,31.47
563,32.51,31.47
459,32.51,31.47
432,32.51,31.47
474,32.51,31.47
481,32.51,31.47
711,32.51,31.47
256,32.51,31.47
589,32.51,31.47
429,32.59,31.47
524,32.59,31.47
274,32.59,31.47
590,32.59,31.47
509,32.59,31.47
395,32.59,31.47
601,32.59,31.47
326,32.59,31.47
337,32.59,31.47
710,32.59,31.47
495,32.59,31.47
687,32.59,31.47
483,32.59,31.47
179,32.59,31.47
743,32.59,31.47
198,32.59,31.47
449,32.59,31.47
490,32.59,31.47
410,32.59,31.47
624,32.59,31.47
664,32.59,31.47
509,32.59,31.47
219,32.59,31.47
653,32.59,31.41
324,32.59,31.41
633,32.59,31.41
526,32.59,31.41
523,32.59,31.41
706,32.59,31.41
681,32.59,31.41
420,32.59,31.41
455,32.59,31.41
461,32.59,31.41
286,32.59,31.41
442,32.59,31.41
423,32.59,31.41
448,32.59,31.41
205,32.59,31.41
884,32.59,31.41
516,32.59,31.41
774,32.59,31.41
533,32.59,31.41
651,32.59,31.41
432,32.59,31.41
425,32.59,31.41
355,32.59,31.41
453,32.59,31.41
536,32.59,31.41
304,32.59,31.41
685,32.59,31.41
118,32.59,31.41
430,32.59,31.41
550,32.59,31.41
406,32.59,31.41
330,32.59,31.41
433,32.59,31.41
222,32.59,31.41
667,32.59,31.41
215,32.59,31.41
791,32.57,31.41
465,32.57,31.41
120,32.57,31.41
439,32.57,31.41
366,32.57,31.41
450,32.57,31.41
265,32.57,31.41
658,32.57,31.41
119,32.57,31.41
666,32.57,31.41
214,32.57,31.41
589,32.57,31.41
412,32.57,31.41
512,32.57,31.41
305,32.57,31.41
550,32.57,31.41
533,32.57,31.41
742,32.57,31.41
813,32.57,31.41
425,32.57,31.41
539,32.57,31.41
402,32.57,31.41
814,32.57,31.41
222,32.57,31.41
883,32.57,31.39
272,32.57,31.39
619,32.57,31.39
376,32.57,31.39
745,32.57,31.39
473,32.57,31.39
698,32.57,31.39
583,32.57,31.39
749,32.57,31.39
431,32.57,31.39
656,32.57,31.39
499,32.57,31.39
537,32.57,31.39
782,32.57,31.39
557,32.57,31.39
504,32.57,31.39
187,32.57,31.39
781,32.57,31.39
398,32.57,31.39
705,32.57,31.39
350,32.57,31.39
566,32.57,31.39
294,32.57,31.39
524,32.57,31.39
588,32.57,31.39
680,32.57,31.39
559,32.57,31.39
407,32.57,31.39
652,32.57,31.39
309,32.57,31.39
684,32.57,31.39
223,32.57,31.39
489,32.57,31.39
118,32.57,31.39
768,32.57,31.39
132,32.57,31.39
617,32.49,31.39
119,32.49,31.39
559,32.49,31.39
412,32.49,31.39
210,32.49,31.39
310,32.49,31.39
412,32.49,31.39
684,32.49,31.39
321,32.49,31.39
715,32.49,31.39
454,32.49,31.39
655,32.49,31.39
316,32.49,31.39
578,32.49,31.39
271,32.49,31.39
668,32.49,31.39
504,32.49,31.39
861,32.49,31.39
547,32.49,31.39
356,32.49,31.39
605,32.49,31.39
515,32.49,31.39
627,32.49,31.39
520,32.49,31.27
803,32.49,31.27
352,32.49,31.27
882,32.49,31.27
348,32.49,31.27
742,32.49,31.27
182,32.49,31.27
669,32.49,31.27
473,32.49,31.27
588,32.49,31.27
175,32.49,31.27
457,32.49,31.27
597,32.49,31.27
399,32.49,31.27
483,32.49,31.27
749,32.49,31.27
304,32.49,31.27
247,32.49,31.27
738,32.49,31.27
231,32.49,31.27
588,32.49,31.27
296,32.49,31.27
669,32.49,31.27
232,32.49,31.27
468,32.49,31.27
525,32.49,31.27
606,32.49,31.27
157,32.49,31.27
610,32.49,31.27
327,32.49,31.27
184,32.49,31.27
442,32.49,31.27
664,32.49,31.27
462,32.49,31.27
301,32.49,31.27
648,32.49,31.27
138,32.53,31.27
815,32.53,31.27
120,32.53,31.27
575,32.53,31.27
119,32.53,31.27
786,32.53,31.27
335,32.53,31.27
531,32.53,31.27
541,32.53,31.27
564,32.53,31.27
784,32.53,31.27
708,32.53,31.27
370,32.53,31.27
401,32.53,31.27
880,32.53,31.27
195,32.53,31.27
884,32.53,31.27
365,32.53,31.27
744,32.53,31.27
588,32.53,31.27
848,32.53,31.27
246,32.53,31.27
776,32.53,31.27
495,32.53,31.41
405,32.53,31.41
771,32.53,31.41
420,32.53,31.41
328,32.53,31.41
839,32.53,31.41
413,32.53,31.41
716,32.53,31.41
699,32.53,31.41
195,32.53,31.41
623,32.53,31.41
417,32.53,31.41
661,32.53,31.41
369,32.53,31.41
766,32.53,31.41
320,32.53,31.41
