411,29.03,27.85
449,29.03,27.85
464,29.03,27.85
122,29.03,27.85
294,29.03,27.85
390,29.03,27.85
641,29.03,27.85
191,29.03,27.85
505,29.03,27.85
390,29.03,27.85
533,29.03,27.85
719,29.03,27.85
284,29.03,27.85
671,29.03,27.85
191,29.03,27.85
625,29.03,27.85
455,29.03,27.85
499,29.03,27.85
408,29.03,27.85
568,29.03,27.85
629,29.03,27.85
259,29.03,27.85
516,29.03,27.85
611,29.03,27.85
380,29.03,27.85
668,29.03,27.85
530,29.03,27.85
474,29.03,27.85
575,29.03,27.85
604,29.03,27.85
851,29.03,27.85
273,29.03,27.85
769,29.03,27.85
455,29.03,27.85
275,29.03,27.85
402,29.03,27.85
612,29.03,27.85
561,29.03,27.85
212,29.03,27.85
730,29.03,27.85
569,29.03,27.85
480,29.03,27.85
518,29.03,27.85
580,29.03,27.85
567,29.03,27.85
383,29.03,27.85
588,29.03,27.85
733,29.03,27.85
548,29.03,27.85
481,29.03,27.85
308,29.03,27.85
507,29.03,27.85
329,29.03,27.85
489,29.03,27.85
594,29.03,27.85
357,29.03,27.85
405,29.03,27.85
410,29.03,27.85
880,29.03,27.85
351,29.03,27.85
520,29.03,27.85
515,29.03,27.85
754,29.03,27.85
482,29.03,27.85
398,29.03,27.85
299,29.03,28.01
129,29.03,28.01
581,29.03,28.01
307,29.03,28.01
496,29.03,28.01
324,29.03,28.01
394,29.03,28.01
362,29.03,28.01
467,29.03,28.01
329,29.03,28.01
350,29.03,28.01
610,29.03,28.01
400,29.03,28.01
428,29.03,28.01
414,29.03,28.01
343,29.03,28.01
285,29.03,28.01
473,29.03,28.01
271,29.03,28.01
501,29.03,28.01
409,29.03,28.01
399,29.03,28.01
450,29.03,28.01
481,29.03,28.01
767,29.03,28.01
391,29.03,28.01
581,29.03,28.01
466,29.03,28.01
481,29.03,28.01
319,29.03,28.01
258,29.03,28.01
355,29.03,28.01
374,29.03,28.01
668,29.03,28.01
571,29.03,28.01
521,29.03,28.01
354,29.03,28.01
463,29.03,28.01
666,29.03,28.01
613,29.03,28.01
477,29.03,28.01
549,29.03,28.01
446,29.03,28.01
841,29.03,28.01
541,29.03,28.01
653,29.03,28.01
454,29.03,28.01
443,29.03,28.01
451,29.03,28.01
609,29.03,28.01
686,29.03,28.01
252,29.03,28.01
744,29.03,28.01
404,29.03,28.01
577,29.03,28.01
487,29.03,28.01
619,29.03,28.01
491,29.03,28.01
651,29.03,28.01
671,29.03,28.01
632,29.03,27.81
381,29.03,27.81
310,29.03,27.81
790,29.03,27.81
428,29.03,27.81
762,29.03,27.81
482,29.03,27.81
715,29.03,27.81
439,29.03,27.81
582,29.03,27.81
696,29.03,27.81
323,29.03,27.81
669,29.03,27.81
590,29.03,27.81
800,29.03,27.81
569,29.03,27.81
549,29.03,27.81
526,29.03,27.81
587,29.03,27.81
578,29.03,27.81
673,29.03,27.81
375,29.03,27.81
644,29.03,27.81
644,29.03,27.81
882,29.03,27.81
491,29.03,27.81
373,29.03,27.81
629,29.03,27.81
298,29.03,27.81
607,29.03,27.81
119,29.03,27.81
785,29.03,27.81
286,29.03,27.81
601,29.03,27.81
528,29.03,27.81
522,29.03,27.81
572,29.05,27.81
827,29.05,27.81
782,29.05,27.81
394,29.05,27.81
337,29.05,27.81
792,29.05,27.81
470,29.05,27.81
417,29.05,27.81
483,29.05,27.81
405,29.05,27.81
593,29.05,27.81
119,29.05,27.81
739,29.05,27.81
424,29.05,27.81
318,29.05,27.81
350,29.05,27.81
408,29.05,27.81
500,29.05,27.81
559,29.05,27.81
558,29.05,27.81
801,29.05,27.81
546,29.05,27.81
249,29.05,27.81
530,29.05,27.81
671,29.05,27.67
332,29.05,27.67
373,29.05,27.67
779,29.05,27.67
314,29.05,27.67
673,29.05,27.67
246,29.05,27.67
882,29.05,27.67
222,29.05,27.67
576,29.05,27.67
640,29.05,27.67
473,29.05,27.67
561,29.05,27.67
698,29.05,27.67
544,29.05,27.67
500,29.05,27.67
616,29.05,27.67
592,29.05,27.67
543,29.05,27.67
214,29.05,27.67
729,29.05,27.67
491,29.05,27.67
674,29.05,27.67
445,29.05,27.67
798,29.05,27.67
566,29.05,27.67
581,29.05,27.67
561,29.05,27.67
558,29.05,27.67
569,29.05,27.67
400,29.05,27.67
880,29.05,27.67
275,29.05,27.67
453,29.05,27.67
412,29.05,27.67
739,29.05,27.67
382,29.05,27.67
439,29.05,27.67
809,29.05,27.67
493,29.05,27.67
416,29.05,27.67
548,29.05,27.67
761,29.05,27.67
219,29.05,27.67
773,29.05,27.67
646,29.05,27.67
546,29.05,27.67
291,29.05,27.67
750,29.05,27.67
515,29.05,27.67
351,29.05,27.67
214,29.05,27.67
475,29.05,27.67
700,29.05,27.67
119,29.05,27.67
740,29.05,27.67
442,29.05,27.67
511,29.05,27.67
171,29.05,27.67
455,29.05,27.67
350,29.05,27.79
489,29.05,27.79
120,29.05,27.79
882,29.05,27.79
268,29.05,27.79
612,29.05,27.79
565,29.05,27.79
385,29.05,27.79
190,29.05,27.79
381,29.05,27.79
689,29.05,27.79
119,29.05,27.79
692,29.05,27.79
494,29.05,27.79
882,29.05,27.79
211,29.05,27.79
758,29.05,27.79
528,29.05,27.79
404,29.05,27.79
471,29.05,27.79
744,29.05,27.79
274,29.05,27.79
595,29.05,27.79
661,29.05,27.79
859,29.05,27.79
712,29.05,27.79
391,29.05,27.79
675,29.05,27.79
523,29.05,27.79
466,29.05,27.79
267,29.05,27.79
883,29.05,27.79
191,29.05,27.79
669,29.05,27.79
543,29.05,27.79
722,29.05,27.79
543,29.01,27.79
819,29.01,27.79
883,29.01,27.79
430,29.01,27.79
578,29.01,27.79
701,29.01,27.79
489,29.01,27.79
538,29.01,27.79
693,29.01,27.79
503,29.01,27.79
556,29.01,27.79
128,29.01,27.79
882,29.01,27.79
383,29.01,27.79
511,29.01,27.79
188,29.01,27.79
706,29.01,27.79
399,29.01,27.79
480,29.01,27.79
501,29.01,27.79
284,29.01,27.79
564,29.01,27.79
123,29.01,27.79
693,29.01,27.79
305,29.01,27.79
458,29.01,27.79
391,29.01,27.79
712,29.01,27.79
162,29.01,27.79
521,29.01,27.79
441,29.01,27.79
763,29.01,27.79
368,29.01,27.79
348,29.01,27.79
587,29.01,27.79
356,29.01,27.79
619,29.01,27.79
263,29.01,27.79
674,29.01,27.79
307,29.01,27.79
875,29.01,27.79
279,29.01,27.79
368,29.01,27.79
406,29.01,27.79
591,29.01,27.79
414,29.01,27.79
377,29.01,27.79
619,29.01,27.79
656,29.01,27.79
698,29.01,27.79
414,29.01,27.79
881,29.01,27.79
365,29.01,27.79
746,29.01,27.79
475,29.01,27.79
744,29.01,27.79
245,29.01,27.79
665,29.01,27.79
652,29.01,27.79
520,29.01,27.79
356,29.03,27.79
520,29.03,27.79
791,29.03,27.79
336,29.03,27.79
781,29.03,27.79
571,29.03,27.79
778,29.03,27.79
629,29.03,27.79
693,29.03,27.79
671,29.03,27.79
481,29.03,27.79
357,29.03,27.79
758,29.03,27.79
134,29.03,27.79
487,29.03,27.79
764,29.03,27.79
275,29.03,27.79
834,29.03,27.79
260,29.03,27.79
774,29.03,27.79
297,29.03,27.79
545,29.03,27.79
205,29.03,27.79
785,29.03,27.75
480,29.03,27.75
394,29.03,27.75
838,29.03,27.75
527,29.03,27.75
570,29.03,27.75
662,29.03,27.75
490,29.03,27.75
318,29.03,27.75
601,29.03,27.75
589,29.03,27.75
413,29.03,27.75
348,29.03,27.75
579,29.03,27.75
322,29.03,27.75
791,29.03,27.75
452,29.03,27.75
641,29.03,27.75
249,29.03,27.75
497,29.03,27.75
658,29.03,27.75
121,29.03,27.75
493,29.03,27.75
446,29.03,27.75
747,29.03,27.75
326,29.03,27.75
124,29.03,27.75
698,29.03,27.75
547,29.03,27.75
572,29.03,27.75
710,29.03,27.75
266,29.03,27.75
654,29.03,27.75
392,29.03,27.75
492,29.03,27.75
809,29.03,27.75
157,29.03,27.75
811,29.03,27.75
291,29.03,27.75
635,29.03,27.75
660,29.03,27.75
578,29.03,27.75
782,29.03,27.75
505,29.03,27.75
709,29.03,27.75
120,29.03,27.75
477,29.03,27.75
401,29.03,27.75
658,29.03,27.75
704,29.03,27.75
332,29.03,27.75
519,29.03,27.75
808,29.03,27.75
605,29.03,27.75
830,29.03,27.75
388,29.03,27.75
579,29.03,27.75
