593,30.21,28.99
643,30.21,28.99
334,30.21,28.99
419,30.21,28.99
151,30.21,28.99
477,30.21,28.99
139,30.21,28.99
720,30.21,28.99
244,30.21,28.99
238,30.21,28.99
530,30.21,28.99
624,30.21,28.99
482,30.21,28.99
662,30.21,28.99
774,30.21,28.99
228,30.21,28.99
436,30.21,28.99
674,30.21,28.99
352,30.21,28.99
613,30.21,28.99
418,30.21,28.99
432,30.21,28.99
595,30.21,28.99
221,30.21,28.99
619,30.21,28.99
465,30.21,28.99
392,30.21,28.99
367,30.21,28.99
503,30.21,28.99
502,30.21,28.99
286,30.21,28.99
595,30.21,28.99
669,30.21,28.99
524,30.21,28.99
494,30.21,28.99
260,30.21,28.99
642,30.21,28.99
502,30.21,28.99
697,30.21,28.99
583,30.21,28.99
264,30.21,28.99
753,30.21,28.99
345,30.21,28.99
882,30.21,28.99
361,30.21,28.99
399,30.21,28.99
365,30.21,28.99
614,30.21,28.99
615,30.21,28.99
527,30.21,28.99
384,30.21,28.99
749,30.21,28.99
605,30.21,28.99
543,30.21,28.99
669,30.21,28.99
293,30.21,28.99
529,30.21,28.99
656,30.21,28.99
461,30.21,28.95
419,30.21,28.95
730,30.21,28.95
522,30.21,28.95
702,30.21,28.95
537,30.21,28.95
396,30.21,28.95
595,30.21,28.95
443,30.21,28.95
671,30.21,28.95
339,30.21,28.95
514,30.21,28.95
420,30.21,28.95
486,30.21,28.95
369,30.21,28.95
597,30.21,28.95
507,30.21,28.95
398,30.21,28.95
304,30.21,28.95
631,30.21,28.95
401,30.21,28.95
545,30.21,28.95
493,30.21,28.95
454,30.21,28.95
267,30.21,28.95
321,30.21,28.95
629,30.21,28.95
282,30.21,28.95
606,30.21,28.95
363,30.21,28.95
830,30.21,28.95
516,30.21,28.95
536,30.21,28.95
166,30.21,28.95
703,30.21,28.95
350,30.21,28.95
534,30.21,28.95
214,30.21,28.95
421,30.21,28.95
336,30.21,28.95
853,30.21,28.95
675,30.21,28.95
408,30.21,28.95
775,30.21,28.95
343,30.21,28.95
572,30.21,28.95
380,30.21,28.95
880,30.21,28.95
333,30.21,28.95
728,30.21,28.95
294,30.21,28.95
661,30.21,28.95
595,30.21,28.95
537,30.21,28.95
708,30.21,28.95
386,30.21,28.95
341,30.21,28.95
494,30.21,28.95
721,30.21,28.95
509,30.21,28.95
717,30.21,29.11
390,30.21,29.11
642,30.21,29.11
329,30.21,29.11
757,30.21,29.11
291,30.21,29.11
536,30.21,29.11
365,30.21,29.11
600,30.21,29.11
665,30.21,29.11
290,30.21,29.11
542,30.21,29.11
605,30.21,29.11
460,30.21,29.11
264,30.21,29.11
521,30.21,29.11
463,30.21,29.11
437,30.21,29.11
432,30.21,29.11
669,30.21,29.11
326,30.21,29.11
764,30.21,29.11
271,30.21,29.11
570,30.21,29.11
123,30.21,29.11
502,30.21,29.11
726,30.21,29.11
189,30.21,29.11
478,30.21,29.11
501,30.21,29.11
721,30.21,29.11
495,30.21,29.11
708,30.21,29.11
441,30.21,29.11
709,30.21,29.11
481,30.21,29.11
651,30.25,29.11
349,30.25,29.11
707,30.25,29.11
584,30.25,29.11
795,30.25,29.11
392,30.25,29.11
366,30.25,29.11
606,30.25,29.11
425,30.25,29.11
660,30.25,29.11
588,30.25,29.11
874,30.25,29.11
119,30.25,29.11
783,30.25,29.11
343,30.25,29.11
668,30.25,29.11
255,30.25,29.11
687,30.25,29.11
713,30.25,29.11
322,30.25,29.11
225,30.25,29.11
484,30.25,29.11
648,30.25,29.11
296,30.25,29.09
615,30.25,29.09
313,30.25,29.09
774,30.25,29.09
121,30.25,29.09
804,30.25,29.09
436,30.25,29.09
502,30.25,29.09
156,30.25,29.09
705,30.25,29.09
330,30.25,29.09
699,30.25,29.09
739,30.25,29.09
369,30.25,29.09
240,30.25,29.09
122,30.25,29.09
661,30.25,29.09
219,30.25,29.09
304,30.25,29.09
516,30.25,29.09
699,30.25,29.09
201,30.25,29.09
776,30.25,29.09
474,30.25,29.09
545,30.25,29.09
124,30.25,29.09
536,30.25,29.09
883,30.25,29.09
398,30.25,29.09
532,30.25,29.09
459,30.25,29.09
400,30.25,29.09
458,30.25,29.09
641,30.25,29.09
376,30.25,29.09
834,30.25,29.09
200,30.23,29.09
701,30.23,29.09
396,30.23,29.09
427,30.23,29.09
278,30.23,29.09
820,30.23,29.09
312,30.23,29.09
405,30.23,29.09
650,30.23,29.09
286,30.23,29.09
784,30.23,29.09
459,30.23,29.09
681,30.23,29.09
375,30.23,29.09
547,30.23,29.09
651,30.23,29.09
430,30.23,29.09
232,30.23,29.09
536,30.23,29.09
478,30.23,29.09
615,30.23,29.09
289,30.23,29.09
732,30.23,29.09
760,30.23,29.09
649,30.23,28.91
464,30.23,28.91
882,30.23,28.91
552,30.23,28.91
264,30.23,28.91
883,30.23,28.91
260,30.23,28.91
270,30.23,28.91
510,30.23,28.91
495,30.23,28.91
572,30.23,28.91
207,30.23,28.91
715,30.23,28.91
658,30.23,28.91
165,30.23,28.91
653,30.23,28.91
505,30.23,28.91
696,30.23,28.91
512,30.23,28.91
369,30.23,28.91
709,30.23,28.91
192,30.23,28.91
583,30.23,28.91
289,30.23,28.91
469,30.23,28.91
412,30.23,28.91
426,30.23,28.91
586,30.23,28.91
238,30.23,28.91
519,30.23,28.91
338,30.23,28.91
329,30.23,28.91
422,30.23,28.91
542,30.23,28.91
597,30.23,28.91
570,30.23,28.91
531,30.23,28.91
385,30.23,28.91
441,30.23,28.91
553,30.23,28.91
441,30.23,28.91
294,30.23,28.91
410,30.23,28.91
329,30.23,28.91
691,30.23,28.91
271,30.23,28.91
593,30.23,28.91
465,30.23,28.91
767,30.23,28.91
590,30.23,28.91
600,30.23,28.91
759,30.23,28.91
464,30.23,28.91
728,30.23,28.91
694,30.23,28.91
591,30.23,28.91
582,30.23,28.91
547,30.23,28.91
697,30.23,28.91
520,30.23,28.97
390,30.23,28.97
608,30.23,28.97
333,30.23,28.97
493,30.23,28.97
465,30.23,28.97
570,30.23,28.97
587,30.23,28.97
548,30.23,28.97
743,30.23,28.97
372,30.23,28.97
406,30.23,28.97
615,30.23,28.97
499,30.23,28.97
231,30.23,28.97
802,30.23,28.97
477,30.23,28.97
486,30.23,28.97
525,30.23,28.97
354,30.23,28.97
186,30.23,28.97
557,30.23,28.97
347,30.23,28.97
490,30.23,28.97
602,30.23,28.97
412,30.23,28.97
630,30.23,28.97
249,30.23,28.97
641,30.23,28.97
181,30.23,28.97
597,30.23,28.97
316,30.23,28.97
642,30.23,28.97
309,30.23,28.97
306,30.23,28.97
606,30.23,28.97
530,30.21,28.97
584,30.21,28.97
617,30.21,28.97
459,30.21,28.97
483,30.21,28.97
545,30.21,28.97
395,30.21,28.97
544,30.21,28.97
557,30.21,28.97
823,30.21,28.97
371,30.21,28.97
840,30.21,28.97
668,30.21,28.97
505,30.21,28.97
432,30.21,28.97
634,30.21,28.97
622,30.21,28.97
190,30.21,28.97
584,30.21,28.97
454,30.21,28.97
785,30.21,28.97
478,30.21,28.97
583,30.21,28.97
721,30.21,28.97
629,30.21,28.91
609,30.21,28.91
523,30.21,28.91
121,30.21,28.91
791,30.21,28.91
278,30.21,28.91
690,30.21,28.91
370,30.21,28.91
503,30.21,28.91
360,30.21,28.91
201,30.21,28.91
582,30.21,28.91
457,30.21,28.91
533,30.21,28.91
440,30.21,28.91
581,30.21,28.91
382,30.21,28.91
649,30.21,28.91
362,30.21,28.91
421,30.21,28.91
240,30.21,28.91
612,30.21,28.91
304,30.21,28.91
485,30.21,28.91
331,30.21,28.91
700,30.21,28.91
581,30.21,28.91
398,30.21,28.91
675,30.21,28.91
240,30.21,28.91
708,30.21,28.91
335,30.21,28.91
496,30.21,28.91
643,30.21,28.91
594,30.21,28.91
582,30.21,28.91
824,30.23,28.91
470,30.23,28.91
791,30.23,28.91
400,30.23,28.91
708,30.23,28.91
233,30.23,28.91
575,30.23,28.91
653,30.23,28.91
583,30.23,28.91
645,30.23,28.91
352,30.23,28.91
678,30.23,28.91
436,30.23,28.91
640,30.23,28.91
604,30.23,28.91
585,30.23,28.91
609,30.23,28.91
657,30.23,28.91
527,30.23,28.91
621,30.23,28.91
565,30.23,28.91
678,30.23,28.91
429,30.23,28.91
388,30.23,28.97
794,30.23,28.97
557,30.23,28.97
504,30.23,28.97
