389,29.87,28.57
122,29.87,28.57
321,29.87,28.57
121,29.87,28.71
583,29.87,28.71
614,29.87,28.71
605,29.87,28.71
465,29.87,28.71
285,29.87,28.71
417,29.87,28.71
387,29.87,28.71
584,29.87,28.71
439,29.87,28.71
457,29.87,28.71
285,29.87,28.71
589,29.87,28.71
452,29.87,28.71
710,29.87,28.71
234,29.87,28.71
814,29.87,28.71
340,29.87,28.71
535,29.87,28.71
459,29.87,28.71
856,29.87,28.71
648,29.87,28.71
739,29.87,28.71
604,29.87,28.71
611,29.87,28.71
845,29.87,28.71
364,29.87,28.71
881,29.87,28.71
338,29.87,28.71
571,29.87,28.71
291,29.87,28.71
528,29.87,28.71
392,29.87,28.71
440,29.87,28.71
629,29.87,28.71
501,29.87,28.71
430,29.85,28.71
621,29.85,28.71
697,29.85,28.71
588,29.85,28.71
467,29.85,28.71
719,29.85,28.71
632,29.85,28.71
227,29.85,28.71
755,29.85,28.71
306,29.85,28.71
419,29.85,28.71
308,29.85,28.71
567,29.85,28.71
409,29.85,28.71
273,29.85,28.71
661,29.85,28.71
414,29.85,28.71
306,29.85,28.71
496,29.85,28.71
765,29.85,28.71
159,29.85,28.71
518,29.85,28.71
121,29.85,28.71
600,29.85,28.71
275,29.85,28.69
756,29.85,28.69
167,29.85,28.69
741,29.85,28.69
422,29.85,28.69
505,29.85,28.69
603,29.85,28.69
328,29.85,28.69
600,29.85,28.69
754,29.85,28.69
775,29.85,28.69
152,29.85,28.69
507,29.85,28.69
377,29.85,28.69
832,29.85,28.69
131,29.85,28.69
779,29.85,28.69
341,29.85,28.69
527,29.85,28.69
518,29.85,28.69
700,29.85,28.69
372,29.85,28.69
398,29.85,28.69
598,29.85,28.69
281,29.85,28.69
367,29.85,28.69
349,29.85,28.69
773,29.85,28.69
307,29.85,28.69
677,29.85,28.69
453,29.85,28.69
880,29.85,28.69
632,29.85,28.69
855,29.85,28.69
337,29.85,28.69
521,29.85,28.69
560,29.85,28.69
425,29.85,28.69
527,29.85,28.69
336,29.85,28.69
720,29.85,28.69
400,29.85,28.69
699,29.85,28.69
120,29.85,28.69
782,29.85,28.69
489,29.85,28.69
599,29.85,28.69
247,29.85,28.69
739,29.85,28.69
320,29.85,28.69
539,29.85,28.69
637,29.85,28.69
576,29.85,28.69
547,29.85,28.69
376,29.85,28.69
770,29.85,28.69
123,29.85,28.69
351,29.85,28.69
337,29.85,28.69
708,29.85,28.69
123,29.85,28.59
501,29.85,28.59
348,29.85,28.59
656,29.85,28.59
181,29.85,28.59
426,29.85,28.59
440,29.85,28.59
311,29.85,28.59
671,29.85,28.59
525,29.85,28.59
595,29.85,28.59
309,29.85,28.59
574,29.85,28.59
638,29.85,28.59
395,29.85,28.59
119,29.85,28.59
451,29.85,28.59
399,29.85,28.59
412,29.85,28.59
235,29.85,28.59
856,29.85,28.59
594,29.85,28.59
545,29.85,28.59
584,29.85,28.59
434,29.85,28.59
572,29.85,28.59
640,29.85,28.59
637,29.85,28.59
122,29.85,28.59
727,29.85,28.59
516,29.85,28.59
614,29.85,28.59
529,29.85,28.59
511,29.85,28.59
434,29.85,28.59
523,29.85,28.59
370,29.87,28.59
581,29.87,28.59
696,29.87,28.59
626,29.87,28.59
732,29.87,28.59
376,29.87,28.59
691,29.87,28.59
323,29.87,28.59
769,29.87,28.59
445,29.87,28.59
518,29.87,28.59
235,29.87,28.59
519,29.87,28.59
350,29.87,28.59
325,29.87,28.59
658,29.87,28.59
386,29.87,28.59
581,29.87,28.59
327,29.87,28.59
691,29.87,28.59
421,29.87,28.59
720,29.87,28.59
386,29.87,28.59
811,29.87,28.59
144,29.87,28.59
405,29.87,28.59
456,29.87,28.59
479,29.87,28.59
544,29.87,28.59
206,29.87,28.59
662,29.87,28.59
125,29.87,28.59
468,29.87,28.59
409,29.87,28.59
781,29.87,28.59
286,29.87,28.59
531,29.87,28.59
547,29.87,28.59
317,29.87,28.59
401,29.87,28.59
597,29.87,28.59
371,29.87,28.59
476,29.87,28.59
363,29.87,28.59
373,29.87,28.59
627,29.87,28.59
269,29.87,28.59
506,29.87,28.59
362,29.87,28.59
552,29.87,28.59
213,29.87,28.59
566,29.87,28.59
471,29.87,28.59
490,29.87,28.59
397,29.87,28.59
686,29.87,28.59
564,29.87,28.59
299,29.87,28.59
546,29.87,28.59
460,29.85,28.59
445,29.85,28.59
360,29.85,28.59
332,29.85,28.59
619,29.85,28.59
471,29.85,28.59
325,29.85,28.59
601,29.85,28.59
340,29.85,28.59
738,29.85,28.59
601,29.85,28.59
561,29.85,28.59
634,29.85,28.59
634,29.85,28.59
595,29.85,28.59
503,29.85,28.59
694,29.85,28.59
397,29.85,28.59
708,29.85,28.59
546,29.85,28.59
328,29.85,28.59
689,29.85,28.59
119,29.85,28.59
565,29.85,28.59
402,29.85,28.79
322,29.85,28.79
587,29.85,28.79
748,29.85,28.79
567,29.85,28.79
483,29.85,28.79
508,29.85,28.79
665,29.85,28.79
469,29.85,28.79
565,29.85,28.79
445,29.85,28.79
318,29.85,28.79
775,29.85,28.79
162,29.85,28.79
718,29.85,28.79
286,29.85,28.79
678,29.85,28.79
165,29.85,28.79
721,29.85,28.79
241,29.85,28.79
397,29.85,28.79
702,29.85,28.79
394,29.85,28.79
465,29.85,28.79
422,29.85,28.79
467,29.85,28.79
185,29.85,28.79
476,29.85,28.79
413,29.85,28.79
422,29.85,28.79
218,29.85,28.79
749,29.85,28.79
451,29.85,28.79
731,29.85,28.79
399,29.85,28.79
448,29.85,28.79
702,29.89,28.79
624,29.89,28.79
645,29.89,28.79
336,29.89,28.79
660,29.89,28.79
470,29.89,28.79
689,29.89,28.79
366,29.89,28.79
627,29.89,28.79
509,29.89,28.79
506,29.89,28.79
515,29.89,28.79
632,29.89,28.79
396,29.89,28.79
622,29.89,28.79
219,29.89,28.79
648,29.89,28.79
598,29.89,28.79
298,29.89,28.79
645,29.89,28.79
450,29.89,28.79
754,29.89,28.79
246,29.89,28.79
728,29.89,28.79
457,29.89,28.69
729,29.89,28.69
240,29.89,28.69
552,29.89,28.69
420,29.89,28.69
247,29.89,28.69
665,29.89,28.69
456,29.89,28.69
470,29.89,28.69
365,29.89,28.69
783,29.89,28.69
666,29.89,28.69
643,29.89,28.69
261,29.89,28.69
877,29.89,28.69
141,29.89,28.69
774,29.89,28.69
712,29.89,28.69
462,29.89,28.69
237,29.89,28.69
369,29.89,28.69
683,29.89,28.69
144,29.89,28.69
729,29.89,28.69
304,29.89,28.69
755,29.89,28.69
279,29.89,28.69
833,29.89,28.69
351,29.89,28.69
644,29.89,28.69
436,29.89,28.69
677,29.89,28.69
317,29.89,28.69
448,29.89,28.69
530,29.89,28.69
657,29.89,28.69
288,29.87,28.69
118,29.87,28.69
768,29.87,28.69
119,29.87,28.69
643,29.87,28.69
356,29.87,28.69
555,29.87,28.69
208,29.87,28.69
513,29.87,28.69
213,29.87,28.69
667,29.87,28.69
505,29.87,28.69
593,29.87,28.69
641,29.87,28.69
309,29.87,28.69
373,29.87,28.69
752,29.87,28.69
364,29.87,28.69
280,29.87,28.69
609,29.87,28.69
370,29.87,28.69
822,29.87,28.69
275,29.87,28.69
757,29.87,28.71
507,29.87,28.71
568,29.87,28.71
424,29.87,28.71
547,29.87,28.71
448,29.87,28.71
710,29.87,28.71
746,29.87,28.71
471,29.87,28.71
759,29.87,28.71
565,29.87,28.71
698,29.87,28.71
201,29.87,28.71
509,29.87,28.71
437,29.87,28.71
707,29.87,28.71
145,29.87,28.71
763,29.87,28.71
430,29.87,28.71
863,29.87,28.71
469,29.87,28.71
389,29.87,28.71
660,29.87,28.71
173,29.87,28.71
675,29.87,28.71
487,29.87,28.71
558,29.87,28.71
495,29.87,28.71
589,29.87,28.71
247,29.87,28.71
811,29.87,28.71
317,29.87,28.71
595,29.87,28.71
288,29.87,28.71
848,29.87,28.71
330,29.87,28.71
756,29.85,28.71
410,29.85,28.71
487,29.85,28.71
640,29.85,28.71
339,29.85,28.71
547,29.85,28.71
560,29.85,28.71
479,29.85,28.71
121,29.85,28.71
534,29.85,28.71
370,29.85,28.71
480,29.85,28.71
331,29.85,28.71
882,29.85,28.71
338,29.85,28.71
868,29.85,28.71
432,29.85,28.71
682,29.85,28.71
353,29.85,28.71
845,29.85,28.71
515,29.85,28.71
424,29.85,28.71
