449,29.55,28.27
513,29.55,28.27
120,29.55,28.27
732,29.55,28.27
414,29.55,28.27
750,29.55,28.27
459,29.55,28.27
431,29.55,28.27
551,29.55,28.27
784,29.55,28.27
391,29.55,28.27
677,29.55,28.27
508,29.55,28.27
343,29.55,28.27
882,29.55,28.27
306,29.55,28.27
635,29.55,28.27
363,29.55,28.27
717,29.55,28.27
194,29.55,28.27
576,29.55,28.27
528,29.55,28.27
555,29.55,28.27
394,29.55,28.27
847,29.55,28.27
553,29.55,28.27
598,29.55,28.27
692,29.55,28.27
491,29.55,28.27
881,29.55,28.27
181,29.55,28.27
881,29.55,28.27
204,29.55,28.27
775,29.55,28.27
306,29.55,28.27
722,29.55,28.27
162,29.55,28.27
343,29.55,28.27
721,29.55,28.27
244,29.55,28.27
247,29.55,28.27
296,29.55,28.27
496,29.55,28.27
416,29.55,28.27
491,29.55,28.27
523,29.55,28.27
662,29.55,28.27
123,29.55,28.27
831,29.55,28.27
273,29.55,28.27
592,29.55,28.27
220,29.55,28.27
348,29.55,28.27
674,29.55,28.27
293,29.55,28.27
608,29.55,28.27
440,29.55,28.27
818,29.55,28.27
331,29.55,28.27
694,29.55,28.27
492,29.55,28.27
475,29.55,28.27
414,29.55,28.27
590,29.55,28.27
328,29.55,28.27
428,29.55,28.27
378,29.55,28.27
666,29.55,28.27
338,29.55,28.27
481,29.55,28.27
530,29.55,28.27
132,29.55,28.27
306,29.55,28.27
518,29.55,28.27
708,29.55,28.27
469,29.55,28.27
626,29.55,28.27
531,29.55,28.27
728,29.55,28.27
609,29.55,28.27
616,29.55,28.27
711,29.55,28.45
526,29.55,28.45
715,29.55,28.45
408,29.55,28.45
518,29.55,28.45
536,29.55,28.45
858,29.55,28.45
239,29.55,28.45
467,29.55,28.45
530,29.55,28.45
637,29.55,28.45
350,29.55,28.45
683,29.55,28.45
517,29.55,28.45
665,29.55,28.45
531,29.55,28.45
567,29.55,28.45
464,29.55,28.45
289,29.55,28.45
167,29.55,28.45
471,29.55,28.45
253,29.55,28.45
277,29.55,28.45
603,29.55,28.45
464,29.55,28.45
611,29.55,28.45
201,29.55,28.45
659,29.55,28.45
297,29.55,28.45
434,29.55,28.45
463,29.55,28.45
782,29.55,28.45
196,29.55,28.45
610,29.55,28.45
330,29.55,28.45
494,29.55,28.45
502,29.55,28.45
367,29.55,28.45
512,29.55,28.45
282,29.55,28.45
399,29.55,28.45
368,29.55,28.45
468,29.55,28.45
152,29.55,28.45
552,29.55,28.45
402,29.55,28.45
491,29.55,28.45
239,29.55,28.45
699,29.55,28.45
304,29.55,28.45
486,29.55,28.45
495,29.55,28.45
385,29.55,28.45
567,29.55,28.45
458,29.55,28.45
460,29.55,28.45
255,29.55,28.45
362,29.55,28.45
469,29.55,28.45
545,29.55,28.23
421,29.55,28.23
395,29.55,28.23
631,29.55,28.23
717,29.55,28.23
449,29.55,28.23
677,29.55,28.23
627,29.55,28.23
462,29.55,28.23
721,29.55,28.23
461,29.55,28.23
473,29.55,28.23
465,29.55,28.23
736,29.55,28.23
400,29.55,28.23
766,29.55,28.23
222,29.55,28.23
533,29.55,28.23
715,29.55,28.23
459,29.55,28.23
350,29.55,28.23
410,29.55,28.23
698,29.55,28.23
345,29.55,28.23
829,29.55,28.23
420,29.55,28.23
416,29.55,28.23
528,29.55,28.23
402,29.55,28.23
297,29.55,28.23
359,29.55,28.23
404,29.55,28.23
615,29.55,28.23
140,29.55,28.23
755,29.55,28.23
545,29.55,28.23
625,29.57,28.23
590,29.57,28.23
396,29.57,28.23
422,29.57,28.23
301,29.57,28.23
633,29.57,28.23
549,29.57,28.23
294,29.57,28.23
664,29.57,28.23
302,29.57,28.23
375,29.57,28.23
519,29.57,28.23
560,29.57,28.23
797,29.57,28.23
476,29.57,28.23
564,29.57,28.23
557,29.57,28.23
482,29.57,28.23
671,29.57,28.23
634,29.57,28.23
569,29.57,28.23
231,29.57,28.23
641,29.57,28.23
598,29.57,28.23
786,29.57,28.45
677,29.57,28.45
600,29.57,28.45
450,29.57,28.45
441,29.57,28.45
188,29.57,28.45
439,29.57,28.45
696,29.57,28.45
253,29.57,28.45
527,29.57,28.45
443,29.57,28.45
603,29.57,28.45
326,29.57,28.45
881,29.57,28.45
408,29.57,28.45
490,29.57,28.45
745,29.57,28.45
640,29.57,28.45
352,29.57,28.45
572,29.57,28.45
283,29.57,28.45
529,29.57,28.45
498,29.57,28.45
821,29.57,28.45
683,29.57,28.45
420,29.57,28.45
408,29.57,28.45
437,29.57,28.45
518,29.57,28.45
119,29.57,28.45
675,29.57,28.45
409,29.57,28.45
593,29.57,28.45
246,29.57,28.45
572,29.57,28.45
359,29.57,28.45
386,29.55,28.45
500,29.55,28.45
152,29.55,28.45
316,29.55,28.45
579,29.55,28.45
648,29.55,28.45
560,29.55,28.45
830,29.55,28.45
300,29.55,28.45
846,29.55,28.45
282,29.55,28.45
777,29.55,28.45
279,29.55,28.45
828,29.55,28.45
495,29.55,28.45
652,29.55,28.45
561,29.55,28.45
526,29.55,28.45
790,29.55,28.45
342,29.55,28.45
462,29.55,28.45
447,29.55,28.45
571,29.55,28.45
539,29.55,28.37
682,29.55,28.37
392,29.55,28.37
589,29.55,28.37
510,29.55,28.37
797,29.55,28.37
416,29.55,28.37
731,29.55,28.37
696,29.55,28.37
284,29.55,28.37
520,29.55,28.37
348,29.55,28.37
630,29.55,28.37
294,29.55,28.37
413,29.55,28.37
334,29.55,28.37
557,29.55,28.37
335,29.55,28.37
677,29.55,28.37
548,29.55,28.37
622,29.55,28.37
348,29.55,28.37
695,29.55,28.37
249,29.55,28.37
588,29.55,28.37
343,29.55,28.37
330,29.55,28.37
442,29.55,28.37
119,29.55,28.37
656,29.55,28.37
362,29.55,28.37
638,29.55,28.37
264,29.55,28.37
759,29.55,28.37
369,29.55,28.37
587,29.55,28.37
243,29.55,28.37
711,29.55,28.37
468,29.55,28.37
502,29.55,28.37
503,29.55,28.37
806,29.55,28.37
593,29.55,28.37
725,29.55,28.37
762,29.55,28.37
243,29.55,28.37
807,29.55,28.37
320,29.55,28.37
823,29.55,28.37
235,29.55,28.37
665,29.55,28.37
291,29.55,28.37
790,29.55,28.37
462,29.55,28.37
569,29.55,28.37
882,29.55,28.37
692,29.55,28.37
626,29.55,28.37
491,29.55,28.37
697,29.55,28.37
458,29.55,28.27
761,29.55,28.27
583,29.55,28.27
488,29.55,28.27
227,29.55,28.27
837,29.55,28.27
261,29.55,28.27
597,29.55,28.27
445,29.55,28.27
805,29.55,28.27
485,29.55,28.27
687,29.55,28.27
503,29.55,28.27
372,29.55,28.27
523,29.55,28.27
243,29.55,28.27
410,29.55,28.27
301,29.55,28.27
547,29.55,28.27
512,29.55,28.27
585,29.55,28.27
304,29.55,28.27
559,29.55,28.27
262,29.55,28.27
369,29.55,28.27
514,29.55,28.27
588,29.55,28.27
430,29.55,28.27
427,29.55,28.27
625,29.55,28.27
297,29.55,28.27
721,29.55,28.27
394,29.55,28.27
601,29.55,28.27
389,29.55,28.27
523,29.55,28.27
482,29.55,28.27
552,29.55,28.27
384,29.55,28.27
575,29.55,28.27
538,29.55,28.27
542,29.55,28.27
208,29.55,28.27
508,29.55,28.27
658,29.55,28.27
498,29.55,28.27
540,29.55,28.27
487,29.55,28.27
882,29.55,28.27
269,29.55,28.27
772,29.55,28.27
477,29.55,28.27
378,29.55,28.27
415,29.55,28.27
517,29.55,28.27
584,29.55,28.27
247,29.55,28.27
624,29.55,28.27
512,29.55,28.27
644,29.55,28.43
458,29.55,28.43
646,29.55,28.43
499,29.55,28.43
437,29.55,28.43
655,29.55,28.43
689,29.55,28.43
246,29.55,28.43
721,29.55,28.43
467,29.55,28.43
600,29.55,28.43
376,29.55,28.43
277,29.55,28.43
716,29.55,28.43
219,29.55,28.43
582,29.55,28.43
377,29.55,28.43
253,29.55,28.43
478,29.55,28.43
627,29.55,28.43
499,29.55,28.43
492,29.55,28.43
255,29.55,28.43
840,29.55,28.43
256,29.55,28.43
626,29.55,28.43
205,29.55,28.43
694,29.55,28.43
440,29.55,28.43
326,29.55,28.43
752,29.55,28.43
245,29.55,28.43
510,29.55,28.43
124,29.55,28.43
783,29.55,28.43
120,29.55,28.43
556,29.55,28.43
490,29.55,28.43
741,29.55,28.43
476,29.55,28.43
450,29.55,28.43
