459,29.69,28.53
288,29.69,28.53
701,29.69,28.53
413,29.69,28.53
401,29.69,28.53
441,29.69,28.53
412,29.69,28.53
637,29.69,28.53
497,29.69,28.53
484,29.69,28.53
650,29.69,28.53
514,29.69,28.53
556,29.69,28.53
723,29.69,28.53
189,29.69,28.53
506,29.69,28.53
557,29.69,28.53
805,29.69,28.53
717,29.69,28.53
710,29.69,28.53
629,29.69,28.53
465,29.69,28.53
481,29.69,28.53
636,29.69,28.53
568,29.69,28.53
192,29.69,28.53
590,29.69,28.53
473,29.69,28.53
393,29.69,28.53
321,29.69,28.53
708,29.69,28.53
460,29.69,28.53
378,29.69,28.53
383,29.69,28.53
817,29.69,28.53
388,29.69,28.53
546,29.69,28.53
734,29.69,28.53
284,29.69,28.53
689,29.69,28.53
325,29.69,28.53
470,29.69,28.53
134,29.69,28.63
675,29.69,28.63
315,29.69,28.63
602,29.69,28.63
276,29.69,28.63
397,29.69,28.63
523,29.69,28.63
490,29.69,28.63
677,29.69,28.63
449,29.69,28.63
442,29.69,28.63
502,29.69,28.63
535,29.69,28.63
518,29.69,28.63
565,29.69,28.63
488,29.69,28.63
702,29.69,28.63
384,29.69,28.63
639,29.69,28.63
357,29.69,28.63
218,29.69,28.63
353,29.69,28.63
330,29.69,28.63
693,29.69,28.63
263,29.69,28.63
533,29.69,28.63
471,29.69,28.63
664,29.69,28.63
490,29.69,28.63
523,29.69,28.63
550,29.69,28.63
595,29.69,28.63
536,29.69,28.63
735,29.69,28.63
344,29.69,28.63
567,29.69,28.63
469,29.71,28.63
614,29.71,28.63
263,29.71,28.63
610,29.71,28.63
690,29.71,28.63
532,29.71,28.63
648,29.71,28.63
300,29.71,28.63
825,29.71,28.63
551,29.71,28.63
802,29.71,28.63
203,29.71,28.63
710,29.71,28.63
328,29.71,28.63
586,29.71,28.63
279,29.71,28.63
501,29.71,28.63
414,29.71,28.63
494,29.71,28.63
504,29.71,28.63
286,29.71,28.63
582,29.71,28.63
456,29.71,28.63
842,29.71,28.51
139,29.71,28.51
686,29.71,28.51
120,29.71,28.51
879,29.71,28.51
299,29.71,28.51
513,29.71,28.51
233,29.71,28.51
499,29.71,28.51
529,29.71,28.51
420,29.71,28.51
540,29.71,28.51
519,29.71,28.51
642,29.71,28.51
475,29.71,28.51
571,29.71,28.51
184,29.71,28.51
711,29.71,28.51
464,29.71,28.51
808,29.71,28.51
161,29.71,28.51
725,29.71,28.51
296,29.71,28.51
880,29.71,28.51
583,29.71,28.51
692,29.71,28.51
275,29.71,28.51
666,29.71,28.51
386,29.71,28.51
375,29.71,28.51
617,29.71,28.51
444,29.71,28.51
768,29.71,28.51
514,29.71,28.51
585,29.71,28.51
335,29.71,28.51
706,29.69,28.51
288,29.69,28.51
719,29.69,28.51
213,29.69,28.51
881,29.69,28.51
363,29.69,28.51
634,29.69,28.51
359,29.69,28.51
634,29.69,28.51
288,29.69,28.51
398,29.69,28.51
810,29.69,28.51
440,29.69,28.51
594,29.69,28.51
404,29.69,28.51
729,29.69,28.51
219,29.69,28.51
604,29.69,28.51
255,29.69,28.51
640,29.69,28.51
144,29.69,28.51
669,29.69,28.51
333,29.69,28.51
349,29.69,28.51
186,29.69,28.47
533,29.69,28.47
504,29.69,28.47
159,29.69,28.47
740,29.69,28.47
290,29.69,28.47
634,29.69,28.47
252,29.69,28.47
587,29.69,28.47
134,29.69,28.47
754,29.69,28.47
235,29.69,28.47
751,29.69,28.47
573,29.69,28.47
286,29.69,28.47
425,29.69,28.47
449,29.69,28.47
464,29.69,28.47
312,29.69,28.47
680,29.69,28.47
141,29.69,28.47
446,29.69,28.47
450,29.69,28.47
810,29.69,28.47
312,29.69,28.47
710,29.69,28.47
446,29.69,28.47
743,29.69,28.47
526,29.69,28.47
599,29.69,28.47
530,29.69,28.47
525,29.69,28.47
618,29.69,28.47
626,29.69,28.47
677,29.69,28.47
218,29.69,28.47
808,29.69,28.47
299,29.69,28.47
534,29.69,28.47
501,29.69,28.47
632,29.69,28.47
347,29.69,28.47
772,29.69,28.47
457,29.69,28.47
357,29.69,28.47
357,29.69,28.47
545,29.69,28.47
563,29.69,28.47
331,29.69,28.47
585,29.69,28.47
458,29.69,28.47
704,29.69,28.47
188,29.69,28.47
502,29.69,28.47
531,29.69,28.47
475,29.69,28.47
324,29.69,28.47
648,29.69,28.47
299,29.69,28.47
401,29.69,28.57
681,29.69,28.57
591,29.69,28.57
601,29.69,28.57
571,29.69,28.57
711,29.69,28.57
362,29.69,28.57
415,29.69,28.57
255,29.69,28.57
446,29.69,28.57
395,29.69,28.57
298,29.69,28.57
471,29.69,28.57
709,29.69,28.57
456,29.69,28.57
509,29.69,28.57
359,29.69,28.57
616,29.69,28.57
472,29.69,28.57
579,29.69,28.57
572,29.69,28.57
285,29.69,28.57
733,29.69,28.57
401,29.69,28.57
788,29.69,28.57
402,29.69,28.57
458,29.69,28.57
488,29.69,28.57
230,29.69,28.57
410,29.69,28.57
409,29.69,28.57
457,29.69,28.57
341,29.69,28.57
584,29.69,28.57
543,29.69,28.57
746,29.69,28.57
389,29.71,28.57
642,29.71,28.57
366,29.71,28.57
401,29.71,28.57
554,29.71,28.57
544,29.71,28.57
597,29.71,28.57
401,29.71,28.57
798,29.71,28.57
515,29.71,28.57
505,29.71,28.57
421,29.71,28.57
694,29.71,28.57
347,29.71,28.57
427,29.71,28.57
690,29.71,28.57
615,29.71,28.57
551,29.71,28.57
657,29.71,28.57
780,29.71,28.57
275,29.71,28.57
542,29.71,28.57
400,29.71,28.57
629,29.71,28.57
244,29.71,28.57
722,29.71,28.57
515,29.71,28.57
523,29.71,28.57
443,29.71,28.57
650,29.71,28.57
572,29.71,28.57
425,29.71,28.57
663,29.71,28.57
555,29.71,28.57
594,29.71,28.57
623,29.71,28.57
744,29.71,28.57
517,29.71,28.57
608,29.71,28.57
583,29.71,28.57
456,29.71,28.57
213,29.71,28.57
425,29.71,28.57
568,29.71,28.57
329,29.71,28.57
351,29.71,28.57
705,29.71,28.57
405,29.71,28.57
380,29.71,28.57
568,29.71,28.57
618,29.71,28.57
553,29.71,28.57
425,29.71,28.57
438,29.71,28.57
683,29.71,28.57
587,29.71,28.57
276,29.71,28.57
549,29.71,28.57
404,29.71,28.57
469,29.71,28.57
498,29.71,28.57
689,29.71,28.57
357,29.71,28.57
481,29.71,28.57
678,29.71,28.57
720,29.71,28.57
616,29.71,28.57
412,29.71,28.57
556,29.71,28.57
343,29.71,28.57
733,29.71,28.57
412,29.71,28.57
797,29.71,28.57
265,29.71,28.57
825,29.71,28.57
478,29.71,28.57
411,29.71,28.57
355,29.71,28.57
595,29.71,28.57
506,29.71,28.57
234,29.71,28.57
459,29.71,28.57
551,29.71,28.57
470,29.71,28.47
556,29.71,28.47
881,29.71,28.47
443,29.71,28.47
704,29.71,28.47
359,29.71,28.47
502,29.71,28.47
313,29.71,28.47
498,29.71,28.47
298,29.71,28.47
558,29.71,28.47
586,29.71,28.47
269,29.71,28.47
721,29.71,28.47
333,29.71,28.47
544,29.71,28.47
257,29.71,28.47
579,29.71,28.47
205,29.71,28.47
495,29.71,28.47
209,29.71,28.47
562,29.71,28.47
346,29.71,28.47
525,29.71,28.47
462,29.71,28.47
473,29.71,28.47
494,29.71,28.47
213,29.71,28.47
669,29.71,28.47
253,29.71,28.47
772,29.71,28.47
396,29.71,28.47
602,29.71,28.47
491,29.71,28.47
637,29.71,28.47
488,29.71,28.47
760,29.71,28.47
575,29.71,28.47
578,29.71,28.47
370,29.71,28.47
874,29.71,28.47
529,29.71,28.47
574,29.71,28.47
776,29.71,28.47
345,29.71,28.47
681,29.71,28.47
125,29.71,28.47
788,29.71,28.47
416,29.71,28.47
682,29.71,28.47
881,29.71,28.47
567,29.71,28.47
512,29.71,28.47
430,29.71,28.47
741,29.71,28.47
534,29.71,28.47
502,29.71,28.47
589,29.71,28.47
440,29.71,28.47
421,29.71,28.47
557,29.71,28.45
459,29.71,28.45
623,29.71,28.45
158,29.71,28.45
864,29.71,28.45
152,29.71,28.45
727,29.71,28.45
308,29.71,28.45
638,29.71,28.45
601,29.71,28.45
711,29.71,28.45
414,29.71,28.45
238,29.71,28.45
541,29.71,28.45
507,29.71,28.45
384,29.71,28.45
264,29.71,28.45
506,29.71,28.45
384,29.71,28.45
756,29.71,28.45
