559,31.43,30.17
319,31.43,30.19
548,31.43,30.19
347,31.43,30.19
478,31.43,30.19
549,31.43,30.19
720,31.43,30.19
707,31.43,30.19
708,31.43,30.19
120,31.43,30.19
882,31.43,30.19
573,31.43,30.19
884,31.43,30.19
665,31.43,30.19
690,31.43,30.19
524,31.43,30.19
423,31.43,30.19
448,31.43,30.19
397,31.43,30.19
554,31.43,30.19
290,31.43,30.19
687,31.43,30.19
554,31.43,30.19
394,31.43,30.19
427,31.43,30.19
833,31.43,30.19
457,31.43,30.19
558,31.43,30.19
396,31.43,30.19
720,31.43,30.19
270,31.43,30.19
672,31.43,30.19
399,31.43,30.19
232,31.43,30.19
565,31.43,30.19
306,31.43,30.19
677,31.43,30.19
127,31.41,30.19
385,31.41,30.19
548,31.41,30.19
630,31.41,30.19
425,31.41,30.19
609,31.41,30.19
661,31.41,30.19
342,31.41,30.19
701,31.41,30.19
412,31.41,30.19
147,31.41,30.19
731,31.41,30.19
376,31.41,30.19
516,31.41,30.19
360,31.41,30.19
380,31.41,30.19
808,31.41,30.19
569,31.41,30.19
739,31.41,30.19
715,31.41,30.19
723,31.41,30.19
511,31.41,30.19
730,31.41,30.19
565,31.41,30.19
519,31.41,30.17
351,31.41,30.17
666,31.41,30.17
205,31.41,30.17
377,31.41,30.17
598,31.41,30.17
615,31.41,30.17
616,31.41,30.17
177,31.41,30.17
817,31.41,30.17
431,31.41,30.17
698,31.41,30.17
427,31.41,30.17
508,31.41,30.17
386,31.41,30.17
666,31.41,30.17
267,31.41,30.17
455,31.41,30.17
444,31.41,30.17
497,31.41,30.17
551,31.41,30.17
489,31.41,30.17
593,31.41,30.17
349,31.41,30.17
665,31.41,30.17
216,31.41,30.17
666,31.41,30.17
168,31.41,30.17
882,31.41,30.17
122,31.41,30.17
453,31.41,30.17
578,31.41,30.17
446,31.41,30.17
654,31.41,30.17
384,31.41,30.17
322,31.41,30.17
442,31.41,30.17
609,31.41,30.17
364,31.41,30.17
639,31.41,30.17
573,31.41,30.17
562,31.41,30.17
297,31.41,30.17
527,31.41,30.17
630,31.41,30.17
679,31.41,30.17
359,31.41,30.17
805,31.41,30.17
645,31.41,30.17
792,31.41,30.17
552,31.41,30.17
736,31.41,30.17
486,31.41,30.17
254,31.41,30.17
712,31.41,30.17
291,31.41,30.17
491,31.41,30.17
392,31.41,30.17
736,31.41,30.17
779,31.41,30.29
479,31.41,30.29
458,31.41,30.29
609,31.41,30.29
486,31.41,30.29
833,31.41,30.29
689,31.41,30.29
515,31.41,30.29
708,31.41,30.29
367,31.41,30.29
819,31.41,30.29
427,31.41,30.29
812,31.41,30.29
488,31.41,30.29
839,31.41,30.29
326,31.41,30.29
287,31.41,30.29
447,31.41,30.29
307,31.41,30.29
658,31.41,30.29
438,31.41,30.29
622,31.41,30.29
410,31.41,30.29
512,31.41,30.29
475,31.41,30.29
633,31.41,30.29
174,31.41,30.29
700,31.41,30.29
120,31.41,30.29
782,31.41,30.29
256,31.41,30.29
606,31.41,30.29
537,31.41,30.29
495,31.41,30.29
736,31.41,30.29
610,31.41,30.29
406,31.43,30.29
120,31.43,30.29
666,31.43,30.29
577,31.43,30.29
635,31.43,30.29
731,31.43,30.29
487,31.43,30.29
376,31.43,30.29
580,31.43,30.29
589,31.43,30.29
531,31.43,30.29
267,31.43,30.29
631,31.43,30.29
249,31.43,30.29
648,31.43,30.29
660,31.43,30.29
477,31.43,30.29
883,31.43,30.29
405,31.43,30.29
839,31.43,30.29
296,31.43,30.29
491,31.43,30.29
567,31.43,30.29
664,31.43,30.29
711,31.43,30.31
703,31.43,30.31
199,31.43,30.31
814,31.43,30.31
119,31.43,30.31
604,31.43,30.31
338,31.43,30.31
821,31.43,30.31
649,31.43,30.31
380,31.43,30.31
861,31.43,30.31
131,31.43,30.31
835,31.43,30.31
240,31.43,30.31
834,31.43,30.31
346,31.43,30.31
298,31.43,30.31
512,31.43,30.31
491,31.43,30.31
279,31.43,30.31
648,31.43,30.31
337,31.43,30.31
514,31.43,30.31
597,31.43,30.31
399,31.43,30.31
546,31.43,30.31
281,31.43,30.31
869,31.43,30.31
224,31.43,30.31
787,31.43,30.31
288,31.43,30.31
728,31.43,30.31
403,31.43,30.31
596,31.43,30.31
239,31.43,30.31
390,31.43,30.31
419,31.41,30.31
503,31.41,30.31
395,31.41,30.31
474,31.41,30.31
584,31.41,30.31
464,31.41,30.31
537,31.41,30.31
254,31.41,30.31
638,31.41,30.31
314,31.41,30.31
672,31.41,30.31
315,31.41,30.31
883,31.41,30.31
568,31.41,30.31
881,31.41,30.31
377,31.41,30.31
549,31.41,30.31
650,31.41,30.31
686,31.41,30.31
456,31.41,30.31
503,31.41,30.31
724,31.41,30.31
221,31.41,30.31
606,31.41,30.33
464,31.41,30.33
648,31.41,30.33
268,31.41,30.33
725,31.41,30.33
119,31.41,30.33
789,31.41,30.33
377,31.41,30.33
574,31.41,30.33
439,31.41,30.33
503,31.41,30.33
339,31.41,30.33
362,31.41,30.33
619,31.41,30.33
260,31.41,30.33
647,31.41,30.33
164,31.41,30.33
605,31.41,30.33
510,31.41,30.33
637,31.41,30.33
389,31.41,30.33
655,31.41,30.33
482,31.41,30.33
735,31.41,30.33
412,31.41,30.33
493,31.41,30.33
398,31.41,30.33
681,31.41,30.33
580,31.41,30.33
185,31.41,30.33
731,31.41,30.33
526,31.41,30.33
451,31.41,30.33
553,31.41,30.33
499,31.41,30.33
472,31.41,30.33
621,31.41,30.33
448,31.41,30.33
846,31.41,30.33
579,31.41,30.33
880,31.41,30.33
389,31.41,30.33
834,31.41,30.33
427,31.41,30.33
788,31.41,30.33
569,31.41,30.33
333,31.41,30.33
884,31.41,30.33
244,31.41,30.33
755,31.41,30.33
487,31.41,30.33
560,31.41,30.33
383,31.41,30.33
623,31.41,30.33
681,31.41,30.33
884,31.41,30.33
182,31.41,30.33
691,31.41,30.33
570,31.41,30.33
588,31.41,30.33
379,31.41,30.25
436,31.41,30.25
337,31.41,30.25
481,31.41,30.25
735,31.41,30.25
122,31.41,30.25
741,31.41,30.25
218,31.41,30.25
650,31.41,30.25
302,31.41,30.25
240,31.41,30.25
681,31.41,30.25
488,31.41,30.25
361,31.41,30.25
485,31.41,30.25
359,31.41,30.25
470,31.41,30.25
441,31.41,30.25
372,31.41,30.25
789,31.41,30.25
331,31.41,30.25
507,31.41,30.25
359,31.41,30.25
768,31.41,30.25
157,31.41,30.25
542,31.41,30.25
169,31.41,30.25
523,31.41,30.25
476,31.41,30.25
670,31.41,30.25
702,31.41,30.25
413,31.41,30.25
819,31.41,30.25
431,31.41,30.25
398,31.41,30.25
511,31.41,30.25
738,31.41,30.25
239,31.41,30.25
509,31.41,30.25
372,31.41,30.25
807,31.41,30.25
318,31.41,30.25
478,31.41,30.25
517,31.41,30.25
552,31.41,30.25
537,31.41,30.25
597,31.41,30.25
713,31.41,30.25
239,31.41,30.25
738,31.41,30.25
328,31.41,30.25
636,31.41,30.25
404,31.41,30.25
553,31.41,30.25
627,31.41,30.25
500,31.41,30.25
346,31.41,30.25
222,31.41,30.25
532,31.41,30.25
333,31.41,30.23
591,31.41,30.23
545,31.41,30.23
728,31.41,30.23
122,31.41,30.23
817,31.41,30.23
325,31.41,30.23
434,31.41,30.23
209,31.41,30.23
450,31.41,30.23
250,31.41,30.23
347,31.41,30.23
574,31.41,30.23
457,31.41,30.23
363,31.41,30.23
366,31.41,30.23
589,31.41,30.23
332,31.41,30.23
334,31.41,30.23
759,31.41,30.23
552,31.41,30.23
150,31.41,30.23
654,31.41,30.23
374,31.41,30.23
696,31.41,30.23
399,31.41,30.23
566,31.41,30.23
315,31.41,30.23
383,31.41,30.23
372,31.41,30.23
478,31.41,30.23
555,31.41,30.23
302,31.41,30.23
810,31.41,30.23
614,31.41,30.23
403,31.41,30.23
482,31.41,30.23
682,31.41,30.23
459,31.41,30.23
650,31.41,30.23
372,31.41,30.23
778,31.41,30.23
440,31.41,30.23
775,31.41,30.23
688,31.41,30.23
397,31.41,30.23
539,31.41,30.23
332,31.41,30.23
846,31.41,30.23
126,31.41,30.23
863,31.41,30.23
311,31.41,30.23
804,31.41,30.23
123,31.41,30.23
858,31.41,30.23
628,31.41,30.23
631,31.41,30.23
601,31.41,30.23
734,31.41,30.23
338,31.41,30.23
703,31.41,30.29
