465,30.93,29.71
558,30.93,29.71
454,30.93,29.71
255,30.93,29.71
529,30.93,29.71
814,30.93,29.71
817,30.93,29.71
270,30.93,29.71
748,30.93,29.71
120,30.93,29.71
810,30.93,29.71
241,30.93,29.71
731,30.93,29.71
188,30.93,29.71
682,30.93,29.71
128,30.93,29.71
426,30.93,29.71
715,30.93,29.71
351,30.93,29.71
584,30.93,29.71
266,30.93,29.71
280,30.93,29.71
533,30.93,29.71
333,30.93,29.71
364,30.93,29.71
513,30.93,29.71
536,30.93,29.71
442,30.93,29.71
429,30.93,29.71
714,30.93,29.71
440,30.93,29.69
751,30.93,29.69
350,30.93,29.69
568,30.93,29.69
699,30.93,29.69
544,30.93,29.69
554,30.93,29.69
537,30.93,29.69
677,30.93,29.69
362,30.93,29.69
574,30.93,29.69
444,30.93,29.69
619,30.93,29.69
374,30.93,29.69
718,30.93,29.69
286,30.93,29.69
581,30.93,29.69
277,30.93,29.69
836,30.93,29.69
379,30.93,29.69
550,30.93,29.69
522,30.93,29.69
429,30.93,29.69
693,30.93,29.69
332,30.93,29.69
883,30.93,29.69
336,30.93,29.69
881,30.93,29.69
375,30.93,29.69
657,30.93,29.69
537,30.93,29.69
657,30.93,29.69
368,30.93,29.69
514,30.93,29.69
583,30.93,29.69
497,30.93,29.69
574,30.91,29.69
297,30.91,29.69
585,30.91,29.69
280,30.91,29.69
842,30.91,29.69
264,30.91,29.69
566,30.91,29.69
182,30.91,29.69
680,30.91,29.69
347,30.91,29.69
677,30.91,29.69
405,30.91,29.69
274,30.91,29.69
820,30.91,29.69
213,30.91,29.69
482,30.91,29.69
238,30.91,29.69
493,30.91,29.69
475,30.91,29.69
503,30.91,29.69
505,30.91,29.69
482,30.91,29.69
446,30.91,29.69
687,30.91,29.69
249,30.91,29.65
524,30.91,29.65
169,30.91,29.65
492,30.91,29.65
345,30.91,29.65
303,30.91,29.65
579,30.91,29.65
404,30.91,29.65
632,30.91,29.65
140,30.91,29.65
457,30.91,29.65
320,30.91,29.65
537,30.91,29.65
543,30.91,29.65
801,30.91,29.65
554,30.91,29.65
732,30.91,29.65
552,30.91,29.65
655,30.91,29.65
645,30.91,29.65
614,30.91,29.65
577,30.91,29.65
186,30.91,29.65
756,30.91,29.65
137,30.91,29.65
818,30.91,29.65
480,30.91,29.65
711,30.91,29.65
541,30.91,29.65
618,30.91,29.65
710,30.91,29.65
583,30.91,29.65
321,30.91,29.65
498,30.91,29.65
332,30.91,29.65
693,30.91,29.65
369,30.95,29.65
123,30.95,29.65
531,30.95,29.65
337,30.95,29.65
554,30.95,29.65
389,30.95,29.65
610,30.95,29.65
119,30.95,29.65
690,30.95,29.65
559,30.95,29.65
266,30.95,29.65
450,30.95,29.65
502,30.95,29.65
506,30.95,29.65
127,30.95,29.65
592,30.95,29.65
307,30.95,29.65
554,30.95,29.65
315,30.95,29.65
762,30.95,29.65
419,30.95,29.65
323,30.95,29.65
472,30.95,29.65
766,30.95,29.65
264,30.95,29.71
676,30.95,29.71
252,30.95,29.71
366,30.95,29.71
668,30.95,29.71
450,30.95,29.71
881,30.95,29.71
537,30.95,29.71
519,30.95,29.71
361,30.95,29.71
461,30.95,29.71
776,30.95,29.71
871,30.95,29.71
334,30.95,29.71
673,30.95,29.71
392,30.95,29.71
802,30.95,29.71
529,30.95,29.71
655,30.95,29.71
742,30.95,29.71
561,30.95,29.71
793,30.95,29.71
220,30.95,29.71
783,30.95,29.71
251,30.95,29.71
683,30.95,29.71
851,30.95,29.71
562,30.95,29.71
566,30.95,29.71
343,30.95,29.71
660,30.95,29.71
698,30.95,29.71
259,30.95,29.71
518,30.95,29.71
272,30.95,29.71
518,30.95,29.71
661,30.95,29.71
260,30.95,29.71
513,30.95,29.71
313,30.95,29.71
750,30.95,29.71
541,30.95,29.71
548,30.95,29.71
351,30.95,29.71
534,30.95,29.71
600,30.95,29.71
305,30.95,29.71
611,30.95,29.71
370,30.95,29.71
610,30.95,29.71
384,30.95,29.71
618,30.95,29.71
251,30.95,29.71
580,30.95,29.71
604,30.95,29.71
438,30.95,29.71
215,30.95,29.71
662,30.95,29.71
388,30.95,29.71
656,30.95,29.71
361,30.95,29.71
530,30.95,29.71
305,30.95,29.71
156,30.95,29.71
734,30.95,29.71
436,30.95,29.71
711,30.95,29.71
228,30.95,29.71
883,30.95,29.71
330,30.95,29.71
548,30.95,29.71
667,30.95,29.71
658,30.95,29.71
533,30.95,29.71
462,30.95,29.71
668,30.95,29.71
675,30.95,29.71
495,30.95,29.71
621,30.95,29.71
598,30.95,29.71
341,30.95,29.71
729,30.95,29.71
287,30.95,29.71
883,30.95,29.71
134,30.95,29.71
717,30.95,29.71
561,30.95,29.71
593,30.95,29.71
458,30.95,29.71
882,30.95,29.71
544,30.95,29.71
283,30.95,29.71
728,30.95,29.71
352,30.95,29.71
374,30.95,29.71
698,30.91,29.71
388,30.91,29.71
417,30.91,29.71
261,30.91,29.71
368,30.91,29.71
761,30.91,29.71
208,30.91,29.71
741,30.91,29.71
403,30.91,29.71
543,30.91,29.71
369,30.91,29.71
503,30.91,29.71
449,30.91,29.71
419,30.91,29.71
408,30.91,29.71
395,30.91,29.71
280,30.91,29.71
204,30.91,29.71
430,30.91,29.71
584,30.91,29.71
494,30.91,29.71
637,30.91,29.71
729,30.91,29.71
451,30.91,29.71
882,30.91,29.71
343,30.91,29.71
700,30.91,29.71
168,30.91,29.71
641,30.91,29.71
521,30.91,29.71
572,30.91,29.71
500,30.91,29.71
597,30.91,29.71
562,30.91,29.71
473,30.91,29.71
608,30.91,29.71
550,30.91,29.71
799,30.91,29.71
298,30.91,29.71
665,30.91,29.71
530,30.91,29.71
882,30.91,29.71
514,30.91,29.71
856,30.91,29.71
586,30.91,29.71
485,30.91,29.71
633,30.91,29.71
511,30.91,29.71
718,30.91,29.71
598,30.91,29.71
673,30.91,29.71
267,30.91,29.71
563,30.91,29.71
572,30.91,29.71
531,30.91,29.71
556,30.91,29.71
486,30.91,29.71
396,30.91,29.71
642,30.91,29.71
192,30.91,29.71
670,30.91,29.71
701,30.91,29.71
619,30.91,29.71
455,30.91,29.71
508,30.91,29.71
473,30.91,29.71
274,30.91,29.71
567,30.91,29.71
118,30.91,29.71
444,30.91,29.71
456,30.91,29.71
423,30.91,29.71
613,30.91,29.71
488,30.91,29.71
521,30.91,29.71
817,30.91,29.71
214,30.91,29.71
750,30.91,29.71
464,30.91,29.71
629,30.91,29.71
555,30.91,29.71
450,30.91,29.71
778,30.91,29.71
556,30.91,29.79
846,30.91,29.79
312,30.91,29.79
727,30.91,29.79
120,30.91,29.79
519,30.91,29.79
461,30.91,29.79
543,30.91,29.79
630,30.91,29.79
681,30.91,29.79
712,30.91,29.79
477,30.91,29.79
552,30.91,29.79
440,30.91,29.79
667,30.91,29.79
455,30.91,29.79
744,30.91,29.79
131,30.91,29.79
699,30.91,29.79
426,30.91,29.79
718,30.91,29.79
399,30.91,29.79
676,30.91,29.79
320,30.91,29.79
414,30.91,29.79
654,30.91,29.79
263,30.91,29.79
797,30.91,29.79
602,30.91,29.79
640,30.91,29.79
380,30.91,29.79
479,30.91,29.79
272,30.91,29.79
704,30.91,29.79
117,30.91,29.79
523,30.91,29.79
371,30.93,29.79
841,30.93,29.79
279,30.93,29.79
491,30.93,29.79
662,30.93,29.79
287,30.93,29.79
564,30.93,29.79
233,30.93,29.79
530,30.93,29.79
163,30.93,29.79
651,30.93,29.79
260,30.93,29.79
531,30.93,29.79
514,30.93,29.79
564,30.93,29.79
363,30.93,29.79
392,30.93,29.79
254,30.93,29.79
510,30.93,29.79
235,30.93,29.79
591,30.93,29.79
543,30.93,29.79
211,30.93,29.79
735,30.93,29.79
306,30.93,29.83
884,30.93,29.83
292,30.93,29.83
433,30.93,29.83
432,30.93,29.83
325,30.93,29.83
383,30.93,29.83
551,30.93,29.83
658,30.93,29.83
461,30.93,29.83
514,30.93,29.83
336,30.93,29.83
650,30.93,29.83
448,30.93,29.83
555,30.93,29.83
481,30.93,29.83
692,30.93,29.83
333,30.93,29.83
697,30.93,29.83
318,30.93,29.83
846,30.93,29.83
468,30.93,29.83
478,30.93,29.83
750,30.93,29.83
502,30.93,29.83
557,30.93,29.83
566,30.93,29.83
230,30.93,29.83
586,30.93,29.83
702,30.93,29.83
249,30.93,29.83
