338,32.63,31.57
560,32.63,31.57
256,32.63,31.57
352,32.63,31.57
715,32.63,31.57
550,32.63,31.57
796,32.63,31.57
485,32.63,31.57
731,32.63,31.57
261,32.63,31.57
380,32.63,31.57
292,32.63,31.57
520,32.63,31.57
376,32.63,31.57
537,32.63,31.57
705,32.61,31.57
501,32.61,31.57
725,32.61,31.57
551,32.61,31.57
473,32.61,31.57
300,32.61,31.57
429,32.61,31.57
620,32.61,31.57
601,32.61,31.57
564,32.61,31.57
797,32.61,31.57
503,32.61,31.57
359,32.61,31.57
444,32.61,31.57
765,32.61,31.57
310,32.61,31.57
629,32.61,31.57
635,32.61,31.57
562,32.61,31.57
591,32.61,31.57
411,32.61,31.57
755,32.61,31.57
331,32.61,31.57
445,32.61,31.57
661,32.61,31.61
481,32.61,31.61
505,32.61,31.61
505,32.61,31.61
421,32.61,31.61
435,32.61,31.61
304,32.61,31.61
704,32.61,31.61
510,32.61,31.61
424,32.61,31.61
395,32.61,31.61
298,32.61,31.61
480,32.61,31.61
258,32.61,31.61
622,32.61,31.61
346,32.61,31.61
691,32.61,31.61
580,32.61,31.61
509,32.61,31.61
501,32.61,31.61
384,32.61,31.61
561,32.61,31.61
393,32.61,31.61
228,32.61,31.61
424,32.61,31.61
412,32.61,31.61
635,32.61,31.61
627,32.61,31.61
312,32.61,31.61
500,32.61,31.61
362,32.61,31.61
642,32.61,31.61
581,32.61,31.61
515,32.61,31.61
438,32.61,31.61
792,32.61,31.61
473,32.59,31.61
237,32.59,31.61
393,32.59,31.61
499,32.59,31.61
625,32.59,31.61
310,32.59,31.61
615,32.59,31.61
701,32.59,31.61
348,32.59,31.61
769,32.59,31.61
566,32.59,31.61
184,32.59,31.61
628,32.59,31.61
424,32.59,31.61
450,32.59,31.61
353,32.59,31.61
549,32.59,31.61
346,32.59,31.61
407,32.59,31.61
608,32.59,31.61
491,32.59,31.61
534,32.59,31.61
179,32.59,31.61
724,32.59,31.47
567,32.59,31.47
122,32.59,31.47
376,32.59,31.47
474,32.59,31.47
397,32.59,31.47
450,32.59,31.47
264,32.59,31.47
804,32.59,31.47
273,32.59,31.47
255,32.59,31.47
531,32.59,31.47
628,32.59,31.47
441,32.59,31.47
186,32.59,31.47
530,32.59,31.47
307,32.59,31.47
583,32.59,31.47
401,32.59,31.47
427,32.59,31.47
252,32.59,31.47
452,32.59,31.47
733,32.59,31.47
361,32.59,31.47
706,32.59,31.47
440,32.59,31.47
550,32.59,31.47
395,32.59,31.47
566,32.59,31.47
206,32.59,31.47
764,32.59,31.47
226,32.59,31.47
796,32.59,31.47
308,32.59,31.47
609,32.59,31.47
624,32.59,31.47
803,32.59,31.47
455,32.59,31.47
299,32.59,31.47
869,32.59,31.47
269,32.59,31.47
763,32.59,31.47
461,32.59,31.47
608,32.59,31.47
587,32.59,31.47
670,32.59,31.47
454,32.59,31.47
664,32.59,31.47
240,32.59,31.47
685,32.59,31.47
640,32.59,31.47
797,32.59,31.47
362,32.59,31.47
517,32.59,31.47
689,32.59,31.47
354,32.59,31.47
664,32.59,31.47
414,32.59,31.47
690,32.59,31.47
410,32.59,31.47
883,32.59,31.49
355,32.59,31.49
613,32.59,31.49
274,32.59,31.49
379,32.59,31.49
719,32.59,31.49
170,32.59,31.49
828,32.59,31.49
474,32.59,31.49
302,32.59,31.49
405,32.59,31.49
710,32.59,31.49
288,32.59,31.49
716,32.59,31.49
273,32.59,31.49
685,32.59,31.49
272,32.59,31.49
764,32.59,31.49
284,32.59,31.49
364,32.59,31.49
646,32.59,31.49
375,32.59,31.49
730,32.59,31.49
232,32.59,31.49
666,32.59,31.49
258,32.59,31.49
559,32.59,31.49
362,32.59,31.49
446,32.59,31.49
289,32.59,31.49
451,32.59,31.49
602,32.59,31.49
163,32.59,31.49
882,32.59,31.49
237,32.59,31.49
584,32.59,31.49
420,32.61,31.49
758,32.61,31.49
399,32.61,31.49
717,32.61,31.49
192,32.61,31.49
535,32.61,31.49
338,32.61,31.49
595,32.61,31.49
495,32.61,31.49
263,32.61,31.49
577,32.61,31.49
475,32.61,31.49
347,32.61,31.49
416,32.61,31.49
623,32.61,31.49
527,32.61,31.49
642,32.61,31.49
462,32.61,31.49
451,32.61,31.49
436,32.61,31.49
701,32.61,31.49
362,32.61,31.49
701,32.61,31.49
332,32.61,31.43
675,32.61,31.43
598,32.61,31.43
621,32.61,31.43
776,32.61,31.43
503,32.61,31.43
657,32.61,31.43
614,32.61,31.43
709,32.61,31.43
507,32.61,31.43
818,32.61,31.43
719,32.61,31.43
703,32.61,31.43
128,32.61,31.43
846,32.61,31.43
134,32.61,31.43
724,32.61,31.43
219,32.61,31.43
751,32.61,31.43
474,32.61,31.43
561,32.61,31.43
461,32.61,31.43
482,32.61,31.43
885,32.61,31.43
119,32.61,31.43
707,32.61,31.43
348,32.61,31.43
692,32.61,31.43
384,32.61,31.43
395,32.61,31.43
308,32.61,31.43
609,32.61,31.43
319,32.61,31.43
604,32.61,31.43
420,32.61,31.43
458,32.61,31.43
621,32.59,31.43
409,32.59,31.43
568,32.59,31.43
269,32.59,31.43
883,32.59,31.43
238,32.59,31.43
748,32.59,31.43
231,32.59,31.43
468,32.59,31.43
433,32.59,31.43
426,32.59,31.43
377,32.59,31.43
715,32.59,31.43
410,32.59,31.43
462,32.59,31.43
688,32.59,31.43
573,32.59,31.43
679,32.59,31.43
498,32.59,31.43
672,32.59,31.43
284,32.59,31.43
666,32.59,31.43
282,32.59,31.43
883,32.59,31.43
734,32.59,31.61
534,32.59,31.61
541,32.59,31.61
599,32.59,31.61
559,32.59,31.61
411,32.59,31.61
596,32.59,31.61
119,32.59,31.61
663,32.59,31.61
582,32.59,31.61
713,32.59,31.61
363,32.59,31.61
733,32.59,31.61
418,32.59,31.61
638,32.59,31.61
130,32.59,31.61
838,32.59,31.61
342,32.59,31.61
668,32.59,31.61
533,32.59,31.61
342,32.59,31.61
648,32.59,31.61
215,32.59,31.61
615,32.59,31.61
119,32.59,31.61
514,32.59,31.61
123,32.59,31.61
526,32.59,31.61
227,32.59,31.61
567,32.59,31.61
605,32.59,31.61
483,32.59,31.61
238,32.59,31.61
469,32.59,31.61
181,32.59,31.61
621,32.59,31.61
387,32.59,31.61
253,32.59,31.61
694,32.59,31.61
143,32.59,31.61
555,32.59,31.61
237,32.59,31.61
465,32.59,31.61
396,32.59,31.61
434,32.59,31.61
646,32.59,31.61
258,32.59,31.61
653,32.59,31.61
543,32.59,31.61
433,32.59,31.61
462,32.59,31.61
290,32.59,31.61
734,32.59,31.61
318,32.59,31.61
397,32.59,31.61
611,32.59,31.61
361,32.59,31.61
608,32.59,31.61
356,32.59,31.61
790,32.59,31.41
677,32.59,31.41
411,32.59,31.41
554,32.59,31.41
625,32.59,31.41
758,32.59,31.41
534,32.59,31.41
736,32.59,31.41
658,32.59,31.41
801,32.59,31.41
358,32.59,31.41
846,32.59,31.41
572,32.59,31.41
647,32.59,31.41
586,32.59,31.41
582,32.59,31.41
497,32.59,31.41
583,32.59,31.41
533,32.59,31.41
569,32.59,31.41
590,32.59,31.41
376,32.59,31.41
753,32.59,31.41
120,32.59,31.41
798,32.59,31.41
392,32.59,31.41
488,32.59,31.41
356,32.59,31.41
670,32.59,31.41
582,32.59,31.41
411,32.59,31.41
819,32.59,31.41
409,32.59,31.41
555,32.59,31.41
492,32.59,31.41
517,32.59,31.41
123,32.59,31.41
562,32.59,31.41
447,32.59,31.41
495,32.59,31.41
226,32.59,31.41
624,32.59,31.41
544,32.59,31.41
594,32.59,31.41
378,32.59,31.41
595,32.59,31.41
545,32.59,31.41
448,32.59,31.41
520,32.59,31.41
781,32.59,31.41
515,32.59,31.41
434,32.59,31.41
588,32.59,31.41
589,32.59,31.41
376,32.59,31.41
624,32.59,31.41
716,32.59,31.41
634,32.59,31.41
870,32.59,31.41
512,32.59,31.41
796,32.59,31.53
243,32.59,31.53
761,32.59,31.53
258,32.59,31.53
613,32.59,31.53
472,32.59,31.53
534,32.59,31.53
712,32.59,31.53
381,32.59,31.53
686,32.59,31.53
685,32.59,31.53
775,32.59,31.53
510,32.59,31.53
885,32.59,31.53
205,32.59,31.53
657,32.59,31.53
290,32.59,31.53
724,32.59,31.53
208,32.59,31.53
630,32.59,31.53
258,32.59,31.53
570,32.59,31.53
369,32.59,31.53
