774,31.73,30.59
187,31.73,30.59
542,31.73,30.59
242,31.73,30.59
120,31.73,30.59
881,31.73,30.59
124,31.73,30.59
539,31.73,30.59
583,31.73,30.59
364,31.73,30.59
180,31.73,30.59
803,31.73,30.59
324,31.73,30.59
618,31.73,30.59
365,31.73,30.59
535,31.73,30.59
224,31.73,30.59
431,31.73,30.59
482,31.73,30.59
292,31.73,30.59
426,31.73,30.59
242,31.73,30.59
668,31.73,30.59
150,31.73,30.59
630,31.73,30.59
441,31.73,30.59
880,31.73,30.59
402,31.75,30.59
526,31.75,30.59
424,31.75,30.59
424,31.75,30.59
540,31.75,30.59
356,31.75,30.59
426,31.75,30.59
398,31.75,30.59
645,31.75,30.59
573,31.75,30.59
590,31.75,30.59
153,31.75,30.59
880,31.75,30.59
439,31.75,30.59
772,31.75,30.59
282,31.75,30.59
758,31.75,30.59
451,31.75,30.59
675,31.75,30.59
548,31.75,30.59
423,31.75,30.59
549,31.75,30.59
521,31.75,30.59
723,31.75,30.59
449,31.75,30.65
523,31.75,30.65
359,31.75,30.65
694,31.75,30.65
407,31.75,30.65
494,31.75,30.65
391,31.75,30.65
536,31.75,30.65
122,31.75,30.65
783,31.75,30.65
356,31.75,30.65
519,31.75,30.65
480,31.75,30.65
527,31.75,30.65
884,31.75,30.65
119,31.75,30.65
649,31.75,30.65
187,31.75,30.65
551,31.75,30.65
162,31.75,30.65
634,31.75,30.65
290,31.75,30.65
250,31.75,30.65
499,31.75,30.65
623,31.75,30.65
319,31.75,30.65
611,31.75,30.65
610,31.75,30.65
396,31.75,30.65
646,31.75,30.65
436,31.75,30.65
813,31.75,30.65
371,31.75,30.65
655,31.75,30.65
464,31.75,30.65
824,31.75,30.65
371,31.73,30.65
598,31.73,30.65
586,31.73,30.65
646,31.73,30.65
204,31.73,30.65
554,31.73,30.65
644,31.73,30.65
424,31.73,30.65
545,31.73,30.65
494,31.73,30.65
562,31.73,30.65
194,31.73,30.65
736,31.73,30.65
430,31.73,30.65
727,31.73,30.65
495,31.73,30.65
880,31.73,30.65
130,31.73,30.65
613,31.73,30.65
320,31.73,30.65
578,31.73,30.65
483,31.73,30.65
504,31.73,30.65
645,31.73,30.59
472,31.73,30.59
363,31.73,30.59
650,31.73,30.59
746,31.73,30.59
480,31.73,30.59
868,31.73,30.59
346,31.73,30.59
778,31.73,30.59
274,31.73,30.59
546,31.73,30.59
374,31.73,30.59
234,31.73,30.59
641,31.73,30.59
393,31.73,30.59
421,31.73,30.59
283,31.73,30.59
884,31.73,30.59
302,31.73,30.59
673,31.73,30.59
325,31.73,30.59
363,31.73,30.59
344,31.73,30.59
575,31.73,30.59
261,31.73,30.59
605,31.73,30.59
118,31.73,30.59
236,31.73,30.59
120,31.73,30.59
477,31.73,30.59
368,31.73,30.59
551,31.73,30.59
560,31.73,30.59
376,31.73,30.59
527,31.73,30.59
502,31.73,30.59
530,31.73,30.59
395,31.73,30.59
624,31.73,30.59
409,31.73,30.59
502,31.73,30.59
394,31.73,30.59
777,31.73,30.59
599,31.73,30.59
883,31.73,30.59
372,31.73,30.59
635,31.73,30.59
234,31.73,30.59
490,31.73,30.59
830,31.73,30.59
384,31.73,30.59
622,31.73,30.59
569,31.73,30.59
677,31.73,30.59
373,31.73,30.59
882,31.73,30.59
626,31.73,30.59
482,31.73,30.59
528,31.73,30.59
484,31.73,30.59
574,31.73,30.59
804,31.73,30.59
699,31.73,30.59
316,31.73,30.59
549,31.73,30.59
253,31.73,30.59
756,31.73,30.59
151,31.73,30.59
423,31.73,30.59
166,31.73,30.59
881,31.73,30.59
369,31.73,30.59
581,31.73,30.59
518,31.73,30.59
298,31.73,30.59
399,31.73,30.59
481,31.73,30.59
235,31.73,30.59
394,31.73,30.59
236,31.73,30.59
601,31.73,30.59
560,31.73,30.59
174,31.73,30.59
438,31.73,30.59
659,31.73,30.59
682,31.73,30.59
159,31.73,30.59
696,31.73,30.59
288,31.73,30.59
820,31.73,30.59
472,31.73,30.59
753,31.73,30.59
582,31.73,30.59
621,31.73,30.59
662,31.73,30.59
392,31.73,30.59
436,31.71,30.59
446,31.71,30.59
598,31.71,30.59
598,31.71,30.59
521,31.71,30.59
480,31.71,30.59
735,31.71,30.59
542,31.71,30.59
500,31.71,30.59
467,31.71,30.59
883,31.71,30.59
554,31.71,30.59
841,31.71,30.59
582,31.71,30.59
310,31.71,30.59
813,31.71,30.59
657,31.71,30.59
591,31.71,30.59
494,31.71,30.59
643,31.71,30.59
366,31.71,30.59
487,31.71,30.59
491,31.71,30.59
494,31.71,30.53
216,31.71,30.53
647,31.71,30.53
355,31.71,30.53
714,31.71,30.53
364,31.71,30.53
516,31.71,30.53
582,31.71,30.53
525,31.71,30.53
210,31.71,30.53
126,31.71,30.53
491,31.71,30.53
347,31.71,30.53
443,31.71,30.53
498,31.71,30.53
583,31.71,30.53
288,31.71,30.53
475,31.71,30.53
457,31.71,30.53
379,31.71,30.53
501,31.71,30.53
617,31.71,30.53
431,31.71,30.53
427,31.71,30.53
403,31.71,30.53
488,31.71,30.53
443,31.71,30.53
344,31.71,30.53
531,31.71,30.53
474,31.71,30.53
120,31.71,30.53
644,31.71,30.53
580,31.71,30.53
444,31.71,30.53
552,31.71,30.53
703,31.71,30.53
369,31.71,30.53
681,31.73,30.53
480,31.73,30.53
548,31.73,30.53
385,31.73,30.53
547,31.73,30.53
411,31.73,30.53
563,31.73,30.53
536,31.73,30.53
415,31.73,30.53
663,31.73,30.53
382,31.73,30.53
509,31.73,30.53
677,31.73,30.53
580,31.73,30.53
188,31.73,30.53
790,31.73,30.53
542,31.73,30.53
883,31.73,30.53
578,31.73,30.53
699,31.73,30.53
647,31.73,30.53
423,31.73,30.53
408,31.73,30.53
463,31.73,30.51
519,31.73,30.51
562,31.73,30.51
395,31.73,30.51
283,31.73,30.51
450,31.73,30.51
359,31.73,30.51
510,31.73,30.51
456,31.73,30.51
472,31.73,30.51
483,31.73,30.51
732,31.73,30.51
326,31.73,30.51
499,31.73,30.51
370,31.73,30.51
207,31.73,30.51
458,31.73,30.51
325,31.73,30.51
329,31.73,30.51
212,31.73,30.51
426,31.73,30.51
572,31.73,30.51
671,31.73,30.51
409,31.73,30.51
537,31.73,30.51
652,31.73,30.51
207,31.73,30.51
570,31.73,30.51
410,31.73,30.51
330,31.73,30.51
643,31.73,30.51
504,31.73,30.51
555,31.73,30.51
645,31.73,30.51
432,31.73,30.51
763,31.73,30.51
152,31.71,30.51
479,31.71,30.51
295,31.71,30.51
447,31.71,30.51
666,31.71,30.51
801,31.71,30.51
576,31.71,30.51
623,31.71,30.51
273,31.71,30.51
609,31.71,30.51
764,31.71,30.51
586,31.71,30.51
725,31.71,30.51
725,31.71,30.51
602,31.71,30.51
277,31.71,30.51
595,31.71,30.51
371,31.71,30.51
840,31.71,30.51
286,31.71,30.51
766,31.71,30.51
215,31.71,30.51
471,31.71,30.51
678,31.71,30.45
510,31.71,30.45
622,31.71,30.45
604,31.71,30.45
341,31.71,30.45
363,31.71,30.45
599,31.71,30.45
289,31.71,30.45
478,31.71,30.45
409,31.71,30.45
571,31.71,30.45
229,31.71,30.45
489,31.71,30.45
361,31.71,30.45
380,31.71,30.45
535,31.71,30.45
423,31.71,30.45
692,31.71,30.45
425,31.71,30.45
119,31.71,30.45
647,31.71,30.45
458,31.71,30.45
328,31.71,30.45
661,31.71,30.45
550,31.71,30.45
506,31.71,30.45
531,31.71,30.45
696,31.71,30.45
238,31.71,30.45
646,31.71,30.45
340,31.71,30.45
452,31.71,30.45
544,31.71,30.45
385,31.71,30.45
676,31.71,30.45
415,31.71,30.45
726,31.71,30.45
423,31.73,30.45
636,31.73,30.45
566,31.73,30.45
755,31.73,30.45
470,31.73,30.45
878,31.73,30.45
380,31.73,30.45
727,31.73,30.45
573,31.73,30.45
569,31.73,30.45
371,31.73,30.45
559,31.73,30.45
530,31.73,30.45
689,31.73,30.45
680,31.73,30.45
313,31.73,30.45
884,31.73,30.45
280,31.73,30.45
884,31.73,30.45
339,31.73,30.45
777,31.73,30.45
547,31.73,30.45
674,31.73,30.45
373,31.73,30.47
272,31.73,30.47
794,31.73,30.47
504,31.73,30.47
408,31.73,30.47
562,31.73,30.47
697,31.73,30.47
466,31.73,30.47
515,31.73,30.47
320,31.73,30.47
677,31.73,30.47
