377,32.31,31.11
419,32.31,31.11
121,32.31,31.11
484,32.31,31.11
342,32.31,31.11
123,32.31,31.11
879,32.31,31.11
331,32.31,31.11
520,32.31,31.11
727,32.31,31.11
495,32.31,31.11
665,32.31,31.11
118,32.31,31.11
486,32.31,31.11
565,32.31,31.11
594,32.35,31.11
570,32.35,31.11
483,32.35,31.11
795,32.35,31.11
123,32.35,31.11
473,32.35,31.11
698,32.35,31.11
310,32.35,31.11
280,32.35,31.11
277,32.35,31.11
553,32.35,31.11
756,32.35,31.11
233,32.35,31.11
880,32.35,31.11
120,32.35,31.11
667,32.35,31.11
621,32.35,31.11
489,32.35,31.11
462,32.35,31.11
703,32.35,31.11
855,32.35,31.11
391,32.35,31.11
510,32.35,31.11
493,32.35,31.07
800,32.35,31.07
157,32.35,31.07
794,32.35,31.07
421,32.35,31.07
673,32.35,31.07
452,32.35,31.07
814,32.35,31.07
384,32.35,31.07
481,32.35,31.07
397,32.35,31.07
507,32.35,31.07
454,32.35,31.07
161,32.35,31.07
667,32.35,31.07
293,32.35,31.07
431,32.35,31.07
415,32.35,31.07
730,32.35,31.07
501,32.35,31.07
644,32.35,31.07
878,32.35,31.07
497,32.35,31.07
450,32.35,31.07
424,32.35,31.07
460,32.35,31.07
506,32.35,31.07
501,32.35,31.07
279,32.35,31.07
656,32.35,31.07
323,32.35,31.07
127,32.35,31.07
532,32.35,31.07
690,32.35,31.07
127,32.35,31.07
811,32.35,31.07
496,32.35,31.07
449,32.35,31.07
365,32.35,31.07
439,32.35,31.07
451,32.35,31.07
291,32.35,31.07
492,32.35,31.07
119,32.35,31.07
653,32.35,31.07
235,32.35,31.07
588,32.35,31.07
669,32.35,31.07
652,32.35,31.07
252,32.35,31.07
593,32.35,31.07
209,32.35,31.07
639,32.35,31.07
342,32.35,31.07
704,32.35,31.07
381,32.35,31.07
570,32.35,31.07
429,32.35,31.07
576,32.35,31.07
597,32.35,31.07
399,32.35,31.15
566,32.35,31.15
402,32.35,31.15
627,32.35,31.15
572,32.35,31.15
558,32.35,31.15
600,32.35,31.15
455,32.35,31.15
505,32.35,31.15
461,32.35,31.15
387,32.35,31.15
699,32.35,31.15
460,32.35,31.15
494,32.35,31.15
774,32.35,31.15
355,32.35,31.15
884,32.35,31.15
177,32.35,31.15
449,32.35,31.15
396,32.35,31.15
602,32.35,31.15
349,32.35,31.15
140,32.35,31.15
418,32.35,31.15
466,32.35,31.15
627,32.35,31.15
480,32.35,31.15
585,32.35,31.15
560,32.35,31.15
424,32.35,31.15
313,32.35,31.15
557,32.35,31.15
353,32.35,31.15
563,32.35,31.15
293,32.35,31.15
700,32.35,31.15
248,32.35,31.15
576,32.35,31.15
408,32.35,31.15
333,32.35,31.15
533,32.35,31.15
398,32.35,31.15
350,32.35,31.15
347,32.35,31.15
679,32.35,31.15
389,32.35,31.15
602,32.35,31.15
553,32.35,31.15
530,32.35,31.15
406,32.35,31.15
671,32.35,31.15
413,32.35,31.15
822,32.35,31.15
281,32.35,31.15
588,32.35,31.15
348,32.35,31.15
552,32.35,31.15
441,32.35,31.15
437,32.35,31.15
693,32.35,31.21
328,32.35,31.21
670,32.35,31.21
496,32.35,31.21
883,32.35,31.21
690,32.35,31.21
740,32.35,31.21
458,32.35,31.21
482,32.35,31.21
516,32.35,31.21
589,32.35,31.21
351,32.35,31.21
520,32.35,31.21
703,32.35,31.21
183,32.35,31.21
727,32.35,31.21
415,32.35,31.21
691,32.35,31.21
299,32.35,31.21
885,32.35,31.21
448,32.35,31.21
625,32.35,31.21
241,32.35,31.21
530,32.35,31.21
509,32.35,31.21
565,32.35,31.21
295,32.35,31.21
666,32.35,31.21
313,32.35,31.21
415,32.35,31.21
540,32.35,31.21
346,32.35,31.21
486,32.35,31.21
316,32.35,31.21
777,32.35,31.21
207,32.35,31.21
667,32.37,31.21
457,32.37,31.21
676,32.37,31.21
388,32.37,31.21
372,32.37,31.21
485,32.37,31.21
503,32.37,31.21
380,32.37,31.21
355,32.37,31.21
638,32.37,31.21
376,32.37,31.21
247,32.37,31.21
622,32.37,31.21
425,32.37,31.21
361,32.37,31.21
610,32.37,31.21
331,32.37,31.21
792,32.37,31.21
408,32.37,31.21
563,32.37,31.21
517,32.37,31.21
557,32.37,31.21
696,32.37,31.21
423,32.37,31.21
740,32.37,31.47
454,32.37,31.47
864,32.37,31.47
372,32.37,31.47
628,32.37,31.47
728,32.37,31.47
576,32.37,31.47
482,32.37,31.47
447,32.37,31.47
521,32.37,31.47
560,32.37,31.47
497,32.37,31.47
714,32.37,31.47
202,32.37,31.47
438,32.37,31.47
584,32.37,31.47
307,32.37,31.47
810,32.37,31.47
237,32.37,31.47
526,32.37,31.47
459,32.37,31.47
348,32.37,31.47
347,32.37,31.47
709,32.37,31.47
487,32.37,31.47
743,32.37,31.47
308,32.37,31.47
416,32.37,31.47
342,32.37,31.47
490,32.37,31.47
382,32.37,31.47
567,32.37,31.47
326,32.37,31.47
213,32.37,31.47
814,32.37,31.47
116,32.37,31.47
479,32.37,31.47
409,32.37,31.47
593,32.37,31.47
461,32.37,31.47
674,32.37,31.47
547,32.37,31.47
530,32.37,31.47
468,32.37,31.47
867,32.37,31.47
453,32.37,31.47
530,32.37,31.47
590,32.37,31.47
655,32.37,31.47
711,32.37,31.47
357,32.37,31.47
874,32.37,31.47
139,32.37,31.47
686,32.37,31.47
330,32.37,31.47
794,32.37,31.47
384,32.37,31.47
685,32.37,31.47
886,32.37,31.47
369,32.37,31.13
741,32.37,31.13
707,32.37,31.13
625,32.37,31.13
516,32.37,31.13
284,32.37,31.13
489,32.37,31.13
472,32.37,31.13
117,32.37,31.13
850,32.37,31.13
264,32.37,31.13
552,32.37,31.13
197,32.37,31.13
592,32.37,31.13
352,32.37,31.13
427,32.37,31.13
399,32.37,31.13
335,32.37,31.13
426,32.37,31.13
117,32.37,31.13
683,32.37,31.13
364,32.37,31.13
290,32.37,31.13
604,32.37,31.13
564,32.37,31.13
116,32.37,31.13
699,32.37,31.13
119,32.37,31.13
793,32.37,31.13
128,32.37,31.13
730,32.37,31.13
480,32.37,31.13
321,32.37,31.13
621,32.37,31.13
694,32.37,31.13
709,32.37,31.13
266,32.37,31.13
673,32.37,31.13
260,32.37,31.13
737,32.37,31.13
587,32.37,31.13
563,32.37,31.13
340,32.37,31.13
315,32.37,31.13
601,32.37,31.13
406,32.37,31.13
117,32.37,31.13
778,32.37,31.13
567,32.37,31.13
678,32.37,31.13
440,32.37,31.13
349,32.37,31.13
760,32.37,31.13
414,32.37,31.13
751,32.37,31.13
554,32.37,31.13
675,32.37,31.13
354,32.37,31.13
825,32.37,31.13
443,32.37,31.13
659,32.37,31.21
495,32.37,31.21
442,32.37,31.21
321,32.37,31.21
237,32.37,31.21
710,32.37,31.21
601,32.37,31.21
415,32.37,31.21
628,32.37,31.21
820,32.37,31.21
118,32.37,31.21
862,32.37,31.21
118,32.37,31.21
749,32.37,31.21
151,32.37,31.21
575,32.37,31.21
544,32.37,31.21
468,32.37,31.21
410,32.37,31.21
344,32.37,31.21
633,32.37,31.21
364,32.37,31.21
504,32.37,31.21
446,32.37,31.21
552,32.37,31.21
396,32.37,31.21
602,32.37,31.21
227,32.37,31.21
635,32.37,31.21
334,32.37,31.21
599,32.37,31.21
318,32.37,31.21
435,32.37,31.21
334,32.37,31.21
530,32.37,31.21
454,32.37,31.21
117,32.35,31.21
661,32.35,31.21
364,32.35,31.21
424,32.35,31.21
384,32.35,31.21
673,32.35,31.21
211,32.35,31.21
717,32.35,31.21
576,32.35,31.21
527,32.35,31.21
549,32.35,31.21
685,32.35,31.21
433,32.35,31.21
773,32.35,31.21
360,32.35,31.21
219,32.35,31.21
663,32.35,31.21
142,32.35,31.21
709,32.35,31.21
471,32.35,31.21
499,32.35,31.21
571,32.35,31.21
696,32.35,31.21
651,32.35,31.33
667,32.35,31.33
579,32.35,31.33
772,32.35,31.33
675,32.35,31.33
467,32.35,31.33
484,32.35,31.33
520,32.35,31.33
541,32.35,31.33
256,32.35,31.33
362,32.35,31.33
393,32.35,31.33
830,32.35,31.33
563,32.35,31.33
569,32.35,31.33
523,32.35,31.33
319,32.35,31.33
564,32.35,31.33
542,32.35,31.33
825,32.35,31.33
198,32.35,31.33
669,32.35,31.33
462,32.35,31.33
322,32.35,31.33
