270,31.95,30.85
387,31.95,30.85
697,31.95,30.85
128,31.95,30.85
375,31.95,30.85
607,31.95,30.85
632,31.95,30.85
587,31.95,30.85
376,31.95,30.85
810,31.95,30.85
339,31.95,30.85
671,31.95,30.85
437,31.95,30.85
872,31.95,30.85
175,31.95,30.85
509,31.95,30.85
293,31.95,30.85
354,31.95,30.85
342,31.95,30.85
518,31.95,30.85
670,31.95,30.85
225,31.95,30.85
587,31.95,30.85
365,31.95,30.85
544,31.95,30.85
120,31.95,30.85
881,31.95,30.85
559,31.95,30.85
584,31.95,30.85
328,31.95,30.85
836,31.95,30.85
239,31.95,30.85
597,31.95,30.85
329,31.95,30.85
513,31.95,30.85
643,31.95,30.85
119,31.95,30.85
752,31.95,30.85
329,31.95,30.85
513,31.95,30.85
478,31.95,30.85
684,31.95,30.85
438,31.95,30.85
576,31.95,30.85
567,31.95,30.85
789,31.95,30.85
405,31.95,30.85
609,31.95,30.85
684,31.95,30.85
280,31.95,30.85
498,31.95,30.97
639,31.95,30.97
732,31.95,30.97
118,31.95,30.97
697,31.95,30.97
555,31.95,30.97
757,31.95,30.97
171,31.95,30.97
840,31.95,30.97
529,31.95,30.97
713,31.95,30.97
476,31.95,30.97
673,31.95,30.97
346,31.95,30.97
369,31.95,30.97
629,31.95,30.97
324,31.95,30.97
527,31.95,30.97
283,31.95,30.97
722,31.95,30.97
443,31.95,30.97
129,31.95,30.97
125,31.95,30.97
600,31.95,30.97
136,31.95,30.97
694,31.95,30.97
278,31.95,30.97
417,31.95,30.97
324,31.95,30.97
367,31.95,30.97
593,31.95,30.97
405,31.95,30.97
522,31.95,30.97
385,31.95,30.97
579,31.95,30.97
120,31.95,30.97
653,31.97,30.97
418,31.97,30.97
557,31.97,30.97
358,31.97,30.97
752,31.97,30.97
370,31.97,30.97
453,31.97,30.97
679,31.97,30.97
332,31.97,30.97
474,31.97,30.97
416,31.97,30.97
455,31.97,30.97
350,31.97,30.97
881,31.97,30.97
607,31.97,30.97
345,31.97,30.97
528,31.97,30.97
427,31.97,30.97
484,31.97,30.97
455,31.97,30.97
481,31.97,30.97
616,31.97,30.97
550,31.97,30.97
526,31.97,30.97
734,31.97,30.85
480,31.97,30.85
780,31.97,30.85
327,31.97,30.85
687,31.97,30.85
522,31.97,30.85
789,31.97,30.85
388,31.97,30.85
587,31.97,30.85
320,31.97,30.85
474,31.97,30.85
120,31.97,30.85
622,31.97,30.85
538,31.97,30.85
473,31.97,30.85
435,31.97,30.85
566,31.97,30.85
552,31.97,30.85
377,31.97,30.85
675,31.97,30.85
145,31.97,30.85
513,31.97,30.85
214,31.97,30.85
604,31.97,30.85
201,31.97,30.85
617,31.97,30.85
319,31.97,30.85
274,31.97,30.85
521,31.97,30.85
363,31.97,30.85
564,31.97,30.85
435,31.97,30.85
641,31.97,30.85
200,31.97,30.85
599,31.97,30.85
232,31.97,30.85
749,31.95,30.85
489,31.95,30.85
497,31.95,30.85
226,31.95,30.85
426,31.95,30.85
196,31.95,30.85
498,31.95,30.85
271,31.95,30.85
584,31.95,30.85
597,31.95,30.85
296,31.95,30.85
402,31.95,30.85
193,31.95,30.85
660,31.95,30.85
700,31.95,30.85
431,31.95,30.85
334,31.95,30.85
514,31.95,30.85
390,31.95,30.85
622,31.95,30.85
432,31.95,30.85
625,31.95,30.85
462,31.95,30.85
746,31.95,30.81
409,31.95,30.81
633,31.95,30.81
595,31.95,30.81
355,31.95,30.81
820,31.95,30.81
283,31.95,30.81
770,31.95,30.81
537,31.95,30.81
734,31.95,30.81
303,31.95,30.81
669,31.95,30.81
464,31.95,30.81
331,31.95,30.81
634,31.95,30.81
430,31.95,30.81
628,31.95,30.81
470,31.95,30.81
884,31.95,30.81
453,31.95,30.81
561,31.95,30.81
428,31.95,30.81
708,31.95,30.81
237,31.95,30.81
704,31.95,30.81
303,31.95,30.81
400,31.95,30.81
689,31.95,30.81
352,31.95,30.81
564,31.95,30.81
119,31.95,30.81
547,31.95,30.81
255,31.95,30.81
603,31.95,30.81
117,31.95,30.81
695,31.95,30.81
621,31.93,30.81
324,31.93,30.81
718,31.93,30.81
625,31.93,30.81
173,31.93,30.81
492,31.93,30.81
600,31.93,30.81
435,31.93,30.81
698,31.93,30.81
413,31.93,30.81
549,31.93,30.81
193,31.93,30.81
646,31.93,30.81
422,31.93,30.81
704,31.93,30.81
387,31.93,30.81
674,31.93,30.81
502,31.93,30.81
282,31.93,30.81
509,31.93,30.81
578,31.93,30.81
628,31.93,30.81
246,31.93,30.81
534,31.93,30.81
716,31.93,30.73
522,31.93,30.73
570,31.93,30.73
726,31.93,30.73
278,31.93,30.73
727,31.93,30.73
418,31.93,30.73
846,31.93,30.73
195,31.93,30.73
205,31.93,30.73
832,31.93,30.73
288,31.93,30.73
495,31.93,30.73
282,31.93,30.73
696,31.93,30.73
569,31.93,30.73
826,31.93,30.73
451,31.93,30.73
792,31.93,30.73
364,31.93,30.73
677,31.93,30.73
533,31.93,30.73
447,31.93,30.73
140,31.93,30.73
770,31.93,30.73
398,31.93,30.73
416,31.93,30.73
538,31.93,30.73
431,31.93,30.73
649,31.93,30.73
133,31.93,30.73
676,31.93,30.73
272,31.93,30.73
622,31.93,30.73
347,31.93,30.73
748,31.93,30.73
438,31.97,30.73
623,31.97,30.73
608,31.97,30.73
549,31.97,30.73
420,31.97,30.73
340,31.97,30.73
574,31.97,30.73
379,31.97,30.73
386,31.97,30.73
672,31.97,30.73
515,31.97,30.73
180,31.97,30.73
808,31.97,30.73
433,31.97,30.73
814,31.97,30.73
318,31.97,30.73
450,31.97,30.73
513,31.97,30.73
347,31.97,30.73
474,31.97,30.73
446,31.97,30.73
642,31.97,30.73
120,31.97,30.73
552,31.97,30.73
499,31.97,30.85
478,31.97,30.85
471,31.97,30.85
673,31.97,30.85
641,31.97,30.85
514,31.97,30.85
346,31.97,30.85
771,31.97,30.85
372,31.97,30.85
375,31.97,30.85
532,31.97,30.85
279,31.97,30.85
872,31.97,30.85
221,31.97,30.85
783,31.97,30.85
342,31.97,30.85
267,31.97,30.85
468,31.97,30.85
700,31.97,30.85
357,31.97,30.85
458,31.97,30.85
542,31.97,30.85
639,31.97,30.85
519,31.97,30.85
762,31.97,30.85
657,31.97,30.85
708,31.97,30.85
823,31.97,30.85
553,31.97,30.85
777,31.97,30.85
229,31.97,30.85
701,31.97,30.85
415,31.97,30.85
673,31.97,30.85
370,31.97,30.85
580,31.97,30.85
602,31.93,30.85
388,31.93,30.85
734,31.93,30.85
545,31.93,30.85
605,31.93,30.85
374,31.93,30.85
721,31.93,30.85
425,31.93,30.85
667,31.93,30.85
399,31.93,30.85
454,31.93,30.85
118,31.93,30.85
687,31.93,30.85
391,31.93,30.85
740,31.93,30.85
198,31.93,30.85
602,31.93,30.85
481,31.93,30.85
287,31.93,30.85
703,31.93,30.85
358,31.93,30.85
653,31.93,30.85
260,31.93,30.85
706,31.93,30.67
413,31.93,30.67
422,31.93,30.67
402,31.93,30.67
750,31.93,30.67
172,31.93,30.67
730,31.93,30.67
304,31.93,30.67
669,31.93,30.67
199,31.93,30.67
670,31.93,30.67
536,31.93,30.67
384,31.93,30.67
671,31.93,30.67
307,31.93,30.67
770,31.93,30.67
118,31.93,30.67
884,31.93,30.67
369,31.93,30.67
617,31.93,30.67
522,31.93,30.67
609,31.93,30.67
445,31.93,30.67
704,31.93,30.67
380,31.93,30.67
711,31.93,30.67
594,31.93,30.67
413,31.93,30.67
670,31.93,30.67
397,31.93,30.67
759,31.93,30.67
377,31.93,30.67
873,31.93,30.67
230,31.93,30.67
634,31.93,30.67
396,31.93,30.67
578,31.97,30.67
625,31.97,30.67
650,31.97,30.67
454,31.97,30.67
419,31.97,30.67
440,31.97,30.67
498,31.97,30.67
608,31.97,30.67
680,31.97,30.67
271,31.97,30.67
334,31.97,30.67
470,31.97,30.67
118,31.97,30.67
748,31.97,30.67
509,31.97,30.67
629,31.97,30.67
551,31.97,30.67
615,31.97,30.67
371,31.97,30.67
503,31.97,30.67
432,31.97,30.67
394,31.97,30.67
587,31.97,30.67
266,31.97,30.67
318,31.97,30.79
585,31.97,30.79
416,31.97,30.79
667,31.97,30.79
883,31.97,30.79
324,31.97,30.79
818,31.97,30.79
546,31.97,30.79
744,31.97,30.79
519,31.97,30.79
472,31.97,30.79
