250,32.43,31.41
758,32.43,31.41
300,32.43,31.41
297,32.43,31.41
386,32.43,31.41
537,32.43,31.41
366,32.43,31.41
224,32.43,31.41
384,32.43,31.41
204,32.43,31.41
600,32.43,31.41
120,32.43,31.41
635,32.43,31.41
526,32.43,31.41
513,32.43,31.41
455,32.43,31.41
406,32.43,31.41
357,32.43,31.41
731,32.43,31.41
332,32.43,31.41
803,32.43,31.41
312,32.41,31.41
651,32.41,31.41
650,32.41,31.41
441,32.41,31.41
650,32.41,31.41
337,32.41,31.41
850,32.41,31.41
118,32.41,31.41
813,32.41,31.41
454,32.41,31.41
751,32.41,31.41
712,32.41,31.41
583,32.41,31.41
587,32.41,31.41
465,32.41,31.41
486,32.41,31.41
466,32.41,31.41
578,32.41,31.41
472,32.41,31.41
657,32.41,31.41
210,32.41,31.41
605,32.41,31.41
268,32.41,31.41
659,32.41,31.27
225,32.41,31.27
615,32.41,31.27
398,32.41,31.27
513,32.41,31.27
461,32.41,31.27
520,32.41,31.27
593,32.41,31.27
360,32.41,31.27
648,32.41,31.27
282,32.41,31.27
549,32.41,31.27
285,32.41,31.27
487,32.41,31.27
419,32.41,31.27
599,32.41,31.27
155,32.41,31.27
454,32.41,31.27
341,32.41,31.27
461,32.41,31.27
464,32.41,31.27
546,32.41,31.27
407,32.41,31.27
342,32.41,31.27
709,32.41,31.27
286,32.41,31.27
646,32.41,31.27
198,32.41,31.27
494,32.41,31.27
371,32.41,31.27
586,32.41,31.27
376,32.41,31.27
568,32.41,31.27
291,32.41,31.27
445,32.41,31.27
423,32.41,31.27
452,32.45,31.27
489,32.45,31.27
650,32.45,31.27
552,32.45,31.27
487,32.45,31.27
719,32.45,31.27
296,32.45,31.27
835,32.45,31.27
516,32.45,31.27
555,32.45,31.27
460,32.45,31.27
729,32.45,31.27
523,32.45,31.27
451,32.45,31.27
755,32.45,31.27
361,32.45,31.27
571,32.45,31.27
410,32.45,31.27
711,32.45,31.27
551,32.45,31.27
673,32.45,31.27
620,32.45,31.27
723,32.45,31.27
575,32.45,31.27
691,32.45,31.53
204,32.45,31.53
768,32.45,31.53
286,32.45,31.53
663,32.45,31.53
247,32.45,31.53
526,32.45,31.53
434,32.45,31.53
315,32.45,31.53
339,32.45,31.53
433,32.45,31.53
563,32.45,31.53
258,32.45,31.53
569,32.45,31.53
562,32.45,31.53
315,32.45,31.53
542,32.45,31.53
594,32.45,31.53
281,32.45,31.53
865,32.45,31.53
167,32.45,31.53
438,32.45,31.53
532,32.45,31.53
656,32.45,31.53
355,32.45,31.53
470,32.45,31.53
777,32.45,31.53
385,32.45,31.53
570,32.45,31.53
419,32.45,31.53
644,32.45,31.53
614,32.45,31.53
573,32.45,31.53
470,32.45,31.53
755,32.45,31.53
359,32.45,31.53
759,32.45,31.53
203,32.45,31.53
650,32.45,31.53
370,32.45,31.53
781,32.45,31.53
474,32.45,31.53
341,32.45,31.53
792,32.45,31.53
372,32.45,31.53
625,32.45,31.53
292,32.45,31.53
721,32.45,31.53
459,32.45,31.53
812,32.45,31.53
668,32.45,31.53
663,32.45,31.53
427,32.45,31.53
522,32.45,31.53
560,32.45,31.53
854,32.45,31.53
521,32.45,31.53
471,32.45,31.53
490,32.45,31.53
306,32.45,31.15
578,32.45,31.15
441,32.45,31.15
541,32.45,31.15
191,32.45,31.15
836,32.45,31.15
126,32.45,31.15
524,32.45,31.15
523,32.45,31.15
329,32.45,31.15
359,32.45,31.15
366,32.45,31.15
361,32.45,31.15
350,32.45,31.15
318,32.45,31.15
397,32.45,31.15
680,32.45,31.15
254,32.45,31.15
497,32.45,31.15
344,32.45,31.15
746,32.45,31.15
229,32.45,31.15
801,32.45,31.15
416,32.45,31.15
425,32.45,31.15
393,32.45,31.15
477,32.45,31.15
522,32.45,31.15
528,32.45,31.15
388,32.45,31.15
571,32.45,31.15
367,32.45,31.15
413,32.45,31.15
632,32.45,31.15
589,32.45,31.15
412,32.45,31.15
488,32.45,31.15
813,32.43,31.15
433,32.43,31.15
824,32.43,31.15
500,32.43,31.15
842,32.43,31.15
490,32.43,31.15
581,32.43,31.15
586,32.43,31.15
583,32.43,31.15
611,32.43,31.15
531,32.43,31.15
475,32.43,31.15
416,32.43,31.15
564,32.43,31.15
511,32.43,31.15
485,32.43,31.15
208,32.43,31.15
806,32.43,31.15
378,32.43,31.15
669,32.43,31.15
693,32.43,31.15
735,32.43,31.15
549,32.43,31.15
493,32.43,31.27
729,32.43,31.27
385,32.43,31.27
553,32.43,31.27
283,32.43,31.27
784,32.43,31.27
456,32.43,31.27
235,32.43,31.27
720,32.43,31.27
687,32.43,31.27
310,32.43,31.27
316,32.43,31.27
465,32.43,31.27
664,32.43,31.27
269,32.43,31.27
358,32.43,31.27
637,32.43,31.27
268,32.43,31.27
668,32.43,31.27
370,32.43,31.27
720,32.43,31.27
368,32.43,31.27
540,32.43,31.27
431,32.43,31.27
384,32.43,31.27
458,32.43,31.27
547,32.43,31.27
643,32.43,31.27
216,32.43,31.27
492,32.43,31.27
708,32.43,31.27
461,32.43,31.27
438,32.43,31.27
664,32.43,31.27
325,32.43,31.27
495,32.43,31.27
357,32.41,31.27
798,32.41,31.27
331,32.41,31.27
711,32.41,31.27
627,32.41,31.27
230,32.41,31.27
459,32.41,31.27
371,32.41,31.27
766,32.41,31.27
209,32.41,31.27
835,32.41,31.27
480,32.41,31.27
496,32.41,31.27
532,32.41,31.27
842,32.41,31.27
519,32.41,31.27
567,32.41,31.27
163,32.41,31.27
752,32.41,31.27
201,32.41,31.27
537,32.41,31.27
456,32.41,31.27
478,32.41,31.27
430,32.41,31.29
189,32.41,31.29
728,32.41,31.29
239,32.41,31.29
739,32.41,31.29
480,32.41,31.29
719,32.41,31.29
241,32.41,31.29
472,32.41,31.29
475,32.41,31.29
511,32.41,31.29
519,32.41,31.29
346,32.41,31.29
508,32.41,31.29
312,32.41,31.29
323,32.41,31.29
492,32.41,31.29
479,32.41,31.29
256,32.41,31.29
711,32.41,31.29
389,32.41,31.29
778,32.41,31.29
511,32.41,31.29
390,32.41,31.29
331,32.41,31.29
627,32.41,31.29
526,32.41,31.29
426,32.41,31.29
674,32.41,31.29
460,32.41,31.29
521,32.41,31.29
398,32.41,31.29
514,32.41,31.29
490,32.41,31.29
571,32.41,31.29
381,32.41,31.29
551,32.41,31.29
392,32.41,31.29
765,32.41,31.29
184,32.41,31.29
891,32.41,31.29
284,32.41,31.29
426,32.41,31.29
818,32.41,31.29
295,32.41,31.29
859,32.41,31.29
466,32.41,31.29
374,32.41,31.29
377,32.41,31.29
610,32.41,31.29
399,32.41,31.29
768,32.41,31.29
238,32.41,31.29
391,32.41,31.29
353,32.41,31.29
563,32.41,31.29
118,32.41,31.29
884,32.41,31.29
706,32.41,31.29
382,32.41,31.29
645,32.41,31.43
260,32.41,31.43
571,32.41,31.43
438,32.41,31.43
756,32.41,31.43
202,32.41,31.43
476,32.41,31.43
431,32.41,31.43
513,32.41,31.43
544,32.41,31.43
434,32.41,31.43
522,32.41,31.43
471,32.41,31.43
391,32.41,31.43
460,32.41,31.43
470,32.41,31.43
535,32.41,31.43
482,32.41,31.43
390,32.41,31.43
689,32.41,31.43
176,32.41,31.43
823,32.41,31.43
349,32.41,31.43
618,32.41,31.43
410,32.41,31.43
392,32.41,31.43
738,32.41,31.43
537,32.41,31.43
593,32.41,31.43
550,32.41,31.43
500,32.41,31.43
490,32.41,31.43
542,32.41,31.43
882,32.41,31.43
851,32.41,31.43
254,32.41,31.43
884,32.43,31.43
416,32.43,31.43
587,32.43,31.43
270,32.43,31.43
718,32.43,31.43
396,32.43,31.43
478,32.43,31.43
451,32.43,31.43
612,32.43,31.43
642,32.43,31.43
515,32.43,31.43
879,32.43,31.43
355,32.43,31.43
726,32.43,31.43
472,32.43,31.43
548,32.43,31.43
575,32.43,31.43
676,32.43,31.43
200,32.43,31.43
644,32.43,31.43
523,32.43,31.43
165,32.43,31.43
715,32.43,31.43
440,32.43,31.43
465,32.43,31.43
530,32.43,31.43
599,32.43,31.43
118,32.43,31.43
865,32.43,31.43
246,32.43,31.43
739,32.43,31.43
220,32.43,31.43
447,32.43,31.43
437,32.43,31.43
437,32.43,31.43
122,32.43,31.43
320,32.43,31.43
286,32.43,31.43
515,32.43,31.43
462,32.43,31.43
