500,32.63,31.41
559,32.63,31.41
119,32.63,31.41
407,32.63,31.41
718,32.63,31.41
770,32.63,31.41
873,32.63,31.41
846,32.63,31.41
251,32.63,31.41
582,32.63,31.41
357,32.63,31.41
470,32.63,31.41
460,32.63,31.41
725,32.63,31.41
578,32.63,31.41
346,32.63,31.41
368,32.63,31.41
309,32.63,31.41
501,32.63,31.41
474,32.63,31.41
604,32.63,31.41
457,32.63,31.41
548,32.63,31.41
325,32.63,31.41
304,32.63,31.41
365,32.63,31.41
247,32.63,31.41
380,32.63,31.49
415,32.63,31.49
197,32.63,31.49
601,32.63,31.49
374,32.63,31.49
210,32.63,31.49
563,32.63,31.49
148,32.63,31.49
794,32.63,31.49
305,32.63,31.49
670,32.63,31.49
398,32.63,31.49
528,32.63,31.49
365,32.63,31.49
761,32.63,31.49
431,32.63,31.49
414,32.63,31.49
534,32.63,31.49
493,32.63,31.49
528,32.63,31.49
521,32.63,31.49
680,32.63,31.49
484,32.63,31.49
538,32.63,31.49
450,32.63,31.49
767,32.63,31.49
413,32.63,31.49
591,32.63,31.49
379,32.63,31.49
558,32.63,31.49
384,32.63,31.49
577,32.63,31.49
601,32.63,31.49
420,32.63,31.49
523,32.63,31.49
522,32.63,31.49
549,32.63,31.49
119,32.63,31.49
636,32.63,31.49
538,32.63,31.49
636,32.63,31.49
330,32.63,31.49
634,32.63,31.49
504,32.63,31.49
787,32.63,31.49
600,32.63,31.49
680,32.63,31.49
659,32.63,31.49
504,32.63,31.49
696,32.63,31.49
512,32.63,31.49
749,32.63,31.49
525,32.63,31.49
883,32.63,31.49
297,32.63,31.49
554,32.63,31.49
566,32.63,31.49
472,32.63,31.49
312,32.63,31.49
671,32.63,31.53
564,32.63,31.53
492,32.63,31.53
574,32.63,31.53
576,32.63,31.53
446,32.63,31.53
497,32.63,31.53
649,32.63,31.53
458,32.63,31.53
634,32.63,31.53
119,32.63,31.53
602,32.63,31.53
439,32.63,31.53
297,32.63,31.53
558,32.63,31.53
362,32.63,31.53
513,32.63,31.53
281,32.63,31.53
787,32.63,31.53
238,32.63,31.53
505,32.63,31.53
264,32.63,31.53
807,32.63,31.53
410,32.63,31.53
653,32.63,31.53
254,32.63,31.53
719,32.63,31.53
409,32.63,31.53
651,32.63,31.53
190,32.63,31.53
561,32.63,31.53
207,32.63,31.53
606,32.63,31.53
777,32.63,31.53
211,32.63,31.53
778,32.63,31.53
461,32.61,31.53
746,32.61,31.53
423,32.61,31.53
694,32.61,31.53
506,32.61,31.53
834,32.61,31.53
481,32.61,31.53
796,32.61,31.53
358,32.61,31.53
737,32.61,31.53
310,32.61,31.53
599,32.61,31.53
229,32.61,31.53
404,32.61,31.53
700,32.61,31.53
119,32.61,31.53
647,32.61,31.53
498,32.61,31.53
508,32.61,31.53
186,32.61,31.53
884,32.61,31.53
314,32.61,31.53
496,32.61,31.53
119,32.61,31.53
688,32.61,31.61
338,32.61,31.61
484,32.61,31.61
349,32.61,31.61
448,32.61,31.61
426,32.61,31.61
120,32.61,31.61
626,32.61,31.61
430,32.61,31.61
328,32.61,31.61
312,32.61,31.61
664,32.61,31.61
126,32.61,31.61
801,32.61,31.61
211,32.61,31.61
293,32.61,31.61
119,32.61,31.61
504,32.61,31.61
405,32.61,31.61
403,32.61,31.61
164,32.61,31.61
730,32.61,31.61
360,32.61,31.61
391,32.61,31.61
644,32.61,31.61
544,32.61,31.61
631,32.61,31.61
119,32.61,31.61
645,32.61,31.61
153,32.61,31.61
707,32.61,31.61
304,32.61,31.61
630,32.61,31.61
466,32.61,31.61
658,32.61,31.61
694,32.61,31.61
542,32.63,31.61
457,32.63,31.61
397,32.63,31.61
509,32.63,31.61
241,32.63,31.61
691,32.63,31.61
518,32.63,31.61
447,32.63,31.61
345,32.63,31.61
884,32.63,31.61
231,32.63,31.61
882,32.63,31.61
213,32.63,31.61
611,32.63,31.61
508,32.63,31.61
392,32.63,31.61
528,32.63,31.61
478,32.63,31.61
521,32.63,31.61
300,32.63,31.61
643,32.63,31.61
472,32.63,31.61
359,32.63,31.61
208,32.63,31.47
698,32.63,31.47
242,32.63,31.47
650,32.63,31.47
177,32.63,31.47
672,32.63,31.47
304,32.63,31.47
650,32.63,31.47
246,32.63,31.47
234,32.63,31.47
542,32.63,31.47
440,32.63,31.47
736,32.63,31.47
169,32.63,31.47
371,32.63,31.47
498,32.63,31.47
489,32.63,31.47
398,32.63,31.47
496,32.63,31.47
253,32.63,31.47
520,32.63,31.47
308,32.63,31.47
829,32.63,31.47
449,32.63,31.47
695,32.63,31.47
442,32.63,31.47
650,32.63,31.47
776,32.63,31.47
437,32.63,31.47
844,32.63,31.47
285,32.63,31.47
504,32.63,31.47
286,32.63,31.47
673,32.63,31.47
486,32.63,31.47
651,32.63,31.47
799,32.63,31.47
486,32.63,31.47
494,32.63,31.47
602,32.63,31.47
502,32.63,31.47
532,32.63,31.47
577,32.63,31.47
448,32.63,31.47
515,32.63,31.47
173,32.63,31.47
696,32.63,31.47
452,32.63,31.47
675,32.63,31.47
257,32.63,31.47
699,32.63,31.47
603,32.63,31.47
420,32.63,31.47
575,32.63,31.47
690,32.63,31.47
584,32.63,31.47
223,32.63,31.47
812,32.63,31.47
184,32.63,31.47
577,32.63,31.47
441,32.63,31.53
705,32.63,31.53
120,32.63,31.53
598,32.63,31.53
233,32.63,31.53
560,32.63,31.53
361,32.63,31.53
443,32.63,31.53
504,32.63,31.53
433,32.63,31.53
420,32.63,31.53
721,32.63,31.53
883,32.63,31.53
188,32.63,31.53
568,32.63,31.53
255,32.63,31.53
783,32.63,31.53
229,32.63,31.53
770,32.63,31.53
162,32.63,31.53
634,32.63,31.53
551,32.63,31.53
839,32.63,31.53
326,32.63,31.53
503,32.63,31.53
666,32.63,31.53
327,32.63,31.53
777,32.63,31.53
385,32.63,31.53
629,32.63,31.53
326,32.63,31.53
464,32.63,31.53
359,32.63,31.53
768,32.63,31.53
196,32.63,31.53
553,32.63,31.53
461,32.65,31.53
461,32.65,31.53
564,32.65,31.53
635,32.65,31.53
536,32.65,31.53
333,32.65,31.53
613,32.65,31.53
495,32.65,31.53
558,32.65,31.53
499,32.65,31.53
715,32.65,31.53
406,32.65,31.53
671,32.65,31.53
277,32.65,31.53
551,32.65,31.53
625,32.65,31.53
622,32.65,31.53
502,32.65,31.53
515,32.65,31.53
385,32.65,31.53
338,32.65,31.53
503,32.65,31.53
599,32.65,31.53
536,32.65,31.39
628,32.65,31.39
530,32.65,31.39
143,32.65,31.39
850,32.65,31.39
401,32.65,31.39
696,32.65,31.39
316,32.65,31.39
294,32.65,31.39
231,32.65,31.39
369,32.65,31.39
719,32.65,31.39
342,32.65,31.39
654,32.65,31.39
229,32.65,31.39
695,32.65,31.39
514,32.65,31.39
712,32.65,31.39
518,32.65,31.39
615,32.65,31.39
536,32.65,31.39
392,32.65,31.39
607,32.65,31.39
559,32.65,31.39
384,32.65,31.39
684,32.65,31.39
126,32.65,31.39
507,32.65,31.39
496,32.65,31.39
303,32.65,31.39
536,32.65,31.39
311,32.65,31.39
735,32.65,31.39
555,32.65,31.39
377,32.65,31.39
566,32.65,31.39
589,32.63,31.39
883,32.63,31.39
859,32.63,31.39
569,32.63,31.39
885,32.63,31.39
446,32.63,31.39
746,32.63,31.39
757,32.63,31.39
731,32.63,31.39
637,32.63,31.39
348,32.63,31.39
555,32.63,31.39
282,32.63,31.39
661,32.63,31.39
272,32.63,31.39
488,32.63,31.39
521,32.63,31.39
479,32.63,31.39
571,32.63,31.39
384,32.63,31.39
621,32.63,31.39
442,32.63,31.39
275,32.63,31.39
354,32.63,31.39
454,32.63,31.49
381,32.63,31.49
611,32.63,31.49
122,32.63,31.49
637,32.63,31.49
352,32.63,31.49
638,32.63,31.49
387,32.63,31.49
733,32.63,31.49
436,32.63,31.49
320,32.63,31.49
680,32.63,31.49
167,32.63,31.49
680,32.63,31.49
449,32.63,31.49
328,32.63,31.49
590,32.63,31.49
625,32.63,31.49
528,32.63,31.49
464,32.63,31.49
348,32.63,31.49
256,32.63,31.49
554,32.63,31.49
417,32.63,31.49
495,32.63,31.49
544,32.63,31.49
707,32.63,31.49
457,32.63,31.49
703,32.63,31.49
396,32.63,31.49
842,32.63,31.49
338,32.63,31.49
781,32.63,31.49
465,32.63,31.49
601,32.63,31.49
