633,31.81,30.63
388,31.81,30.63
455,31.81,30.63
120,31.81,30.63
267,31.81,30.63
882,31.81,30.63
386,31.81,30.63
586,31.81,30.63
438,31.81,30.63
515,31.81,30.63
123,31.81,30.63
879,31.81,30.63
197,31.81,30.63
816,31.81,30.63
387,31.81,30.63
642,31.81,30.63
510,31.81,30.63
416,31.81,30.63
359,31.81,30.63
307,31.81,30.63
372,31.81,30.63
387,31.81,30.63
613,31.81,30.63
421,31.81,30.63
407,31.81,30.63
605,31.81,30.63
585,31.81,30.63
494,31.81,30.63
881,31.81,30.63
207,31.81,30.63
880,31.81,30.63
122,31.81,30.63
698,31.81,30.63
703,31.81,30.63
536,31.81,30.63
539,31.81,30.63
203,31.81,30.63
825,31.81,30.63
202,31.81,30.63
670,31.81,30.63
568,31.81,30.63
376,31.81,30.63
454,31.81,30.63
624,31.81,30.63
426,31.81,30.63
294,31.81,30.63
658,31.81,30.63
675,31.81,30.63
526,31.81,30.63
837,31.81,30.63
437,31.81,30.63
882,31.81,30.63
731,31.81,30.63
419,31.81,30.63
803,31.81,30.63
415,31.81,30.63
544,31.81,30.63
341,31.81,30.77
623,31.81,30.77
121,31.81,30.77
617,31.81,30.77
645,31.81,30.77
518,31.81,30.77
322,31.81,30.77
498,31.81,30.77
180,31.81,30.77
219,31.81,30.77
337,31.81,30.77
344,31.81,30.77
616,31.81,30.77
362,31.81,30.77
714,31.81,30.77
412,31.81,30.77
770,31.81,30.77
458,31.81,30.77
839,31.81,30.77
441,31.81,30.77
533,31.81,30.77
497,31.81,30.77
717,31.81,30.77
403,31.81,30.77
502,31.81,30.77
511,31.81,30.77
355,31.81,30.77
748,31.81,30.77
480,31.81,30.77
658,31.81,30.77
372,31.81,30.77
719,31.81,30.77
544,31.81,30.77
514,31.81,30.77
119,31.81,30.77
742,31.81,30.77
537,31.81,30.77
600,31.81,30.77
487,31.81,30.77
669,31.81,30.77
795,31.81,30.77
394,31.81,30.77
881,31.81,30.77
331,31.81,30.77
688,31.81,30.77
555,31.81,30.77
602,31.81,30.77
343,31.81,30.77
384,31.81,30.77
535,31.81,30.77
503,31.81,30.77
265,31.81,30.77
584,31.81,30.77
545,31.81,30.77
598,31.81,30.77
292,31.81,30.77
497,31.81,30.77
882,31.81,30.77
176,31.81,30.77
698,31.81,30.77
128,31.81,30.79
513,31.81,30.79
203,31.81,30.79
681,31.81,30.79
463,31.81,30.79
582,31.81,30.79
334,31.81,30.79
479,31.81,30.79
787,31.81,30.79
377,31.81,30.79
524,31.81,30.79
531,31.81,30.79
371,31.81,30.79
364,31.81,30.79
443,31.81,30.79
493,31.81,30.79
683,31.81,30.79
258,31.81,30.79
751,31.81,30.79
190,31.81,30.79
659,31.81,30.79
694,31.81,30.79
405,31.81,30.79
334,31.81,30.79
726,31.81,30.79
637,31.81,30.79
359,31.81,30.79
551,31.81,30.79
597,31.81,30.79
417,31.81,30.79
471,31.81,30.79
658,31.81,30.79
685,31.81,30.79
463,31.81,30.79
421,31.81,30.79
775,31.81,30.79
225,31.79,30.79
682,31.79,30.79
336,31.79,30.79
250,31.79,30.79
709,31.79,30.79
411,31.79,30.79
803,31.79,30.79
456,31.79,30.79
526,31.79,30.79
550,31.79,30.79
742,31.79,30.79
467,31.79,30.79
638,31.79,30.79
468,31.79,30.79
674,31.79,30.79
483,31.79,30.79
730,31.79,30.79
317,31.79,30.79
552,31.79,30.79
594,31.79,30.79
494,31.79,30.79
601,31.79,30.79
325,31.79,30.79
475,31.79,30.79
210,31.79,30.79
565,31.79,30.79
375,31.79,30.79
371,31.79,30.79
576,31.79,30.79
492,31.79,30.79
579,31.79,30.79
465,31.79,30.79
303,31.79,30.79
758,31.79,30.79
283,31.79,30.79
490,31.79,30.79
505,31.79,30.79
379,31.79,30.79
266,31.79,30.79
501,31.79,30.79
558,31.79,30.79
518,31.79,30.79
672,31.79,30.79
294,31.79,30.79
758,31.79,30.79
508,31.79,30.79
364,31.79,30.79
651,31.79,30.79
362,31.79,30.79
556,31.79,30.79
396,31.79,30.79
489,31.79,30.79
407,31.79,30.79
652,31.79,30.79
340,31.79,30.79
768,31.79,30.79
360,31.79,30.79
772,31.79,30.79
302,31.79,30.79
885,31.79,30.79
508,31.79,30.79
558,31.79,30.79
497,31.79,30.79
504,31.79,30.79
680,31.79,30.79
417,31.79,30.79
690,31.79,30.79
403,31.79,30.79
670,31.79,30.79
427,31.79,30.79
615,31.79,30.79
642,31.79,30.79
327,31.79,30.79
292,31.79,30.79
423,31.79,30.79
476,31.79,30.79
323,31.79,30.79
582,31.79,30.79
565,31.79,30.79
563,31.79,30.79
242,31.79,30.79
782,31.79,30.79
480,31.79,30.79
453,31.79,30.63
117,31.79,30.63
720,31.79,30.63
261,31.79,30.63
258,31.79,30.63
343,31.79,30.63
668,31.79,30.63
453,31.79,30.63
399,31.79,30.63
264,31.79,30.63
489,31.79,30.63
176,31.79,30.63
771,31.79,30.63
571,31.79,30.63
456,31.79,30.63
587,31.79,30.63
510,31.79,30.63
808,31.79,30.63
317,31.79,30.63
628,31.79,30.63
388,31.79,30.63
608,31.79,30.63
306,31.79,30.63
475,31.79,30.63
679,31.79,30.63
341,31.79,30.63
568,31.79,30.63
679,31.79,30.63
605,31.79,30.63
493,31.79,30.63
579,31.79,30.63
472,31.79,30.63
559,31.79,30.63
598,31.79,30.63
715,31.79,30.63
531,31.79,30.63
617,31.79,30.63
408,31.79,30.63
650,31.79,30.63
386,31.79,30.63
131,31.79,30.63
879,31.79,30.63
121,31.79,30.63
732,31.79,30.63
668,31.79,30.63
697,31.79,30.63
296,31.79,30.63
662,31.79,30.63
582,31.79,30.63
460,31.79,30.63
325,31.79,30.63
505,31.79,30.63
308,31.79,30.63
559,31.79,30.63
329,31.79,30.63
568,31.79,30.63
445,31.79,30.63
199,31.79,30.63
697,31.79,30.63
368,31.79,30.77
710,31.79,30.77
120,31.79,30.77
429,31.79,30.77
176,31.79,30.77
444,31.79,30.77
547,31.79,30.77
462,31.79,30.77
214,31.79,30.77
310,31.79,30.77
543,31.79,30.77
420,31.79,30.77
488,31.79,30.77
591,31.79,30.77
523,31.79,30.77
222,31.79,30.77
734,31.79,30.77
117,31.79,30.77
818,31.79,30.77
117,31.79,30.77
787,31.79,30.77
321,31.79,30.77
631,31.79,30.77
754,31.79,30.77
690,31.79,30.77
648,31.79,30.77
620,31.79,30.77
552,31.79,30.77
587,31.79,30.77
472,31.79,30.77
286,31.79,30.77
811,31.79,30.77
387,31.79,30.77
547,31.79,30.77
625,31.79,30.77
787,31.79,30.77
253,31.83,30.77
884,31.83,30.77
564,31.83,30.77
333,31.83,30.77
362,31.83,30.77
443,31.83,30.77
742,31.83,30.77
390,31.83,30.77
716,31.83,30.77
559,31.83,30.77
609,31.83,30.77
245,31.83,30.77
668,31.83,30.77
500,31.83,30.77
677,31.83,30.77
300,31.83,30.77
547,31.83,30.77
343,31.83,30.77
768,31.83,30.77
316,31.83,30.77
851,31.83,30.77
391,31.83,30.77
478,31.83,30.77
631,31.83,30.77
275,31.83,30.73
788,31.83,30.73
213,31.83,30.73
715,31.83,30.73
118,31.83,30.73
517,31.83,30.73
379,31.83,30.73
402,31.83,30.73
289,31.83,30.73
719,31.83,30.73
308,31.83,30.73
609,31.83,30.73
296,31.83,30.73
858,31.83,30.73
722,31.83,30.73
458,31.83,30.73
545,31.83,30.73
532,31.83,30.73
882,31.83,30.73
119,31.83,30.73
854,31.83,30.73
291,31.83,30.73
756,31.83,30.73
446,31.83,30.73
648,31.83,30.73
567,31.83,30.73
644,31.83,30.73
684,31.83,30.73
679,31.83,30.73
288,31.83,30.73
848,31.83,30.73
507,31.83,30.73
527,31.83,30.73
733,31.83,30.73
361,31.83,30.73
772,31.83,30.73
129,31.81,30.73
714,31.81,30.73
399,31.81,30.73
584,31.81,30.73
127,31.81,30.73
693,31.81,30.73
617,31.81,30.73
350,31.81,30.73
607,31.81,30.73
430,31.81,30.73
300,31.81,30.73
562,31.81,30.73
559,31.81,30.73
272,31.81,30.73
542,31.81,30.73
148,31.81,30.73
442,31.81,30.73
155,31.81,30.73
746,31.81,30.73
334,31.81,30.73
754,31.81,30.73
303,31.81,30.73
480,31.81,30.73
608,31.81,30.57
275,31.81,30.57
449,31.81,30.57
519,31.81,30.57
