504,29.21,28.05
565,29.21,28.05
255,29.21,28.05
393,29.21,28.05
309,29.21,28.05
763,29.21,28.05
470,29.21,28.05
746,29.21,28.05
201,29.21,28.05
486,29.21,28.07
749,29.21,28.07
573,29.21,28.07
449,29.21,28.07
332,29.21,28.07
388,29.21,28.07
646,29.21,28.07
356,29.21,28.07
303,29.21,28.07
878,29.21,28.07
210,29.21,28.07
555,29.21,28.07
374,29.21,28.07
880,29.21,28.07
315,29.21,28.07
845,29.21,28.07
631,29.21,28.07
576,29.21,28.07
559,29.21,28.07
418,29.21,28.07
614,29.21,28.07
340,29.21,28.07
329,29.21,28.07
486,29.21,28.07
735,29.21,28.07
463,29.21,28.07
337,29.21,28.07
752,29.21,28.07
582,29.21,28.07
410,29.21,28.07
571,29.21,28.07
561,29.21,28.07
428,29.21,28.07
542,29.21,28.07
827,29.21,28.07
597,29.21,28.07
429,29.19,28.07
881,29.19,28.07
307,29.19,28.07
524,29.19,28.07
329,29.19,28.07
403,29.19,28.07
647,29.19,28.07
442,29.19,28.07
882,29.19,28.07
608,29.19,28.07
551,29.19,28.07
646,29.19,28.07
605,29.19,28.07
445,29.19,28.07
444,29.19,28.07
699,29.19,28.07
557,29.19,28.07
455,29.19,28.07
493,29.19,28.07
457,29.19,28.07
396,29.19,28.07
205,29.19,28.07
656,29.19,28.07
656,29.19,27.91
120,29.19,27.91
696,29.19,27.91
535,29.19,27.91
486,29.19,27.91
315,29.19,27.91
536,29.19,27.91
546,29.19,27.91
431,29.19,27.91
592,29.19,27.91
701,29.19,27.91
186,29.19,27.91
155,29.19,27.91
724,29.19,27.91
574,29.19,27.91
414,29.19,27.91
430,29.19,27.91
604,29.19,27.91
321,29.19,27.91
259,29.19,27.91
718,29.19,27.91
706,29.19,27.91
408,29.19,27.91
741,29.19,27.91
482,29.19,27.91
712,29.19,27.91
502,29.19,27.91
507,29.19,27.91
622,29.19,27.91
564,29.19,27.91
499,29.19,27.91
432,29.19,27.91
628,29.19,27.91
403,29.19,27.91
538,29.19,27.91
604,29.19,27.91
489,29.19,27.91
476,29.19,27.91
766,29.19,27.91
725,29.19,27.91
489,29.19,27.91
651,29.19,27.91
520,29.19,27.91
587,29.19,27.91
655,29.19,27.91
630,29.19,27.91
469,29.19,27.91
486,29.19,27.91
478,29.19,27.91
600,29.19,27.91
419,29.19,27.91
542,29.19,27.91
597,29.19,27.91
572,29.19,27.91
316,29.19,27.91
649,29.19,27.91
554,29.19,27.91
188,29.19,27.91
354,29.19,27.91
671,29.19,27.91
379,29.19,28.07
297,29.19,28.07
819,29.19,28.07
422,29.19,28.07
708,29.19,28.07
122,29.19,28.07
593,29.19,28.07
127,29.19,28.07
386,29.19,28.07
480,29.19,28.07
390,29.19,28.07
323,29.19,28.07
676,29.19,28.07
408,29.19,28.07
658,29.19,28.07
584,29.19,28.07
479,29.19,28.07
549,29.19,28.07
281,29.19,28.07
457,29.19,28.07
474,29.19,28.07
660,29.19,28.07
335,29.19,28.07
681,29.19,28.07
591,29.19,28.07
547,29.19,28.07
416,29.19,28.07
344,29.19,28.07
643,29.19,28.07
542,29.19,28.07
682,29.19,28.07
632,29.19,28.07
389,29.19,28.07
528,29.19,28.07
607,29.19,28.07
414,29.19,28.07
651,29.21,28.07
616,29.21,28.07
805,29.21,28.07
207,29.21,28.07
653,29.21,28.07
550,29.21,28.07
740,29.21,28.07
521,29.21,28.07
470,29.21,28.07
432,29.21,28.07
121,29.21,28.07
622,29.21,28.07
456,29.21,28.07
758,29.21,28.07
310,29.21,28.07
793,29.21,28.07
585,29.21,28.07
770,29.21,28.07
263,29.21,28.07
789,29.21,28.07
166,29.21,28.07
516,29.21,28.07
556,29.21,28.07
339,29.21,28.07
435,29.21,27.93
378,29.21,27.93
792,29.21,27.93
414,29.21,27.93
773,29.21,27.93
207,29.21,27.93
805,29.21,27.93
122,29.21,27.93
601,29.21,27.93
480,29.21,27.93
818,29.21,27.93
563,29.21,27.93
440,29.21,27.93
491,29.21,27.93
316,29.21,27.93
538,29.21,27.93
198,29.21,27.93
578,29.21,27.93
136,29.21,27.93
492,29.21,27.93
335,29.21,27.93
700,29.21,27.93
249,29.21,27.93
883,29.21,27.93
563,29.21,27.93
408,29.21,27.93
556,29.21,27.93
357,29.21,27.93
550,29.21,27.93
693,29.21,27.93
432,29.21,27.93
463,29.21,27.93
606,29.21,27.93
371,29.21,27.93
539,29.21,27.93
456,29.21,27.93
572,29.19,27.93
384,29.19,27.93
592,29.19,27.93
123,29.19,27.93
806,29.19,27.93
476,29.19,27.93
668,29.19,27.93
566,29.19,27.93
549,29.19,27.93
572,29.19,27.93
371,29.19,27.93
594,29.19,27.93
364,29.19,27.93
660,29.19,27.93
576,29.19,27.93
695,29.19,27.93
587,29.19,27.93
694,29.19,27.93
624,29.19,27.93
565,29.19,27.93
261,29.19,27.93
684,29.19,27.93
302,29.19,27.93
633,29.19,27.93
583,29.19,27.93
477,29.19,27.93
698,29.19,27.93
243,29.19,27.93
913,29.19,27.93
126,29.19,27.93
637,29.19,27.93
243,29.19,27.93
611,29.19,27.93
463,29.19,27.93
390,29.19,27.93
507,29.19,27.93
537,29.19,27.93
431,29.19,27.93
480,29.19,27.93
493,29.19,27.93
338,29.19,27.93
753,29.19,27.93
420,29.19,27.93
571,29.19,27.93
132,29.19,27.93
697,29.19,27.93
382,29.19,27.93
518,29.19,27.93
376,29.19,27.93
607,29.19,27.93
529,29.19,27.93
176,29.19,27.93
683,29.19,27.93
228,29.19,27.93
473,29.19,27.93
439,29.19,27.93
616,29.19,27.93
458,29.19,27.93
623,29.19,27.93
570,29.19,27.93
813,29.19,27.93
413,29.19,27.93
784,29.19,27.93
448,29.19,27.93
764,29.19,27.93
292,29.19,27.93
719,29.19,27.93
465,29.19,27.93
481,29.19,27.93
615,29.19,27.93
529,29.19,27.93
698,29.19,27.93
260,29.19,27.93
540,29.19,27.93
585,29.19,27.93
584,29.19,27.93
557,29.19,27.93
747,29.19,27.93
259,29.19,27.93
325,29.19,27.93
502,29.19,27.93
535,29.19,27.93
403,29.19,27.93
170,29.19,27.81
722,29.19,27.81
289,29.19,27.81
562,29.19,27.81
213,29.19,27.81
787,29.19,27.81
312,29.19,27.81
738,29.19,27.81
494,29.19,27.81
469,29.19,27.81
447,29.19,27.81
524,29.19,27.81
308,29.19,27.81
275,29.19,27.81
158,29.19,27.81
560,29.19,27.81
397,29.19,27.81
225,29.19,27.81
562,29.19,27.81
513,29.19,27.81
368,29.19,27.81
452,29.19,27.81
672,29.19,27.81
273,29.19,27.81
531,29.19,27.81
581,29.19,27.81
448,29.19,27.81
190,29.19,27.81
334,29.19,27.81
123,29.19,27.81
526,29.19,27.81
502,29.19,27.81
457,29.19,27.81
564,29.19,27.81
321,29.19,27.81
393,29.19,27.81
629,29.19,27.81
457,29.19,27.81
121,29.19,27.81
842,29.19,27.81
121,29.19,27.81
871,29.19,27.81
605,29.19,27.81
615,29.19,27.81
527,29.19,27.81
394,29.19,27.81
643,29.19,27.81
547,29.19,27.81
588,29.19,27.81
142,29.19,27.81
882,29.19,27.81
330,29.19,27.81
389,29.19,27.81
569,29.19,27.81
354,29.19,27.81
463,29.19,27.81
594,29.19,27.81
627,29.19,27.81
501,29.19,27.81
424,29.19,27.81
625,29.19,28.25
656,29.19,28.25
421,29.19,28.25
571,29.19,28.25
366,29.19,28.25
666,29.19,28.25
191,29.19,28.25
568,29.19,28.25
602,29.19,28.25
424,29.19,28.25
397,29.19,28.25
499,29.19,28.25
559,29.19,28.25
308,29.19,28.25
827,29.19,28.25
298,29.19,28.25
277,29.19,28.25
415,29.19,28.25
561,29.19,28.25
368,29.19,28.25
462,29.19,28.25
294,29.19,28.25
637,29.19,28.25
282,29.19,28.25
551,29.19,28.25
608,29.19,28.25
418,29.19,28.25
388,29.19,28.25
564,29.19,28.25
668,29.19,28.25
441,29.19,28.25
673,29.19,28.25
797,29.19,28.25
872,29.19,28.25
439,29.19,28.25
584,29.19,28.25
661,29.19,28.25
770,29.19,28.25
260,29.19,28.25
728,29.19,28.25
380,29.19,28.25
540,29.19,28.25
365,29.19,28.25
546,29.19,28.25
479,29.19,28.25
388,29.19,28.25
785,29.19,28.25
507,29.19,28.25
829,29.19,28.25
284,29.19,28.25
752,29.19,28.25
409,29.19,28.25
