599,31.85,30.81
316,31.85,30.81
574,31.85,30.81
252,31.85,30.81
290,31.85,30.81
624,31.85,30.81
725,31.85,30.81
879,31.85,30.81
289,31.85,30.81
641,31.85,30.81
123,31.85,30.81
568,31.85,30.81
630,31.85,30.81
485,31.85,30.81
448,31.85,30.81
711,31.85,30.81
362,31.85,30.81
756,31.85,30.81
199,31.85,30.81
195,31.85,30.81
816,31.85,30.81
438,31.85,30.81
450,31.85,30.81
733,31.85,30.81
624,31.85,30.81
360,31.85,30.81
784,31.85,30.81
509,31.85,30.81
716,31.85,30.81
289,31.85,30.81
850,31.85,30.81
540,31.85,30.81
453,31.85,30.81
152,31.85,30.81
324,31.85,30.81
356,31.85,30.81
517,31.85,30.81
503,31.85,30.81
679,31.85,30.73
362,31.85,30.73
412,31.85,30.73
677,31.85,30.73
277,31.85,30.73
765,31.85,30.73
171,31.85,30.73
805,31.85,30.73
256,31.85,30.73
421,31.85,30.73
404,31.85,30.73
247,31.85,30.73
465,31.85,30.73
476,31.85,30.73
462,31.85,30.73
285,31.85,30.73
620,31.85,30.73
683,31.85,30.73
408,31.85,30.73
200,31.85,30.73
676,31.85,30.73
422,31.85,30.73
742,31.85,30.73
507,31.85,30.73
569,31.85,30.73
364,31.85,30.73
683,31.85,30.73
598,31.85,30.73
618,31.85,30.73
614,31.85,30.73
467,31.85,30.73
584,31.85,30.73
363,31.85,30.73
409,31.85,30.73
332,31.85,30.73
769,31.85,30.73
409,31.83,30.73
649,31.83,30.73
276,31.83,30.73
748,31.83,30.73
430,31.83,30.73
856,31.83,30.73
650,31.83,30.73
295,31.83,30.73
584,31.83,30.73
692,31.83,30.73
452,31.83,30.73
412,31.83,30.73
588,31.83,30.73
281,31.83,30.73
473,31.83,30.73
287,31.83,30.73
757,31.83,30.73
501,31.83,30.73
729,31.83,30.73
336,31.83,30.73
537,31.83,30.73
128,31.83,30.73
399,31.83,30.73
543,31.83,30.73
428,31.83,30.71
349,31.83,30.71
382,31.83,30.71
349,31.83,30.71
122,31.83,30.71
794,31.83,30.71
280,31.83,30.71
241,31.83,30.71
231,31.83,30.71
699,31.83,30.71
491,31.83,30.71
578,31.83,30.71
387,31.83,30.71
593,31.83,30.71
342,31.83,30.71
438,31.83,30.71
335,31.83,30.71
664,31.83,30.71
649,31.83,30.71
371,31.83,30.71
510,31.83,30.71
358,31.83,30.71
663,31.83,30.71
356,31.83,30.71
496,31.83,30.71
242,31.83,30.71
726,31.83,30.71
535,31.83,30.71
508,31.83,30.71
614,31.83,30.71
764,31.83,30.71
404,31.83,30.71
801,31.83,30.71
480,31.83,30.71
490,31.83,30.71
639,31.83,30.71
465,31.85,30.71
775,31.85,30.71
233,31.85,30.71
696,31.85,30.71
367,31.85,30.71
765,31.85,30.71
558,31.85,30.71
494,31.85,30.71
450,31.85,30.71
590,31.85,30.71
554,31.85,30.71
580,31.85,30.71
468,31.85,30.71
506,31.85,30.71
815,31.85,30.71
489,31.85,30.71
553,31.85,30.71
340,31.85,30.71
802,31.85,30.71
283,31.85,30.71
472,31.85,30.71
168,31.85,30.71
452,31.85,30.71
450,31.85,30.71
583,31.85,30.71
387,31.85,30.71
625,31.85,30.71
330,31.85,30.71
231,31.85,30.71
517,31.85,30.71
471,31.85,30.71
474,31.85,30.71
581,31.85,30.71
380,31.85,30.71
443,31.85,30.71
288,31.85,30.71
637,31.85,30.71
197,31.85,30.71
423,31.85,30.71
359,31.85,30.71
456,31.85,30.71
471,31.85,30.71
686,31.85,30.71
444,31.85,30.71
470,31.85,30.71
447,31.85,30.71
563,31.85,30.71
506,31.85,30.71
644,31.85,30.71
439,31.85,30.71
883,31.85,30.71
598,31.85,30.71
380,31.85,30.71
691,31.85,30.71
341,31.85,30.71
508,31.85,30.71
802,31.85,30.71
627,31.85,30.71
678,31.85,30.71
526,31.85,30.71
620,31.85,30.71
594,31.85,30.71
484,31.85,30.71
883,31.85,30.71
672,31.85,30.71
810,31.85,30.71
388,31.85,30.71
474,31.85,30.71
706,31.85,30.71
287,31.85,30.71
781,31.85,30.71
418,31.85,30.71
481,31.85,30.71
534,31.85,30.71
784,31.85,30.71
445,31.85,30.71
480,31.85,30.71
402,31.85,30.71
525,31.85,30.71
266,31.85,30.71
690,31.85,30.71
304,31.85,30.71
785,31.85,30.71
448,31.85,30.71
581,31.85,30.71
334,31.85,30.71
117,31.85,30.71
702,31.85,30.71
202,31.85,30.71
565,31.85,30.71
237,31.85,30.71
651,31.85,30.71
522,31.85,30.71
544,31.85,30.71
532,31.85,30.71
411,31.85,30.71
253,31.85,30.71
404,31.85,30.71
234,31.85,30.71
655,31.85,30.71
227,31.85,30.71
373,31.85,30.71
576,31.85,30.71
341,31.85,30.71
686,31.85,30.71
320,31.85,30.71
621,31.85,30.71
291,31.85,30.71
587,31.85,30.71
214,31.85,30.71
498,31.85,30.71
496,31.85,30.71
587,31.85,30.71
505,31.85,30.71
500,31.85,30.71
587,31.85,30.71
725,31.85,30.71
513,31.85,30.71
601,31.85,30.71
721,31.85,30.71
312,31.85,30.71
746,31.85,30.71
201,31.85,30.71
849,31.85,30.71
229,31.85,30.71
564,31.85,30.71
359,31.85,30.71
450,31.85,30.71
367,31.85,30.71
531,31.85,30.71
673,31.85,30.71
403,31.85,30.71
846,31.85,30.71
305,31.85,30.71
533,31.85,30.71
418,31.85,30.71
769,31.85,30.71
468,31.85,30.71
623,31.85,30.71
157,31.85,30.71
755,31.85,30.71
359,31.85,30.71
596,31.85,30.71
861,31.85,30.71
499,31.85,30.71
593,31.85,30.71
410,31.85,30.71
762,31.85,30.71
238,31.85,30.71
618,31.85,30.71
136,31.85,30.71
690,31.85,30.71
194,31.85,30.71
302,31.85,30.71
550,31.85,30.71
705,31.85,30.71
236,31.85,30.71
487,31.85,30.71
517,31.85,30.71
222,31.85,30.71
486,31.85,30.71
534,31.85,30.71
726,31.85,30.71
227,31.85,30.71
750,31.85,30.71
470,31.85,30.71
575,31.85,30.71
190,31.85,30.71
751,31.85,30.71
230,31.85,30.71
714,31.85,30.71
458,31.85,30.71
489,31.85,30.71
576,31.85,30.71
269,31.85,30.71
706,31.85,30.71
405,31.85,30.71
483,31.85,30.71
612,31.85,30.71
834,31.85,30.71
396,31.85,30.71
702,31.85,30.71
360,31.85,30.71
885,31.85,30.71
331,31.85,30.71
883,31.85,30.71
314,31.85,30.71
486,31.85,30.71
821,31.85,30.71
414,31.85,30.71
812,31.85,30.71
271,31.85,30.71
851,31.85,30.71
330,31.85,30.71
559,31.85,30.71
409,31.85,30.71
675,31.85,30.71
407,31.85,30.71
731,31.85,30.71
554,31.85,30.71
533,31.85,30.71
251,31.85,30.71
713,31.85,30.73
324,31.85,30.73
639,31.85,30.73
534,31.85,30.73
333,31.85,30.73
711,31.85,30.73
121,31.85,30.73
575,31.85,30.73
310,31.85,30.73
491,31.85,30.73
432,31.85,30.73
396,31.85,30.73
349,31.85,30.73
537,31.85,30.73
506,31.85,30.73
580,31.85,30.73
441,31.85,30.73
525,31.85,30.73
119,31.85,30.73
445,31.85,30.73
229,31.85,30.73
359,31.85,30.73
475,31.85,30.73
328,31.85,30.73
622,31.85,30.73
345,31.85,30.73
817,31.85,30.73
461,31.85,30.73
675,31.85,30.73
680,31.85,30.73
674,31.85,30.73
553,31.85,30.73
542,31.85,30.73
366,31.85,30.73
328,31.85,30.73
508,31.85,30.73
657,31.85,30.73
591,31.85,30.73
386,31.85,30.73
720,31.85,30.73
363,31.85,30.73
582,31.85,30.73
249,31.85,30.73
870,31.85,30.73
399,31.85,30.73
365,31.85,30.73
720,31.85,30.73
643,31.85,30.73
661,31.85,30.73
409,31.85,30.73
542,31.85,30.73
490,31.85,30.73
247,31.85,30.73
680,31.85,30.73
470,31.85,30.73
420,31.85,30.73
423,31.85,30.73
457,31.85,30.73
356,31.85,30.73
233,31.85,30.67
543,31.85,30.67
465,31.85,30.67
602,31.85,30.67
492,31.85,30.67
533,31.85,30.67
584,31.85,30.67
424,31.85,30.67
530,31.85,30.67
428,31.85,30.67
361,31.85,30.67
466,31.85,30.67
391,31.85,30.67
675,31.85,30.67
556,31.85,30.67
591,31.85,30.67
635,31.85,30.67
315,31.85,30.67
809,31.85,30.67
250,31.85,30.67
653,31.85,30.67
549,31.85,30.67
432,31.85,30.67
477,31.85,30.67
