857,30.39,29.29
520,30.39,29.29
301,30.39,29.29
390,30.39,29.29
458,30.39,29.29
480,30.39,29.29
325,30.39,29.29
538,30.39,29.29
317,30.39,29.29
416,30.39,29.29
385,30.39,29.29
883,30.39,29.29
223,30.39,29.29
586,30.39,29.29
253,30.39,29.29
601,30.39,29.29
120,30.39,29.11
625,30.39,29.11
336,30.39,29.11
537,30.39,29.11
215,30.39,29.11
509,30.39,29.11
803,30.39,29.11
120,30.39,29.11
474,30.39,29.11
500,30.39,29.11
557,30.39,29.11
131,30.39,29.11
882,30.39,29.11
401,30.39,29.11
877,30.39,29.11
498,30.39,29.11
882,30.39,29.11
119,30.39,29.11
522,30.39,29.11
532,30.39,29.11
634,30.39,29.11
384,30.39,29.11
617,30.39,29.11
794,30.39,29.11
401,30.39,29.11
649,30.39,29.11
510,30.39,29.11
458,30.39,29.11
611,30.39,29.11
828,30.39,29.11
418,30.39,29.11
767,30.39,29.11
201,30.39,29.11
735,30.39,29.11
398,30.39,29.11
465,30.39,29.11
444,30.35,29.11
296,30.35,29.11
323,30.35,29.11
441,30.35,29.11
579,30.35,29.11
381,30.35,29.11
671,30.35,29.11
374,30.35,29.11
739,30.35,29.11
435,30.35,29.11
640,30.35,29.11
289,30.35,29.11
603,30.35,29.11
118,30.35,29.11
846,30.35,29.11
332,30.35,29.11
658,30.35,29.11
264,30.35,29.11
438,30.35,29.11
310,30.35,29.11
243,30.35,29.11
797,30.35,29.11
313,30.35,29.11
527,30.35,29.11
242,30.35,28.97
770,30.35,28.97
270,30.35,28.97
457,30.35,28.97
489,30.35,28.97
568,30.35,28.97
119,30.35,28.97
797,30.35,28.97
337,30.35,28.97
394,30.35,28.97
485,30.35,28.97
677,30.35,28.97
690,30.35,28.97
581,30.35,28.97
688,30.35,28.97
397,30.35,28.97
636,30.35,28.97
204,30.35,28.97
881,30.35,28.97
521,30.35,28.97
681,30.35,28.97
779,30.35,28.97
393,30.35,28.97
590,30.35,28.97
513,30.35,28.97
845,30.35,28.97
248,30.35,28.97
546,30.35,28.97
120,30.35,28.97
589,30.35,28.97
401,30.35,28.97
594,30.35,28.97
582,30.35,28.97
739,30.35,28.97
222,30.35,28.97
611,30.35,28.97
550,30.39,28.97
710,30.39,28.97
500,30.39,28.97
474,30.39,28.97
667,30.39,28.97
195,30.39,28.97
429,30.39,28.97
261,30.39,28.97
452,30.39,28.97
120,30.39,28.97
572,30.39,28.97
389,30.39,28.97
439,30.39,28.97
514,30.39,28.97
663,30.39,28.97
413,30.39,28.97
728,30.39,28.97
299,30.39,28.97
593,30.39,28.97
226,30.39,28.97
266,30.39,28.97
681,30.39,28.97
120,30.39,28.97
788,30.39,29.29
286,30.39,29.29
529,30.39,29.29
323,30.39,29.29
697,30.39,29.29
578,30.39,29.29
612,30.39,29.29
130,30.39,29.29
550,30.39,29.29
385,30.39,29.29
603,30.39,29.29
642,30.39,29.29
639,30.39,29.29
736,30.39,29.29
452,30.39,29.29
716,30.39,29.29
236,30.39,29.29
829,30.39,29.29
234,30.39,29.29
525,30.39,29.29
354,30.39,29.29
634,30.39,29.29
532,30.39,29.29
573,30.39,29.29
683,30.39,29.29
309,30.39,29.29
474,30.39,29.29
504,30.39,29.29
537,30.39,29.29
691,30.39,29.29
773,30.39,29.29
703,30.39,29.29
595,30.39,29.29
603,30.39,29.29
635,30.39,29.29
550,30.39,29.29
546,30.35,29.29
496,30.35,29.29
246,30.35,29.29
530,30.35,29.29
418,30.35,29.29
686,30.35,29.29
643,30.35,29.29
567,30.35,29.29
195,30.35,29.29
653,30.35,29.29
376,30.35,29.29
676,30.35,29.29
415,30.35,29.29
507,30.35,29.29
357,30.35,29.29
476,30.35,29.29
219,30.35,29.29
605,30.35,29.29
581,30.35,29.29
242,30.35,29.29
694,30.35,29.29
291,30.35,29.29
498,30.35,29.29
642,30.35,29.29
882,30.35,29.17
394,30.35,29.17
528,30.35,29.17
124,30.35,29.17
510,30.35,29.17
365,30.35,29.17
481,30.35,29.17
532,30.35,29.17
409,30.35,29.17
322,30.35,29.17
676,30.35,29.17
481,30.35,29.17
469,30.35,29.17
691,30.35,29.17
447,30.35,29.17
709,30.35,29.17
488,30.35,29.17
659,30.35,29.17
503,30.35,29.17
673,30.35,29.17
733,30.35,29.17
679,30.35,29.17
410,30.35,29.17
474,30.35,29.17
609,30.35,29.17
351,30.35,29.17
491,30.35,29.17
606,30.35,29.17
666,30.35,29.17
593,30.35,29.17
639,30.35,29.17
578,30.35,29.17
580,30.35,29.17
547,30.35,29.17
667,30.35,29.17
451,30.35,29.17
417,30.41,29.17
293,30.41,29.17
612,30.41,29.17
606,30.41,29.17
682,30.41,29.17
442,30.41,29.17
600,30.41,29.17
670,30.41,29.17
222,30.41,29.17
493,30.41,29.17
399,30.41,29.17
476,30.41,29.17
501,30.41,29.17
542,30.41,29.17
205,30.41,29.17
589,30.41,29.17
514,30.41,29.17
529,30.41,29.17
121,30.41,29.17
422,30.41,29.17
528,30.41,29.17
382,30.41,29.17
624,30.41,29.17
485,30.41,29.43
759,30.41,29.43
126,30.41,29.43
635,30.41,29.43
366,30.41,29.43
415,30.41,29.43
590,30.41,29.43
659,30.41,29.43
622,30.41,29.43
642,30.41,29.43
623,30.41,29.43
619,30.41,29.43
674,30.41,29.43
521,30.41,29.43
550,30.41,29.43
390,30.41,29.43
753,30.41,29.43
377,30.41,29.43
729,30.41,29.43
181,30.41,29.43
596,30.41,29.43
600,30.41,29.43
335,30.41,29.43
497,30.41,29.43
541,30.41,29.43
617,30.41,29.43
563,30.41,29.43
423,30.41,29.43
781,30.41,29.43
436,30.41,29.43
587,30.41,29.43
537,30.41,29.43
397,30.41,29.43
543,30.41,29.43
128,30.41,29.43
731,30.41,29.43
120,30.39,29.43
539,30.39,29.43
159,30.39,29.43
500,30.39,29.43
330,30.39,29.43
229,30.39,29.43
432,30.39,29.43
477,30.39,29.43
381,30.39,29.43
517,30.39,29.43
321,30.39,29.43
481,30.39,29.43
707,30.39,29.43
173,30.39,29.43
628,30.39,29.43
181,30.39,29.43
660,30.39,29.43
295,30.39,29.43
638,30.39,29.43
230,30.39,29.43
823,30.39,29.43
549,30.39,29.43
412,30.39,29.43
706,30.39,29.43
569,30.39,29.09
738,30.39,29.09
430,30.39,29.09
656,30.39,29.09
426,30.39,29.09
668,30.39,29.09
363,30.39,29.09
861,30.39,29.09
263,30.39,29.09
543,30.39,29.09
435,30.39,29.09
658,30.39,29.09
432,30.39,29.09
409,30.39,29.09
520,30.39,29.09
320,30.39,29.09
755,30.39,29.09
424,30.39,29.09
713,30.39,29.09
231,30.39,29.09
709,30.39,29.09
326,30.39,29.09
523,30.39,29.09
407,30.39,29.09
810,30.39,29.09
460,30.39,29.09
466,30.39,29.09
381,30.39,29.09
673,30.39,29.09
570,30.39,29.09
306,30.39,29.09
600,30.39,29.09
230,30.39,29.09
478,30.39,29.09
168,30.39,29.09
883,30.39,29.09
260,30.35,29.09
642,30.35,29.09
652,30.35,29.09
502,30.35,29.09
447,30.35,29.09
334,30.35,29.09
564,30.35,29.09
254,30.35,29.09
758,30.35,29.09
149,30.35,29.09
655,30.35,29.09
763,30.35,29.09
638,30.35,29.09
515,30.35,29.09
790,30.35,29.09
225,30.35,29.09
780,30.35,29.09
559,30.35,29.09
510,30.35,29.09
432,30.35,29.09
360,30.35,29.09
495,30.35,29.09
518,30.35,29.09
597,30.35,29.09
155,30.35,29.17
661,30.35,29.17
195,30.35,29.17
630,30.35,29.17
362,30.35,29.17
413,30.35,29.17
762,30.35,29.17
365,30.35,29.17
698,30.35,29.17
486,30.35,29.17
583,30.35,29.17
532,30.35,29.17
304,30.35,29.17
444,30.35,29.17
543,30.35,29.17
243,30.35,29.17
502,30.35,29.17
311,30.35,29.17
637,30.35,29.17
272,30.35,29.17
611,30.35,29.17
359,30.35,29.17
614,30.35,29.17
397,30.35,29.17
482,30.35,29.17
823,30.35,29.17
367,30.35,29.17
791,30.35,29.17
407,30.35,29.17
599,30.35,29.17
576,30.35,29.17
582,30.35,29.17
495,30.35,29.17
437,30.35,29.17
445,30.35,29.17
840,30.35,29.17
496,30.35,29.17
301,30.35,29.17
578,30.35,29.17
418,30.35,29.17
472,30.35,29.17
275,30.35,29.17
668,30.35,29.17
322,30.35,29.17
679,30.35,29.17
