526,30.17,28.91
773,30.17,28.91
121,30.17,28.91
398,30.17,28.91
543,30.17,28.91
316,30.17,28.91
814,30.17,28.91
352,30.17,28.91
533,30.17,28.91
773,30.17,28.91
582,30.17,28.91
532,30.17,28.91
351,30.17,28.91
628,30.17,28.91
392,30.17,28.91
500,30.17,28.91
164,30.17,28.91
461,30.17,28.91
390,30.17,28.91
448,30.17,28.91
553,30.17,28.91
729,30.17,28.91
268,30.17,28.91
370,30.17,28.91
526,30.17,28.91
504,30.17,28.91
384,30.17,28.91
299,30.17,28.91
470,30.17,28.91
361,30.17,28.91
621,30.17,28.91
147,30.17,28.91
678,30.17,28.91
137,30.17,28.91
778,30.21,28.91
119,30.21,28.91
594,30.21,28.91
545,30.21,28.91
750,30.21,28.91
582,30.21,28.91
552,30.21,28.91
770,30.21,28.91
371,30.21,28.91
605,30.21,28.91
676,30.21,28.91
642,30.21,28.91
257,30.21,28.91
878,30.21,28.91
364,30.21,28.91
857,30.21,28.91
565,30.21,28.91
631,30.21,28.91
413,30.21,28.91
728,30.21,28.91
357,30.21,28.91
519,30.21,28.91
722,30.21,28.91
259,30.21,28.95
648,30.21,28.95
367,30.21,28.95
523,30.21,28.95
492,30.21,28.95
615,30.21,28.95
510,30.21,28.95
622,30.21,28.95
322,30.21,28.95
741,30.21,28.95
338,30.21,28.95
599,30.21,28.95
211,30.21,28.95
448,30.21,28.95
122,30.21,28.95
306,30.21,28.95
690,30.21,28.95
170,30.21,28.95
411,30.21,28.95
425,30.21,28.95
515,30.21,28.95
666,30.21,28.95
695,30.21,28.95
357,30.21,28.95
612,30.21,28.95
179,30.21,28.95
879,30.21,28.95
316,30.21,28.95
458,30.21,28.95
529,30.21,28.95
639,30.21,28.95
441,30.21,28.95
390,30.21,28.95
820,30.21,28.95
121,30.21,28.95
436,30.21,28.95
276,30.13,28.95
635,30.13,28.95
121,30.13,28.95
777,30.13,28.95
316,30.13,28.95
756,30.13,28.95
157,30.13,28.95
463,30.13,28.95
530,30.13,28.95
568,30.13,28.95
123,30.13,28.95
697,30.13,28.95
237,30.13,28.95
472,30.13,28.95
794,30.13,28.95
241,30.13,28.95
725,30.13,28.95
177,30.13,28.95
642,30.13,28.95
702,30.13,28.95
352,30.13,28.95
314,30.13,28.95
880,30.13,28.95
398,30.13,28.95
791,30.13,29.03
562,30.13,29.03
722,30.13,29.03
172,30.13,29.03
529,30.13,29.03
476,30.13,29.03
304,30.13,29.03
708,30.13,29.03
502,30.13,29.03
817,30.13,29.03
361,30.13,29.03
888,30.13,29.03
275,30.13,29.03
570,30.13,29.03
485,30.13,29.03
649,30.13,29.03
767,30.13,29.03
125,30.13,29.03
881,30.13,29.03
861,30.13,29.03
255,30.13,29.03
352,30.13,29.03
351,30.13,29.03
318,30.13,29.03
685,30.13,29.03
121,30.13,29.03
691,30.13,29.03
352,30.13,29.03
640,30.13,29.03
685,30.13,29.03
651,30.13,29.03
531,30.13,29.03
475,30.13,29.03
682,30.13,29.03
128,30.13,29.03
882,30.13,29.03
618,30.19,29.03
761,30.19,29.03
186,30.19,29.03
417,30.19,29.03
704,30.19,29.03
382,30.19,29.03
406,30.19,29.03
615,30.19,29.03
522,30.19,29.03
757,30.19,29.03
422,30.19,29.03
819,30.19,29.03
596,30.19,29.03
454,30.19,29.03
606,30.19,29.03
386,30.19,29.03
647,30.19,29.03
360,30.19,29.03
683,30.19,29.03
483,30.19,29.03
515,30.19,29.03
558,30.19,29.03
516,30.19,29.03
563,30.19,29.15
431,30.19,29.15
542,30.19,29.15
503,30.19,29.15
367,30.19,29.15
691,30.19,29.15
507,30.19,29.15
611,30.19,29.15
676,30.19,29.15
277,30.19,29.15
834,30.19,29.15
141,30.19,29.15
883,30.19,29.15
284,30.19,29.15
382,30.19,29.15
311,30.19,29.15
561,30.19,29.15
430,30.19,29.15
428,30.19,29.15
421,30.19,29.15
636,30.19,29.15
236,30.19,29.15
567,30.19,29.15
424,30.19,29.15
498,30.19,29.15
194,30.19,29.15
649,30.19,29.15
819,30.19,29.15
119,30.19,29.15
742,30.19,29.15
316,30.19,29.15
491,30.19,29.15
331,30.19,29.15
460,30.19,29.15
504,30.19,29.15
188,30.19,29.15
630,30.13,29.15
771,30.13,29.15
471,30.13,29.15
603,30.13,29.15
651,30.13,29.15
822,30.13,29.15
660,30.13,29.15
573,30.13,29.15
609,30.13,29.15
479,30.13,29.15
698,30.13,29.15
751,30.13,29.15
793,30.13,29.15
495,30.13,29.15
697,30.13,29.15
605,30.13,29.15
256,30.13,29.15
587,30.13,29.15
683,30.13,29.15
690,30.13,29.15
537,30.13,29.15
567,30.13,29.15
746,30.13,29.15
575,30.13,29.15
524,30.13,28.89
698,30.13,28.89
300,30.13,28.89
565,30.13,28.89
435,30.13,28.89
380,30.13,28.89
356,30.13,28.89
365,30.13,28.89
572,30.13,28.89
483,30.13,28.89
414,30.13,28.89
432,30.13,28.89
668,30.13,28.89
376,30.13,28.89
145,30.13,28.89
617,30.13,28.89
305,30.13,28.89
671,30.13,28.89
481,30.13,28.89
517,30.13,28.89
120,30.13,28.89
492,30.13,28.89
566,30.13,28.89
610,30.13,28.89
203,30.13,28.89
679,30.13,28.89
545,30.13,28.89
599,30.13,28.89
153,30.13,28.89
826,30.13,28.89
610,30.13,28.89
446,30.13,28.89
568,30.13,28.89
469,30.13,28.89
669,30.13,28.89
374,30.13,28.89
828,30.13,28.89
180,30.13,28.89
621,30.13,28.89
637,30.13,28.89
690,30.13,28.89
661,30.13,28.89
524,30.13,28.89
423,30.13,28.89
486,30.13,28.89
363,30.13,28.89
557,30.13,28.89
649,30.13,28.89
482,30.13,28.89
751,30.13,28.89
549,30.13,28.89
555,30.13,28.89
205,30.13,28.89
882,30.13,28.89
304,30.13,28.89
799,30.13,28.89
140,30.13,28.89
604,30.13,28.89
350,30.13,28.89
407,30.13,28.85
508,30.13,28.85
500,30.13,28.85
336,30.13,28.85
472,30.13,28.85
572,30.13,28.85
597,30.13,28.85
556,30.13,28.85
342,30.13,28.85
765,30.13,28.85
122,30.13,28.85
670,30.13,28.85
238,30.13,28.85
749,30.13,28.85
118,30.13,28.85
558,30.13,28.85
409,30.13,28.85
586,30.13,28.85
520,30.13,28.85
459,30.13,28.85
769,30.13,28.85
291,30.13,28.85
604,30.13,28.85
381,30.13,28.85
526,30.13,28.85
503,30.13,28.85
637,30.13,28.85
249,30.13,28.85
571,30.13,28.85
240,30.13,28.85
690,30.13,28.85
122,30.13,28.85
562,30.13,28.85
459,30.13,28.85
366,30.13,28.85
673,30.13,28.85
234,30.17,28.85
657,30.17,28.85
345,30.17,28.85
814,30.17,28.85
119,30.17,28.85
656,30.17,28.85
653,30.17,28.85
702,30.17,28.85
537,30.17,28.85
733,30.17,28.85
208,30.17,28.85
830,30.17,28.85
122,30.17,28.85
732,30.17,28.85
329,30.17,28.85
163,30.17,28.85
826,30.17,28.85
226,30.17,28.85
883,30.17,28.85
228,30.17,28.85
765,30.17,28.85
453,30.17,28.85
762,30.17,28.85
492,30.17,28.85
778,30.17,28.91
397,30.17,28.91
671,30.17,28.91
292,30.17,28.91
591,30.17,28.91
282,30.17,28.91
560,30.17,28.91
610,30.17,28.91
324,30.17,28.91
752,30.17,28.91
275,30.17,28.91
775,30.17,28.91
118,30.17,28.91
715,30.17,28.91
386,30.17,28.91
518,30.17,28.91
338,30.17,28.91
402,30.17,28.91
469,30.17,28.91
570,30.17,28.91
405,30.17,28.91
505,30.17,28.91
487,30.17,28.91
125,30.17,28.91
412,30.17,28.91
443,30.17,28.91
552,30.17,28.91
271,30.17,28.91
796,30.17,28.91
136,30.17,28.91
712,30.17,28.91
345,30.17,28.91
804,30.17,28.91
506,30.17,28.91
574,30.17,28.91
481,30.17,28.91
529,30.13,28.91
481,30.13,28.91
560,30.13,28.91
500,30.13,28.91
379,30.13,28.91
541,30.13,28.91
645,30.13,28.91
592,30.13,28.91
354,30.13,28.91
759,30.13,28.91
557,30.13,28.91
773,30.13,28.91
452,30.13,28.91
874,30.13,28.91
657,30.13,28.91
706,30.13,28.91
589,30.13,28.91
348,30.13,28.91
696,30.13,28.91
135,30.13,28.91
769,30.13,28.91
246,30.13,28.91
568,30.13,28.91
563,30.13,28.77
648,30.13,28.77
559,30.13,28.77
847,30.13,28.77
