196,32.01,31.01
771,32.01,31.01
280,32.01,31.01
448,32.01,31.01
516,32.01,30.81
740,32.01,30.81
524,32.01,30.81
524,32.01,30.81
679,32.01,30.81
273,32.01,30.81
393,32.01,30.81
417,32.01,30.81
459,32.01,30.81
499,32.01,30.81
780,32.01,30.81
337,32.01,30.81
653,32.01,30.81
585,32.01,30.81
638,32.01,30.81
480,32.01,30.81
574,32.01,30.81
372,32.01,30.81
309,32.01,30.81
575,32.01,30.81
267,32.01,30.81
792,32.01,30.81
372,32.01,30.81
379,32.01,30.81
557,32.01,30.81
310,32.01,30.81
541,32.01,30.81
456,32.01,30.81
442,32.01,30.81
334,32.01,30.81
664,32.01,30.81
350,32.01,30.81
672,32.01,30.81
618,32.01,30.81
505,32.01,30.81
205,32.01,30.81
635,32.03,30.81
353,32.03,30.81
469,32.03,30.81
300,32.03,30.81
573,32.03,30.81
607,32.03,30.81
341,32.03,30.81
559,32.03,30.81
413,32.03,30.81
815,32.03,30.81
397,32.03,30.81
543,32.03,30.81
128,32.03,30.81
553,32.03,30.81
430,32.03,30.81
775,32.03,30.81
359,32.03,30.81
663,32.03,30.81
279,32.03,30.81
721,32.03,30.81
343,32.03,30.81
405,32.03,30.81
549,32.03,30.81
458,32.03,30.91
596,32.03,30.91
462,32.03,30.91
540,32.03,30.91
543,32.03,30.91
736,32.03,30.91
308,32.03,30.91
653,32.03,30.91
322,32.03,30.91
420,32.03,30.91
692,32.03,30.91
560,32.03,30.91
333,32.03,30.91
679,32.03,30.91
421,32.03,30.91
263,32.03,30.91
511,32.03,30.91
454,32.03,30.91
252,32.03,30.91
123,32.03,30.91
767,32.03,30.91
395,32.03,30.91
783,32.03,30.91
540,32.03,30.91
578,32.03,30.91
488,32.03,30.91
285,32.03,30.91
695,32.03,30.91
238,32.03,30.91
424,32.03,30.91
429,32.03,30.91
723,32.03,30.91
218,32.03,30.91
606,32.03,30.91
424,32.03,30.91
791,32.03,30.91
386,32.05,30.91
533,32.05,30.91
208,32.05,30.91
474,32.05,30.91
600,32.05,30.91
742,32.05,30.91
534,32.05,30.91
456,32.05,30.91
419,32.05,30.91
569,32.05,30.91
833,32.05,30.91
199,32.05,30.91
832,32.05,30.91
458,32.05,30.91
447,32.05,30.91
430,32.05,30.91
674,32.05,30.91
615,32.05,30.91
689,32.05,30.91
555,32.05,30.91
544,32.05,30.91
570,32.05,30.91
457,32.05,30.91
776,32.05,30.91
408,32.05,30.99
773,32.05,30.99
279,32.05,30.99
816,32.05,30.99
413,32.05,30.99
577,32.05,30.99
681,32.05,30.99
588,32.05,30.99
292,32.05,30.99
186,32.05,30.99
692,32.05,30.99
386,32.05,30.99
712,32.05,30.99
496,32.05,30.99
620,32.05,30.99
606,32.05,30.99
767,32.05,30.99
613,32.05,30.99
620,32.05,30.99
428,32.05,30.99
411,32.05,30.99
588,32.05,30.99
475,32.05,30.99
677,32.05,30.99
582,32.05,30.99
447,32.05,30.99
453,32.05,30.99
650,32.05,30.99
358,32.05,30.99
553,32.05,30.99
543,32.05,30.99
599,32.05,30.99
153,32.05,30.99
742,32.05,30.99
455,32.05,30.99
276,32.05,30.99
762,32.05,30.99
118,32.05,30.99
548,32.05,30.99
389,32.05,30.99
236,32.05,30.99
453,32.05,30.99
604,32.05,30.99
117,32.05,30.99
379,32.05,30.99
452,32.05,30.99
779,32.05,30.99
271,32.05,30.99
580,32.05,30.99
502,32.05,30.99
159,32.05,30.99
538,32.05,30.99
281,32.05,30.99
782,32.05,30.99
119,32.05,30.99
332,32.05,30.99
270,32.05,30.99
611,32.05,30.99
772,32.05,30.99
410,32.05,30.99
752,32.05,30.91
207,32.05,30.91
781,32.05,30.91
645,32.05,30.91
451,32.05,30.91
528,32.05,30.91
592,32.05,30.91
488,32.05,30.91
568,32.05,30.91
378,32.05,30.91
793,32.05,30.91
439,32.05,30.91
680,32.05,30.91
505,32.05,30.91
454,32.05,30.91
586,32.05,30.91
337,32.05,30.91
884,32.05,30.91
368,32.05,30.91
479,32.05,30.91
704,32.05,30.91
597,32.05,30.91
281,32.05,30.91
573,32.05,30.91
546,32.05,30.91
706,32.05,30.91
545,32.05,30.91
576,32.05,30.91
285,32.05,30.91
644,32.05,30.91
406,32.05,30.91
452,32.05,30.91
447,32.05,30.91
123,32.05,30.91
768,32.05,30.91
183,32.05,30.91
592,32.03,30.91
119,32.03,30.91
883,32.03,30.91
325,32.03,30.91
509,32.03,30.91
517,32.03,30.91
466,32.03,30.91
248,32.03,30.91
681,32.03,30.91
497,32.03,30.91
498,32.03,30.91
297,32.03,30.91
497,32.03,30.91
624,32.03,30.91
358,32.03,30.91
468,32.03,30.91
253,32.03,30.91
869,32.03,30.91
118,32.03,30.91
711,32.03,30.91
464,32.03,30.91
463,32.03,30.91
362,32.03,30.91
438,32.03,30.77
462,32.03,30.77
362,32.03,30.77
300,32.03,30.77
501,32.03,30.77
365,32.03,30.77
446,32.03,30.77
389,32.03,30.77
585,32.03,30.77
280,32.03,30.77
395,32.03,30.77
765,32.03,30.77
151,32.03,30.77
605,32.03,30.77
522,32.03,30.77
632,32.03,30.77
377,32.03,30.77
534,32.03,30.77
707,32.03,30.77
307,32.03,30.77
565,32.03,30.77
277,32.03,30.77
633,32.03,30.77
321,32.03,30.77
575,32.03,30.77
615,32.03,30.77
642,32.03,30.77
236,32.03,30.77
884,32.03,30.77
328,32.03,30.77
787,32.03,30.77
516,32.03,30.77
526,32.03,30.77
413,32.03,30.77
719,32.03,30.77
599,32.03,30.77
250,32.03,30.77
772,32.03,30.77
241,32.03,30.77
739,32.03,30.77
620,32.03,30.77
385,32.03,30.77
699,32.03,30.77
489,32.03,30.77
708,32.03,30.77
795,32.03,30.77
536,32.03,30.77
746,32.03,30.77
815,32.03,30.77
428,32.03,30.77
536,32.03,30.77
373,32.03,30.77
506,32.03,30.77
420,32.03,30.77
658,32.03,30.77
296,32.03,30.77
502,32.03,30.77
394,32.03,30.77
410,32.03,30.77
723,32.03,30.77
234,32.03,30.81
793,32.03,30.81
281,32.03,30.81
592,32.03,30.81
421,32.03,30.81
398,32.03,30.81
545,32.03,30.81
537,32.03,30.81
401,32.03,30.81
586,32.03,30.81
380,32.03,30.81
321,32.03,30.81
322,32.03,30.81
368,32.03,30.81
356,32.03,30.81
420,32.03,30.81
438,32.03,30.81
307,32.03,30.81
741,32.03,30.81
212,32.03,30.81
623,32.03,30.81
296,32.03,30.81
277,32.03,30.81
434,32.03,30.81
378,32.03,30.81
575,32.03,30.81
288,32.03,30.81
850,32.03,30.81
260,32.03,30.81
488,32.03,30.81
601,32.03,30.81
389,32.03,30.81
395,32.03,30.81
653,32.03,30.81
319,32.03,30.81
793,32.03,30.81
558,32.05,30.81
776,32.05,30.81
462,32.05,30.81
608,32.05,30.81
488,32.05,30.81
558,32.05,30.81
600,32.05,30.81
388,32.05,30.81
850,32.05,30.81
181,32.05,30.81
748,32.05,30.81
436,32.05,30.81
696,32.05,30.81
594,32.05,30.81
584,32.05,30.81
782,32.05,30.81
620,32.05,30.81
341,32.05,30.81
765,32.05,30.81
541,32.05,30.81
398,32.05,30.81
782,32.05,30.81
699,32.05,30.81
701,32.05,30.79
466,32.05,30.79
884,32.05,30.79
293,32.05,30.79
757,32.05,30.79
278,32.05,30.79
550,32.05,30.79
706,32.05,30.79
504,32.05,30.79
602,32.05,30.79
438,32.05,30.79
759,32.05,30.79
340,32.05,30.79
840,32.05,30.79
555,32.05,30.79
263,32.05,30.79
464,32.05,30.79
652,32.05,30.79
361,32.05,30.79
428,32.05,30.79
294,32.05,30.79
487,32.05,30.79
429,32.05,30.79
123,32.05,30.79
616,32.05,30.79
383,32.05,30.79
552,32.05,30.79
119,32.05,30.79
884,32.05,30.79
653,32.05,30.79
592,32.05,30.79
452,32.05,30.79
334,32.05,30.79
607,32.05,30.79
301,32.05,30.79
552,32.05,30.79
208,32.05,30.79
452,32.03,30.79
664,32.03,30.79
610,32.03,30.79
121,32.03,30.79
537,32.03,30.79
376,32.03,30.79
752,32.03,30.79
339,32.03,30.79
772,32.03,30.79
337,32.03,30.79
650,32.03,30.79
401,32.03,30.79
551,32.03,30.79
406,32.03,30.79
256,32.03,30.79
856,32.03,30.79
253,32.03,30.79
827,32.03,30.79
117,32.03,30.79
784,32.03,30.79
447,32.03,30.79
