439,32.23,31.11
419,32.23,31.11
175,32.23,31.11
121,32.23,31.11
566,32.23,31.11
449,32.23,31.11
704,32.23,31.11
478,32.23,31.11
738,32.23,31.11
255,32.23,31.11
561,32.23,31.11
212,32.23,31.11
629,32.23,31.11
124,32.23,31.11
744,32.23,31.11
379,32.23,31.11
578,32.23,31.11
430,32.23,31.11
434,32.23,31.11
411,32.23,31.11
472,32.23,31.11
516,32.23,31.11
500,32.23,31.11
738,32.23,31.11
498,32.23,31.11
729,32.23,31.11
605,32.23,31.11
666,32.23,31.11
309,32.23,31.11
844,32.23,31.11
123,32.23,31.11
547,32.23,31.11
451,32.23,31.11
280,32.23,31.11
739,32.23,31.11
477,32.23,31.11
641,32.23,31.11
424,32.23,31.11
646,32.23,31.11
393,32.23,31.11
665,32.23,31.11
211,32.23,31.11
756,32.23,31.11
563,32.23,31.11
591,32.23,31.11
534,32.23,31.11
884,32.23,31.11
490,32.23,31.11
534,32.23,31.11
600,32.23,31.11
275,32.23,31.11
750,32.23,31.11
227,32.23,31.11
774,32.23,31.11
458,32.23,31.11
672,32.23,31.11
393,32.23,31.11
574,32.23,31.11
446,32.23,31.11
753,32.23,31.11
442,32.23,31.11
470,32.23,31.11
402,32.23,31.11
767,32.23,31.11
599,32.23,31.11
341,32.23,31.11
554,32.23,30.97
518,32.23,30.97
654,32.23,30.97
120,32.23,30.97
562,32.23,30.97
409,32.23,30.97
597,32.23,30.97
149,32.23,30.97
657,32.23,30.97
468,32.23,30.97
475,32.23,30.97
209,32.23,30.97
390,32.23,30.97
376,32.23,30.97
692,32.23,30.97
419,32.23,30.97
378,32.23,30.97
522,32.23,30.97
549,32.23,30.97
557,32.23,30.97
583,32.23,30.97
559,32.23,30.97
368,32.23,30.97
738,32.23,30.97
348,32.23,30.97
809,32.23,30.97
495,32.23,30.97
760,32.23,30.97
580,32.23,30.97
516,32.23,30.97
678,32.23,30.97
319,32.23,30.97
854,32.23,30.97
309,32.23,30.97
536,32.23,30.97
366,32.23,30.97
506,32.23,30.97
330,32.23,30.97
676,32.23,30.97
127,32.23,30.97
481,32.23,30.97
448,32.23,30.97
488,32.23,30.97
396,32.23,30.97
682,32.23,30.97
690,32.23,30.97
663,32.23,30.97
700,32.23,30.97
316,32.23,30.97
614,32.23,30.97
701,32.23,30.97
276,32.23,30.97
361,32.23,30.97
537,32.23,30.97
315,32.23,30.97
249,32.23,30.97
258,32.23,30.97
558,32.23,30.97
379,32.23,30.97
612,32.23,31.07
538,32.23,31.07
537,32.23,31.07
544,32.23,31.07
170,32.23,31.07
449,32.23,31.07
373,32.23,31.07
419,32.23,31.07
393,32.23,31.07
455,32.23,31.07
485,32.23,31.07
392,32.23,31.07
579,32.23,31.07
288,32.23,31.07
608,32.23,31.07
438,32.23,31.07
162,32.23,31.07
562,32.23,31.07
800,32.23,31.07
138,32.23,31.07
693,32.23,31.07
446,32.23,31.07
626,32.23,31.07
364,32.23,31.07
380,32.23,31.07
391,32.23,31.07
684,32.23,31.07
333,32.23,31.07
281,32.23,31.07
646,32.23,31.07
269,32.23,31.07
652,32.23,31.07
392,32.23,31.07
781,32.23,31.07
458,32.23,31.07
512,32.23,31.07
364,32.23,31.07
733,32.25,31.07
597,32.25,31.07
831,32.25,31.07
420,32.25,31.07
776,32.25,31.07
401,32.25,31.07
560,32.25,31.07
342,32.25,31.07
608,32.25,31.07
883,32.25,31.07
311,32.25,31.07
865,32.25,31.07
417,32.25,31.07
774,32.25,31.07
497,32.25,31.07
755,32.25,31.07
561,32.25,31.07
691,32.25,31.07
172,32.25,31.07
516,32.25,31.07
421,32.25,31.07
800,32.25,31.07
385,32.25,31.07
316,32.25,31.25
648,32.25,31.25
248,32.25,31.25
460,32.25,31.25
427,32.25,31.25
423,32.25,31.25
149,32.25,31.25
766,32.25,31.25
120,32.25,31.25
852,32.25,31.25
673,32.25,31.25
575,32.25,31.25
376,32.25,31.25
309,32.25,31.25
303,32.25,31.25
651,32.25,31.25
350,32.25,31.25
564,32.25,31.25
611,32.25,31.25
118,32.25,31.25
548,32.25,31.25
398,32.25,31.25
833,32.25,31.25
339,32.25,31.25
687,32.25,31.25
275,32.25,31.25
854,32.25,31.25
501,32.25,31.25
361,32.25,31.25
878,32.25,31.25
400,32.25,31.25
608,32.25,31.25
658,32.25,31.25
413,32.25,31.25
472,32.25,31.25
712,32.25,31.25
323,32.25,31.25
716,32.25,31.25
415,32.25,31.25
801,32.25,31.25
496,32.25,31.25
698,32.25,31.25
700,32.25,31.25
633,32.25,31.25
642,32.25,31.25
525,32.25,31.25
786,32.25,31.25
569,32.25,31.25
654,32.25,31.25
446,32.25,31.25
639,32.25,31.25
278,32.25,31.25
397,32.25,31.25
495,32.25,31.25
336,32.25,31.25
360,32.25,31.25
404,32.25,31.25
334,32.25,31.25
561,32.25,31.25
356,32.25,31.13
461,32.25,31.13
484,32.25,31.13
432,32.25,31.13
703,32.25,31.13
344,32.25,31.13
433,32.25,31.13
428,32.25,31.13
464,32.25,31.13
225,32.25,31.13
352,32.25,31.13
409,32.25,31.13
668,32.25,31.13
376,32.25,31.13
493,32.25,31.13
366,32.25,31.13
647,32.25,31.13
426,32.25,31.13
596,32.25,31.13
409,32.25,31.13
339,32.25,31.13
714,32.25,31.13
368,32.25,31.13
829,32.25,31.13
197,32.25,31.13
801,32.25,31.13
462,32.25,31.13
465,32.25,31.13
483,32.25,31.13
589,32.25,31.13
702,32.25,31.13
560,32.25,31.13
540,32.25,31.13
527,32.25,31.13
675,32.25,31.13
578,32.25,31.13
703,32.25,31.13
471,32.23,31.13
680,32.23,31.13
504,32.23,31.13
848,32.23,31.13
376,32.23,31.13
752,32.23,31.13
358,32.23,31.13
341,32.23,31.13
334,32.23,31.13
543,32.23,31.13
664,32.23,31.13
403,32.23,31.13
782,32.23,31.13
513,32.23,31.13
490,32.23,31.13
329,32.23,31.13
866,32.23,31.13
351,32.23,31.13
679,32.23,31.13
304,32.23,31.13
339,32.23,31.13
128,32.23,31.13
593,32.23,31.13
153,32.23,31.01
551,32.23,31.01
281,32.23,31.01
459,32.23,31.01
695,32.23,31.01
251,32.23,31.01
779,32.23,31.01
486,32.23,31.01
548,32.23,31.01
261,32.23,31.01
874,32.23,31.01
421,32.23,31.01
471,32.23,31.01
538,32.23,31.01
632,32.23,31.01
319,32.23,31.01
568,32.23,31.01
580,32.23,31.01
563,32.23,31.01
539,32.23,31.01
298,32.23,31.01
676,32.23,31.01
120,32.23,31.01
730,32.23,31.01
388,32.23,31.01
818,32.23,31.01
204,32.23,31.01
723,32.23,31.01
555,32.23,31.01
405,32.23,31.01
572,32.23,31.01
543,32.23,31.01
450,32.23,31.01
393,32.23,31.01
441,32.23,31.01
633,32.23,31.01
720,32.25,31.01
159,32.25,31.01
692,32.25,31.01
413,32.25,31.01
807,32.25,31.01
336,32.25,31.01
848,32.25,31.01
424,32.25,31.01
663,32.25,31.01
603,32.25,31.01
607,32.25,31.01
486,32.25,31.01
504,32.25,31.01
570,32.25,31.01
452,32.25,31.01
545,32.25,31.01
601,32.25,31.01
678,32.25,31.01
577,32.25,31.01
368,32.25,31.01
401,32.25,31.01
796,32.25,31.01
141,32.25,31.01
767,32.25,31.01
591,32.25,31.01
564,32.25,31.01
626,32.25,31.01
517,32.25,31.01
439,32.25,31.01
348,32.25,31.01
669,32.25,31.01
213,32.25,31.01
793,32.25,31.01
287,32.25,31.01
467,32.25,31.01
690,32.25,31.01
509,32.25,31.01
735,32.25,31.01
645,32.25,31.01
432,32.25,31.01
681,32.25,31.01
519,32.25,31.01
476,32.25,31.01
529,32.25,31.01
310,32.25,31.01
483,32.25,31.01
367,32.25,31.01
613,32.25,31.01
245,32.25,31.01
627,32.25,31.01
225,32.25,31.01
671,32.25,31.01
564,32.25,31.01
485,32.25,31.01
476,32.25,31.01
660,32.25,31.01
772,32.25,31.01
674,32.25,31.01
776,32.25,31.01
504,32.25,31.01
517,32.23,31.01
392,32.23,31.01
786,32.23,31.01
272,32.23,31.01
883,32.23,31.01
397,32.23,31.01
830,32.23,31.01
311,32.23,31.01
419,32.23,31.01
428,32.23,31.01
425,32.23,31.01
376,32.23,31.01
285,32.23,31.01
595,32.23,31.01
384,32.23,31.01
671,32.23,31.01
398,32.23,31.01
618,32.23,31.01
