539,32.63,31.49
381,32.63,31.49
356,32.63,31.49
119,32.63,31.49
640,32.63,31.49
363,32.63,31.49
691,32.63,31.49
339,32.63,31.49
565,32.63,31.49
531,32.63,31.49
477,32.63,31.49
119,32.63,31.49
866,32.63,31.49
503,32.63,31.49
518,32.63,31.49
651,32.63,31.49
577,32.63,31.49
857,32.63,31.49
321,32.63,31.49
790,32.63,31.49
565,32.63,31.49
744,32.63,31.49
569,32.63,31.49
846,32.63,31.49
659,32.63,31.49
591,32.63,31.49
754,32.63,31.49
518,32.63,31.49
263,32.63,31.49
375,32.63,31.49
240,32.63,31.49
603,32.63,31.49
582,32.63,31.49
655,32.63,31.49
613,32.63,31.49
360,32.63,31.49
767,32.63,31.49
574,32.63,31.49
434,32.63,31.49
387,32.63,31.49
361,32.63,31.49
414,32.63,31.49
388,32.63,31.49
414,32.63,31.49
553,32.63,31.49
474,32.63,31.49
307,32.63,31.49
663,32.63,31.49
660,32.63,31.49
526,32.63,31.49
448,32.63,31.49
737,32.63,31.49
251,32.63,31.49
773,32.63,31.49
293,32.63,31.49
753,32.63,31.49
163,32.63,31.49
281,32.63,31.49
317,32.63,31.49
558,32.63,31.49
383,32.63,31.49
414,32.63,31.49
528,32.63,31.49
408,32.63,31.49
583,32.63,31.49
664,32.63,31.49
517,32.63,31.49
213,32.63,31.49
622,32.63,31.49
118,32.63,31.49
877,32.63,31.49
302,32.63,31.49
735,32.63,31.49
447,32.63,31.49
678,32.63,31.49
459,32.63,31.49
560,32.63,31.49
212,32.63,31.49
398,32.61,31.49
821,32.61,31.49
349,32.61,31.49
708,32.61,31.49
445,32.61,31.49
498,32.61,31.49
462,32.61,31.49
740,32.61,31.49
505,32.61,31.49
566,32.61,31.49
210,32.61,31.49
658,32.61,31.49
316,32.61,31.49
406,32.61,31.49
578,32.61,31.49
679,32.61,31.49
501,32.61,31.49
130,32.61,31.49
608,32.61,31.49
189,32.61,31.49
715,32.61,31.49
127,32.61,31.49
758,32.61,31.49
288,32.61,31.19
646,32.61,31.19
387,32.61,31.19
678,32.61,31.19
435,32.61,31.19
456,32.61,31.19
271,32.61,31.19
653,32.61,31.19
260,32.61,31.19
523,32.61,31.19
678,32.61,31.19
236,32.61,31.19
571,32.61,31.19
220,32.61,31.19
875,32.61,31.19
282,32.61,31.19
777,32.61,31.19
264,32.61,31.19
518,32.61,31.19
430,32.61,31.19
868,32.61,31.19
663,32.61,31.19
589,32.61,31.19
289,32.61,31.19
787,32.61,31.19
479,32.61,31.19
227,32.61,31.19
883,32.61,31.19
265,32.61,31.19
685,32.61,31.19
393,32.61,31.19
760,32.61,31.19
350,32.61,31.19
547,32.61,31.19
627,32.61,31.19
463,32.61,31.19
392,32.61,31.19
536,32.61,31.19
757,32.61,31.19
385,32.61,31.19
747,32.61,31.19
480,32.61,31.19
597,32.61,31.19
281,32.61,31.19
425,32.61,31.19
544,32.61,31.19
617,32.61,31.19
261,32.61,31.19
545,32.61,31.19
349,32.61,31.19
621,32.61,31.19
323,32.61,31.19
775,32.61,31.19
523,32.61,31.19
207,32.61,31.19
687,32.61,31.19
118,32.61,31.19
737,32.61,31.19
303,32.61,31.19
612,32.61,31.19
378,32.61,31.43
375,32.61,31.43
270,32.61,31.43
679,32.61,31.43
208,32.61,31.43
462,32.61,31.43
538,32.61,31.43
394,32.61,31.43
286,32.61,31.43
627,32.61,31.43
673,32.61,31.43
331,32.61,31.43
745,32.61,31.43
127,32.61,31.43
681,32.61,31.43
123,32.61,31.43
746,32.61,31.43
345,32.61,31.43
869,32.61,31.43
449,32.61,31.43
600,32.61,31.43
536,32.61,31.43
277,32.61,31.43
884,32.61,31.43
705,32.61,31.43
330,32.61,31.43
379,32.61,31.43
637,32.61,31.43
365,32.61,31.43
881,32.61,31.43
559,32.61,31.43
784,32.61,31.43
315,32.61,31.43
885,32.61,31.43
530,32.61,31.43
463,32.61,31.43
473,32.61,31.43
559,32.61,31.43
501,32.61,31.43
350,32.61,31.43
589,32.61,31.43
428,32.61,31.43
353,32.61,31.43
384,32.61,31.43
670,32.61,31.43
186,32.61,31.43
505,32.61,31.43
311,32.61,31.43
683,32.61,31.43
255,32.61,31.43
464,32.61,31.43
202,32.61,31.43
393,32.61,31.43
311,32.61,31.43
325,32.61,31.43
635,32.61,31.43
387,32.61,31.43
670,32.61,31.43
558,32.61,31.43
659,32.61,31.69
399,32.61,31.69
703,32.61,31.69
382,32.61,31.69
525,32.61,31.69
275,32.61,31.69
842,32.61,31.69
118,32.61,31.69
681,32.61,31.69
347,32.61,31.69
626,32.61,31.69
426,32.61,31.69
327,32.61,31.69
761,32.61,31.69
408,32.61,31.69
384,32.61,31.69
830,32.61,31.69
568,32.61,31.69
393,32.61,31.69
712,32.61,31.69
563,32.61,31.69
618,32.61,31.69
544,32.61,31.69
778,32.61,31.69
128,32.61,31.69
456,32.61,31.69
355,32.61,31.69
443,32.61,31.69
320,32.61,31.69
287,32.61,31.69
612,32.61,31.69
581,32.61,31.69
545,32.61,31.69
574,32.61,31.69
486,32.61,31.69
659,32.61,31.69
477,32.63,31.69
625,32.63,31.69
610,32.63,31.69
380,32.63,31.69
592,32.63,31.69
688,32.63,31.69
593,32.63,31.69
385,32.63,31.69
592,32.63,31.69
467,32.63,31.69
576,32.63,31.69
437,32.63,31.69
398,32.63,31.69
580,32.63,31.69
371,32.63,31.69
830,32.63,31.69
457,32.63,31.69
377,32.63,31.69
382,32.63,31.69
446,32.63,31.69
480,32.63,31.69
470,32.63,31.69
259,32.63,31.69
376,32.63,31.69
397,32.63,31.39
362,32.63,31.39
363,32.63,31.39
571,32.63,31.39
401,32.63,31.39
431,32.63,31.39
539,32.63,31.39
208,32.63,31.39
485,32.63,31.39
530,32.63,31.39
425,32.63,31.39
693,32.63,31.39
299,32.63,31.39
745,32.63,31.39
615,32.63,31.39
620,32.63,31.39
239,32.63,31.39
560,32.63,31.39
296,32.63,31.39
451,32.63,31.39
669,32.63,31.39
745,32.63,31.39
320,32.63,31.39
699,32.63,31.39
449,32.63,31.39
641,32.63,31.39
630,32.63,31.39
838,32.63,31.39
534,32.63,31.39
508,32.63,31.39
486,32.63,31.39
541,32.63,31.39
870,32.63,31.39
421,32.63,31.39
682,32.63,31.39
293,32.63,31.39
175,32.63,31.39
619,32.63,31.39
559,32.63,31.39
550,32.63,31.39
698,32.63,31.39
429,32.63,31.39
563,32.63,31.39
663,32.63,31.39
569,32.63,31.39
778,32.63,31.39
273,32.63,31.39
541,32.63,31.39
119,32.63,31.39
680,32.63,31.39
292,32.63,31.39
663,32.63,31.39
301,32.63,31.39
535,32.63,31.39
619,32.63,31.39
356,32.63,31.39
666,32.63,31.39
305,32.63,31.39
583,32.63,31.39
237,32.63,31.29
709,32.63,31.29
270,32.63,31.29
429,32.63,31.29
440,32.63,31.29
596,32.63,31.29
252,32.63,31.29
589,32.63,31.29
525,32.63,31.29
643,32.63,31.29
464,32.63,31.29
535,32.63,31.29
508,32.63,31.29
233,32.63,31.29
759,32.63,31.29
339,32.63,31.29
863,32.63,31.29
441,32.63,31.29
661,32.63,31.29
400,32.63,31.29
667,32.63,31.29
463,32.63,31.29
559,32.63,31.29
364,32.63,31.29
745,32.63,31.29
414,32.63,31.29
796,32.63,31.29
441,32.63,31.29
373,32.63,31.29
576,32.63,31.29
397,32.63,31.29
659,32.63,31.29
361,32.63,31.29
728,32.63,31.29
420,32.63,31.29
885,32.63,31.29
452,32.63,31.29
640,32.63,31.29
517,32.63,31.29
293,32.63,31.29
629,32.63,31.29
486,32.63,31.29
279,32.63,31.29
678,32.63,31.29
516,32.63,31.29
399,32.63,31.29
468,32.63,31.29
192,32.63,31.29
511,32.63,31.29
117,32.63,31.29
784,32.63,31.29
117,32.63,31.29
670,32.63,31.29
675,32.63,31.29
613,32.63,31.29
571,32.63,31.29
326,32.63,31.29
377,32.63,31.29
309,32.63,31.29
541,32.63,31.29
117,32.63,31.43
666,32.63,31.43
374,32.63,31.43
513,32.63,31.43
478,32.63,31.43
567,32.63,31.43
321,32.63,31.43
650,32.63,31.43
346,32.63,31.43
836,32.63,31.43
479,32.63,31.43
506,32.63,31.43
504,32.63,31.43
351,32.63,31.43
518,32.63,31.43
438,32.63,31.43
621,32.63,31.43
428,32.63,31.43
697,32.63,31.43
257,32.63,31.43
