482,28.99,27.79
665,28.99,27.79
473,28.99,27.79
549,28.99,27.79
650,28.99,27.79
411,28.99,27.79
875,28.99,27.79
216,28.99,27.79
588,28.99,27.79
602,28.99,27.79
810,28.99,27.79
733,28.99,27.79
383,28.99,27.79
497,28.99,27.79
646,28.99,27.79
289,28.99,27.79
511,28.99,27.79
543,28.99,27.79
457,28.99,27.79
480,28.99,27.79
354,28.99,27.79
740,28.99,27.79
137,28.99,27.79
735,28.99,27.79
417,28.99,27.79
461,28.99,27.79
461,28.99,27.79
458,28.99,27.79
513,28.99,27.79
490,28.99,27.79
878,28.99,27.79
228,28.99,27.81
881,28.99,27.81
336,28.99,27.81
509,28.99,27.81
389,28.99,27.81
333,28.99,27.81
232,28.99,27.81
565,28.99,27.81
399,28.99,27.81
344,28.99,27.81
648,28.99,27.81
247,28.99,27.81
314,28.99,27.81
233,28.99,27.81
416,28.99,27.81
438,28.99,27.81
567,28.99,27.81
460,28.99,27.81
660,28.99,27.81
670,28.99,27.81
403,28.99,27.81
772,28.99,27.81
564,28.99,27.81
391,28.99,27.81
567,28.99,27.81
303,28.99,27.81
502,28.99,27.81
622,28.99,27.81
486,28.99,27.81
797,28.99,27.81
278,28.99,27.81
776,28.99,27.81
266,28.99,27.81
480,28.99,27.81
472,28.99,27.81
695,28.99,27.81
356,28.99,27.81
769,28.99,27.81
595,28.99,27.81
825,28.99,27.81
555,28.99,27.81
464,28.99,27.81
558,28.99,27.81
212,28.99,27.81
596,28.99,27.81
343,28.99,27.81
572,28.99,27.81
373,28.99,27.81
627,28.99,27.81
405,28.99,27.81
709,28.99,27.81
254,28.99,27.81
761,28.99,27.81
467,28.99,27.81
515,28.99,27.81
292,28.99,27.81
605,28.99,27.81
444,28.99,27.81
431,28.99,27.81
657,28.99,27.81
158,28.99,27.69
710,28.99,27.69
123,28.99,27.69
691,28.99,27.69
424,28.99,27.69
384,28.99,27.69
310,28.99,27.69
716,28.99,27.69
469,28.99,27.69
388,28.99,27.69
470,28.99,27.69
538,28.99,27.69
423,28.99,27.69
395,28.99,27.69
396,28.99,27.69
304,28.99,27.69
833,28.99,27.69
489,28.99,27.69
526,28.99,27.69
617,28.99,27.69
736,28.99,27.69
500,28.99,27.69
425,28.99,27.69
379,28.99,27.69
395,28.99,27.69
512,28.99,27.69
533,28.99,27.69
354,28.99,27.69
448,28.99,27.69
645,28.99,27.69
462,28.99,27.69
621,28.99,27.69
513,28.99,27.69
480,28.99,27.69
568,28.99,27.69
586,28.99,27.69
492,29.01,27.69
479,29.01,27.69
587,29.01,27.69
706,29.01,27.69
543,29.01,27.69
597,29.01,27.69
712,29.01,27.69
706,29.01,27.69
793,29.01,27.69
570,29.01,27.69
415,29.01,27.69
428,29.01,27.69
572,29.01,27.69
708,29.01,27.69
665,29.01,27.69
391,29.01,27.69
584,29.01,27.69
516,29.01,27.69
472,29.01,27.69
506,29.01,27.69
551,29.01,27.69
267,29.01,27.69
670,29.01,27.69
735,29.01,27.85
154,29.01,27.85
671,29.01,27.85
333,29.01,27.85
504,29.01,27.85
539,29.01,27.85
259,29.01,27.85
773,29.01,27.85
363,29.01,27.85
630,29.01,27.85
218,29.01,27.85
604,29.01,27.85
449,29.01,27.85
339,29.01,27.85
306,29.01,27.85
322,29.01,27.85
427,29.01,27.85
436,29.01,27.85
468,29.01,27.85
457,29.01,27.85
603,29.01,27.85
591,29.01,27.85
508,29.01,27.85
332,29.01,27.85
483,29.01,27.85
141,29.01,27.85
567,29.01,27.85
218,29.01,27.85
755,29.01,27.85
191,29.01,27.85
274,29.01,27.85
674,29.01,27.85
497,29.01,27.85
551,29.01,27.85
540,29.01,27.85
260,29.01,27.85
314,29.01,27.85
467,28.99,27.85
657,28.99,27.85
463,28.99,27.85
452,28.99,27.85
724,28.99,27.85
460,28.99,27.85
644,28.99,27.85
263,28.99,27.85
718,28.99,27.85
571,28.99,27.85
414,28.99,27.85
778,28.99,27.85
123,28.99,27.85
655,28.99,27.85
578,28.99,27.85
801,28.99,27.85
637,28.99,27.85
336,28.99,27.85
542,28.99,27.85
532,28.99,27.85
339,28.99,27.85
809,28.99,27.85
123,28.99,27.85
757,28.99,27.67
391,28.99,27.67
388,28.99,27.67
292,28.99,27.67
575,28.99,27.67
694,28.99,27.67
508,28.99,27.67
805,28.99,27.67
120,28.99,27.67
929,28.99,27.67
819,28.99,27.67
691,28.99,27.67
708,28.99,27.67
341,28.99,27.67
740,28.99,27.67
423,28.99,27.67
643,28.99,27.67
617,28.99,27.67
445,28.99,27.67
427,28.99,27.67
282,28.99,27.67
691,28.99,27.67
882,28.99,27.67
411,28.99,27.67
868,28.99,27.67
443,28.99,27.67
637,28.99,27.67
153,28.99,27.67
881,28.99,27.67
657,28.99,27.67
574,28.99,27.67
756,28.99,27.67
121,28.99,27.67
655,28.99,27.67
281,28.99,27.67
679,28.99,27.67
326,28.99,27.67
241,28.99,27.67
723,28.99,27.67
426,28.99,27.67
412,28.99,27.67
808,28.99,27.67
240,28.99,27.67
763,28.99,27.67
480,28.99,27.67
578,28.99,27.67
179,28.99,27.67
281,28.99,27.67
606,28.99,27.67
440,28.99,27.67
748,28.99,27.67
123,28.99,27.67
796,28.99,27.67
730,28.99,27.67
544,28.99,27.67
618,28.99,27.67
480,28.99,27.67
539,28.99,27.67
785,28.99,27.67
562,28.99,27.67
836,28.99,27.85
131,28.99,27.85
610,28.99,27.85
862,28.99,27.85
565,28.99,27.85
740,28.99,27.85
275,28.99,27.85
881,28.99,27.85
122,28.99,27.85
691,28.99,27.85
231,28.99,27.85
789,28.99,27.85
304,28.99,27.85
647,28.99,27.85
777,28.99,27.85
121,28.99,27.85
716,28.99,27.85
857,28.99,27.85
746,28.99,27.85
263,28.99,27.85
463,28.99,27.85
666,28.99,27.85
790,28.99,27.85
186,28.99,27.85
784,28.99,27.85
120,28.99,27.85
540,28.99,27.85
135,28.99,27.85
450,28.99,27.85
824,28.99,27.85
533,28.99,27.85
881,28.99,27.85
231,28.99,27.85
882,28.99,27.85
123,28.99,27.85
881,28.99,27.85
321,28.99,27.85
395,28.99,27.85
697,28.99,27.85
173,28.99,27.85
464,28.99,27.85
275,28.99,27.85
607,28.99,27.85
378,28.99,27.85
482,28.99,27.85
548,28.99,27.85
600,28.99,27.85
420,28.99,27.85
434,28.99,27.85
329,28.99,27.85
774,28.99,27.85
119,28.99,27.85
652,28.99,27.85
760,28.99,27.85
220,28.99,27.85
289,28.99,27.85
538,28.99,27.85
492,28.99,27.85
225,28.99,27.85
716,28.99,27.85
215,28.99,27.85
404,28.99,27.85
130,28.99,27.85
548,28.99,27.85
568,28.99,27.85
417,28.99,27.85
404,28.99,27.85
787,28.99,27.85
276,28.99,27.85
748,28.99,27.85
446,28.99,27.85
779,28.99,27.85
636,28.99,27.85
292,28.99,27.85
639,28.99,27.85
347,28.99,27.85
638,28.99,27.85
391,28.99,27.85
881,28.99,27.85
288,28.99,27.85
851,28.99,27.85
786,28.99,27.85
715,28.99,27.85
632,28.99,27.85
680,28.99,27.85
482,28.99,27.85
387,28.99,27.85
562,28.99,27.85
626,28.99,27.85
413,28.99,27.85
219,28.99,27.85
686,28.99,27.85
237,28.99,27.85
664,28.99,27.85
515,28.99,27.85
817,28.99,27.85
486,28.99,27.85
309,28.99,27.85
387,28.99,27.85
345,28.99,27.85
396,28.99,27.85
452,28.99,27.85
423,28.99,27.85
386,28.99,27.85
377,28.99,27.85
551,28.99,27.85
486,28.99,27.85
508,28.99,27.85
451,28.99,27.85
278,28.99,27.85
227,28.99,27.85
225,28.99,27.85
541,28.99,27.85
236,28.99,27.85
318,28.99,27.85
423,28.99,27.85
400,28.99,27.85
658,28.99,27.85
182,28.99,27.85
732,28.99,27.63
390,28.99,27.63
832,28.99,27.63
249,28.99,27.63
350,28.99,27.63
474,28.99,27.63
344,28.99,27.63
559,28.99,27.63
125,28.99,27.63
439,28.99,27.63
583,28.99,27.63
654,28.99,27.63
653,28.99,27.63
466,28.99,27.63
333,28.99,27.63
571,28.99,27.63
381,28.99,27.63
824,28.99,27.63
149,28.99,27.63
573,28.99,27.63
668,28.99,27.63
470,28.99,27.63
625,28.99,27.63
355,28.99,27.63
693,28.99,27.63
304,28.99,27.63
659,28.99,27.63
329,28.99,27.63
530,28.99,27.63
519,28.99,27.63
