547,31.13,30.09
418,31.13,30.09
216,31.13,30.09
222,31.13,30.09
747,31.13,30.09
418,31.13,30.09
307,31.13,30.09
677,31.13,30.09
337,31.13,30.09
412,31.13,30.09
665,31.13,30.09
679,31.13,30.09
347,31.13,29.89
712,31.13,29.89
882,31.13,29.89
568,31.13,29.89
723,31.13,29.89
639,31.13,29.89
391,31.13,29.89
530,31.13,29.89
510,31.13,29.89
308,31.13,29.89
558,31.13,29.89
122,31.13,29.89
602,31.13,29.89
442,31.13,29.89
625,31.13,29.89
389,31.13,29.89
772,31.13,29.89
247,31.13,29.89
280,31.13,29.89
429,31.13,29.89
374,31.13,29.89
379,31.13,29.89
601,31.13,29.89
401,31.13,29.89
538,31.13,29.89
306,31.13,29.89
534,31.13,29.89
541,31.13,29.89
161,31.13,29.89
462,31.13,29.89
404,31.13,29.89
793,31.13,29.89
248,31.13,29.89
606,31.13,29.89
568,31.13,29.89
478,31.13,29.89
656,31.09,29.89
398,31.09,29.89
164,31.09,29.89
644,31.09,29.89
581,31.09,29.89
394,31.09,29.89
726,31.09,29.89
290,31.09,29.89
500,31.09,29.89
474,31.09,29.89
456,31.09,29.89
398,31.09,29.89
656,31.09,29.89
405,31.09,29.89
522,31.09,29.89
603,31.09,29.89
398,31.09,29.89
664,31.09,29.89
253,31.09,29.89
883,31.09,29.89
632,31.09,29.89
629,31.09,29.89
468,31.09,29.89
779,31.09,29.89
403,31.09,29.93
772,31.09,29.93
635,31.09,29.93
797,31.09,29.93
643,31.09,29.93
510,31.09,29.93
882,31.09,29.93
347,31.09,29.93
880,31.09,29.93
414,31.09,29.93
637,31.09,29.93
450,31.09,29.93
735,31.09,29.93
607,31.09,29.93
482,31.09,29.93
360,31.09,29.93
636,31.09,29.93
458,31.09,29.93
375,31.09,29.93
651,31.09,29.93
181,31.09,29.93
525,31.09,29.93
312,31.09,29.93
584,31.09,29.93
434,31.09,29.93
405,31.09,29.93
499,31.09,29.93
656,31.09,29.93
570,31.09,29.93
527,31.09,29.93
639,31.09,29.93
318,31.09,29.93
687,31.09,29.93
485,31.09,29.93
517,31.09,29.93
326,31.09,29.93
671,31.11,29.93
519,31.11,29.93
881,31.11,29.93
181,31.11,29.93
481,31.11,29.93
493,31.11,29.93
402,31.11,29.93
466,31.11,29.93
589,31.11,29.93
447,31.11,29.93
331,31.11,29.93
434,31.11,29.93
124,31.11,29.93
543,31.11,29.93
351,31.11,29.93
431,31.11,29.93
590,31.11,29.93
369,31.11,29.93
186,31.11,29.93
384,31.11,29.93
268,31.11,29.93
654,31.11,29.93
120,31.11,29.93
414,31.11,29.93
666,31.11,29.99
148,31.11,29.99
746,31.11,29.99
129,31.11,29.99
747,31.11,29.99
374,31.11,29.99
738,31.11,29.99
415,31.11,29.99
838,31.11,29.99
126,31.11,29.99
542,31.11,29.99
740,31.11,29.99
284,31.11,29.99
533,31.11,29.99
544,31.11,29.99
822,31.11,29.99
555,31.11,29.99
739,31.11,29.99
376,31.11,29.99
881,31.11,29.99
131,31.11,29.99
823,31.11,29.99
131,31.11,29.99
882,31.11,29.99
591,31.11,29.99
398,31.11,29.99
881,31.11,29.99
456,31.11,29.99
809,31.11,29.99
702,31.11,29.99
433,31.11,29.99
663,31.11,29.99
488,31.11,29.99
882,31.11,29.99
884,31.11,29.99
262,31.11,29.99
882,31.11,29.99
169,31.11,29.99
565,31.11,29.99
147,31.11,29.99
624,31.11,29.99
421,31.11,29.99
660,31.11,29.99
609,31.11,29.99
118,31.11,29.99
592,31.11,29.99
429,31.11,29.99
572,31.11,29.99
309,31.11,29.99
645,31.11,29.99
401,31.11,29.99
663,31.11,29.99
304,31.11,29.99
579,31.11,29.99
155,31.11,29.99
686,31.11,29.99
247,31.11,29.99
641,31.11,29.99
384,31.11,29.99
242,31.11,29.97
741,31.11,29.97
410,31.11,29.97
446,31.11,29.97
193,31.11,29.97
670,31.11,29.97
120,31.11,29.97
678,31.11,29.97
199,31.11,29.97
301,31.11,29.97
443,31.11,29.97
349,31.11,29.97
614,31.11,29.97
510,31.11,29.97
272,31.11,29.97
561,31.11,29.97
611,31.11,29.97
336,31.11,29.97
490,31.11,29.97
562,31.11,29.97
800,31.11,29.97
287,31.11,29.97
709,31.11,29.97
366,31.11,29.97
443,31.11,29.97
273,31.11,29.97
574,31.11,29.97
420,31.11,29.97
369,31.11,29.97
858,31.11,29.97
545,31.11,29.97
699,31.11,29.97
607,31.11,29.97
757,31.11,29.97
604,31.11,29.97
399,31.11,29.97
654,31.11,29.97
548,31.11,29.97
335,31.11,29.97
851,31.11,29.97
580,31.11,29.97
654,31.11,29.97
430,31.11,29.97
643,31.11,29.97
656,31.11,29.97
353,31.11,29.97
750,31.11,29.97
306,31.11,29.97
579,31.11,29.97
592,31.11,29.97
625,31.11,29.97
392,31.11,29.97
253,31.11,29.97
466,31.11,29.97
432,31.11,29.97
468,31.11,29.97
308,31.11,29.97
372,31.11,29.97
697,31.11,29.97
325,31.11,29.97
451,31.11,30.11
804,31.11,30.11
119,31.11,30.11
608,31.11,30.11
628,31.11,30.11
750,31.11,30.11
521,31.11,30.11
689,31.11,30.11
417,31.11,30.11
482,31.11,30.11
577,31.11,30.11
291,31.11,30.11
516,31.11,30.11
316,31.11,30.11
525,31.11,30.11
806,31.11,30.11
772,31.11,30.11
528,31.11,30.11
751,31.11,30.11
541,31.11,30.11
513,31.11,30.11
561,31.11,30.11
862,31.11,30.11
193,31.11,30.11
637,31.11,30.11
525,31.11,30.11
579,31.11,30.11
487,31.11,30.11
483,31.11,30.11
683,31.11,30.11
345,31.11,30.11
478,31.11,30.11
679,31.11,30.11
548,31.11,30.11
432,31.11,30.11
647,31.11,30.11
453,31.11,30.11
702,31.11,30.11
265,31.11,30.11
738,31.11,30.11
118,31.11,30.11
502,31.11,30.11
258,31.11,30.11
722,31.11,30.11
382,31.11,30.11
266,31.11,30.11
884,31.11,30.11
642,31.11,30.11
460,31.11,30.11
501,31.11,30.11
668,31.11,30.11
268,31.11,30.11
535,31.11,30.11
438,31.11,30.11
232,31.11,30.11
408,31.11,30.11
777,31.11,30.11
221,31.11,30.11
546,31.11,30.11
469,31.11,30.11
455,31.11,29.93
512,31.11,29.93
232,31.11,29.93
819,31.11,29.93
261,31.11,29.93
811,31.11,29.93
558,31.11,29.93
606,31.11,29.93
622,31.11,29.93
457,31.11,29.93
617,31.11,29.93
536,31.11,29.93
162,31.11,29.93
707,31.11,29.93
540,31.11,29.93
668,31.11,29.93
462,31.11,29.93
492,31.11,29.93
684,31.11,29.93
411,31.11,29.93
470,31.11,29.93
514,31.11,29.93
878,31.11,29.93
456,31.11,29.93
883,31.11,29.93
651,31.11,29.93
640,31.11,29.93
785,31.11,29.93
567,31.11,29.93
582,31.11,29.93
457,31.11,29.93
546,31.11,29.93
324,31.11,29.93
461,31.11,29.93
566,31.11,29.93
525,31.11,29.93
240,31.09,29.93
805,31.09,29.93
391,31.09,29.93
616,31.09,29.93
400,31.09,29.93
543,31.09,29.93
206,31.09,29.93
639,31.09,29.93
311,31.09,29.93
496,31.09,29.93
870,31.09,29.93
123,31.09,29.93
675,31.09,29.93
229,31.09,29.93
654,31.09,29.93
384,31.09,29.93
430,31.09,29.93
507,31.09,29.93
508,31.09,29.93
309,31.09,29.93
411,31.09,29.93
548,31.09,29.93
481,31.09,29.93
557,31.09,30.05
429,31.09,30.05
362,31.09,30.05
163,31.09,30.05
715,31.09,30.05
117,31.09,30.05
564,31.09,30.05
305,31.09,30.05
480,31.09,30.05
433,31.09,30.05
444,31.09,30.05
562,31.09,30.05
235,31.09,30.05
588,31.09,30.05
119,31.09,30.05
646,31.09,30.05
411,31.09,30.05
598,31.09,30.05
397,31.09,30.05
646,31.09,30.05
412,31.09,30.05
514,31.09,30.05
335,31.09,30.05
414,31.09,30.05
450,31.09,30.05
360,31.09,30.05
427,31.09,30.05
325,31.09,30.05
784,31.09,30.05
221,31.09,30.05
810,31.09,30.05
380,31.09,30.05
569,31.09,30.05
381,31.09,30.05
481,31.09,30.05
488,31.09,30.05
246,31.09,30.05
814,31.11,30.05
123,31.11,30.05
672,31.11,30.05
408,31.11,30.05
372,31.11,30.05
569,31.11,30.05
590,31.11,30.05
372,31.11,30.05
550,31.11,30.05
340,31.11,30.05
432,31.11,30.05
595,31.11,30.05
