478,30.21,29.11
442,30.21,29.11
504,30.21,29.11
222,30.21,29.11
610,30.21,29.11
215,30.21,29.11
751,30.21,29.11
580,30.21,29.11
470,30.21,29.11
667,30.21,29.11
487,30.21,29.11
678,30.21,29.11
564,30.21,29.11
580,30.21,29.11
471,30.21,29.11
441,30.21,29.11
489,30.21,29.11
536,30.21,29.11
205,30.21,29.11
631,30.21,29.11
661,30.21,29.11
720,30.21,29.11
362,30.21,29.11
231,30.21,29.11
463,30.21,29.11
429,30.21,29.11
354,30.21,29.11
122,30.21,29.11
669,30.21,29.11
415,30.21,29.11
561,30.21,29.11
206,30.21,29.11
361,30.21,29.11
538,30.21,29.11
637,30.21,29.11
538,30.21,29.11
417,30.21,29.11
399,30.21,29.11
745,30.21,29.11
405,30.21,28.97
567,30.21,28.97
690,30.21,28.97
433,30.21,28.97
680,30.21,28.97
627,30.21,28.97
736,30.21,28.97
478,30.21,28.97
702,30.21,28.97
288,30.21,28.97
745,30.21,28.97
556,30.21,28.97
575,30.21,28.97
595,30.21,28.97
493,30.21,28.97
519,30.21,28.97
494,30.21,28.97
472,30.21,28.97
551,30.21,28.97
471,30.21,28.97
545,30.21,28.97
425,30.21,28.97
498,30.21,28.97
799,30.21,28.97
268,30.21,28.97
772,30.21,28.97
483,30.21,28.97
561,30.21,28.97
438,30.21,28.97
333,30.21,28.97
420,30.21,28.97
520,30.21,28.97
465,30.21,28.97
322,30.21,28.97
627,30.21,28.97
151,30.21,28.97
438,30.23,28.97
325,30.23,28.97
399,30.23,28.97
461,30.23,28.97
593,30.23,28.97
274,30.23,28.97
500,30.23,28.97
343,30.23,28.97
595,30.23,28.97
401,30.23,28.97
500,30.23,28.97
510,30.23,28.97
298,30.23,28.97
596,30.23,28.97
224,30.23,28.97
775,30.23,28.97
370,30.23,28.97
652,30.23,28.97
500,30.23,28.97
644,30.23,28.97
312,30.23,28.97
806,30.23,28.97
431,30.23,28.97
640,30.23,28.97
558,30.23,29.29
805,30.23,29.29
510,30.23,29.29
686,30.23,29.29
456,30.23,29.29
467,30.23,29.29
581,30.23,29.29
237,30.23,29.29
882,30.23,29.29
371,30.23,29.29
489,30.23,29.29
473,30.23,29.29
525,30.23,29.29
385,30.23,29.29
521,30.23,29.29
500,30.23,29.29
685,30.23,29.29
314,30.23,29.29
783,30.23,29.29
729,30.23,29.29
647,30.23,29.29
404,30.23,29.29
302,30.23,29.29
590,30.23,29.29
118,30.23,29.29
846,30.23,29.29
311,30.23,29.29
246,30.23,29.29
347,30.23,29.29
403,30.23,29.29
695,30.23,29.29
257,30.23,29.29
617,30.23,29.29
579,30.23,29.29
573,30.23,29.29
234,30.23,29.29
564,30.21,29.29
240,30.21,29.29
585,30.21,29.29
539,30.21,29.29
503,30.21,29.29
178,30.21,29.29
484,30.21,29.29
565,30.21,29.29
479,30.21,29.29
336,30.21,29.29
412,30.21,29.29
882,30.21,29.29
396,30.21,29.29
512,30.21,29.29
363,30.21,29.29
521,30.21,29.29
331,30.21,29.29
651,30.21,29.29
388,30.21,29.29
621,30.21,29.29
133,30.21,29.29
373,30.21,29.29
552,30.21,29.29
565,30.21,29.29
399,30.21,29.05
728,30.21,29.05
435,30.21,29.05
127,30.21,29.05
788,30.21,29.05
837,30.21,29.05
798,30.21,29.05
523,30.21,29.05
764,30.21,29.05
236,30.21,29.05
781,30.21,29.05
609,30.21,29.05
532,30.21,29.05
158,30.21,29.05
309,30.21,29.05
533,30.21,29.05
286,30.21,29.05
412,30.21,29.05
542,30.21,29.05
769,30.21,29.05
394,30.21,29.05
880,30.21,29.05
652,30.21,29.05
868,30.21,29.05
170,30.21,29.05
883,30.21,29.05
443,30.21,29.05
562,30.21,29.05
422,30.21,29.05
331,30.21,29.05
664,30.21,29.05
218,30.21,29.05
701,30.21,29.05
294,30.21,29.05
462,30.21,29.05
190,30.21,29.05
730,30.23,29.05
353,30.23,29.05
507,30.23,29.05
340,30.23,29.05
827,30.23,29.05
230,30.23,29.05
532,30.23,29.05
589,30.23,29.05
389,30.23,29.05
329,30.23,29.05
566,30.23,29.05
361,30.23,29.05
187,30.23,29.05
689,30.23,29.05
401,30.23,29.05
655,30.23,29.05
122,30.23,29.05
514,30.23,29.05
570,30.23,29.05
650,30.23,29.05
223,30.23,29.05
710,30.23,29.05
387,30.23,29.05
699,30.23,29.19
351,30.23,29.19
748,30.23,29.19
565,30.23,29.19
284,30.23,29.19
556,30.23,29.19
293,30.23,29.19
719,30.23,29.19
375,30.23,29.19
882,30.23,29.19
283,30.23,29.19
773,30.23,29.19
525,30.23,29.19
784,30.23,29.19
543,30.23,29.19
733,30.23,29.19
624,30.23,29.19
584,30.23,29.19
269,30.23,29.19
824,30.23,29.19
586,30.23,29.19
590,30.23,29.19
503,30.23,29.19
351,30.23,29.19
654,30.23,29.19
199,30.23,29.19
856,30.23,29.19
406,30.23,29.19
517,30.23,29.19
499,30.23,29.19
668,30.23,29.19
161,30.23,29.19
558,30.23,29.19
779,30.23,29.19
398,30.23,29.19
352,30.23,29.19
409,30.21,29.19
492,30.21,29.19
303,30.21,29.19
599,30.21,29.19
505,30.21,29.19
528,30.21,29.19
123,30.21,29.19
657,30.21,29.19
545,30.21,29.19
598,30.21,29.19
383,30.21,29.19
642,30.21,29.19
569,30.21,29.19
509,30.21,29.19
780,30.21,29.19
309,30.21,29.19
333,30.21,29.19
250,30.21,29.19
586,30.21,29.19
387,30.21,29.19
592,30.21,29.19
436,30.21,29.19
809,30.21,29.19
245,30.21,29.19
620,30.21,29.03
548,30.21,29.03
694,30.21,29.03
329,30.21,29.03
687,30.21,29.03
358,30.21,29.03
528,30.21,29.03
709,30.21,29.03
658,30.21,29.03
696,30.21,29.03
358,30.21,29.03
872,30.21,29.03
346,30.21,29.03
507,30.21,29.03
292,30.21,29.03
530,30.21,29.03
703,30.21,29.03
281,30.21,29.03
351,30.21,29.03
730,30.21,29.03
505,30.21,29.03
575,30.21,29.03
775,30.21,29.03
508,30.21,29.03
882,30.21,29.03
237,30.21,29.03
882,30.21,29.03
295,30.21,29.03
427,30.21,29.03
413,30.21,29.03
277,30.21,29.03
478,30.21,29.03
340,30.21,29.03
608,30.21,29.03
392,30.21,29.03
575,30.21,29.03
337,30.23,29.03
553,30.23,29.03
519,30.23,29.03
586,30.23,29.03
401,30.23,29.03
493,30.23,29.03
119,30.23,29.03
576,30.23,29.03
319,30.23,29.03
590,30.23,29.03
251,30.23,29.03
453,30.23,29.03
639,30.23,29.03
184,30.23,29.03
446,30.23,29.03
568,30.23,29.03
557,30.23,29.03
229,30.23,29.03
592,30.23,29.03
408,30.23,29.03
350,30.23,29.03
761,30.23,29.03
706,30.23,29.03
369,30.23,29.15
881,30.23,29.15
455,30.23,29.15
755,30.23,29.15
431,30.23,29.15
530,30.23,29.15
545,30.23,29.15
344,30.23,29.15
627,30.23,29.15
253,30.23,29.15
770,30.23,29.15
454,30.23,29.15
814,30.23,29.15
698,30.23,29.15
414,30.23,29.15
529,30.23,29.15
671,30.23,29.15
693,30.23,29.15
432,30.23,29.15
464,30.23,29.15
446,30.23,29.15
180,30.23,29.15
733,30.23,29.15
495,30.23,29.15
132,30.23,29.15
882,30.23,29.15
226,30.23,29.15
649,30.23,29.15
368,30.23,29.15
597,30.23,29.15
594,30.23,29.15
242,30.23,29.15
512,30.23,29.15
343,30.23,29.15
397,30.23,29.15
356,30.23,29.15
540,30.23,29.15
436,30.23,29.15
372,30.23,29.15
513,30.23,29.15
380,30.23,29.15
412,30.23,29.15
427,30.23,29.15
220,30.23,29.15
605,30.23,29.15
335,30.23,29.15
430,30.23,29.15
518,30.23,29.15
475,30.23,29.15
686,30.23,29.15
551,30.23,29.15
705,30.23,29.15
481,30.23,29.15
810,30.23,29.15
391,30.23,29.15
604,30.23,29.15
523,30.23,29.15
883,30.23,29.15
270,30.23,29.15
516,30.23,29.15
223,30.23,28.85
773,30.23,28.85
194,30.23,28.85
767,30.23,28.85
540,30.23,28.85
603,30.23,28.85
883,30.23,28.85
151,30.23,28.85
652,30.23,28.85
282,30.23,28.85
675,30.23,28.85
690,30.23,28.85
272,30.23,28.85
310,30.23,28.85
882,30.23,28.85
406,30.23,28.85
745,30.23,28.85
195,30.23,28.85
510,30.23,28.85
575,30.23,28.85
602,30.23,28.85
371,30.23,28.85
