443,32.25,31.27
596,32.25,31.27
121,32.25,31.27
621,32.25,31.27
884,32.25,31.27
137,32.25,31.27
824,32.25,31.27
122,32.25,31.27
689,32.25,31.27
850,32.25,31.27
581,32.25,31.27
268,32.25,31.27
658,32.25,31.27
603,32.25,31.27
792,32.25,31.27
143,32.25,31.27
882,32.25,31.27
523,32.25,31.27
618,32.25,31.27
542,32.25,31.27
121,32.25,31.27
882,32.25,31.27
119,32.25,31.27
836,32.25,31.27
263,32.25,31.27
515,32.27,31.27
315,32.27,31.27
545,32.27,31.27
463,32.27,31.27
294,32.27,31.27
709,32.27,31.27
884,32.27,31.27
486,32.27,31.27
572,32.27,31.27
490,32.27,31.27
534,32.27,31.27
436,32.27,31.27
518,32.27,31.27
718,32.27,31.27
335,32.27,31.27
637,32.27,31.27
695,32.27,31.27
500,32.27,31.27
323,32.27,31.27
480,32.27,31.27
821,32.27,31.27
249,32.27,31.27
531,32.27,31.27
307,32.27,30.99
689,32.27,30.99
375,32.27,30.99
619,32.27,30.99
661,32.27,30.99
427,32.27,30.99
725,32.27,30.99
637,32.27,30.99
266,32.27,30.99
636,32.27,30.99
506,32.27,30.99
477,32.27,30.99
309,32.27,30.99
543,32.27,30.99
577,32.27,30.99
543,32.27,30.99
494,32.27,30.99
634,32.27,30.99
761,32.27,30.99
354,32.27,30.99
803,32.27,30.99
570,32.27,30.99
721,32.27,30.99
527,32.27,30.99
459,32.27,30.99
123,32.27,30.99
487,32.27,30.99
391,32.27,30.99
696,32.27,30.99
357,32.27,30.99
560,32.27,30.99
567,32.27,30.99
374,32.27,30.99
541,32.27,30.99
507,32.27,30.99
847,32.27,30.99
289,32.27,30.99
377,32.27,30.99
335,32.27,30.99
514,32.27,30.99
233,32.27,30.99
688,32.27,30.99
291,32.27,30.99
597,32.27,30.99
270,32.27,30.99
661,32.27,30.99
579,32.27,30.99
480,32.27,30.99
629,32.27,30.99
479,32.27,30.99
667,32.27,30.99
222,32.27,30.99
881,32.27,30.99
307,32.27,30.99
728,32.27,30.99
442,32.27,30.99
570,32.27,30.99
121,32.27,30.99
704,32.27,30.99
639,32.27,30.99
667,32.27,31.19
440,32.27,31.19
635,32.27,31.19
606,32.27,31.19
652,32.27,31.19
435,32.27,31.19
605,32.27,31.19
767,32.27,31.19
227,32.27,31.19
823,32.27,31.19
332,32.27,31.19
675,32.27,31.19
588,32.27,31.19
857,32.27,31.19
328,32.27,31.19
543,32.27,31.19
394,32.27,31.19
417,32.27,31.19
672,32.27,31.19
523,32.27,31.19
719,32.27,31.19
772,32.27,31.19
679,32.27,31.19
431,32.27,31.19
797,32.27,31.19
699,32.27,31.19
659,32.27,31.19
448,32.27,31.19
456,32.27,31.19
346,32.27,31.19
833,32.27,31.19
575,32.27,31.19
374,32.27,31.19
424,32.27,31.19
339,32.27,31.19
525,32.27,31.19
328,32.25,31.19
490,32.25,31.19
460,32.25,31.19
535,32.25,31.19
546,32.25,31.19
396,32.25,31.19
461,32.25,31.19
607,32.25,31.19
726,32.25,31.19
203,32.25,31.19
302,32.25,31.19
225,32.25,31.19
400,32.25,31.19
690,32.25,31.19
306,32.25,31.19
688,32.25,31.19
628,32.25,31.19
440,32.25,31.19
739,32.25,31.19
586,32.25,31.19
717,32.25,31.19
352,32.25,31.19
423,32.25,31.19
857,32.25,31.11
634,32.25,31.11
536,32.25,31.11
640,32.25,31.11
505,32.25,31.11
529,32.25,31.11
593,32.25,31.11
453,32.25,31.11
839,32.25,31.11
224,32.25,31.11
778,32.25,31.11
141,32.25,31.11
621,32.25,31.11
215,32.25,31.11
682,32.25,31.11
317,32.25,31.11
536,32.25,31.11
577,32.25,31.11
459,32.25,31.11
575,32.25,31.11
428,32.25,31.11
657,32.25,31.11
504,32.25,31.11
545,32.25,31.11
286,32.25,31.11
668,32.25,31.11
119,32.25,31.11
424,32.25,31.11
255,32.25,31.11
884,32.25,31.11
286,32.25,31.11
825,32.25,31.11
469,32.25,31.11
245,32.25,31.11
713,32.25,31.11
163,32.25,31.11
564,32.25,31.11
396,32.25,31.11
503,32.25,31.11
181,32.25,31.11
614,32.25,31.11
315,32.25,31.11
467,32.25,31.11
537,32.25,31.11
400,32.25,31.11
391,32.25,31.11
604,32.25,31.11
305,32.25,31.11
506,32.25,31.11
696,32.25,31.11
415,32.25,31.11
591,32.25,31.11
314,32.25,31.11
698,32.25,31.11
431,32.25,31.11
772,32.25,31.11
490,32.25,31.11
741,32.25,31.11
223,32.25,31.11
679,32.25,31.11
373,32.25,31.19
524,32.25,31.19
499,32.25,31.19
442,32.25,31.19
429,32.25,31.19
646,32.25,31.19
399,32.25,31.19
560,32.25,31.19
534,32.25,31.19
119,32.25,31.19
884,32.25,31.19
199,32.25,31.19
884,32.25,31.19
512,32.25,31.19
747,32.25,31.19
335,32.25,31.19
883,32.25,31.19
409,32.25,31.19
546,32.25,31.19
721,32.25,31.19
183,32.25,31.19
572,32.25,31.19
334,32.25,31.19
587,32.25,31.19
406,32.25,31.19
534,32.25,31.19
123,32.25,31.19
760,32.25,31.19
230,32.25,31.19
650,32.25,31.19
318,32.25,31.19
579,32.25,31.19
123,32.25,31.19
579,32.25,31.19
628,32.25,31.19
426,32.25,31.19
736,32.27,31.19
335,32.27,31.19
607,32.27,31.19
378,32.27,31.19
660,32.27,31.19
441,32.27,31.19
543,32.27,31.19
412,32.27,31.19
446,32.27,31.19
356,32.27,31.19
580,32.27,31.19
236,32.27,31.19
716,32.27,31.19
119,32.27,31.19
648,32.27,31.19
481,32.27,31.19
312,32.27,31.19
649,32.27,31.19
441,32.27,31.19
826,32.27,31.19
251,32.27,31.19
509,32.27,31.19
370,32.27,31.19
775,32.27,31.11
566,32.27,31.11
885,32.27,31.11
427,32.27,31.11
880,32.27,31.11
332,32.27,31.11
714,32.27,31.11
524,32.27,31.11
531,32.27,31.11
752,32.27,31.11
369,32.27,31.11
513,32.27,31.11
429,32.27,31.11
805,32.27,31.11
420,32.27,31.11
509,32.27,31.11
513,32.27,31.11
719,32.27,31.11
451,32.27,31.11
582,32.27,31.11
625,32.27,31.11
467,32.27,31.11
260,32.27,31.11
639,32.27,31.11
381,32.27,31.11
223,32.27,31.11
782,32.27,31.11
450,32.27,31.11
248,32.27,31.11
493,32.27,31.11
621,32.27,31.11
349,32.27,31.11
757,32.27,31.11
463,32.27,31.11
398,32.27,31.11
566,32.27,31.11
345,32.27,31.11
486,32.27,31.11
410,32.27,31.11
226,32.27,31.11
485,32.27,31.11
478,32.27,31.11
214,32.27,31.11
276,32.27,31.11
600,32.27,31.11
345,32.27,31.11
393,32.27,31.11
850,32.27,31.11
370,32.27,31.11
445,32.27,31.11
505,32.27,31.11
714,32.27,31.11
321,32.27,31.11
288,32.27,31.11
577,32.27,31.11
301,32.27,31.11
812,32.27,31.11
387,32.27,31.11
635,32.27,31.11
374,32.27,31.11
426,32.27,31.19
644,32.27,31.19
510,32.27,31.19
251,32.27,31.19
523,32.27,31.19
713,32.27,31.19
518,32.27,31.19
710,32.27,31.19
518,32.27,31.19
797,32.27,31.19
355,32.27,31.19
885,32.27,31.19
117,32.27,31.19
839,32.27,31.19
208,32.27,31.19
661,32.27,31.19
475,32.27,31.19
516,32.27,31.19
661,32.27,31.19
464,32.27,31.19
502,32.27,31.19
349,32.27,31.19
575,32.27,31.19
642,32.27,31.19
395,32.27,31.19
688,32.27,31.19
637,32.27,31.19
312,32.27,31.19
408,32.27,31.19
314,32.27,31.19
649,32.27,31.19
118,32.27,31.19
468,32.27,31.19
313,32.27,31.19
558,32.27,31.19
284,32.27,31.19
476,32.27,31.19
756,32.27,31.19
234,32.27,31.19
614,32.27,31.19
343,32.27,31.19
593,32.27,31.19
398,32.27,31.19
684,32.27,31.19
446,32.27,31.19
706,32.27,31.19
394,32.27,31.19
841,32.27,31.19
126,32.27,31.19
859,32.27,31.19
475,32.27,31.19
321,32.27,31.19
399,32.27,31.19
513,32.27,31.19
761,32.27,31.19
518,32.27,31.19
716,32.27,31.19
334,32.27,31.19
886,32.27,31.19
236,32.27,31.07
629,32.27,31.07
539,32.27,31.07
572,32.27,31.07
578,32.27,31.07
775,32.27,31.07
301,32.27,31.07
621,32.27,31.07
601,32.27,31.07
536,32.27,31.07
470,32.27,31.07
251,32.27,31.07
789,32.27,31.07
313,32.27,31.07
