249,29.03,27.75
772,29.03,27.75
124,29.03,27.75
236,29.03,27.75
692,29.03,27.75
398,29.03,27.75
264,29.03,27.75
234,29.03,27.75
616,29.03,27.75
315,29.03,27.93
702,29.03,27.93
352,29.03,27.93
536,29.03,27.93
389,29.03,27.93
443,29.03,27.93
465,29.03,27.93
393,29.03,27.93
320,29.03,27.93
873,29.03,27.93
278,29.03,27.93
607,29.03,27.93
409,29.03,27.93
852,29.03,27.93
518,29.03,27.93
577,29.03,27.93
445,29.03,27.93
347,29.03,27.93
797,29.03,27.93
548,29.03,27.93
483,29.03,27.93
607,29.03,27.93
452,29.03,27.93
583,29.03,27.93
708,29.03,27.93
495,29.03,27.93
577,29.03,27.93
700,29.03,27.93
678,29.03,27.93
375,29.03,27.93
529,29.03,27.93
622,29.03,27.93
419,29.03,27.93
747,29.03,27.93
395,29.03,27.93
592,29.03,27.93
384,29.01,27.93
638,29.01,27.93
505,29.01,27.93
322,29.01,27.93
503,29.01,27.93
256,29.01,27.93
686,29.01,27.93
346,29.01,27.93
273,29.01,27.93
433,29.01,27.93
459,29.01,27.93
456,29.01,27.93
775,29.01,27.93
602,29.01,27.93
288,29.01,27.93
459,29.01,27.93
468,29.01,27.93
324,29.01,27.93
417,29.01,27.93
542,29.01,27.93
448,29.01,27.93
280,29.01,27.93
128,29.01,27.93
534,29.01,27.93
393,29.01,27.85
125,29.01,27.85
495,29.01,27.85
664,29.01,27.85
354,29.01,27.85
630,29.01,27.85
685,29.01,27.85
344,29.01,27.85
285,29.01,27.85
244,29.01,27.85
624,29.01,27.85
198,29.01,27.85
456,29.01,27.85
668,29.01,27.85
472,29.01,27.85
264,29.01,27.85
388,29.01,27.85
457,29.01,27.85
455,29.01,27.85
316,29.01,27.85
576,29.01,27.85
524,29.01,27.85
288,29.01,27.85
537,29.01,27.85
265,29.01,27.85
778,29.01,27.85
625,29.01,27.85
336,29.01,27.85
420,29.01,27.85
443,29.01,27.85
442,29.01,27.85
583,29.01,27.85
605,29.01,27.85
482,29.01,27.85
495,29.01,27.85
575,29.01,27.85
274,29.05,27.85
484,29.05,27.85
701,29.05,27.85
213,29.05,27.85
694,29.05,27.85
582,29.05,27.85
689,29.05,27.85
409,29.05,27.85
490,29.05,27.85
525,29.05,27.85
612,29.05,27.85
626,29.05,27.85
679,29.05,27.85
719,29.05,27.85
148,29.05,27.85
687,29.05,27.85
677,29.05,27.85
671,29.05,27.85
613,29.05,27.85
704,29.05,27.85
715,29.05,27.85
398,29.05,27.85
353,29.05,27.85
762,29.05,27.85
278,29.05,27.79
393,29.05,27.79
642,29.05,27.79
408,29.05,27.79
677,29.05,27.79
149,29.05,27.79
682,29.05,27.79
121,29.05,27.79
437,29.05,27.79
246,29.05,27.79
545,29.05,27.79
503,29.05,27.79
381,29.05,27.79
710,29.05,27.79
460,29.05,27.79
553,29.05,27.79
435,29.05,27.79
495,29.05,27.79
325,29.05,27.79
620,29.05,27.79
288,29.05,27.79
593,29.05,27.79
191,29.05,27.79
818,29.05,27.79
270,29.05,27.79
526,29.05,27.79
219,29.05,27.79
572,29.05,27.79
346,29.05,27.79
418,29.05,27.79
575,29.05,27.79
121,29.05,27.79
596,29.05,27.79
324,29.05,27.79
483,29.05,27.79
334,29.05,27.79
632,29.03,27.79
309,29.03,27.79
650,29.03,27.79
218,29.03,27.79
343,29.03,27.79
685,29.03,27.79
660,29.03,27.79
467,29.03,27.79
374,29.03,27.79
799,29.03,27.79
306,29.03,27.79
611,29.03,27.79
314,29.03,27.79
734,29.03,27.79
461,29.03,27.79
881,29.03,27.79
157,29.03,27.79
756,29.03,27.79
499,29.03,27.79
750,29.03,27.79
568,29.03,27.79
125,29.03,27.79
470,29.03,27.79
225,29.03,27.79
879,29.03,28.05
208,29.03,28.05
822,29.03,28.05
545,29.03,28.05
714,29.03,28.05
351,29.03,28.05
731,29.03,28.05
257,29.03,28.05
782,29.03,28.05
614,29.03,28.05
380,29.03,28.05
480,29.03,28.05
713,29.03,28.05
844,29.03,28.05
273,29.03,28.05
786,29.03,28.05
277,29.03,28.05
862,29.03,28.05
239,29.03,28.05
753,29.03,28.05
369,29.03,28.05
568,29.03,28.05
883,29.03,28.05
472,29.03,28.05
696,29.03,28.05
437,29.03,28.05
723,29.03,28.05
544,29.03,28.05
575,29.03,28.05
266,29.03,28.05
882,29.03,28.05
405,29.03,28.05
530,29.03,28.05
789,29.03,28.05
239,29.03,28.05
453,29.03,28.05
201,29.03,28.05
883,29.03,28.05
182,29.03,28.05
867,29.03,28.05
232,29.03,28.05
787,29.03,28.05
125,29.03,28.05
596,29.03,28.05
752,29.03,28.05
398,29.03,28.05
517,29.03,28.05
241,29.03,28.05
712,29.03,28.05
376,29.03,28.05
526,29.03,28.05
560,29.03,28.05
652,29.03,28.05
121,29.03,28.05
679,29.03,28.05
358,29.03,28.05
366,29.03,28.05
237,29.03,28.05
415,29.03,28.05
808,29.03,27.73
218,29.03,27.73
540,29.03,27.73
287,29.03,27.73
645,29.03,27.73
153,29.03,27.73
848,29.03,27.73
251,29.03,27.73
484,29.03,27.73
275,29.03,27.73
391,29.03,27.73
339,29.03,27.73
444,29.03,27.73
368,29.03,27.73
687,29.03,27.73
388,29.03,27.73
621,29.03,27.73
369,29.03,27.73
400,29.03,27.73
403,29.03,27.73
303,29.03,27.73
711,29.03,27.73
277,29.03,27.73
465,29.03,27.73
654,29.03,27.73
807,29.03,27.73
284,29.03,27.73
502,29.03,27.73
623,29.03,27.73
370,29.03,27.73
632,29.03,27.73
627,29.03,27.73
369,29.03,27.73
655,29.03,27.73
473,29.03,27.73
529,29.03,27.73
703,29.03,27.73
354,29.03,27.73
807,29.03,27.73
498,29.03,27.73
611,29.03,27.73
563,29.03,27.73
555,29.03,27.73
676,29.03,27.73
608,29.03,27.73
678,29.03,27.73
655,29.03,27.73
645,29.03,27.73
679,29.03,27.73
606,29.03,27.73
530,29.03,27.73
469,29.03,27.73
787,29.03,27.73
690,29.03,27.73
539,29.03,27.73
427,29.03,27.73
638,29.03,27.73
585,29.03,27.73
315,29.03,27.73
627,29.03,27.73
460,29.03,27.81
285,29.03,27.81
702,29.03,27.81
475,29.03,27.81
324,29.03,27.81
363,29.03,27.81
548,29.03,27.81
381,29.03,27.81
231,29.03,27.81
597,29.03,27.81
242,29.03,27.81
566,29.03,27.81
277,29.03,27.81
848,29.03,27.81
514,29.03,27.81
441,29.03,27.81
603,29.03,27.81
576,29.03,27.81
415,29.03,27.81
300,29.03,27.81
569,29.03,27.81
381,29.03,27.81
333,29.03,27.81
766,29.03,27.81
644,29.03,27.81
328,29.03,27.81
825,29.03,27.81
457,29.03,27.81
469,29.03,27.81
541,29.03,27.81
534,29.03,27.81
613,29.03,27.81
457,29.03,27.81
493,29.03,27.81
662,29.03,27.81
573,29.03,27.81
285,29.01,27.81
689,29.01,27.81
636,29.01,27.81
388,29.01,27.81
802,29.01,27.81
524,29.01,27.81
701,29.01,27.81
586,29.01,27.81
327,29.01,27.81
639,29.01,27.81
215,29.01,27.81
422,29.01,27.81
414,29.01,27.81
406,29.01,27.81
429,29.01,27.81
538,29.01,27.81
671,29.01,27.81
420,29.01,27.81
446,29.01,27.81
481,29.01,27.81
551,29.01,27.81
249,29.01,27.81
158,29.01,27.81
578,29.01,27.81
364,29.01,27.81
222,29.01,27.81
446,29.01,27.81
348,29.01,27.81
600,29.01,27.81
180,29.01,27.81
738,29.01,27.81
316,29.01,27.81
189,29.01,27.81
697,29.01,27.81
311,29.01,27.81
405,29.01,27.81
537,29.01,27.81
442,29.01,27.81
619,29.01,27.81
288,29.01,27.81
504,29.01,27.81
232,29.01,27.81
576,29.01,27.81
189,29.01,27.81
407,29.01,27.81
559,29.01,27.81
424,29.01,27.81
533,29.01,27.81
453,29.01,27.81
372,29.01,27.81
176,29.01,27.81
540,29.01,27.81
582,29.01,27.81
391,29.01,27.81
565,29.01,27.81
618,29.01,27.81
444,29.01,27.81
414,29.01,27.81
484,29.01,27.81
347,29.01,27.81
586,29.01,27.81
154,29.01,27.81
747,29.01,27.81
379,29.01,27.81
518,29.01,27.81
615,29.01,27.81
753,29.01,27.81
430,29.01,27.81
605,29.01,27.81
836,29.01,27.81
213,29.01,27.81
540,29.01,27.81
530,29.01,27.81
516,29.01,27.81
532,29.01,27.81
