350,31.69,30.57
673,31.69,30.57
295,31.69,30.57
190,31.69,30.57
543,31.69,30.57
706,31.69,30.57
663,31.69,30.57
587,31.69,30.57
575,31.69,30.57
260,31.69,30.57
651,31.69,30.57
263,31.69,30.57
726,31.69,30.57
370,31.69,30.57
474,31.69,30.57
309,31.69,30.57
445,31.69,30.57
322,31.69,30.57
329,31.69,30.57
345,31.69,30.57
446,31.69,30.57
218,31.69,30.57
442,31.69,30.57
341,31.69,30.57
682,31.69,30.57
397,31.69,30.57
441,31.61,30.57
685,31.61,30.57
175,31.61,30.57
621,31.61,30.57
158,31.61,30.57
692,31.61,30.57
472,31.61,30.57
374,31.61,30.57
759,31.61,30.57
586,31.61,30.57
494,31.61,30.57
608,31.61,30.57
664,31.61,30.57
463,31.61,30.57
736,31.61,30.57
606,31.61,30.57
805,31.61,30.57
413,31.61,30.57
719,31.61,30.57
399,31.61,30.57
741,31.61,30.57
185,31.61,30.57
600,31.61,30.57
606,31.61,30.25
495,31.61,30.25
783,31.61,30.25
230,31.61,30.25
700,31.61,30.25
267,31.61,30.25
569,31.61,30.25
742,31.61,30.25
666,31.61,30.25
274,31.61,30.25
734,31.61,30.25
118,31.61,30.25
875,31.61,30.25
273,31.61,30.25
546,31.61,30.25
256,31.61,30.25
510,31.61,30.25
208,31.61,30.25
280,31.61,30.25
414,31.61,30.25
185,31.61,30.25
705,31.61,30.25
229,31.61,30.25
447,31.61,30.25
141,31.61,30.25
755,31.61,30.25
333,31.61,30.25
694,31.61,30.25
235,31.61,30.25
630,31.61,30.25
201,31.61,30.25
464,31.61,30.25
316,31.61,30.25
578,31.61,30.25
583,31.61,30.25
345,31.61,30.25
758,31.63,30.25
387,31.63,30.25
820,31.63,30.25
378,31.63,30.25
721,31.63,30.25
141,31.63,30.25
660,31.63,30.25
460,31.63,30.25
634,31.63,30.25
419,31.63,30.25
742,31.63,30.25
171,31.63,30.25
593,31.63,30.25
522,31.63,30.25
381,31.63,30.25
795,31.63,30.25
586,31.63,30.25
684,31.63,30.25
505,31.63,30.25
874,31.63,30.25
344,31.63,30.25
883,31.63,30.25
349,31.63,30.25
834,31.63,30.25
409,31.63,30.51
768,31.63,30.51
571,31.63,30.51
671,31.63,30.51
464,31.63,30.51
698,31.63,30.51
595,31.63,30.51
559,31.63,30.51
316,31.63,30.51
586,31.63,30.51
399,31.63,30.51
312,31.63,30.51
809,31.63,30.51
296,31.63,30.51
884,31.63,30.51
260,31.63,30.51
873,31.63,30.51
483,31.63,30.51
414,31.63,30.51
398,31.63,30.51
483,31.63,30.51
427,31.63,30.51
264,31.63,30.51
664,31.63,30.51
430,31.63,30.51
132,31.63,30.51
367,31.63,30.51
590,31.63,30.51
449,31.63,30.51
470,31.63,30.51
516,31.63,30.51
660,31.63,30.51
239,31.63,30.51
642,31.63,30.51
439,31.63,30.51
624,31.63,30.51
306,31.65,30.51
497,31.65,30.51
673,31.65,30.51
517,31.65,30.51
719,31.65,30.51
410,31.65,30.51
632,31.65,30.51
325,31.65,30.51
353,31.65,30.51
349,31.65,30.51
548,31.65,30.51
339,31.65,30.51
723,31.65,30.51
529,31.65,30.51
571,31.65,30.51
460,31.65,30.51
457,31.65,30.51
619,31.65,30.51
341,31.65,30.51
671,31.65,30.51
276,31.65,30.51
557,31.65,30.51
427,31.65,30.51
858,31.65,30.65
729,31.65,30.65
455,31.65,30.65
782,31.65,30.65
504,31.65,30.65
530,31.65,30.65
540,31.65,30.65
839,31.65,30.65
298,31.65,30.65
635,31.65,30.65
642,31.65,30.65
763,31.65,30.65
276,31.65,30.65
882,31.65,30.65
371,31.65,30.65
636,31.65,30.65
319,31.65,30.65
663,31.65,30.65
383,31.65,30.65
202,31.65,30.65
580,31.65,30.65
531,31.65,30.65
552,31.65,30.65
649,31.65,30.65
378,31.65,30.65
489,31.65,30.65
546,31.65,30.65
351,31.65,30.65
346,31.65,30.65
488,31.65,30.65
576,31.65,30.65
299,31.65,30.65
658,31.65,30.65
182,31.65,30.65
706,31.65,30.65
349,31.65,30.65
126,31.65,30.65
780,31.63,30.65
289,31.63,30.65
770,31.63,30.65
252,31.63,30.65
725,31.63,30.65
521,31.63,30.65
647,31.63,30.65
501,31.63,30.65
573,31.63,30.65
228,31.63,30.65
574,31.63,30.65
449,31.63,30.65
749,31.63,30.65
304,31.63,30.65
444,31.63,30.65
763,31.63,30.65
383,31.63,30.65
604,31.63,30.65
377,31.63,30.65
851,31.63,30.65
118,31.63,30.65
883,31.63,30.65
507,31.63,30.65
623,31.63,30.57
486,31.63,30.57
563,31.63,30.57
455,31.63,30.57
421,31.63,30.57
400,31.63,30.57
366,31.63,30.57
625,31.63,30.57
624,31.63,30.57
848,31.63,30.57
472,31.63,30.57
753,31.63,30.57
227,31.63,30.57
820,31.63,30.57
244,31.63,30.57
773,31.63,30.57
125,31.63,30.57
632,31.63,30.57
153,31.63,30.57
592,31.63,30.57
482,31.63,30.57
350,31.63,30.57
693,31.63,30.57
238,31.63,30.57
370,31.63,30.57
291,31.63,30.57
410,31.63,30.57
464,31.63,30.57
719,31.63,30.57
118,31.63,30.57
734,31.63,30.57
378,31.63,30.57
859,31.63,30.57
413,31.63,30.57
537,31.63,30.57
326,31.63,30.57
559,31.63,30.57
346,31.63,30.57
258,31.63,30.57
699,31.63,30.57
275,31.63,30.57
767,31.63,30.57
122,31.63,30.57
685,31.63,30.57
402,31.63,30.57
883,31.63,30.57
474,31.63,30.57
782,31.63,30.57
256,31.63,30.57
701,31.63,30.57
372,31.63,30.57
799,31.63,30.57
603,31.63,30.57
534,31.63,30.57
560,31.63,30.57
458,31.63,30.57
851,31.63,30.57
283,31.63,30.57
618,31.63,30.57
204,31.63,30.57
664,31.63,30.43
154,31.63,30.43
718,31.63,30.43
348,31.63,30.43
701,31.63,30.43
223,31.63,30.43
481,31.63,30.43
297,31.63,30.43
725,31.63,30.43
750,31.63,30.43
323,31.63,30.43
884,31.63,30.43
119,31.63,30.43
802,31.63,30.43
118,31.63,30.43
796,31.63,30.43
257,31.63,30.43
443,31.63,30.43
513,31.63,30.43
659,31.63,30.43
119,31.63,30.43
247,31.63,30.43
692,31.63,30.43
559,31.63,30.43
477,31.63,30.43
598,31.63,30.43
147,31.63,30.43
596,31.63,30.43
801,31.63,30.43
184,31.63,30.43
510,31.63,30.43
118,31.63,30.43
824,31.63,30.43
352,31.63,30.43
710,31.63,30.43
440,31.63,30.43
409,31.61,30.43
531,31.61,30.43
645,31.61,30.43
727,31.61,30.43
655,31.61,30.43
667,31.61,30.43
654,31.61,30.43
604,31.61,30.43
536,31.61,30.43
370,31.61,30.43
507,31.61,30.43
873,31.61,30.43
414,31.61,30.43
768,31.61,30.43
126,31.61,30.43
775,31.61,30.43
677,31.61,30.43
670,31.61,30.43
651,31.61,30.43
200,31.61,30.43
789,31.61,30.43
668,31.61,30.43
545,31.61,30.43
551,31.61,30.47
379,31.61,30.47
352,31.61,30.47
632,31.61,30.47
289,31.61,30.47
539,31.61,30.47
393,31.61,30.47
564,31.61,30.47
123,31.61,30.47
573,31.61,30.47
281,31.61,30.47
558,31.61,30.47
884,31.61,30.47
223,31.61,30.47
883,31.61,30.47
119,31.61,30.47
780,31.61,30.47
466,31.61,30.47
337,31.61,30.47
504,31.61,30.47
159,31.61,30.47
347,31.61,30.47
838,31.61,30.47
288,31.61,30.47
378,31.61,30.47
400,31.61,30.47
497,31.61,30.47
182,31.61,30.47
644,31.61,30.47
628,31.61,30.47
448,31.61,30.47
622,31.61,30.47
279,31.61,30.47
853,31.61,30.47
180,31.61,30.47
816,31.61,30.47
557,31.65,30.47
714,31.65,30.47
418,31.65,30.47
461,31.65,30.47
465,31.65,30.47
573,31.65,30.47
469,31.65,30.47
393,31.65,30.47
552,31.65,30.47
422,31.65,30.47
567,31.65,30.47
299,31.65,30.47
884,31.65,30.47
455,31.65,30.47
881,31.65,30.47
128,31.65,30.47
626,31.65,30.47
487,31.65,30.47
798,31.65,30.47
408,31.65,30.47
255,31.65,30.47
786,31.65,30.47
288,31.65,30.47
563,31.65,30.47
462,31.65,30.59
522,31.65,30.59
355,31.65,30.59
592,31.65,30.59
545,31.65,30.59
786,31.65,30.59
331,31.65,30.59
658,31.65,30.59
222,31.65,30.59
675,31.65,30.59
439,31.65,30.59
509,31.65,30.59
