620,31.77,30.59
414,31.77,30.59
529,31.77,30.59
329,31.77,30.59
139,31.77,30.59
681,31.77,30.59
592,31.77,30.59
712,31.77,30.59
266,31.77,30.59
854,31.77,30.59
276,31.77,30.59
371,31.77,30.59
844,31.77,30.59
662,31.77,30.59
340,31.77,30.59
638,31.77,30.59
500,31.77,30.59
454,31.77,30.59
647,31.77,30.59
755,31.77,30.59
588,31.77,30.63
200,31.77,30.63
841,31.77,30.63
449,31.77,30.63
663,31.77,30.63
185,31.77,30.63
883,31.77,30.63
391,31.77,30.63
528,31.77,30.63
201,31.77,30.63
628,31.77,30.63
694,31.77,30.63
329,31.77,30.63
547,31.77,30.63
705,31.77,30.63
260,31.77,30.63
704,31.77,30.63
599,31.77,30.63
386,31.77,30.63
452,31.77,30.63
340,31.77,30.63
727,31.77,30.63
243,31.77,30.63
504,31.77,30.63
469,31.77,30.63
656,31.77,30.63
282,31.77,30.63
384,31.77,30.63
788,31.77,30.63
292,31.77,30.63
691,31.77,30.63
403,31.77,30.63
583,31.77,30.63
287,31.77,30.63
363,31.77,30.63
548,31.77,30.63
456,31.77,30.63
358,31.77,30.63
798,31.77,30.63
436,31.77,30.63
597,31.77,30.63
579,31.77,30.63
428,31.77,30.63
539,31.77,30.63
292,31.77,30.63
883,31.77,30.63
241,31.77,30.63
782,31.77,30.63
436,31.77,30.63
884,31.77,30.63
354,31.77,30.63
618,31.77,30.63
573,31.77,30.63
740,31.77,30.63
421,31.77,30.63
679,31.77,30.63
466,31.77,30.63
495,31.77,30.63
283,31.77,30.63
729,31.77,30.63
488,31.77,30.81
436,31.77,30.81
684,31.77,30.81
235,31.77,30.81
674,31.77,30.81
222,31.77,30.81
882,31.77,30.81
452,31.77,30.81
431,31.77,30.81
482,31.77,30.81
618,31.77,30.81
334,31.77,30.81
705,31.77,30.81
415,31.77,30.81
539,31.77,30.81
213,31.77,30.81
410,31.77,30.81
628,31.77,30.81
460,31.77,30.81
678,31.77,30.81
442,31.77,30.81
881,31.77,30.81
119,31.77,30.81
836,31.77,30.81
153,31.77,30.81
652,31.77,30.81
547,31.77,30.81
623,31.77,30.81
282,31.77,30.81
524,31.77,30.81
687,31.77,30.81
640,31.77,30.81
291,31.77,30.81
509,31.77,30.81
684,31.77,30.81
449,31.77,30.81
487,31.73,30.81
517,31.73,30.81
674,31.73,30.81
119,31.73,30.81
882,31.73,30.81
408,31.73,30.81
551,31.73,30.81
567,31.73,30.81
749,31.73,30.81
314,31.73,30.81
515,31.73,30.81
661,31.73,30.81
367,31.73,30.81
570,31.73,30.81
344,31.73,30.81
565,31.73,30.81
456,31.73,30.81
351,31.73,30.81
418,31.73,30.81
749,31.73,30.81
615,31.73,30.81
585,31.73,30.81
298,31.73,30.81
830,31.73,30.39
325,31.73,30.39
490,31.73,30.39
562,31.73,30.39
328,31.73,30.39
674,31.73,30.39
234,31.73,30.39
685,31.73,30.39
297,31.73,30.39
452,31.73,30.39
529,31.73,30.39
547,31.73,30.39
246,31.73,30.39
775,31.73,30.39
514,31.73,30.39
619,31.73,30.39
553,31.73,30.39
325,31.73,30.39
335,31.73,30.39
482,31.73,30.39
553,31.73,30.39
590,31.73,30.39
314,31.73,30.39
316,31.73,30.39
623,31.73,30.39
121,31.73,30.39
826,31.73,30.39
468,31.73,30.39
782,31.73,30.39
390,31.73,30.39
586,31.73,30.39
468,31.73,30.39
501,31.73,30.39
613,31.73,30.39
800,31.73,30.39
464,31.73,30.39
548,31.75,30.39
401,31.75,30.39
383,31.75,30.39
745,31.75,30.39
295,31.75,30.39
676,31.75,30.39
263,31.75,30.39
464,31.75,30.39
294,31.75,30.39
900,31.75,30.39
639,31.75,30.39
641,31.75,30.39
594,31.75,30.39
595,31.75,30.39
668,31.75,30.39
289,31.75,30.39
851,31.75,30.39
475,31.75,30.39
751,31.75,30.39
865,31.75,30.39
618,31.75,30.39
347,31.75,30.39
782,31.75,30.39
376,31.75,30.39
731,31.75,30.51
344,31.75,30.51
401,31.75,30.51
425,31.75,30.51
325,31.75,30.51
641,31.75,30.51
403,31.75,30.51
706,31.75,30.51
299,31.75,30.51
556,31.75,30.51
445,31.75,30.51
448,31.75,30.51
541,31.75,30.51
383,31.75,30.51
323,31.75,30.51
328,31.75,30.51
355,31.75,30.51
682,31.75,30.51
338,31.75,30.51
392,31.75,30.51
345,31.75,30.51
286,31.75,30.51
707,31.75,30.51
333,31.75,30.51
749,31.75,30.51
543,31.75,30.51
631,31.75,30.51
542,31.75,30.51
370,31.75,30.51
594,31.75,30.51
398,31.75,30.51
508,31.75,30.51
216,31.75,30.51
698,31.75,30.51
444,31.75,30.51
589,31.75,30.51
853,31.75,30.51
724,31.75,30.51
506,31.75,30.51
630,31.75,30.51
228,31.75,30.51
696,31.75,30.51
530,31.75,30.51
679,31.75,30.51
501,31.75,30.51
663,31.75,30.51
318,31.75,30.51
752,31.75,30.51
473,31.75,30.51
463,31.75,30.51
551,31.75,30.51
554,31.75,30.51
369,31.75,30.51
641,31.75,30.51
596,31.75,30.51
430,31.75,30.51
672,31.75,30.51
400,31.75,30.51
655,31.75,30.51
466,31.75,30.63
271,31.75,30.63
583,31.75,30.63
638,31.75,30.63
358,31.75,30.63
444,31.75,30.63
714,31.75,30.63
223,31.75,30.63
531,31.75,30.63
144,31.75,30.63
536,31.75,30.63
271,31.75,30.63
691,31.75,30.63
706,31.75,30.63
479,31.75,30.63
796,31.75,30.63
536,31.75,30.63
360,31.75,30.63
120,31.75,30.63
645,31.75,30.63
163,31.75,30.63
366,31.75,30.63
288,31.75,30.63
714,31.75,30.63
206,31.75,30.63
689,31.75,30.63
469,31.75,30.63
751,31.75,30.63
129,31.75,30.63
614,31.75,30.63
464,31.75,30.63
684,31.75,30.63
696,31.75,30.63
658,31.75,30.63
577,31.75,30.63
119,31.75,30.63
568,31.75,30.63
466,31.75,30.63
470,31.75,30.63
366,31.75,30.63
721,31.75,30.63
362,31.75,30.63
549,31.75,30.63
243,31.75,30.63
880,31.75,30.63
288,31.75,30.63
430,31.75,30.63
733,31.75,30.63
525,31.75,30.63
632,31.75,30.63
504,31.75,30.63
754,31.75,30.63
405,31.75,30.63
711,31.75,30.63
468,31.75,30.63
821,31.75,30.63
187,31.75,30.63
593,31.75,30.63
527,31.75,30.63
407,31.75,30.63
166,31.75,30.63
689,31.75,30.63
627,31.75,30.63
634,31.75,30.63
578,31.75,30.63
404,31.75,30.63
578,31.75,30.63
141,31.75,30.63
718,31.75,30.63
155,31.75,30.63
545,31.75,30.63
161,31.75,30.63
833,31.75,30.63
129,31.75,30.63
266,31.75,30.63
737,31.75,30.63
444,31.75,30.63
302,31.75,30.63
456,31.75,30.63
431,31.75,30.63
256,31.75,30.63
730,31.75,30.63
428,31.75,30.63
598,31.75,30.63
331,31.75,30.63
563,31.75,30.63
350,31.75,30.63
706,31.75,30.63
125,31.75,30.63
574,31.75,30.63
356,31.75,30.63
412,31.75,30.63
371,31.75,30.63
513,31.75,30.63
559,31.75,30.63
325,31.75,30.63
881,31.73,30.63
482,31.73,30.63
593,31.73,30.63
543,31.73,30.63
881,31.73,30.63
422,31.73,30.63
861,31.73,30.63
302,31.73,30.63
880,31.73,30.63
254,31.73,30.63
545,31.73,30.63
551,31.73,30.63
380,31.73,30.63
490,31.73,30.63
368,31.73,30.63
882,31.73,30.63
120,31.73,30.63
833,31.73,30.63
599,31.73,30.63
771,31.73,30.63
288,31.73,30.63
785,31.73,30.63
220,31.73,30.63
456,31.73,30.63
373,31.73,30.63
584,31.73,30.63
246,31.73,30.63
511,31.73,30.63
604,31.73,30.63
482,31.73,30.63
278,31.73,30.63
285,31.73,30.63
744,31.73,30.63
132,31.73,30.63
516,31.73,30.63
437,31.73,30.63
520,31.73,30.63
193,31.73,30.63
636,31.73,30.63
553,31.73,30.63
474,31.73,30.63
193,31.73,30.63
505,31.73,30.63
377,31.73,30.63
628,31.73,30.63
527,31.73,30.63
556,31.73,30.63
633,31.73,30.63
119,31.73,30.63
812,31.73,30.63
431,31.73,30.63
525,31.73,30.63
367,31.73,30.63
769,31.73,30.63
419,31.73,30.63
750,31.73,30.63
443,31.73,30.63
720,31.73,30.63
462,31.73,30.63
641,31.73,30.63
328,31.75,30.63
497,31.75,30.63
487,31.75,30.63
616,31.75,30.63
