321,30.91,29.75
664,30.91,29.75
278,30.91,29.75
609,30.91,29.75
459,30.91,29.75
260,30.91,29.75
311,30.91,29.75
563,30.91,29.75
360,30.91,29.75
141,30.91,29.71
566,30.91,29.71
307,30.91,29.71
120,30.91,29.71
549,30.91,29.71
621,30.91,29.71
280,30.91,29.71
558,30.91,29.71
569,30.91,29.71
490,30.91,29.71
307,30.91,29.71
431,30.91,29.71
352,30.91,29.71
509,30.91,29.71
517,30.91,29.71
382,30.91,29.71
606,30.91,29.71
128,30.91,29.71
686,30.91,29.71
317,30.91,29.71
475,30.91,29.71
726,30.91,29.71
509,30.91,29.71
483,30.91,29.71
689,30.91,29.71
463,30.91,29.71
630,30.91,29.71
614,30.91,29.71
638,30.91,29.71
522,30.91,29.71
641,30.91,29.71
596,30.91,29.71
651,30.91,29.71
567,30.91,29.71
346,30.91,29.71
758,30.91,29.71
374,30.89,29.71
563,30.89,29.71
338,30.89,29.71
798,30.89,29.71
608,30.89,29.71
306,30.89,29.71
626,30.89,29.71
578,30.89,29.71
365,30.89,29.71
617,30.89,29.71
393,30.89,29.71
739,30.89,29.71
284,30.89,29.71
236,30.89,29.71
610,30.89,29.71
443,30.89,29.71
435,30.89,29.71
381,30.89,29.71
533,30.89,29.71
347,30.89,29.71
328,30.89,29.71
564,30.89,29.71
243,30.89,29.71
512,30.89,29.65
449,30.89,29.65
575,30.89,29.65
123,30.89,29.65
439,30.89,29.65
643,30.89,29.65
454,30.89,29.65
546,30.89,29.65
250,30.89,29.65
163,30.89,29.65
542,30.89,29.65
439,30.89,29.65
523,30.89,29.65
729,30.89,29.65
512,30.89,29.65
633,30.89,29.65
422,30.89,29.65
518,30.89,29.65
625,30.89,29.65
722,30.89,29.65
523,30.89,29.65
707,30.89,29.65
328,30.89,29.65
581,30.89,29.65
249,30.89,29.65
715,30.89,29.65
701,30.89,29.65
302,30.89,29.65
581,30.89,29.65
484,30.89,29.65
659,30.89,29.65
342,30.89,29.65
876,30.89,29.65
655,30.89,29.65
543,30.89,29.65
490,30.89,29.65
676,30.89,29.65
438,30.91,29.65
604,30.91,29.65
302,30.91,29.65
631,30.91,29.65
751,30.91,29.65
496,30.91,29.65
724,30.91,29.65
378,30.91,29.65
502,30.91,29.65
400,30.91,29.65
679,30.91,29.65
188,30.91,29.65
482,30.91,29.65
349,30.91,29.65
561,30.91,29.65
165,30.91,29.65
676,30.91,29.65
342,30.91,29.65
544,30.91,29.65
667,30.91,29.65
324,30.91,29.65
375,30.91,29.65
296,30.91,29.65
458,30.91,29.77
118,30.91,29.77
784,30.91,29.77
328,30.91,29.77
446,30.91,29.77
415,30.91,29.77
503,30.91,29.77
299,30.91,29.77
432,30.91,29.77
300,30.91,29.77
499,30.91,29.77
287,30.91,29.77
466,30.91,29.77
398,30.91,29.77
472,30.91,29.77
677,30.91,29.77
120,30.91,29.77
819,30.91,29.77
141,30.91,29.77
745,30.91,29.77
325,30.91,29.77
818,30.91,29.77
335,30.91,29.77
636,30.91,29.77
302,30.91,29.77
654,30.91,29.77
430,30.91,29.77
661,30.91,29.77
442,30.91,29.77
472,30.91,29.77
563,30.91,29.77
403,30.91,29.77
633,30.91,29.77
141,30.91,29.77
651,30.91,29.77
244,30.91,29.77
537,30.91,29.77
435,30.91,29.77
739,30.91,29.77
161,30.91,29.77
880,30.91,29.77
523,30.91,29.77
381,30.91,29.77
761,30.91,29.77
844,30.91,29.77
367,30.91,29.77
741,30.91,29.77
648,30.91,29.77
272,30.91,29.77
693,30.91,29.77
435,30.91,29.77
738,30.91,29.77
262,30.91,29.77
507,30.91,29.77
120,30.91,29.77
536,30.91,29.77
334,30.91,29.77
561,30.91,29.77
352,30.91,29.77
607,30.91,29.77
307,30.91,29.89
286,30.91,29.89
544,30.91,29.89
176,30.91,29.89
763,30.91,29.89
508,30.91,29.89
688,30.91,29.89
187,30.91,29.89
627,30.91,29.89
131,30.91,29.89
669,30.91,29.89
421,30.91,29.89
520,30.91,29.89
464,30.91,29.89
563,30.91,29.89
251,30.91,29.89
587,30.91,29.89
458,30.91,29.89
172,30.91,29.89
743,30.91,29.89
486,30.91,29.89
789,30.91,29.89
275,30.91,29.89
804,30.91,29.89
477,30.91,29.89
574,30.91,29.89
451,30.91,29.89
660,30.91,29.89
349,30.91,29.89
506,30.91,29.89
709,30.91,29.89
400,30.91,29.89
746,30.91,29.89
401,30.91,29.89
882,30.91,29.89
225,30.91,29.89
882,30.91,29.89
127,30.91,29.89
882,30.91,29.89
581,30.91,29.89
687,30.91,29.89
618,30.91,29.89
689,30.91,29.89
549,30.91,29.89
359,30.91,29.89
854,30.91,29.89
246,30.91,29.89
689,30.91,29.89
547,30.91,29.89
710,30.91,29.89
477,30.91,29.89
881,30.91,29.89
414,30.91,29.89
690,30.91,29.89
255,30.91,29.89
800,30.91,29.89
461,30.91,29.89
494,30.91,29.89
300,30.91,29.89
576,30.91,29.83
679,30.91,29.83
201,30.91,29.83
806,30.91,29.83
403,30.91,29.83
732,30.91,29.83
185,30.91,29.83
693,30.91,29.83
318,30.91,29.83
492,30.91,29.83
664,30.91,29.83
513,30.91,29.83
200,30.91,29.83
569,30.91,29.83
369,30.91,29.83
619,30.91,29.83
407,30.91,29.83
301,30.91,29.83
607,30.91,29.83
122,30.91,29.83
735,30.91,29.83
538,30.91,29.83
839,30.91,29.83
124,30.91,29.83
800,30.91,29.83
435,30.91,29.83
551,30.91,29.83
478,30.91,29.83
789,30.91,29.83
307,30.91,29.83
475,30.91,29.83
676,30.91,29.83
572,30.91,29.83
446,30.91,29.83
438,30.91,29.83
617,30.91,29.83
522,30.89,29.83
433,30.89,29.83
554,30.89,29.83
845,30.89,29.83
389,30.89,29.83
605,30.89,29.83
485,30.89,29.83
635,30.89,29.83
665,30.89,29.83
469,30.89,29.83
762,30.89,29.83
315,30.89,29.83
598,30.89,29.83
579,30.89,29.83
760,30.89,29.83
467,30.89,29.83
495,30.89,29.83
685,30.89,29.83
258,30.89,29.83
131,30.89,29.83
567,30.89,29.83
249,30.89,29.83
386,30.89,29.83
715,30.89,29.83
555,30.89,29.79
609,30.89,29.79
266,30.89,29.79
766,30.89,29.79
424,30.89,29.79
373,30.89,29.79
233,30.89,29.79
447,30.89,29.79
417,30.89,29.79
411,30.89,29.79
638,30.89,29.79
239,30.89,29.79
213,30.89,29.79
640,30.89,29.79
650,30.89,29.79
592,30.89,29.79
511,30.89,29.79
436,30.89,29.79
627,30.89,29.79
119,30.89,29.79
612,30.89,29.79
455,30.89,29.79
350,30.89,29.79
357,30.89,29.79
300,30.89,29.79
460,30.89,29.79
119,30.89,29.79
464,30.89,29.79
528,30.89,29.79
692,30.89,29.79
123,30.89,29.79
808,30.89,29.79
452,30.89,29.79
281,30.89,29.79
675,30.89,29.79
495,30.89,29.79
326,30.91,29.79
397,30.91,29.79
471,30.91,29.79
356,30.91,29.79
636,30.91,29.79
505,30.91,29.79
404,30.91,29.79
364,30.91,29.79
350,30.91,29.79
371,30.91,29.79
837,30.91,29.79
319,30.91,29.79
682,30.91,29.79
711,30.91,29.79
468,30.91,29.79
618,30.91,29.79
557,30.91,29.79
729,30.91,29.79
411,30.91,29.79
509,30.91,29.79
572,30.91,29.79
466,30.91,29.79
686,30.91,29.79
724,30.91,29.79
627,30.91,29.77
419,30.91,29.77
429,30.91,29.77
496,30.91,29.77
826,30.91,29.77
401,30.91,29.77
537,30.91,29.77
492,30.91,29.77
589,30.91,29.77
160,30.91,29.77
787,30.91,29.77
405,30.91,29.77
560,30.91,29.77
511,30.91,29.77
581,30.91,29.77
328,30.91,29.77
678,30.91,29.77
520,30.91,29.77
244,30.91,29.77
467,30.91,29.77
530,30.91,29.77
653,30.91,29.77
390,30.91,29.77
442,30.91,29.77
195,30.91,29.77
874,30.91,29.77
147,30.91,29.77
697,30.91,29.77
549,30.91,29.77
311,30.91,29.77
260,30.91,29.77
553,30.91,29.77
243,30.91,29.77
469,30.91,29.77
301,30.91,29.77
601,30.91,29.77
384,30.91,29.77
312,30.91,29.77
401,30.91,29.77
404,30.91,29.77
564,30.91,29.77
357,30.91,29.77
630,30.91,29.77
336,30.91,29.77
837,30.91,29.77
313,30.91,29.77
842,30.91,29.77
271,30.91,29.77
680,30.91,29.77
552,30.91,29.77
362,30.91,29.77
