750,31.37,30.05
623,31.37,30.05
363,31.37,30.05
533,31.37,30.05
425,31.37,30.05
806,31.37,30.05
477,31.37,30.05
880,31.37,30.05
362,31.37,30.05
591,31.37,30.05
673,31.39,30.05
616,31.39,30.05
455,31.39,30.05
729,31.39,30.05
605,31.39,30.05
558,31.39,30.05
617,31.39,30.05
533,31.39,30.05
425,31.39,30.05
442,31.39,30.05
731,31.39,30.05
237,31.39,30.05
739,31.39,30.05
243,31.39,30.05
557,31.39,30.05
425,31.39,30.05
224,31.39,30.05
516,31.39,30.05
535,31.39,30.05
520,31.39,30.05
385,31.39,30.05
711,31.39,30.05
364,31.39,30.05
625,31.39,30.05
418,31.39,30.17
422,31.39,30.17
325,31.39,30.17
484,31.39,30.17
491,31.39,30.17
672,31.39,30.17
274,31.39,30.17
452,31.39,30.17
606,31.39,30.17
584,31.39,30.17
522,31.39,30.17
488,31.39,30.17
707,31.39,30.17
270,31.39,30.17
579,31.39,30.17
485,31.39,30.17
482,31.39,30.17
596,31.39,30.17
547,31.39,30.17
437,31.39,30.17
428,31.39,30.17
506,31.39,30.17
488,31.39,30.17
555,31.39,30.17
303,31.39,30.17
699,31.39,30.17
645,31.39,30.17
412,31.39,30.17
560,31.39,30.17
766,31.39,30.17
439,31.39,30.17
743,31.39,30.17
463,31.39,30.17
771,31.39,30.17
361,31.39,30.17
438,31.39,30.17
818,31.39,30.17
493,31.39,30.17
575,31.39,30.17
562,31.39,30.17
544,31.39,30.17
210,31.39,30.17
617,31.39,30.17
609,31.39,30.17
509,31.39,30.17
441,31.39,30.17
456,31.39,30.17
599,31.39,30.17
582,31.39,30.17
272,31.39,30.17
659,31.39,30.17
396,31.39,30.17
433,31.39,30.17
586,31.39,30.17
361,31.39,30.17
471,31.39,30.17
343,31.39,30.17
804,31.39,30.17
391,31.39,30.17
474,31.39,30.17
312,31.39,30.17
655,31.39,30.17
218,31.39,30.17
472,31.39,30.17
366,31.39,30.17
544,31.39,30.17
281,31.39,30.17
477,31.39,30.17
506,31.39,30.17
400,31.39,30.17
509,31.39,30.17
236,31.39,30.17
629,31.39,30.17
154,31.39,30.17
750,31.39,30.17
555,31.39,30.17
429,31.39,30.17
416,31.39,30.17
633,31.39,30.17
252,31.39,30.17
530,31.39,30.17
527,31.39,30.17
357,31.39,30.17
542,31.39,30.17
456,31.39,30.17
570,31.39,30.17
411,31.39,30.17
582,31.39,30.17
395,31.39,30.17
663,31.39,30.17
149,31.39,30.17
627,31.39,30.17
496,31.39,30.17
685,31.39,30.17
317,31.39,30.17
562,31.39,30.17
737,31.41,30.17
274,31.41,30.17
751,31.41,30.17
619,31.41,30.17
630,31.41,30.17
417,31.41,30.17
516,31.41,30.17
602,31.41,30.17
691,31.41,30.17
473,31.41,30.17
578,31.41,30.17
436,31.41,30.17
487,31.41,30.17
240,31.41,30.17
439,31.41,30.17
488,31.41,30.17
276,31.41,30.17
386,31.41,30.17
469,31.41,30.17
583,31.41,30.17
309,31.41,30.17
882,31.41,30.17
486,31.41,30.17
445,31.41,30.29
366,31.41,30.29
426,31.41,30.29
391,31.41,30.29
556,31.41,30.29
451,31.41,30.29
356,31.41,30.29
151,31.41,30.29
589,31.41,30.29
714,31.41,30.29
610,31.41,30.29
427,31.41,30.29
705,31.41,30.29
460,31.41,30.29
287,31.41,30.29
568,31.41,30.29
393,31.41,30.29
616,31.41,30.29
665,31.41,30.29
594,31.41,30.29
480,31.41,30.29
284,31.41,30.29
804,31.41,30.29
687,31.41,30.29
519,31.41,30.29
492,31.41,30.29
421,31.41,30.29
567,31.41,30.29
677,31.41,30.29
490,31.41,30.29
824,31.41,30.29
255,31.41,30.29
748,31.41,30.29
409,31.41,30.29
671,31.41,30.29
639,31.41,30.29
527,31.37,30.29
582,31.37,30.29
391,31.37,30.29
634,31.37,30.29
463,31.37,30.29
481,31.37,30.29
150,31.37,30.29
401,31.37,30.29
426,31.37,30.29
707,31.37,30.29
728,31.37,30.29
880,31.37,30.29
571,31.37,30.29
610,31.37,30.29
666,31.37,30.29
670,31.37,30.29
390,31.37,30.29
451,31.37,30.29
564,31.37,30.29
217,31.37,30.29
672,31.37,30.29
429,31.37,30.29
561,31.37,30.29
431,31.37,30.29
651,31.37,30.19
164,31.37,30.19
677,31.37,30.19
364,31.37,30.19
658,31.37,30.19
493,31.37,30.19
533,31.37,30.19
359,31.37,30.19
554,31.37,30.19
235,31.37,30.19
397,31.37,30.19
479,31.37,30.19
292,31.37,30.19
621,31.37,30.19
118,31.37,30.19
734,31.37,30.19
405,31.37,30.19
625,31.37,30.19
488,31.37,30.19
543,31.37,30.19
329,31.37,30.19
668,31.37,30.19
448,31.37,30.19
378,31.37,30.19
566,31.37,30.19
484,31.37,30.19
617,31.37,30.19
448,31.37,30.19
491,31.37,30.19
557,31.37,30.19
571,31.37,30.19
263,31.37,30.19
774,31.37,30.19
409,31.37,30.19
799,31.37,30.19
517,31.37,30.19
554,31.41,30.19
743,31.41,30.19
560,31.41,30.19
886,31.41,30.19
702,31.41,30.19
363,31.41,30.19
631,31.41,30.19
717,31.41,30.19
487,31.41,30.19
498,31.41,30.19
524,31.41,30.19
600,31.41,30.19
533,31.41,30.19
468,31.41,30.19
170,31.41,30.19
651,31.41,30.19
193,31.41,30.19
586,31.41,30.19
537,31.41,30.19
419,31.41,30.19
582,31.41,30.19
481,31.41,30.19
447,31.41,30.19
506,31.41,30.29
341,31.41,30.29
379,31.41,30.29
401,31.41,30.29
586,31.41,30.29
544,31.41,30.29
191,31.41,30.29
586,31.41,30.29
498,31.41,30.29
765,31.41,30.29
247,31.41,30.29
816,31.41,30.29
487,31.41,30.29
518,31.41,30.29
641,31.41,30.29
397,31.41,30.29
783,31.41,30.29
496,31.41,30.29
679,31.41,30.29
514,31.41,30.29
404,31.41,30.29
476,31.41,30.29
529,31.41,30.29
500,31.41,30.29
683,31.41,30.29
378,31.41,30.29
662,31.41,30.29
540,31.41,30.29
759,31.41,30.29
754,31.41,30.29
580,31.41,30.29
506,31.41,30.29
508,31.41,30.29
659,31.41,30.29
336,31.41,30.29
810,31.41,30.29
512,31.39,30.29
376,31.39,30.29
572,31.39,30.29
477,31.39,30.29
479,31.39,30.29
255,31.39,30.29
698,31.39,30.29
437,31.39,30.29
543,31.39,30.29
740,31.39,30.29
705,31.39,30.29
708,31.39,30.29
851,31.39,30.29
457,31.39,30.29
566,31.39,30.29
289,31.39,30.29
636,31.39,30.29
743,31.39,30.29
400,31.39,30.29
380,31.39,30.29
503,31.39,30.29
660,31.39,30.29
319,31.39,30.29
647,31.39,30.29
389,31.39,30.23
434,31.39,30.23
233,31.39,30.23
751,31.39,30.23
563,31.39,30.23
459,31.39,30.23
652,31.39,30.23
603,31.39,30.23
308,31.39,30.23
374,31.39,30.23
402,31.39,30.23
330,31.39,30.23
460,31.39,30.23
118,31.39,30.23
752,31.39,30.23
213,31.39,30.23
596,31.39,30.23
297,31.39,30.23
604,31.39,30.23
271,31.39,30.23
599,31.39,30.23
571,31.39,30.23
506,31.39,30.23
544,31.39,30.23
646,31.39,30.23
709,31.39,30.23
298,31.39,30.23
401,31.39,30.23
762,31.39,30.23
488,31.39,30.23
324,31.39,30.23
636,31.39,30.23
474,31.39,30.23
877,31.39,30.23
496,31.39,30.23
756,31.39,30.23
594,31.39,30.23
711,31.39,30.23
403,31.39,30.23
442,31.39,30.23
618,31.39,30.23
409,31.39,30.23
568,31.39,30.23
475,31.39,30.23
358,31.39,30.23
670,31.39,30.23
583,31.39,30.23
217,31.39,30.23
583,31.39,30.23
366,31.39,30.23
535,31.39,30.23
172,31.39,30.23
869,31.39,30.23
386,31.39,30.23
479,31.39,30.23
608,31.39,30.23
322,31.39,30.23
791,31.39,30.23
454,31.39,30.23
558,31.39,30.29
486,31.39,30.29
526,31.39,30.29
239,31.39,30.29
467,31.39,30.29
158,31.39,30.29
597,31.39,30.29
382,31.39,30.29
600,31.39,30.29
134,31.39,30.29
813,31.39,30.29
417,31.39,30.29
575,31.39,30.29
586,31.39,30.29
307,31.39,30.29
669,31.39,30.29
119,31.39,30.29
699,31.39,30.29
344,31.39,30.29
598,31.39,30.29
175,31.39,30.29
672,31.39,30.29
577,31.39,30.29
325,31.39,30.29
537,31.39,30.29
591,31.39,30.29
667,31.39,30.29
408,31.39,30.29
