359,30.73,29.55
605,30.73,29.55
323,30.73,29.55
176,30.73,29.55
722,30.73,29.55
121,30.73,29.55
483,30.73,29.55
188,30.73,29.55
620,30.73,29.55
177,30.73,29.55
883,30.73,29.55
368,30.71,29.55
511,30.71,29.55
614,30.71,29.55
756,30.71,29.55
721,30.71,29.55
703,30.71,29.55
379,30.71,29.55
749,30.71,29.55
591,30.71,29.55
520,30.71,29.55
830,30.71,29.55
582,30.71,29.55
696,30.71,29.55
331,30.71,29.55
848,30.71,29.55
283,30.71,29.55
635,30.71,29.55
639,30.71,29.55
596,30.71,29.55
532,30.71,29.55
487,30.71,29.55
879,30.71,29.55
297,30.71,29.55
558,30.71,29.49
508,30.71,29.49
611,30.71,29.49
296,30.71,29.49
636,30.71,29.49
491,30.71,29.49
585,30.71,29.49
494,30.71,29.49
527,30.71,29.49
521,30.71,29.49
262,30.71,29.49
366,30.71,29.49
321,30.71,29.49
529,30.71,29.49
365,30.71,29.49
588,30.71,29.49
326,30.71,29.49
602,30.71,29.49
526,30.71,29.49
383,30.71,29.49
319,30.71,29.49
433,30.71,29.49
556,30.71,29.49
483,30.71,29.49
572,30.71,29.49
226,30.71,29.49
584,30.71,29.49
637,30.71,29.49
120,30.71,29.49
597,30.71,29.49
488,30.71,29.49
314,30.71,29.49
727,30.71,29.49
580,30.71,29.49
472,30.71,29.49
433,30.71,29.49
565,30.71,29.49
327,30.71,29.49
627,30.71,29.49
369,30.71,29.49
558,30.71,29.49
687,30.71,29.49
120,30.71,29.49
775,30.71,29.49
438,30.71,29.49
395,30.71,29.49
410,30.71,29.49
773,30.71,29.49
460,30.71,29.49
612,30.71,29.49
443,30.71,29.49
777,30.71,29.49
410,30.71,29.49
683,30.71,29.49
396,30.71,29.49
470,30.71,29.49
708,30.71,29.49
422,30.71,29.49
596,30.71,29.49
308,30.71,29.49
476,30.71,29.59
388,30.71,29.59
490,30.71,29.59
239,30.71,29.59
716,30.71,29.59
881,30.71,29.59
476,30.71,29.59
623,30.71,29.59
825,30.71,29.59
675,30.71,29.59
640,30.71,29.59
469,30.71,29.59
255,30.71,29.59
562,30.71,29.59
239,30.71,29.59
597,30.71,29.59
328,30.71,29.59
400,30.71,29.59
493,30.71,29.59
563,30.71,29.59
126,30.71,29.59
395,30.71,29.59
620,30.71,29.59
385,30.71,29.59
517,30.71,29.59
590,30.71,29.59
436,30.71,29.59
441,30.71,29.59
382,30.71,29.59
445,30.71,29.59
503,30.71,29.59
126,30.71,29.59
856,30.71,29.59
255,30.71,29.59
609,30.71,29.59
394,30.71,29.59
596,30.71,29.59
448,30.71,29.59
271,30.71,29.59
543,30.71,29.59
311,30.71,29.59
525,30.71,29.59
315,30.71,29.59
882,30.71,29.59
399,30.71,29.59
649,30.71,29.59
487,30.71,29.59
624,30.71,29.59
309,30.71,29.59
744,30.71,29.59
477,30.71,29.59
563,30.71,29.59
213,30.71,29.59
845,30.71,29.59
665,30.71,29.59
453,30.71,29.59
762,30.71,29.59
565,30.71,29.59
738,30.71,29.59
373,30.71,29.51
790,30.71,29.51
483,30.71,29.51
522,30.71,29.51
622,30.71,29.51
568,30.71,29.51
125,30.71,29.51
272,30.71,29.51
576,30.71,29.51
760,30.71,29.51
196,30.71,29.51
416,30.71,29.51
804,30.71,29.51
122,30.71,29.51
570,30.71,29.51
228,30.71,29.51
701,30.71,29.51
142,30.71,29.51
860,30.71,29.51
141,30.71,29.51
717,30.71,29.51
327,30.71,29.51
865,30.71,29.51
597,30.71,29.51
511,30.71,29.51
203,30.71,29.51
421,30.71,29.51
224,30.71,29.51
176,30.71,29.51
343,30.71,29.51
440,30.71,29.51
508,30.71,29.51
120,30.71,29.51
883,30.71,29.51
286,30.71,29.51
883,30.71,29.51
286,30.71,29.51
600,30.71,29.51
492,30.71,29.51
580,30.71,29.51
379,30.71,29.51
466,30.71,29.51
667,30.71,29.51
453,30.71,29.51
882,30.71,29.51
459,30.71,29.51
654,30.71,29.51
425,30.71,29.51
748,30.71,29.51
315,30.71,29.51
852,30.71,29.51
232,30.71,29.51
869,30.71,29.51
355,30.71,29.51
790,30.71,29.51
319,30.71,29.51
450,30.71,29.51
506,30.71,29.51
319,30.71,29.51
488,30.71,29.51
501,30.71,29.65
829,30.71,29.65
433,30.71,29.65
623,30.71,29.65
406,30.71,29.65
522,30.71,29.65
343,30.71,29.65
573,30.71,29.65
267,30.71,29.65
564,30.71,29.65
252,30.71,29.65
839,30.71,29.65
286,30.71,29.65
421,30.71,29.65
454,30.71,29.65
349,30.71,29.65
380,30.71,29.65
119,30.71,29.65
412,30.71,29.65
224,30.71,29.65
435,30.71,29.65
266,30.71,29.65
839,30.71,29.65
479,30.71,29.65
710,30.71,29.65
642,30.71,29.65
487,30.71,29.65
319,30.71,29.65
480,30.71,29.65
216,30.71,29.65
743,30.71,29.65
657,30.71,29.65
416,30.71,29.65
576,30.71,29.65
326,30.71,29.65
866,30.71,29.65
266,30.69,29.65
847,30.69,29.65
146,30.69,29.65
851,30.69,29.65
487,30.69,29.65
617,30.69,29.65
411,30.69,29.65
699,30.69,29.65
554,30.69,29.65
628,30.69,29.65
494,30.69,29.65
317,30.69,29.65
581,30.69,29.65
406,30.69,29.65
738,30.69,29.65
137,30.69,29.65
573,30.69,29.65
343,30.69,29.65
827,30.69,29.65
329,30.69,29.65
480,30.69,29.65
577,30.69,29.65
640,30.69,29.65
638,30.69,29.65
462,30.69,29.43
652,30.69,29.43
307,30.69,29.43
415,30.69,29.43
398,30.69,29.43
342,30.69,29.43
298,30.69,29.43
748,30.69,29.43
242,30.69,29.43
858,30.69,29.43
256,30.69,29.43
568,30.69,29.43
521,30.69,29.43
623,30.69,29.43
359,30.69,29.43
342,30.69,29.43
444,30.69,29.43
353,30.69,29.43
575,30.69,29.43
368,30.69,29.43
777,30.69,29.43
375,30.69,29.43
648,30.69,29.43
392,30.69,29.43
855,30.69,29.43
363,30.69,29.43
565,30.69,29.43
231,30.69,29.43
700,30.69,29.43
264,30.69,29.43
520,30.69,29.43
574,30.69,29.43
452,30.69,29.43
879,30.69,29.43
349,30.69,29.43
755,30.69,29.43
365,30.69,29.43
705,30.69,29.43
539,30.69,29.43
730,30.69,29.43
209,30.69,29.43
465,30.69,29.43
509,30.69,29.43
476,30.69,29.43
448,30.69,29.43
615,30.69,29.43
531,30.69,29.43
556,30.69,29.43
667,30.69,29.43
605,30.69,29.43
534,30.69,29.43
470,30.69,29.43
799,30.69,29.43
222,30.69,29.43
807,30.69,29.43
312,30.69,29.43
652,30.69,29.43
453,30.69,29.43
399,30.69,29.43
664,30.69,29.69
355,30.69,29.69
255,30.69,29.69
393,30.69,29.69
561,30.69,29.69
640,30.69,29.69
658,30.69,29.69
445,30.69,29.69
362,30.69,29.69
280,30.69,29.69
567,30.69,29.69
400,30.69,29.69
624,30.69,29.69
387,30.69,29.69
639,30.69,29.69
438,30.69,29.69
304,30.69,29.69
795,30.69,29.69
272,30.69,29.69
755,30.69,29.69
400,30.69,29.69
578,30.69,29.69
382,30.69,29.69
493,30.69,29.69
889,30.69,29.69
661,30.69,29.69
484,30.69,29.69
366,30.69,29.69
437,30.69,29.69
612,30.69,29.69
519,30.69,29.69
382,30.69,29.69
881,30.69,29.69
273,30.69,29.69
682,30.69,29.69
484,30.69,29.69
698,30.71,29.69
210,30.71,29.69
783,30.71,29.69
327,30.71,29.69
497,30.71,29.69
662,30.71,29.69
621,30.71,29.69
497,30.71,29.69
537,30.71,29.69
295,30.71,29.69
640,30.71,29.69
555,30.71,29.69
333,30.71,29.69
696,30.71,29.69
298,30.71,29.69
605,30.71,29.69
514,30.71,29.69
719,30.71,29.69
415,30.71,29.69
541,30.71,29.69
653,30.71,29.69
345,30.71,29.69
591,30.71,29.69
569,30.71,29.69
650,30.71,29.45
574,30.71,29.45
455,30.71,29.45
336,30.71,29.45
705,30.71,29.45
313,30.71,29.45
810,30.71,29.45
616,30.71,29.45
323,30.71,29.45
212,30.71,29.45
739,30.71,29.45
230,30.71,29.45
437,30.71,29.45
482,30.71,29.45
335,30.71,29.45
525,30.71,29.45
118,30.71,29.45
793,30.71,29.45
378,30.71,29.45
428,30.71,29.45
567,30.71,29.45
684,30.71,29.45
118,30.71,29.45
497,30.71,29.45
555,30.71,29.45
370,30.71,29.45
