335,28.69,27.53
526,28.69,27.53
311,28.69,27.53
124,28.69,27.53
379,28.69,27.53
791,28.69,27.53
550,28.69,27.53
119,28.69,27.53
701,28.69,27.53
360,28.69,27.53
681,28.69,27.53
429,28.69,27.53
499,28.69,27.53
539,28.69,27.53
247,28.69,27.53
277,28.69,27.53
327,28.69,27.53
440,28.69,27.53
120,28.69,27.63
877,28.69,27.63
256,28.69,27.63
535,28.69,27.63
323,28.69,27.63
579,28.69,27.63
508,28.69,27.63
487,28.69,27.63
122,28.69,27.63
768,28.69,27.63
505,28.69,27.63
588,28.69,27.63
347,28.69,27.63
242,28.69,27.63
785,28.69,27.63
121,28.69,27.63
595,28.69,27.63
119,28.69,27.63
608,28.69,27.63
498,28.69,27.63
705,28.69,27.63
336,28.69,27.63
507,28.69,27.63
878,28.69,27.63
619,28.69,27.63
508,28.69,27.63
635,28.69,27.63
715,28.69,27.63
637,28.69,27.63
742,28.69,27.63
178,28.69,27.63
597,28.69,27.63
400,28.69,27.63
717,28.69,27.63
120,28.69,27.63
696,28.69,27.63
485,28.67,27.63
388,28.67,27.63
647,28.67,27.63
510,28.67,27.63
801,28.67,27.63
462,28.67,27.63
873,28.67,27.63
438,28.67,27.63
432,28.67,27.63
468,28.67,27.63
748,28.67,27.63
297,28.67,27.63
503,28.67,27.63
225,28.67,27.63
861,28.67,27.63
120,28.67,27.63
652,28.67,27.63
437,28.67,27.63
372,28.67,27.63
276,28.67,27.63
354,28.67,27.63
690,28.67,27.63
121,28.67,27.63
714,28.67,27.63
395,28.67,27.61
661,28.67,27.61
187,28.67,27.61
703,28.67,27.61
422,28.67,27.61
847,28.67,27.61
186,28.67,27.61
445,28.67,27.61
189,28.67,27.61
546,28.67,27.61
738,28.67,27.61
490,28.67,27.61
592,28.67,27.61
253,28.67,27.61
876,28.67,27.61
119,28.67,27.61
818,28.67,27.61
120,28.67,27.61
604,28.67,27.61
382,28.67,27.61
252,28.67,27.61
739,28.67,27.61
469,28.67,27.61
259,28.67,27.61
307,28.67,27.61
472,28.67,27.61
302,28.67,27.61
365,28.67,27.61
585,28.67,27.61
467,28.67,27.61
329,28.67,27.61
620,28.67,27.61
472,28.67,27.61
590,28.67,27.61
314,28.67,27.61
532,28.67,27.61
302,28.69,27.61
120,28.69,27.61
814,28.69,27.61
344,28.69,27.61
732,28.69,27.61
416,28.69,27.61
487,28.69,27.61
608,28.69,27.61
672,28.69,27.61
609,28.69,27.61
477,28.69,27.61
337,28.69,27.61
342,28.69,27.61
568,28.69,27.61
738,28.69,27.61
535,28.69,27.61
851,28.69,27.61
572,28.69,27.61
397,28.69,27.61
715,28.69,27.61
205,28.69,27.61
811,28.69,27.61
394,28.69,27.61
719,28.69,27.61
416,28.69,27.63
296,28.69,27.63
499,28.69,27.63
599,28.69,27.63
877,28.69,27.63
255,28.69,27.63
701,28.69,27.63
577,28.69,27.63
580,28.69,27.63
432,28.69,27.63
852,28.69,27.63
447,28.69,27.63
810,28.69,27.63
442,28.69,27.63
603,28.69,27.63
468,28.69,27.63
547,28.69,27.63
454,28.69,27.63
297,28.69,27.63
399,28.69,27.63
122,28.69,27.63
819,28.69,27.63
120,28.69,27.63
657,28.69,27.63
364,28.69,27.63
734,28.69,27.63
479,28.69,27.63
455,28.69,27.63
615,28.69,27.63
390,28.69,27.63
532,28.69,27.63
385,28.69,27.63
445,28.69,27.63
335,28.69,27.63
839,28.69,27.63
370,28.69,27.63
362,28.67,27.63
584,28.67,27.63
494,28.67,27.63
316,28.67,27.63
704,28.67,27.63
177,28.67,27.63
476,28.67,27.63
453,28.67,27.63
284,28.67,27.63
533,28.67,27.63
153,28.67,27.63
593,28.67,27.63
367,28.67,27.63
434,28.67,27.63
393,28.67,27.63
743,28.67,27.63
441,28.67,27.63
389,28.67,27.63
668,28.67,27.63
826,28.67,27.63
626,28.67,27.63
610,28.67,27.63
246,28.67,27.63
712,28.67,27.63
163,28.67,27.49
334,28.67,27.49
530,28.67,27.49
124,28.67,27.49
706,28.67,27.49
302,28.67,27.49
736,28.67,27.49
487,28.67,27.49
386,28.67,27.49
770,28.67,27.49
326,28.67,27.49
460,28.67,27.49
542,28.67,27.49
452,28.67,27.49
704,28.67,27.49
633,28.67,27.49
711,28.67,27.49
630,28.67,27.49
399,28.67,27.49
874,28.67,27.49
241,28.67,27.49
573,28.67,27.49
352,28.67,27.49
849,28.67,27.49
552,28.67,27.49
426,28.67,27.49
818,28.67,27.49
484,28.67,27.49
475,28.67,27.49
235,28.67,27.49
729,28.67,27.49
352,28.67,27.49
726,28.67,27.49
863,28.67,27.49
451,28.67,27.49
625,28.67,27.49
875,28.69,27.49
348,28.69,27.49
584,28.69,27.49
392,28.69,27.49
302,28.69,27.49
801,28.69,27.49
318,28.69,27.49
438,28.69,27.49
590,28.69,27.49
712,28.69,27.49
237,28.69,27.49
719,28.69,27.49
443,28.69,27.49
227,28.69,27.49
752,28.69,27.49
425,28.69,27.49
488,28.69,27.49
336,28.69,27.49
639,28.69,27.49
255,28.69,27.49
370,28.69,27.49
396,28.69,27.49
423,28.69,27.49
308,28.69,27.49
630,28.69,27.47
417,28.69,27.47
530,28.69,27.47
293,28.69,27.47
764,28.69,27.47
435,28.69,27.47
345,28.69,27.47
479,28.69,27.47
406,28.69,27.47
793,28.69,27.47
119,28.69,27.47
576,28.69,27.47
222,28.69,27.47
469,28.69,27.47
505,28.69,27.47
433,28.69,27.47
486,28.69,27.47
121,28.69,27.47
622,28.69,27.47
123,28.69,27.47
423,28.69,27.47
544,28.69,27.47
656,28.69,27.47
458,28.69,27.47
652,28.69,27.47
465,28.69,27.47
857,28.69,27.47
633,28.69,27.47
239,28.69,27.47
599,28.69,27.47
528,28.69,27.47
463,28.69,27.47
148,28.69,27.47
848,28.69,27.47
129,28.69,27.47
838,28.69,27.47
417,28.69,27.47
654,28.69,27.47
515,28.69,27.47
334,28.69,27.47
621,28.69,27.47
335,28.69,27.47
459,28.69,27.47
551,28.69,27.47
870,28.69,27.47
227,28.69,27.47
867,28.69,27.47
348,28.69,27.47
563,28.69,27.47
596,28.69,27.47
580,28.69,27.47
350,28.69,27.47
523,28.69,27.47
589,28.69,27.47
471,28.69,27.47
787,28.69,27.47
199,28.69,27.47
795,28.69,27.47
120,28.69,27.47
542,28.69,27.47
262,28.69,27.37
786,28.69,27.37
121,28.69,27.37
559,28.69,27.37
758,28.69,27.37
521,28.69,27.37
454,28.69,27.37
406,28.69,27.37
579,28.69,27.37
534,28.69,27.37
770,28.69,27.37
529,28.69,27.37
827,28.69,27.37
386,28.69,27.37
726,28.69,27.37
239,28.69,27.37
666,28.69,27.37
464,28.69,27.37
780,28.69,27.37
668,28.69,27.37
366,28.69,27.37
699,28.69,27.37
355,28.69,27.37
876,28.69,27.37
279,28.69,27.37
616,28.69,27.37
490,28.69,27.37
243,28.69,27.37
755,28.69,27.37
521,28.69,27.37
401,28.69,27.37
708,28.69,27.37
601,28.69,27.37
574,28.69,27.37
420,28.69,27.37
670,28.69,27.37
422,28.69,27.37
509,28.69,27.37
399,28.69,27.37
120,28.69,27.37
778,28.69,27.37
126,28.69,27.37
666,28.69,27.37
576,28.69,27.37
120,28.69,27.37
705,28.69,27.37
560,28.69,27.37
685,28.69,27.37
359,28.69,27.37
678,28.69,27.37
377,28.69,27.37
609,28.69,27.37
169,28.69,27.37
873,28.69,27.37
243,28.69,27.37
373,28.69,27.37
293,28.69,27.37
597,28.69,27.37
235,28.69,27.37
443,28.69,27.37
707,28.69,27.47
417,28.69,27.47
780,28.69,27.47
237,28.69,27.47
765,28.69,27.47
130,28.69,27.47
739,28.69,27.47
129,28.69,27.47
356,28.69,27.47
219,28.69,27.47
392,28.69,27.47
410,28.69,27.47
281,28.69,27.47
484,28.69,27.47
427,28.69,27.47
584,28.69,27.47
299,28.69,27.47
536,28.69,27.47
216,28.69,27.47
767,28.69,27.47
298,28.69,27.47
712,28.69,27.47
450,28.69,27.47
539,28.69,27.47
540,28.69,27.47
504,28.69,27.47
166,28.69,27.47
119,28.69,27.47
774,28.69,27.47
245,28.69,27.47
717,28.69,27.47
314,28.69,27.47
564,28.69,27.47
677,28.69,27.47
511,28.69,27.47
774,28.69,27.47
689,28.71,27.47
238,28.71,27.47
613,28.71,27.47
612,28.71,27.47
258,28.71,27.47
