663,29.11,27.99
415,29.11,27.99
403,29.11,27.99
212,29.11,27.99
439,29.11,27.99
877,29.11,27.99
573,29.11,27.99
433,29.11,27.99
772,29.11,27.99
686,29.11,27.99
276,29.11,27.85
663,29.11,27.85
643,29.11,27.85
130,29.11,27.85
590,29.11,27.85
394,29.11,27.85
194,29.11,27.85
480,29.11,27.85
494,29.11,27.85
382,29.11,27.85
546,29.11,27.85
181,29.11,27.85
705,29.11,27.85
545,29.11,27.85
371,29.11,27.85
607,29.11,27.85
493,29.11,27.85
606,29.11,27.85
273,29.11,27.85
709,29.11,27.85
362,29.11,27.85
551,29.11,27.85
122,29.11,27.85
480,29.11,27.85
240,29.11,27.85
436,29.11,27.85
323,29.11,27.85
518,29.11,27.85
312,29.11,27.85
505,29.11,27.85
510,29.11,27.85
397,29.11,27.85
536,29.11,27.85
142,29.11,27.85
766,29.11,27.85
131,29.11,27.85
886,29.11,27.85
237,29.11,27.85
839,29.11,27.85
298,29.11,27.85
413,29.11,27.85
610,29.11,27.85
324,29.11,27.85
858,29.11,27.85
407,29.11,27.85
708,29.11,27.85
119,29.11,27.85
697,29.11,27.85
463,29.11,27.85
808,29.11,27.85
332,29.11,27.85
606,29.11,27.85
513,29.11,27.85
634,29.11,27.85
277,29.11,27.85
826,29.11,27.85
378,29.11,27.85
641,29.11,27.85
501,29.11,27.85
234,29.11,27.85
875,29.11,27.87
250,29.11,27.87
833,29.11,27.87
693,29.11,27.87
408,29.11,27.87
649,29.11,27.87
640,29.11,27.87
499,29.11,27.87
861,29.11,27.87
455,29.11,27.87
125,29.11,27.87
724,29.11,27.87
443,29.11,27.87
590,29.11,27.87
464,29.11,27.87
655,29.11,27.87
674,29.11,27.87
803,29.11,27.87
245,29.11,27.87
839,29.11,27.87
335,29.11,27.87
616,29.11,27.87
501,29.11,27.87
543,29.11,27.87
828,29.11,27.87
456,29.11,27.87
715,29.11,27.87
649,29.11,27.87
793,29.11,27.87
393,29.11,27.87
645,29.11,27.87
382,29.11,27.87
620,29.11,27.87
458,29.11,27.87
491,29.11,27.87
668,29.11,27.87
383,29.11,27.87
442,29.13,27.87
242,29.13,27.87
366,29.13,27.87
224,29.13,27.87
838,29.13,27.87
200,29.13,27.87
621,29.13,27.87
394,29.13,27.87
762,29.13,27.87
133,29.13,27.87
461,29.13,27.87
421,29.13,27.87
410,29.13,27.87
673,29.13,27.87
507,29.13,27.87
490,29.13,27.87
420,29.13,27.87
488,29.13,27.87
320,29.13,27.87
694,29.13,27.87
285,29.13,27.87
466,29.13,27.87
406,29.13,27.87
474,29.13,27.99
173,29.13,27.99
647,29.13,27.99
380,29.13,27.99
295,29.13,27.99
542,29.13,27.99
255,29.13,27.99
737,29.13,27.99
205,29.13,27.99
331,29.13,27.99
466,29.13,27.99
670,29.13,27.99
370,29.13,27.99
346,29.13,27.99
634,29.13,27.99
552,29.13,27.99
700,29.13,27.99
460,29.13,27.99
186,29.13,27.99
549,29.13,27.99
644,29.13,27.99
435,29.13,27.99
709,29.13,27.99
307,29.13,27.99
867,29.13,27.99
262,29.13,27.99
514,29.13,27.99
302,29.13,27.99
642,29.13,27.99
429,29.13,27.99
410,29.13,27.99
760,29.13,27.99
767,29.13,27.99
504,29.13,27.99
434,29.13,27.99
581,29.13,27.99
477,29.13,27.99
776,29.13,27.99
453,29.13,27.99
738,29.13,27.99
592,29.13,27.99
546,29.13,27.99
410,29.13,27.99
725,29.13,27.99
386,29.13,27.99
374,29.13,27.99
657,29.13,27.99
120,29.13,27.99
797,29.13,27.99
232,29.13,27.99
780,29.13,27.99
580,29.13,27.99
874,29.13,27.99
653,29.13,27.99
596,29.13,27.99
668,29.13,27.99
627,29.13,27.99
431,29.13,27.99
622,29.13,27.99
503,29.13,27.99
538,29.13,27.93
712,29.13,27.93
373,29.13,27.93
783,29.13,27.93
245,29.13,27.93
607,29.13,27.93
262,29.13,27.93
666,29.13,27.93
121,29.13,27.93
533,29.13,27.93
282,29.13,27.93
208,29.13,27.93
642,29.13,27.93
263,29.13,27.93
402,29.13,27.93
361,29.13,27.93
550,29.13,27.93
246,29.13,27.93
481,29.13,27.93
546,29.13,27.93
728,29.13,27.93
315,29.13,27.93
678,29.13,27.93
502,29.13,27.93
613,29.13,27.93
343,29.13,27.93
666,29.13,27.93
227,29.13,27.93
514,29.13,27.93
561,29.13,27.93
122,29.13,27.93
693,29.13,27.93
178,29.13,27.93
841,29.13,27.93
418,29.13,27.93
497,29.13,27.93
585,29.11,27.93
475,29.11,27.93
633,29.11,27.93
516,29.11,27.93
389,29.11,27.93
494,29.11,27.93
566,29.11,27.93
526,29.11,27.93
720,29.11,27.93
436,29.11,27.93
524,29.11,27.93
519,29.11,27.93
703,29.11,27.93
375,29.11,27.93
608,29.11,27.93
665,29.11,27.93
294,29.11,27.93
544,29.11,27.93
262,29.11,27.93
567,29.11,27.93
421,29.11,27.93
586,29.11,27.93
445,29.11,27.93
613,29.11,27.93
630,29.11,27.75
180,29.11,27.75
668,29.11,27.75
664,29.11,27.75
360,29.11,27.75
485,29.11,27.75
594,29.11,27.75
353,29.11,27.75
542,29.11,27.75
428,29.11,27.75
460,29.11,27.75
651,29.11,27.75
790,29.11,27.75
527,29.11,27.75
695,29.11,27.75
526,29.11,27.75
594,29.11,27.75
761,29.11,27.75
613,29.11,27.75
726,29.11,27.75
318,29.11,27.75
666,29.11,27.75
410,29.11,27.75
691,29.11,27.75
119,29.11,27.75
705,29.11,27.75
370,29.11,27.75
627,29.11,27.75
229,29.11,27.75
655,29.11,27.75
456,29.11,27.75
420,29.11,27.75
353,29.11,27.75
311,29.11,27.75
396,29.11,27.75
188,29.11,27.75
728,29.15,27.75
137,29.15,27.75
619,29.15,27.75
123,29.15,27.75
637,29.15,27.75
219,29.15,27.75
281,29.15,27.75
479,29.15,27.75
456,29.15,27.75
129,29.15,27.75
499,29.15,27.75
421,29.15,27.75
279,29.15,27.75
503,29.15,27.75
413,29.15,27.75
478,29.15,27.75
259,29.15,27.75
415,29.15,27.75
122,29.15,27.75
743,29.15,27.75
260,29.15,27.75
655,29.15,27.75
586,29.15,27.75
356,29.15,27.75
714,29.15,27.85
439,29.15,27.85
489,29.15,27.85
259,29.15,27.85
474,29.15,27.85
233,29.15,27.85
541,29.15,27.85
451,29.15,27.85
521,29.15,27.85
497,29.15,27.85
646,29.15,27.85
460,29.15,27.85
472,29.15,27.85
542,29.15,27.85
577,29.15,27.85
520,29.15,27.85
509,29.15,27.85
570,29.15,27.85
193,29.15,27.85
762,29.15,27.85
433,29.15,27.85
405,29.15,27.85
584,29.15,27.85
602,29.15,27.85
622,29.15,27.85
377,29.15,27.85
726,29.15,27.85
464,29.15,27.85
319,29.15,27.85
682,29.15,27.85
389,29.15,27.85
607,29.15,27.85
656,29.15,27.85
184,29.15,27.85
754,29.15,27.85
283,29.15,27.85
642,29.13,27.85
691,29.13,27.85
830,29.13,27.85
386,29.13,27.85
873,29.13,27.85
466,29.13,27.85
199,29.13,27.85
788,29.13,27.85
121,29.13,27.85
749,29.13,27.85
143,29.13,27.85
392,29.13,27.85
606,29.13,27.85
409,29.13,27.85
519,29.13,27.85
676,29.13,27.85
523,29.13,27.85
440,29.13,27.85
623,29.13,27.85
450,29.13,27.85
876,29.13,27.85
120,29.13,27.85
511,29.13,27.85
217,29.13,27.85
679,29.13,28.07
119,29.13,28.07
485,29.13,28.07
320,29.13,28.07
403,29.13,28.07
447,29.13,28.07
274,29.13,28.07
662,29.13,28.07
120,29.13,28.07
877,29.13,28.07
123,29.13,28.07
633,29.13,28.07
154,29.13,28.07
872,29.13,28.07
489,29.13,28.07
509,29.13,28.07
452,29.13,28.07
609,29.13,28.07
351,29.13,28.07
768,29.13,28.07
307,29.13,28.07
305,29.13,28.07
722,29.13,28.07
285,29.13,28.07
779,29.13,28.07
507,29.13,28.07
465,29.13,28.07
528,29.13,28.07
783,29.13,28.07
135,29.13,28.07
384,29.13,28.07
877,29.13,28.07
121,29.13,28.07
470,29.13,28.07
321,29.13,28.07
412,29.13,28.07
450,29.11,28.07
519,29.11,28.07
594,29.11,28.07
756,29.11,28.07
123,29.11,28.07
676,29.11,28.07
576,29.11,28.07
545,29.11,28.07
527,29.11,28.07
486,29.11,28.07
568,29.11,28.07
469,29.11,28.07
496,29.11,28.07
