548,27.35,26.23
155,27.35,26.23
304,27.35,26.23
477,27.35,26.23
872,27.35,26.23
441,27.35,26.23
663,27.35,26.23
437,27.35,26.23
665,27.35,26.23
653,27.35,26.23
371,27.35,26.23
346,27.35,26.23
644,27.35,26.23
137,27.35,26.23
373,27.35,26.23
418,27.35,26.23
320,27.35,26.23
620,27.35,26.23
122,27.35,26.23
708,27.35,26.23
220,27.35,26.23
727,27.35,26.23
635,27.35,26.23
236,27.35,26.23
508,27.35,26.23
368,27.35,26.23
711,27.35,26.23
367,27.35,26.23
715,27.35,26.23
122,27.35,26.23
441,27.35,26.23
513,27.35,26.23
459,27.35,26.23
213,27.35,26.23
586,27.35,26.23
305,27.35,26.23
598,27.35,26.23
253,27.35,26.23
694,27.35,26.23
411,27.35,26.23
391,27.35,26.23
658,27.35,26.23
282,27.35,26.23
689,27.35,26.23
183,27.35,26.23
741,27.35,26.23
185,27.35,26.43
679,27.35,26.43
575,27.35,26.43
654,27.35,26.43
545,27.35,26.43
554,27.35,26.43
648,27.35,26.43
528,27.35,26.43
560,27.35,26.43
543,27.35,26.43
709,27.35,26.43
470,27.35,26.43
841,27.35,26.43
226,27.35,26.43
621,27.35,26.43
514,27.35,26.43
685,27.35,26.43
369,27.35,26.43
604,27.35,26.43
643,27.35,26.43
461,27.35,26.43
856,27.35,26.43
195,27.35,26.43
543,27.35,26.43
555,27.35,26.43
364,27.35,26.43
480,27.35,26.43
506,27.35,26.43
355,27.35,26.43
686,27.35,26.43
552,27.35,26.43
648,27.35,26.43
505,27.35,26.43
822,27.35,26.43
400,27.35,26.43
663,27.35,26.43
441,27.35,26.43
160,27.37,26.43
874,27.37,26.43
121,27.37,26.43
577,27.37,26.43
568,27.37,26.43
438,27.37,26.43
276,27.37,26.43
631,27.37,26.43
447,27.37,26.43
443,27.37,26.43
140,27.37,26.43
670,27.37,26.43
146,27.37,26.43
539,27.37,26.43
585,27.37,26.43
286,27.37,26.43
408,27.37,26.43
339,27.37,26.43
685,27.37,26.43
127,27.37,26.43
440,27.37,26.43
445,27.37,26.43
753,27.37,26.43
463,27.37,26.43
432,27.37,26.47
650,27.37,26.47
353,27.37,26.47
381,27.37,26.47
373,27.37,26.47
324,27.37,26.47
310,27.37,26.47
174,27.37,26.47
637,27.37,26.47
499,27.37,26.47
284,27.37,26.47
536,27.37,26.47
644,27.37,26.47
389,27.37,26.47
497,27.37,26.47
420,27.37,26.47
663,27.37,26.47
190,27.37,26.47
538,27.37,26.47
447,27.37,26.47
724,27.37,26.47
308,27.37,26.47
801,27.37,26.47
454,27.37,26.47
694,27.37,26.47
768,27.37,26.47
325,27.37,26.47
749,27.37,26.47
394,27.37,26.47
526,27.37,26.47
329,27.37,26.47
530,27.37,26.47
407,27.37,26.47
786,27.37,26.47
668,27.37,26.47
396,27.37,26.47
623,27.31,26.47
543,27.31,26.47
558,27.31,26.47
653,27.31,26.47
596,27.31,26.47
508,27.31,26.47
610,27.31,26.47
357,27.31,26.47
833,27.31,26.47
310,27.31,26.47
693,27.31,26.47
181,27.31,26.47
461,27.31,26.47
380,27.31,26.47
670,27.31,26.47
679,27.31,26.47
861,27.31,26.47
408,27.31,26.47
769,27.31,26.47
683,27.31,26.47
426,27.31,26.47
721,27.31,26.47
480,27.31,26.47
488,27.31,26.47
123,27.31,26.47
786,27.31,26.47
121,27.31,26.47
872,27.31,26.47
313,27.31,26.47
391,27.31,26.47
667,27.31,26.47
273,27.31,26.47
684,27.31,26.47
241,27.31,26.47
543,27.31,26.47
452,27.31,26.47
578,27.31,26.47
249,27.31,26.47
622,27.31,26.47
414,27.31,26.47
822,27.31,26.47
263,27.31,26.47
457,27.31,26.47
345,27.31,26.47
729,27.31,26.47
550,27.31,26.47
332,27.31,26.47
667,27.31,26.47
318,27.31,26.47
873,27.31,26.47
122,27.31,26.47
690,27.31,26.47
129,27.31,26.47
485,27.31,26.47
363,27.31,26.47
218,27.31,26.47
470,27.31,26.47
348,27.31,26.47
468,27.31,26.47
627,27.31,26.47
522,27.39,26.47
272,27.39,26.47
723,27.39,26.47
370,27.39,26.47
514,27.39,26.47
371,27.39,26.47
586,27.39,26.47
379,27.39,26.47
569,27.39,26.47
482,27.39,26.47
681,27.39,26.47
489,27.39,26.47
367,27.39,26.47
595,27.39,26.47
259,27.39,26.47
786,27.39,26.47
431,27.39,26.47
550,27.39,26.47
419,27.39,26.47
526,27.39,26.47
659,27.39,26.47
709,27.39,26.47
409,27.39,26.47
735,27.39,26.47
614,27.39,26.59
744,27.39,26.59
425,27.39,26.59
868,27.39,26.59
558,27.39,26.59
753,27.39,26.59
683,27.39,26.59
212,27.39,26.59
872,27.39,26.59
303,27.39,26.59
874,27.39,26.59
407,27.39,26.59
474,27.39,26.59
695,27.39,26.59
491,27.39,26.59
719,27.39,26.59
712,27.39,26.59
599,27.39,26.59
554,27.39,26.59
688,27.39,26.59
632,27.39,26.59
526,27.39,26.59
408,27.39,26.59
825,27.39,26.59
632,27.39,26.59
693,27.39,26.59
528,27.39,26.59
427,27.39,26.59
673,27.39,26.59
233,27.39,26.59
526,27.39,26.59
391,27.39,26.59
873,27.39,26.59
121,27.39,26.59
843,27.39,26.59
508,27.39,26.59
390,27.39,26.59
532,27.39,26.59
590,27.39,26.59
591,27.39,26.59
283,27.39,26.59
667,27.39,26.59
376,27.39,26.59
597,27.39,26.59
483,27.39,26.59
646,27.39,26.59
137,27.39,26.59
812,27.39,26.59
592,27.39,26.59
609,27.39,26.59
395,27.39,26.59
560,27.39,26.59
584,27.39,26.59
524,27.39,26.59
466,27.39,26.59
435,27.39,26.59
701,27.39,26.59
125,27.39,26.59
753,27.39,26.59
199,27.39,26.59
283,27.39,26.59
121,27.39,26.59
613,27.39,26.59
541,27.39,26.59
563,27.39,26.59
283,27.39,26.59
467,27.39,26.59
427,27.39,26.59
158,27.39,26.59
499,27.39,26.59
348,27.39,26.59
442,27.39,26.59
229,27.39,26.59
621,27.39,26.59
242,27.39,26.59
753,27.39,26.59
213,27.39,26.59
496,27.39,26.59
251,27.39,26.59
429,27.39,26.59
731,27.39,26.59
124,27.39,26.59
646,27.39,26.59
290,27.39,26.59
743,27.39,26.59
523,27.39,26.59
799,27.39,26.59
394,27.39,26.59
734,27.39,26.59
141,27.39,26.59
626,27.39,26.59
250,27.39,26.59
526,27.39,26.59
487,27.39,26.59
697,27.39,26.59
598,27.39,26.59
405,27.35,26.59
742,27.35,26.59
474,27.35,26.59
855,27.35,26.59
349,27.35,26.59
807,27.35,26.59
408,27.35,26.59
652,27.35,26.59
752,27.35,26.59
366,27.35,26.59
508,27.35,26.59
628,27.35,26.59
458,27.35,26.59
604,27.35,26.59
320,27.35,26.59
567,27.35,26.59
826,27.35,26.59
188,27.35,26.59
820,27.35,26.59
543,27.35,26.59
642,27.35,26.59
533,27.35,26.59
813,27.35,26.59
331,27.35,26.59
496,27.35,26.47
873,27.35,26.47
123,27.35,26.47
613,27.35,26.47
699,27.35,26.47
654,27.35,26.47
405,27.35,26.47
218,27.35,26.47
551,27.35,26.47
803,27.35,26.47
419,27.35,26.47
659,27.35,26.47
421,27.35,26.47
519,27.35,26.47
566,27.35,26.47
717,27.35,26.47
687,27.35,26.47
456,27.35,26.47
713,27.35,26.47
356,27.35,26.47
718,27.35,26.47
124,27.35,26.47
827,27.35,26.47
399,27.35,26.47
123,27.35,26.47
421,27.35,26.47
123,27.35,26.47
631,27.35,26.47
417,27.35,26.47
410,27.35,26.47
469,27.35,26.47
127,27.35,26.47
466,27.35,26.47
872,27.35,26.47
398,27.35,26.47
706,27.35,26.47
169,27.35,26.47
577,27.35,26.47
407,27.35,26.47
339,27.35,26.47
770,27.35,26.47
170,27.35,26.47
872,27.35,26.47
123,27.35,26.47
874,27.35,26.47
121,27.35,26.47
527,27.35,26.47
371,27.35,26.47
360,27.35,26.47
506,27.35,26.47
371,27.35,26.47
806,27.35,26.47
228,27.35,26.47
633,27.35,26.47
241,27.35,26.47
441,27.35,26.47
374,27.35,26.47
639,27.35,26.47
126,27.35,26.47
764,27.35,26.47
239,27.35,26.53
787,27.35,26.53
436,27.35,26.53
756,27.35,26.53
552,27.35,26.53
438,27.35,26.53
599,27.35,26.53
274,27.35,26.53
757,27.35,26.53
125,27.35,26.53
595,27.35,26.53
