793,29.49,28.11
267,29.49,28.11
354,29.49,28.11
413,29.49,28.11
875,29.49,28.11
611,29.49,28.11
489,29.49,28.11
758,29.49,28.11
407,29.49,28.11
840,29.49,28.11
485,29.49,28.11
644,29.49,28.11
372,29.49,28.11
735,29.49,28.11
429,29.49,28.11
448,29.49,28.11
404,29.49,28.11
751,29.49,28.11
547,29.49,28.11
443,29.49,28.11
576,29.49,28.11
637,29.49,28.11
593,29.49,28.11
315,29.49,28.11
828,29.49,28.11
212,29.49,28.11
571,29.49,28.11
271,29.49,28.11
474,29.49,28.11
632,29.49,28.11
339,29.49,28.11
572,29.49,28.11
445,29.49,28.11
441,29.49,28.11
260,29.49,28.11
783,29.53,28.11
377,29.53,28.11
493,29.53,28.11
471,29.53,28.11
683,29.53,28.11
444,29.53,28.11
120,29.53,28.11
336,29.53,28.11
413,29.53,28.11
213,29.53,28.11
650,29.53,28.11
438,29.53,28.11
491,29.53,28.11
868,29.53,28.11
142,29.53,28.11
714,29.53,28.11
303,29.53,28.11
390,29.53,28.11
539,29.53,28.11
376,29.53,28.11
451,29.53,28.11
413,29.53,28.11
703,29.53,28.11
408,29.53,28.11
413,29.53,28.37
327,29.53,28.37
596,29.53,28.37
472,29.53,28.37
456,29.53,28.37
361,29.53,28.37
687,29.53,28.37
145,29.53,28.37
589,29.53,28.37
531,29.53,28.37
346,29.53,28.37
534,29.53,28.37
186,29.53,28.37
663,29.53,28.37
161,29.53,28.37
443,29.53,28.37
407,29.53,28.37
426,29.53,28.37
220,29.53,28.37
452,29.53,28.37
471,29.53,28.37
488,29.53,28.37
515,29.53,28.37
506,29.53,28.37
555,29.53,28.37
599,29.53,28.37
645,29.53,28.37
413,29.53,28.37
737,29.53,28.37
119,29.53,28.37
877,29.53,28.37
251,29.53,28.37
789,29.53,28.37
308,29.53,28.37
687,29.53,28.37
643,29.53,28.37
562,29.57,28.37
563,29.57,28.37
773,29.57,28.37
399,29.57,28.37
464,29.57,28.37
854,29.57,28.37
193,29.57,28.37
517,29.57,28.37
690,29.57,28.37
874,29.57,28.37
368,29.57,28.37
623,29.57,28.37
435,29.57,28.37
868,29.57,28.37
206,29.57,28.37
858,29.57,28.37
593,29.57,28.37
480,29.57,28.37
625,29.57,28.37
285,29.57,28.37
878,29.57,28.37
228,29.57,28.37
747,29.57,28.37
644,29.57,28.19
633,29.57,28.19
515,29.57,28.19
787,29.57,28.19
592,29.57,28.19
636,29.57,28.19
327,29.57,28.19
450,29.57,28.19
337,29.57,28.19
621,29.57,28.19
316,29.57,28.19
462,29.57,28.19
549,29.57,28.19
327,29.57,28.19
856,29.57,28.19
500,29.57,28.19
652,29.57,28.19
409,29.57,28.19
455,29.57,28.19
473,29.57,28.19
473,29.57,28.19
689,29.57,28.19
545,29.57,28.19
667,29.57,28.19
578,29.57,28.19
624,29.57,28.19
554,29.57,28.19
328,29.57,28.19
417,29.57,28.19
543,29.57,28.19
553,29.57,28.19
415,29.57,28.19
288,29.57,28.19
469,29.57,28.19
379,29.57,28.19
653,29.57,28.19
423,29.53,28.19
123,29.53,28.19
876,29.53,28.19
171,29.53,28.19
396,29.53,28.19
353,29.53,28.19
508,29.53,28.19
596,29.53,28.19
420,29.53,28.19
591,29.53,28.19
732,29.53,28.19
453,29.53,28.19
565,29.53,28.19
458,29.53,28.19
390,29.53,28.19
754,29.53,28.19
547,29.53,28.19
664,29.53,28.19
421,29.53,28.19
614,29.53,28.19
430,29.53,28.19
864,29.53,28.19
185,29.53,28.19
649,29.53,28.19
417,29.53,28.17
526,29.53,28.17
576,29.53,28.17
352,29.53,28.17
579,29.53,28.17
392,29.53,28.17
555,29.53,28.17
126,29.53,28.17
690,29.53,28.17
387,29.53,28.17
864,29.53,28.17
428,29.53,28.17
655,29.53,28.17
594,29.53,28.17
830,29.53,28.17
382,29.53,28.17
507,29.53,28.17
617,29.53,28.17
403,29.53,28.17
600,29.53,28.17
383,29.53,28.17
814,29.53,28.17
270,29.53,28.17
878,29.53,28.17
151,29.53,28.17
458,29.53,28.17
680,29.53,28.17
411,29.53,28.17
503,29.53,28.17
680,29.53,28.17
367,29.53,28.17
486,29.53,28.17
810,29.53,28.17
502,29.53,28.17
531,29.53,28.17
119,29.53,28.17
635,29.53,28.17
506,29.53,28.17
665,29.53,28.17
295,29.53,28.17
699,29.53,28.17
296,29.53,28.17
415,29.53,28.17
822,29.53,28.17
183,29.53,28.17
704,29.53,28.17
125,29.53,28.17
500,29.53,28.17
123,29.53,28.17
626,29.53,28.17
401,29.53,28.17
630,29.53,28.17
133,29.53,28.17
591,29.53,28.17
395,29.53,28.17
738,29.53,28.17
342,29.53,28.17
450,29.53,28.17
599,29.53,28.17
593,29.53,28.25
738,29.53,28.25
254,29.53,28.25
522,29.53,28.25
119,29.53,28.25
878,29.53,28.25
303,29.53,28.25
804,29.53,28.25
121,29.53,28.25
619,29.53,28.25
686,29.53,28.25
549,29.53,28.25
302,29.53,28.25
339,29.53,28.25
506,29.53,28.25
520,29.53,28.25
731,29.53,28.25
520,29.53,28.25
876,29.53,28.25
525,29.53,28.25
873,29.53,28.25
131,29.53,28.25
876,29.53,28.25
441,29.53,28.25
768,29.53,28.25
366,29.53,28.25
714,29.53,28.25
659,29.53,28.25
263,29.53,28.25
721,29.53,28.25
370,29.53,28.25
495,29.53,28.25
390,29.53,28.25
752,29.53,28.25
648,29.53,28.25
560,29.53,28.25
377,29.53,28.25
756,29.53,28.25
312,29.53,28.25
708,29.53,28.25
520,29.53,28.25
281,29.53,28.25
423,29.53,28.25
473,29.53,28.25
414,29.53,28.25
209,29.53,28.25
718,29.53,28.25
235,29.53,28.25
699,29.53,28.25
546,29.53,28.25
217,29.53,28.25
643,29.53,28.25
373,29.53,28.25
769,29.53,28.25
431,29.53,28.25
340,29.53,28.25
753,29.53,28.25
573,29.53,28.25
426,29.53,28.25
827,29.53,28.25
449,29.53,28.43
560,29.53,28.43
128,29.53,28.43
838,29.53,28.43
529,29.53,28.43
424,29.53,28.43
623,29.53,28.43
410,29.53,28.43
539,29.53,28.43
272,29.53,28.43
850,29.53,28.43
132,29.53,28.43
607,29.53,28.43
121,29.53,28.43
535,29.53,28.43
178,29.53,28.43
468,29.53,28.43
529,29.53,28.43
505,29.53,28.43
254,29.53,28.43
342,29.53,28.43
482,29.53,28.43
375,29.53,28.43
546,29.53,28.43
310,29.53,28.43
696,29.53,28.43
198,29.53,28.43
698,29.53,28.43
287,29.53,28.43
540,29.53,28.43
248,29.53,28.43
573,29.53,28.43
318,29.53,28.43
304,29.53,28.43
655,29.53,28.43
323,29.53,28.43
773,29.49,28.43
120,29.49,28.43
554,29.49,28.43
650,29.49,28.43
358,29.49,28.43
390,29.49,28.43
876,29.49,28.43
309,29.49,28.43
621,29.49,28.43
455,29.49,28.43
869,29.49,28.43
850,29.49,28.43
744,29.49,28.43
653,29.49,28.43
362,29.49,28.43
792,29.49,28.43
158,29.49,28.43
876,29.49,28.43
281,29.49,28.43
673,29.49,28.43
538,29.49,28.43
554,29.49,28.43
307,29.49,28.43
466,29.49,28.43
663,29.49,28.27
425,29.49,28.27
184,29.49,28.27
526,29.49,28.27
720,29.49,28.27
416,29.49,28.27
756,29.49,28.27
158,29.49,28.27
586,29.49,28.27
121,29.49,28.27
777,29.49,28.27
522,29.49,28.27
675,29.49,28.27
494,29.49,28.27
310,29.49,28.27
682,29.49,28.27
183,29.49,28.27
723,29.49,28.27
376,29.49,28.27
382,29.49,28.27
656,29.49,28.27
601,29.49,28.27
482,29.49,28.27
503,29.49,28.27
642,29.49,28.27
447,29.49,28.27
362,29.49,28.27
665,29.49,28.27
590,29.49,28.27
467,29.49,28.27
673,29.49,28.27
284,29.49,28.27
729,29.49,28.27
287,29.49,28.27
462,29.49,28.27
276,29.49,28.27
600,29.55,28.27
405,29.55,28.27
465,29.55,28.27
600,29.55,28.27
120,29.55,28.27
639,29.55,28.27
117,29.55,28.27
498,29.55,28.27
509,29.55,28.27
493,29.55,28.27
696,29.55,28.27
633,29.55,28.27
174,29.55,28.27
593,29.55,28.27
370,29.55,28.27
621,29.55,28.27
379,29.55,28.27
383,29.55,28.27
765,29.55,28.27
240,29.55,28.27
406,29.55,28.27
245,29.55,28.27
461,29.55,28.27
256,29.55,28.43
767,29.55,28.43
