321,29.95,28.75
462,29.95,28.75
564,29.95,28.75
379,29.95,28.75
459,29.95,28.75
875,29.95,28.75
876,29.95,28.75
407,29.95,28.69
417,29.95,28.69
221,29.95,28.69
727,29.95,28.69
426,29.95,28.69
503,29.95,28.69
477,29.95,28.69
700,29.95,28.69
298,29.95,28.69
853,29.95,28.69
212,29.95,28.69
352,29.95,28.69
368,29.95,28.69
459,29.95,28.69
628,29.95,28.69
217,29.95,28.69
839,29.95,28.69
503,29.95,28.69
743,29.95,28.69
395,29.95,28.69
642,29.95,28.69
521,29.95,28.69
695,29.95,28.69
692,29.95,28.69
373,29.95,28.69
526,29.95,28.69
638,29.95,28.69
406,29.95,28.69
630,29.95,28.69
443,29.95,28.69
450,29.95,28.69
877,29.95,28.69
124,29.95,28.69
834,29.95,28.69
694,29.95,28.69
545,29.95,28.69
495,29.95,28.69
583,29.95,28.69
695,29.95,28.69
461,29.95,28.69
655,29.95,28.69
357,29.95,28.69
645,29.95,28.69
292,29.95,28.69
635,29.95,28.69
651,29.95,28.69
435,29.95,28.69
561,29.95,28.69
781,29.95,28.69
659,29.95,28.69
417,29.95,28.69
584,29.95,28.69
781,29.95,28.69
598,29.95,28.69
221,29.95,28.69
768,29.95,28.69
418,29.95,28.69
595,29.95,28.69
423,29.95,28.69
512,29.95,28.69
511,29.95,28.69
179,29.95,28.69
671,29.95,28.69
307,29.95,28.69
286,29.95,28.69
271,29.95,28.69
612,29.95,28.69
153,29.95,28.69
308,29.95,28.69
371,29.95,28.69
683,29.95,28.69
373,29.95,28.69
309,29.95,28.69
509,29.95,28.69
691,29.95,28.69
223,29.95,28.69
615,29.95,28.69
610,29.95,28.69
119,29.95,28.69
792,29.95,28.69
236,29.95,28.69
717,29.95,28.69
205,29.95,28.69
639,29.95,28.69
681,29.95,28.69
634,29.95,28.69
321,29.95,28.69
520,29.95,28.69
649,29.95,28.69
119,29.95,28.69
719,29.95,28.69
157,29.95,28.69
541,29.95,28.69
495,29.95,28.69
573,29.95,28.69
133,29.97,28.69
449,29.97,28.69
313,29.97,28.69
476,29.97,28.69
384,29.97,28.69
494,29.97,28.69
867,29.97,28.69
261,29.97,28.69
563,29.97,28.69
170,29.97,28.69
878,29.97,28.69
221,29.97,28.69
672,29.97,28.69
228,29.97,28.69
674,29.97,28.69
468,29.97,28.69
457,29.97,28.69
460,29.97,28.69
470,29.97,28.69
471,29.97,28.69
598,29.97,28.69
687,29.97,28.69
337,29.97,28.69
639,29.97,28.69
486,29.97,28.75
549,29.97,28.75
376,29.97,28.75
768,29.97,28.75
258,29.97,28.75
631,29.97,28.75
331,29.97,28.75
586,29.97,28.75
259,29.97,28.75
386,29.97,28.75
704,29.97,28.75
152,29.97,28.75
709,29.97,28.75
123,29.97,28.75
878,29.97,28.75
412,29.97,28.75
784,29.97,28.75
264,29.97,28.75
730,29.97,28.75
639,29.97,28.75
738,29.97,28.75
406,29.97,28.75
872,29.97,28.75
344,29.97,28.75
723,29.97,28.75
593,29.97,28.75
121,29.97,28.75
732,29.97,28.75
281,29.97,28.75
792,29.97,28.75
247,29.97,28.75
781,29.97,28.75
402,29.97,28.75
824,29.97,28.75
567,29.97,28.75
444,29.97,28.75
784,29.97,28.75
379,29.97,28.75
879,29.97,28.75
120,29.97,28.75
589,29.97,28.75
499,29.97,28.75
416,29.97,28.75
397,29.97,28.75
690,29.97,28.75
253,29.97,28.75
759,29.97,28.75
283,29.97,28.75
617,29.97,28.75
707,29.97,28.75
246,29.97,28.75
388,29.97,28.75
298,29.97,28.75
699,29.97,28.75
149,29.97,28.75
707,29.97,28.75
358,29.97,28.75
469,29.97,28.75
285,29.97,28.75
377,29.97,28.71
441,29.97,28.71
280,29.97,28.71
588,29.97,28.71
286,29.97,28.71
511,29.97,28.71
328,29.97,28.71
764,29.97,28.71
346,29.97,28.71
398,29.97,28.71
613,29.97,28.71
608,29.97,28.71
189,29.97,28.71
667,29.97,28.71
526,29.97,28.71
526,29.97,28.71
333,29.97,28.71
309,29.97,28.71
440,29.97,28.71
239,29.97,28.71
847,29.97,28.71
349,29.97,28.71
743,29.97,28.71
173,29.97,28.71
709,29.97,28.71
457,29.97,28.71
434,29.97,28.71
485,29.97,28.71
559,29.97,28.71
179,29.97,28.71
698,29.97,28.71
394,29.97,28.71
465,29.97,28.71
495,29.97,28.71
249,29.97,28.71
661,29.97,28.71
176,29.99,28.71
772,29.99,28.71
419,29.99,28.71
816,29.99,28.71
301,29.99,28.71
875,29.99,28.71
759,29.99,28.71
641,29.99,28.71
678,29.99,28.71
315,29.99,28.71
705,29.99,28.71
185,29.99,28.71
605,29.99,28.71
490,29.99,28.71
453,29.99,28.71
500,29.99,28.71
794,29.99,28.71
277,29.99,28.71
622,29.99,28.71
737,29.99,28.71
620,29.99,28.71
622,29.99,28.71
273,29.99,28.71
746,29.99,28.71
445,29.99,28.77
877,29.99,28.77
377,29.99,28.77
877,29.99,28.77
289,29.99,28.77
833,29.99,28.77
858,29.99,28.77
531,29.99,28.77
717,29.99,28.77
641,29.99,28.77
315,29.99,28.77
453,29.99,28.77
633,29.99,28.77
434,29.99,28.77
738,29.99,28.77
505,29.99,28.77
338,29.99,28.77
288,29.99,28.77
775,29.99,28.77
258,29.99,28.77
731,29.99,28.77
418,29.99,28.77
687,29.99,28.77
574,29.99,28.77
666,29.99,28.77
565,29.99,28.77
119,29.99,28.77
714,29.99,28.77
127,29.99,28.77
443,29.99,28.77
429,29.99,28.77
446,29.99,28.77
617,29.99,28.77
697,29.99,28.77
454,29.99,28.77
614,29.99,28.77
530,29.97,28.77
659,29.97,28.77
444,29.97,28.77
288,29.97,28.77
390,29.97,28.77
296,29.97,28.77
666,29.97,28.77
119,29.97,28.77
755,29.97,28.77
344,29.97,28.77
300,29.97,28.77
643,29.97,28.77
529,29.97,28.77
135,29.97,28.77
653,29.97,28.77
663,29.97,28.77
265,29.97,28.77
500,29.97,28.77
623,29.97,28.77
319,29.97,28.77
416,29.97,28.77
484,29.97,28.77
384,29.97,28.77
731,29.97,28.77
121,29.97,28.75
858,29.97,28.75
695,29.97,28.75
470,29.97,28.75
568,29.97,28.75
552,29.97,28.75
610,29.97,28.75
382,29.97,28.75
621,29.97,28.75
649,29.97,28.75
676,29.97,28.75
327,29.97,28.75
541,29.97,28.75
598,29.97,28.75
670,29.97,28.75
411,29.97,28.75
442,29.97,28.75
478,29.97,28.75
745,29.97,28.75
675,29.97,28.75
704,29.97,28.75
354,29.97,28.75
409,29.97,28.75
664,29.97,28.75
133,29.97,28.75
743,29.97,28.75
602,29.97,28.75
436,29.97,28.75
289,29.97,28.75
583,29.97,28.75
515,29.97,28.75
502,29.97,28.75
432,29.97,28.75
226,29.97,28.75
785,29.97,28.75
124,29.97,28.75
453,29.97,28.75
522,29.97,28.75
485,29.97,28.75
246,29.97,28.75
684,29.97,28.75
434,29.97,28.75
404,29.97,28.75
278,29.97,28.75
555,29.97,28.75
445,29.97,28.75
495,29.97,28.75
878,29.97,28.75
162,29.97,28.75
608,29.97,28.75
406,29.97,28.75
665,29.97,28.75
120,29.97,28.75
699,29.97,28.75
535,29.97,28.75
440,29.97,28.75
525,29.97,28.75
438,29.97,28.75
877,29.97,28.75
424,29.97,28.77
745,29.97,28.77
634,29.97,28.77
700,29.97,28.77
305,29.97,28.77
837,29.97,28.77
118,29.97,28.77
671,29.97,28.77
231,29.97,28.77
499,29.97,28.77
271,29.97,28.77
477,29.97,28.77
739,29.97,28.77
315,29.97,28.77
509,29.97,28.77
469,29.97,28.77
736,29.97,28.77
157,29.97,28.77
536,29.97,28.77
302,29.97,28.77
432,29.97,28.77
366,29.97,28.77
645,29.97,28.77
296,29.97,28.77
559,29.97,28.77
299,29.97,28.77
818,29.97,28.77
542,29.97,28.77
394,29.97,28.77
527,29.97,28.77
492,29.97,28.77
667,29.97,28.77
322,29.97,28.77
877,29.97,28.77
475,29.97,28.77
595,29.97,28.77
417,29.95,28.77
803,29.95,28.77
614,29.95,28.77
725,29.95,28.77
536,29.95,28.77
472,29.95,28.77
633,29.95,28.77
539,29.95,28.77
807,29.95,28.77
546,29.95,28.77
445,29.95,28.77
661,29.95,28.77
665,29.95,28.77
269,29.95,28.77
749,29.95,28.77
339,29.95,28.77
800,29.95,28.77
458,29.95,28.77
564,29.95,28.77
537,29.95,28.77
