263,30.05,28.95
569,30.05,28.95
418,30.05,28.95
636,30.05,28.95
622,30.05,28.95
680,30.05,28.95
296,30.05,28.95
735,30.05,28.95
385,30.05,28.95
456,30.05,28.95
333,30.05,28.95
854,30.05,28.95
485,30.05,28.95
455,30.05,28.95
597,30.05,28.95
402,30.05,28.95
585,30.05,28.95
226,30.05,28.95
462,30.05,28.95
316,30.05,28.95
709,30.05,28.95
270,30.05,28.95
637,30.09,28.95
371,30.09,28.95
539,30.09,28.95
506,30.09,28.95
569,30.09,28.95
575,30.09,28.95
119,30.09,28.95
727,30.09,28.95
188,30.09,28.95
437,30.09,28.95
502,30.09,28.95
783,30.09,28.95
480,30.09,28.95
771,30.09,28.95
585,30.09,28.95
119,30.09,28.95
688,30.09,28.95
370,30.09,28.95
360,30.09,28.95
349,30.09,28.95
350,30.09,28.95
298,30.09,28.95
684,30.09,28.95
127,30.09,28.77
770,30.09,28.77
378,30.09,28.77
742,30.09,28.77
254,30.09,28.77
433,30.09,28.77
790,30.09,28.77
121,30.09,28.77
877,30.09,28.77
448,30.09,28.77
659,30.09,28.77
551,30.09,28.77
640,30.09,28.77
657,30.09,28.77
539,30.09,28.77
521,30.09,28.77
587,30.09,28.77
438,30.09,28.77
542,30.09,28.77
471,30.09,28.77
620,30.09,28.77
709,30.09,28.77
372,30.09,28.77
551,30.09,28.77
513,30.09,28.77
800,30.09,28.77
179,30.09,28.77
792,30.09,28.77
650,30.09,28.77
307,30.09,28.77
878,30.09,28.77
310,30.09,28.77
877,30.09,28.77
197,30.09,28.77
636,30.09,28.77
327,30.09,28.77
681,30.09,28.77
336,30.07,28.77
677,30.07,28.77
530,30.07,28.77
125,30.07,28.77
875,30.07,28.77
491,30.07,28.77
478,30.07,28.77
526,30.07,28.77
637,30.07,28.77
420,30.07,28.77
643,30.07,28.77
215,30.07,28.77
878,30.07,28.77
223,30.07,28.77
621,30.07,28.77
505,30.07,28.77
503,30.07,28.77
562,30.07,28.77
278,30.07,28.77
607,30.07,28.77
177,30.07,28.77
853,30.07,28.77
279,30.07,28.77
881,30.07,28.75
471,30.07,28.75
560,30.07,28.75
616,30.07,28.75
462,30.07,28.75
310,30.07,28.75
560,30.07,28.75
386,30.07,28.75
425,30.07,28.75
602,30.07,28.75
531,30.07,28.75
597,30.07,28.75
327,30.07,28.75
845,30.07,28.75
413,30.07,28.75
488,30.07,28.75
705,30.07,28.75
250,30.07,28.75
614,30.07,28.75
120,30.07,28.75
817,30.07,28.75
167,30.07,28.75
656,30.07,28.75
344,30.07,28.75
603,30.07,28.75
356,30.07,28.75
310,30.07,28.75
336,30.07,28.75
398,30.07,28.75
644,30.07,28.75
457,30.07,28.75
521,30.07,28.75
648,30.07,28.75
129,30.07,28.75
487,30.07,28.75
448,30.07,28.75
222,30.03,28.75
547,30.03,28.75
247,30.03,28.75
515,30.03,28.75
575,30.03,28.75
591,30.03,28.75
431,30.03,28.75
341,30.03,28.75
674,30.03,28.75
243,30.03,28.75
821,30.03,28.75
159,30.03,28.75
550,30.03,28.75
309,30.03,28.75
553,30.03,28.75
387,30.03,28.75
470,30.03,28.75
363,30.03,28.75
417,30.03,28.75
459,30.03,28.75
423,30.03,28.75
270,30.03,28.75
453,30.03,28.75
631,30.03,28.75
119,30.03,28.65
660,30.03,28.65
199,30.03,28.65
668,30.03,28.65
281,30.03,28.65
468,30.03,28.65
623,30.03,28.65
639,30.03,28.65
710,30.03,28.65
361,30.03,28.65
648,30.03,28.65
181,30.03,28.65
780,30.03,28.65
259,30.03,28.65
387,30.03,28.65
122,30.03,28.65
598,30.03,28.65
563,30.03,28.65
750,30.03,28.65
537,30.03,28.65
627,30.03,28.65
471,30.03,28.65
455,30.03,28.65
820,30.03,28.65
586,30.03,28.65
877,30.03,28.65
361,30.03,28.65
834,30.03,28.65
509,30.03,28.65
618,30.03,28.65
463,30.03,28.65
774,30.03,28.65
374,30.03,28.65
353,30.03,28.65
767,30.03,28.65
287,30.03,28.65
756,30.05,28.65
321,30.05,28.65
688,30.05,28.65
520,30.05,28.65
686,30.05,28.65
411,30.05,28.65
472,30.05,28.65
341,30.05,28.65
720,30.05,28.65
450,30.05,28.65
726,30.05,28.65
705,30.05,28.65
119,30.05,28.65
713,30.05,28.65
314,30.05,28.65
685,30.05,28.65
178,30.05,28.65
817,30.05,28.65
444,30.05,28.65
703,30.05,28.65
254,30.05,28.65
317,30.05,28.65
633,30.05,28.65
456,30.05,28.69
681,30.05,28.69
596,30.05,28.69
586,30.05,28.69
498,30.05,28.69
627,30.05,28.69
398,30.05,28.69
794,30.05,28.69
133,30.05,28.69
802,30.05,28.69
512,30.05,28.69
744,30.05,28.69
231,30.05,28.69
454,30.05,28.69
877,30.05,28.69
374,30.05,28.69
876,30.05,28.69
561,30.05,28.69
796,30.05,28.69
289,30.05,28.69
877,30.05,28.69
546,30.05,28.69
319,30.05,28.69
510,30.05,28.69
344,30.05,28.69
591,30.05,28.69
167,30.05,28.69
496,30.05,28.69
362,30.05,28.69
601,30.05,28.69
134,30.05,28.69
776,30.05,28.69
339,30.05,28.69
585,30.05,28.69
125,30.05,28.69
709,30.05,28.69
300,30.07,28.69
507,30.07,28.69
721,30.07,28.69
618,30.07,28.69
428,30.07,28.69
192,30.07,28.69
611,30.07,28.69
120,30.07,28.69
609,30.07,28.69
275,30.07,28.69
462,30.07,28.69
424,30.07,28.69
451,30.07,28.69
785,30.07,28.69
176,30.07,28.69
502,30.07,28.69
546,30.07,28.69
590,30.07,28.69
354,30.07,28.69
299,30.07,28.69
234,30.07,28.69
588,30.07,28.69
368,30.07,28.69
641,30.07,28.69
228,30.07,28.59
183,30.07,28.59
404,30.07,28.59
662,30.07,28.59
282,30.07,28.59
393,30.07,28.59
838,30.07,28.59
164,30.07,28.59
424,30.07,28.59
504,30.07,28.59
405,30.07,28.59
507,30.07,28.59
348,30.07,28.59
654,30.07,28.59
247,30.07,28.59
295,30.07,28.59
606,30.07,28.59
482,30.07,28.59
346,30.07,28.59
450,30.07,28.59
645,30.07,28.59
466,30.07,28.59
462,30.07,28.59
619,30.07,28.59
486,30.07,28.59
516,30.07,28.59
515,30.07,28.59
521,30.07,28.59
683,30.07,28.59
299,30.07,28.59
736,30.07,28.59
276,30.07,28.59
588,30.07,28.59
432,30.07,28.59
635,30.07,28.59
464,30.07,28.59
120,30.09,28.59
878,30.09,28.59
462,30.09,28.59
395,30.09,28.59
504,30.09,28.59
767,30.09,28.59
378,30.09,28.59
377,30.09,28.59
230,30.09,28.59
510,30.09,28.59
425,30.09,28.59
154,30.09,28.59
643,30.09,28.59
594,30.09,28.59
351,30.09,28.59
875,30.09,28.59
608,30.09,28.59
119,30.09,28.59
877,30.09,28.59
226,30.09,28.59
820,30.09,28.59
381,30.09,28.59
717,30.09,28.59
557,30.09,28.59
438,30.09,28.99
553,30.09,28.99
516,30.09,28.99
452,30.09,28.99
119,30.09,28.99
460,30.09,28.99
519,30.09,28.99
461,30.09,28.99
238,30.09,28.99
797,30.09,28.99
405,30.09,28.99
420,30.09,28.99
548,30.09,28.99
696,30.09,28.99
459,30.09,28.99
686,30.09,28.99
792,30.09,28.99
541,30.09,28.99
698,30.09,28.99
379,30.09,28.99
878,30.09,28.99
121,30.09,28.99
607,30.09,28.99
590,30.09,28.99
489,30.09,28.99
492,30.09,28.99
449,30.09,28.99
725,30.09,28.99
639,30.09,28.99
542,30.09,28.99
460,30.09,28.99
665,30.09,28.99
141,30.09,28.99
607,30.09,28.99
645,30.09,28.99
565,30.09,28.99
549,30.05,28.99
673,30.05,28.99
603,30.05,28.99
499,30.05,28.99
584,30.05,28.99
246,30.05,28.99
604,30.05,28.99
292,30.05,28.99
872,30.05,28.99
390,30.05,28.99
429,30.05,28.99
646,30.05,28.99
528,30.05,28.99
868,30.05,28.99
422,30.05,28.99
786,30.05,28.99
408,30.05,28.99
819,30.05,28.99
123,30.05,28.99
748,30.05,28.99
265,30.05,28.99
445,30.05,28.99
681,30.05,28.99
524,30.05,28.99
416,30.05,28.71
357,30.05,28.71
635,30.05,28.71
671,30.05,28.71
492,30.05,28.71
408,30.05,28.71
777,30.05,28.71
414,30.05,28.71
856,30.05,28.71
539,30.05,28.71
873,30.05,28.71
605,30.05,28.71
629,30.05,28.71
748,30.05,28.71
445,30.05,28.71
657,30.05,28.71
