390,29.67,28.39
877,29.67,28.39
129,29.67,28.39
672,29.67,28.39
489,29.67,28.39
728,29.67,28.39
122,29.67,28.39
876,29.67,28.39
579,29.67,28.39
682,29.67,28.39
724,29.67,28.39
634,29.67,28.39
543,29.67,28.51
502,29.67,28.51
877,29.67,28.51
121,29.67,28.51
876,29.67,28.51
142,29.67,28.51
876,29.67,28.51
121,29.67,28.51
358,29.67,28.51
582,29.67,28.51
578,29.67,28.51
192,29.67,28.51
358,29.67,28.51
697,29.67,28.51
252,29.67,28.51
600,29.67,28.51
268,29.67,28.51
709,29.67,28.51
326,29.67,28.51
710,29.67,28.51
261,29.67,28.51
353,29.67,28.51
123,29.67,28.51
520,29.67,28.51
250,29.67,28.51
580,29.67,28.51
398,29.67,28.51
441,29.67,28.51
697,29.67,28.51
120,29.67,28.51
878,29.67,28.51
360,29.67,28.51
536,29.67,28.51
282,29.67,28.51
633,29.67,28.51
282,29.67,28.51
333,29.65,28.51
678,29.65,28.51
496,29.65,28.51
433,29.65,28.51
169,29.65,28.51
435,29.65,28.51
375,29.65,28.51
474,29.65,28.51
561,29.65,28.51
555,29.65,28.51
120,29.65,28.51
877,29.65,28.51
443,29.65,28.51
397,29.65,28.51
527,29.65,28.51
307,29.65,28.51
546,29.65,28.51
325,29.65,28.51
534,29.65,28.51
204,29.65,28.51
664,29.65,28.51
340,29.65,28.51
701,29.65,28.51
635,29.65,28.51
532,29.65,28.31
787,29.65,28.31
292,29.65,28.31
402,29.65,28.31
529,29.65,28.31
819,29.65,28.31
712,29.65,28.31
534,29.65,28.31
508,29.65,28.31
719,29.65,28.31
284,29.65,28.31
842,29.65,28.31
279,29.65,28.31
708,29.65,28.31
519,29.65,28.31
708,29.65,28.31
454,29.65,28.31
536,29.65,28.31
835,29.65,28.31
404,29.65,28.31
817,29.65,28.31
124,29.65,28.31
803,29.65,28.31
670,29.65,28.31
781,29.65,28.31
484,29.65,28.31
874,29.65,28.31
633,29.65,28.31
607,29.65,28.31
417,29.65,28.31
843,29.65,28.31
263,29.65,28.31
545,29.65,28.31
632,29.65,28.31
119,29.65,28.31
674,29.65,28.31
312,29.69,28.31
863,29.69,28.31
353,29.69,28.31
613,29.69,28.31
389,29.69,28.31
828,29.69,28.31
216,29.69,28.31
514,29.69,28.31
413,29.69,28.31
483,29.69,28.31
418,29.69,28.31
668,29.69,28.31
192,29.69,28.31
389,29.69,28.31
618,29.69,28.31
373,29.69,28.31
464,29.69,28.31
409,29.69,28.31
840,29.69,28.31
524,29.69,28.31
490,29.69,28.31
295,29.69,28.31
739,29.69,28.31
683,29.69,28.31
410,29.69,28.43
679,29.69,28.43
241,29.69,28.43
693,29.69,28.43
598,29.69,28.43
624,29.69,28.43
487,29.69,28.43
806,29.69,28.43
452,29.69,28.43
427,29.69,28.43
479,29.69,28.43
737,29.69,28.43
272,29.69,28.43
788,29.69,28.43
556,29.69,28.43
326,29.69,28.43
617,29.69,28.43
420,29.69,28.43
785,29.69,28.43
227,29.69,28.43
328,29.69,28.43
563,29.69,28.43
790,29.69,28.43
510,29.69,28.43
685,29.69,28.43
507,29.69,28.43
353,29.69,28.43
422,29.69,28.43
357,29.69,28.43
422,29.69,28.43
517,29.69,28.43
717,29.69,28.43
519,29.69,28.43
680,29.69,28.43
126,29.69,28.43
857,29.69,28.43
317,29.65,28.43
736,29.65,28.43
307,29.65,28.43
539,29.65,28.43
445,29.65,28.43
450,29.65,28.43
714,29.65,28.43
308,29.65,28.43
523,29.65,28.43
434,29.65,28.43
858,29.65,28.43
323,29.65,28.43
612,29.65,28.43
529,29.65,28.43
619,29.65,28.43
511,29.65,28.43
643,29.65,28.43
306,29.65,28.43
672,29.65,28.43
368,29.65,28.43
574,29.65,28.43
544,29.65,28.43
214,29.65,28.43
738,29.65,28.57
313,29.65,28.57
729,29.65,28.57
292,29.65,28.57
551,29.65,28.57
606,29.65,28.57
284,29.65,28.57
395,29.65,28.57
601,29.65,28.57
550,29.65,28.57
161,29.65,28.57
749,29.65,28.57
358,29.65,28.57
538,29.65,28.57
324,29.65,28.57
579,29.65,28.57
305,29.65,28.57
390,29.65,28.57
279,29.65,28.57
550,29.65,28.57
240,29.65,28.57
623,29.65,28.57
700,29.65,28.57
277,29.65,28.57
619,29.65,28.57
397,29.65,28.57
652,29.65,28.57
274,29.65,28.57
564,29.65,28.57
395,29.65,28.57
660,29.65,28.57
193,29.65,28.57
265,29.65,28.57
607,29.65,28.57
568,29.65,28.57
491,29.65,28.57
510,29.67,28.57
471,29.67,28.57
409,29.67,28.57
511,29.67,28.57
425,29.67,28.57
465,29.67,28.57
215,29.67,28.57
878,29.67,28.57
242,29.67,28.57
874,29.67,28.57
430,29.67,28.57
560,29.67,28.57
382,29.67,28.57
469,29.67,28.57
579,29.67,28.57
673,29.67,28.57
557,29.67,28.57
630,29.67,28.57
761,29.67,28.57
453,29.67,28.57
736,29.67,28.57
770,29.67,28.57
563,29.67,28.57
328,29.67,28.57
877,29.67,28.43
201,29.67,28.43
713,29.67,28.43
494,29.67,28.43
682,29.67,28.43
516,29.67,28.43
289,29.67,28.43
681,29.67,28.43
397,29.67,28.43
585,29.67,28.43
523,29.67,28.43
610,29.67,28.43
564,29.67,28.43
472,29.67,28.43
663,29.67,28.43
875,29.67,28.43
349,29.67,28.43
524,29.67,28.43
626,29.67,28.43
548,29.67,28.43
433,29.67,28.43
639,29.67,28.43
537,29.67,28.43
120,29.67,28.43
877,29.67,28.43
121,29.67,28.43
760,29.67,28.43
333,29.67,28.43
589,29.67,28.43
275,29.67,28.43
283,29.67,28.43
791,29.67,28.43
531,29.67,28.43
330,29.67,28.43
407,29.67,28.43
452,29.67,28.43
292,29.61,28.43
572,29.61,28.43
332,29.61,28.43
737,29.61,28.43
178,29.61,28.43
481,29.61,28.43
551,29.61,28.43
397,29.61,28.43
121,29.61,28.43
647,29.61,28.43
620,29.61,28.43
222,29.61,28.43
858,29.61,28.43
228,29.61,28.43
604,29.61,28.43
389,29.61,28.43
354,29.61,28.43
141,29.61,28.43
490,29.61,28.43
359,29.61,28.43
402,29.61,28.43
241,29.61,28.43
344,29.61,28.43
455,29.61,28.39
842,29.61,28.39
370,29.61,28.39
613,29.61,28.39
655,29.61,28.39
319,29.61,28.39
479,29.61,28.39
385,29.61,28.39
655,29.61,28.39
435,29.61,28.39
715,29.61,28.39
211,29.61,28.39
572,29.61,28.39
472,29.61,28.39
381,29.61,28.39
877,29.61,28.39
217,29.61,28.39
573,29.61,28.39
565,29.61,28.39
359,29.61,28.39
571,29.61,28.39
756,29.61,28.39
180,29.61,28.39
736,29.61,28.39
591,29.61,28.39
654,29.61,28.39
192,29.61,28.39
694,29.61,28.39
529,29.61,28.39
706,29.61,28.39
572,29.61,28.39
223,29.61,28.39
877,29.61,28.39
119,29.61,28.39
877,29.61,28.39
123,29.61,28.39
664,29.67,28.39
397,29.67,28.39
539,29.67,28.39
633,29.67,28.39
609,29.67,28.39
249,29.67,28.39
801,29.67,28.39
644,29.67,28.39
189,29.67,28.39
459,29.67,28.39
214,29.67,28.39
515,29.67,28.39
178,29.67,28.39
544,29.67,28.39
119,29.67,28.39
584,29.67,28.39
250,29.67,28.39
500,29.67,28.39
423,29.67,28.39
135,29.67,28.39
744,29.67,28.39
270,29.67,28.39
478,29.67,28.39
319,29.67,28.39
722,29.67,28.63
173,29.67,28.63
438,29.67,28.63
493,29.67,28.63
699,29.67,28.63
119,29.67,28.63
620,29.67,28.63
712,29.67,28.63
547,29.67,28.63
353,29.67,28.63
504,29.67,28.63
652,29.67,28.63
317,29.67,28.63
678,29.67,28.63
299,29.67,28.63
438,29.67,28.63
426,29.67,28.63
688,29.67,28.63
215,29.67,28.63
516,29.67,28.63
281,29.67,28.63
517,29.67,28.63
531,29.67,28.63
387,29.67,28.63
434,29.67,28.63
681,29.67,28.63
595,29.67,28.63
378,29.67,28.63
877,29.67,28.63
345,29.67,28.63
434,29.67,28.63
403,29.67,28.63
669,29.67,28.63
201,29.67,28.63
655,29.67,28.63
202,29.67,28.63
661,29.65,28.63
606,29.65,28.63
348,29.65,28.63
718,29.65,28.63
341,29.65,28.63
802,29.65,28.63
419,29.65,28.63
378,29.65,28.63
634,29.65,28.63
466,29.65,28.63
703,29.65,28.63
693,29.65,28.63
540,29.65,28.63
