336,27.61,26.71
329,27.61,26.71
217,27.61,26.71
230,27.61,26.71
277,27.61,26.71
609,27.61,26.71
510,27.61,26.71
785,27.61,26.71
230,27.61,26.71
606,27.61,26.71
248,27.61,26.71
873,27.61,26.71
292,27.61,26.71
554,27.61,26.71
494,27.61,26.71
509,27.61,26.71
603,27.61,26.71
213,27.61,26.71
703,27.61,26.71
122,27.61,26.71
777,27.61,26.71
292,27.61,26.71
648,27.61,26.71
126,27.61,26.71
638,27.61,26.71
624,27.61,26.71
444,27.61,26.71
136,27.61,26.71
612,27.61,26.71
333,27.61,26.71
368,27.61,26.71
492,27.61,26.71
244,27.61,26.71
658,27.61,26.71
281,27.61,26.71
623,27.61,26.71
168,27.61,26.71
596,27.61,26.79
294,27.61,26.79
556,27.61,26.79
648,27.61,26.79
563,27.61,26.79
723,27.61,26.79
524,27.61,26.79
560,27.61,26.79
287,27.61,26.79
662,27.61,26.79
536,27.61,26.79
677,27.61,26.79
314,27.61,26.79
611,27.61,26.79
126,27.61,26.79
782,27.61,26.79
294,27.61,26.79
650,27.61,26.79
594,27.61,26.79
134,27.61,26.79
715,27.61,26.79
519,27.61,26.79
690,27.61,26.79
343,27.61,26.79
688,27.61,26.79
416,27.61,26.79
858,27.61,26.79
562,27.61,26.79
582,27.61,26.79
563,27.61,26.79
687,27.61,26.79
445,27.61,26.79
459,27.61,26.79
508,27.61,26.79
574,27.61,26.79
736,27.61,26.79
428,27.61,26.79
602,27.61,26.79
127,27.61,26.79
874,27.61,26.79
129,27.61,26.79
444,27.61,26.79
538,27.61,26.79
592,27.61,26.79
555,27.61,26.79
448,27.61,26.79
860,27.61,26.79
284,27.61,26.79
582,27.61,26.79
166,27.61,26.79
756,27.61,26.79
370,27.61,26.79
445,27.61,26.79
512,27.61,26.79
713,27.61,26.79
302,27.61,26.79
421,27.61,26.79
716,27.61,26.79
509,27.61,26.79
329,27.61,26.79
529,27.61,26.79
527,27.61,26.71
121,27.61,26.71
750,27.61,26.71
243,27.61,26.71
448,27.61,26.71
230,27.61,26.71
487,27.61,26.71
463,27.61,26.71
263,27.61,26.71
407,27.61,26.71
457,27.61,26.71
523,27.61,26.71
129,27.61,26.71
763,27.61,26.71
480,27.61,26.71
527,27.61,26.71
579,27.61,26.71
325,27.61,26.71
329,27.61,26.71
593,27.61,26.71
419,27.61,26.71
703,27.61,26.71
409,27.61,26.71
601,27.61,26.71
676,27.61,26.71
332,27.61,26.71
642,27.61,26.71
314,27.61,26.71
736,27.61,26.71
276,27.61,26.71
356,27.61,26.71
345,27.61,26.71
579,27.61,26.71
244,27.61,26.71
651,27.61,26.71
585,27.61,26.71
245,27.61,26.71
623,27.61,26.71
678,27.61,26.71
383,27.61,26.71
375,27.61,26.71
710,27.61,26.71
403,27.61,26.71
665,27.61,26.71
124,27.61,26.71
799,27.61,26.71
477,27.61,26.71
669,27.61,26.71
445,27.61,26.71
692,27.61,26.71
525,27.61,26.71
565,27.61,26.71
813,27.61,26.71
514,27.61,26.71
862,27.61,26.71
291,27.61,26.71
606,27.61,26.71
408,27.61,26.71
544,27.61,26.71
472,27.61,26.71
518,27.61,26.67
427,27.61,26.67
699,27.61,26.67
478,27.61,26.67
757,27.61,26.67
695,27.61,26.67
351,27.61,26.67
613,27.61,26.67
124,27.61,26.67
875,27.61,26.67
149,27.61,26.67
715,27.61,26.67
377,27.61,26.67
407,27.61,26.67
526,27.61,26.67
385,27.61,26.67
683,27.61,26.67
172,27.61,26.67
816,27.61,26.67
360,27.61,26.67
663,27.61,26.67
530,27.61,26.67
792,27.61,26.67
852,27.61,26.67
684,27.61,26.67
183,27.61,26.67
709,27.61,26.67
398,27.61,26.67
473,27.61,26.67
236,27.61,26.67
364,27.61,26.67
543,27.61,26.67
121,27.61,26.67
729,27.61,26.67
141,27.61,26.67
501,27.61,26.67
269,27.57,26.67
403,27.57,26.67
407,27.57,26.67
365,27.57,26.67
536,27.57,26.67
258,27.57,26.67
321,27.57,26.67
175,27.57,26.67
494,27.57,26.67
480,27.57,26.67
346,27.57,26.67
523,27.57,26.67
662,27.57,26.67
206,27.57,26.67
783,27.57,26.67
409,27.57,26.67
521,27.57,26.67
521,27.57,26.67
473,27.57,26.67
211,27.57,26.67
409,27.57,26.67
621,27.57,26.67
279,27.57,26.67
362,27.57,26.67
556,27.57,26.55
538,27.57,26.55
265,27.57,26.55
294,27.57,26.55
362,27.57,26.55
483,27.57,26.55
617,27.57,26.55
428,27.57,26.55
531,27.57,26.55
699,27.57,26.55
299,27.57,26.55
722,27.57,26.55
730,27.57,26.55
366,27.57,26.55
651,27.57,26.55
366,27.57,26.55
758,27.57,26.55
320,27.57,26.55
384,27.57,26.55
700,27.57,26.55
466,27.57,26.55
447,27.57,26.55
349,27.57,26.55
496,27.57,26.55
127,27.57,26.55
817,27.57,26.55
279,27.57,26.55
665,27.57,26.55
642,27.57,26.55
794,27.57,26.55
318,27.57,26.55
450,27.57,26.55
487,27.57,26.55
537,27.57,26.55
376,27.57,26.55
524,27.57,26.55
638,27.59,26.55
363,27.59,26.55
720,27.59,26.55
123,27.59,26.55
874,27.59,26.55
563,27.59,26.55
692,27.59,26.55
652,27.59,26.55
607,27.59,26.55
364,27.59,26.55
429,27.59,26.55
728,27.59,26.55
308,27.59,26.55
705,27.59,26.55
725,27.59,26.55
656,27.59,26.55
403,27.59,26.55
546,27.59,26.55
124,27.59,26.55
731,27.59,26.55
121,27.59,26.55
847,27.59,26.55
337,27.59,26.55
755,27.59,26.55
468,27.59,26.61
628,27.59,26.61
569,27.59,26.61
397,27.59,26.61
347,27.59,26.61
399,27.59,26.61
561,27.59,26.61
363,27.59,26.61
547,27.59,26.61
435,27.59,26.61
408,27.59,26.61
200,27.59,26.61
662,27.59,26.61
284,27.59,26.61
845,27.59,26.61
172,27.59,26.61
486,27.59,26.61
633,27.59,26.61
467,27.59,26.61
654,27.59,26.61
127,27.59,26.61
511,27.59,26.61
194,27.59,26.61
772,27.59,26.61
246,27.59,26.61
371,27.59,26.61
236,27.59,26.61
454,27.59,26.61
335,27.59,26.61
478,27.59,26.61
387,27.59,26.61
336,27.59,26.61
747,27.59,26.61
271,27.59,26.61
419,27.59,26.61
420,27.59,26.61
626,27.61,26.61
434,27.61,26.61
776,27.61,26.61
268,27.61,26.61
871,27.61,26.61
288,27.61,26.61
282,27.61,26.61
288,27.61,26.61
461,27.61,26.61
731,27.61,26.61
524,27.61,26.61
625,27.61,26.61
122,27.61,26.61
742,27.61,26.61
512,27.61,26.61
614,27.61,26.61
489,27.61,26.61
716,27.61,26.61
688,27.61,26.61
566,27.61,26.61
336,27.61,26.61
729,27.61,26.61
461,27.61,26.61
675,27.61,26.61
540,27.61,26.65
469,27.61,26.65
504,27.61,26.65
360,27.61,26.65
764,27.61,26.65
210,27.61,26.65
657,27.61,26.65
477,27.61,26.65
698,27.61,26.65
629,27.61,26.65
337,27.61,26.65
302,27.61,26.65
595,27.61,26.65
627,27.61,26.65
390,27.61,26.65
265,27.61,26.65
359,27.61,26.65
647,27.61,26.65
290,27.61,26.65
431,27.61,26.65
298,27.61,26.65
757,27.61,26.65
286,27.61,26.65
549,27.61,26.65
575,27.61,26.65
390,27.61,26.65
661,27.61,26.65
301,27.61,26.65
873,27.61,26.65
242,27.61,26.65
612,27.61,26.65
443,27.61,26.65
528,27.61,26.65
442,27.61,26.65
621,27.61,26.65
416,27.61,26.65
562,27.63,26.65
405,27.63,26.65
341,27.63,26.65
508,27.63,26.65
122,27.63,26.65
830,27.63,26.65
255,27.63,26.65
575,27.63,26.65
290,27.63,26.65
850,27.63,26.65
377,27.63,26.65
413,27.63,26.65
395,27.63,26.65
373,27.63,26.65
631,27.63,26.65
160,27.63,26.65
760,27.63,26.65
183,27.63,26.65
711,27.63,26.65
205,27.63,26.65
658,27.63,26.65
419,27.63,26.65
265,27.63,26.65
611,27.63,26.65
655,27.63,26.83
438,27.63,26.83
502,27.63,26.83
631,27.63,26.83
414,27.63,26.83
472,27.63,26.83
576,27.63,26.83
396,27.63,26.83
228,27.63,26.83
571,27.63,26.83
271,27.63,26.83
868,27.63,26.83
125,27.63,26.83
740,27.63,26.83
660,27.63,26.83
439,27.63,26.83
604,27.63,26.83
571,27.63,26.83
574,27.63,26.83
215,27.63,26.83
655,27.63,26.83
