672,27.17,26.43
216,27.17,26.43
446,27.17,26.43
124,27.17,26.43
157,27.17,26.43
632,27.17,26.43
627,27.17,26.43
410,27.17,26.43
119,27.17,26.43
603,27.17,26.43
722,27.17,26.43
487,27.17,26.43
371,27.17,26.43
517,27.17,26.43
180,27.17,26.43
617,27.17,26.43
259,27.17,26.43
738,27.17,26.43
320,27.17,26.43
776,27.17,26.43
625,27.17,26.43
511,27.17,26.43
628,27.17,26.43
349,27.17,26.43
871,27.17,26.43
347,27.17,26.43
451,27.17,26.43
594,27.17,26.43
869,27.17,26.59
415,27.17,26.59
675,27.17,26.59
496,27.17,26.59
759,27.17,26.59
370,27.17,26.59
718,27.17,26.59
257,27.17,26.59
453,27.17,26.59
643,27.17,26.59
610,27.17,26.59
690,27.17,26.59
155,27.17,26.59
872,27.17,26.59
288,27.17,26.59
748,27.17,26.59
121,27.17,26.59
636,27.17,26.59
513,27.17,26.59
566,27.17,26.59
673,27.17,26.59
675,27.17,26.59
174,27.17,26.59
869,27.17,26.59
653,27.17,26.59
327,27.17,26.59
668,27.17,26.59
381,27.17,26.59
486,27.17,26.59
338,27.17,26.59
446,27.17,26.59
593,27.17,26.59
631,27.17,26.59
124,27.17,26.59
791,27.17,26.59
617,27.17,26.59
244,27.13,26.59
618,27.13,26.59
446,27.13,26.59
636,27.13,26.59
328,27.13,26.59
634,27.13,26.59
486,27.13,26.59
346,27.13,26.59
280,27.13,26.59
630,27.13,26.59
232,27.13,26.59
616,27.13,26.59
576,27.13,26.59
448,27.13,26.59
811,27.13,26.59
531,27.13,26.59
565,27.13,26.59
498,27.13,26.59
691,27.13,26.59
323,27.13,26.59
868,27.13,26.59
127,27.13,26.59
735,27.13,26.59
770,27.13,26.59
259,27.13,26.37
583,27.13,26.37
531,27.13,26.37
613,27.13,26.37
131,27.13,26.37
538,27.13,26.37
430,27.13,26.37
499,27.13,26.37
348,27.13,26.37
810,27.13,26.37
174,27.13,26.37
730,27.13,26.37
316,27.13,26.37
763,27.13,26.37
692,27.13,26.37
548,27.13,26.37
379,27.13,26.37
283,27.13,26.37
564,27.13,26.37
295,27.13,26.37
871,27.13,26.37
162,27.13,26.37
731,27.13,26.37
441,27.13,26.37
374,27.13,26.37
525,27.13,26.37
507,27.13,26.37
731,27.13,26.37
304,27.13,26.37
446,27.13,26.37
569,27.13,26.37
511,27.13,26.37
408,27.13,26.37
769,27.13,26.37
288,27.13,26.37
805,27.13,26.37
468,27.17,26.37
839,27.17,26.37
226,27.17,26.37
735,27.17,26.37
545,27.17,26.37
255,27.17,26.37
762,27.17,26.37
395,27.17,26.37
647,27.17,26.37
364,27.17,26.37
704,27.17,26.37
458,27.17,26.37
773,27.17,26.37
504,27.17,26.37
585,27.17,26.37
375,27.17,26.37
535,27.17,26.37
455,27.17,26.37
628,27.17,26.37
444,27.17,26.37
403,27.17,26.37
689,27.17,26.37
535,27.17,26.37
576,27.17,26.37
150,27.17,26.41
840,27.17,26.41
128,27.17,26.41
716,27.17,26.41
490,27.17,26.41
607,27.17,26.41
535,27.17,26.41
469,27.17,26.41
418,27.17,26.41
273,27.17,26.41
360,27.17,26.41
535,27.17,26.41
669,27.17,26.41
673,27.17,26.41
576,27.17,26.41
325,27.17,26.41
761,27.17,26.41
128,27.17,26.41
841,27.17,26.41
473,27.17,26.41
570,27.17,26.41
307,27.17,26.41
615,27.17,26.41
507,27.17,26.41
329,27.17,26.41
767,27.17,26.41
155,27.17,26.41
740,27.17,26.41
130,27.17,26.41
810,27.17,26.41
255,27.17,26.41
301,27.17,26.41
686,27.17,26.41
543,27.17,26.41
286,27.17,26.41
420,27.17,26.41
716,27.17,26.41
482,27.17,26.41
559,27.17,26.41
147,27.17,26.41
728,27.17,26.41
123,27.17,26.41
663,27.17,26.41
424,27.17,26.41
852,27.17,26.41
133,27.17,26.41
751,27.17,26.41
586,27.17,26.41
390,27.17,26.41
732,27.17,26.41
569,27.17,26.41
842,27.17,26.41
125,27.17,26.41
452,27.17,26.41
401,27.17,26.41
420,27.17,26.41
382,27.17,26.41
490,27.17,26.41
357,27.17,26.41
606,27.17,26.41
419,27.17,26.35
407,27.17,26.35
655,27.17,26.35
162,27.17,26.35
852,27.17,26.35
309,27.17,26.35
682,27.17,26.35
143,27.17,26.35
872,27.17,26.35
250,27.17,26.35
516,27.17,26.35
501,27.17,26.35
587,27.17,26.35
640,27.17,26.35
412,27.17,26.35
622,27.17,26.35
601,27.17,26.35
867,27.17,26.35
360,27.17,26.35
565,27.17,26.35
271,27.17,26.35
658,27.17,26.35
409,27.17,26.35
822,27.17,26.35
199,27.17,26.35
796,27.17,26.35
761,27.17,26.35
652,27.17,26.35
443,27.17,26.35
616,27.17,26.35
850,27.17,26.35
202,27.17,26.35
652,27.17,26.35
437,27.17,26.35
600,27.17,26.35
144,27.17,26.35
711,27.17,26.35
366,27.17,26.35
329,27.17,26.35
876,27.17,26.35
486,27.17,26.35
530,27.17,26.35
280,27.17,26.35
807,27.17,26.35
517,27.17,26.35
830,27.17,26.35
122,27.17,26.35
874,27.17,26.35
498,27.17,26.35
351,27.17,26.35
622,27.17,26.35
256,27.17,26.35
351,27.17,26.35
572,27.17,26.35
560,27.17,26.35
124,27.17,26.35
681,27.17,26.35
320,27.17,26.35
745,27.17,26.35
153,27.17,26.35
320,27.17,26.37
495,27.17,26.37
487,27.17,26.37
269,27.17,26.37
307,27.17,26.37
211,27.17,26.37
526,27.17,26.37
569,27.17,26.37
355,27.17,26.37
496,27.17,26.37
227,27.17,26.37
873,27.17,26.37
122,27.17,26.37
577,27.17,26.37
505,27.17,26.37
400,27.17,26.37
162,27.17,26.37
336,27.17,26.37
258,27.17,26.37
126,27.17,26.37
680,27.17,26.37
485,27.17,26.37
549,27.17,26.37
607,27.17,26.37
604,27.17,26.37
331,27.17,26.37
642,27.17,26.37
134,27.17,26.37
542,27.17,26.37
228,27.17,26.37
460,27.17,26.37
587,27.17,26.37
667,27.17,26.37
401,27.17,26.37
349,27.17,26.37
874,27.17,26.37
126,27.21,26.37
676,27.21,26.37
347,27.21,26.37
606,27.21,26.37
154,27.21,26.37
453,27.21,26.37
650,27.21,26.37
260,27.21,26.37
467,27.21,26.37
407,27.21,26.37
625,27.21,26.37
160,27.21,26.37
595,27.21,26.37
819,27.21,26.37
608,27.21,26.37
342,27.21,26.37
736,27.21,26.37
319,27.21,26.37
730,27.21,26.37
346,27.21,26.37
696,27.21,26.37
637,27.21,26.37
514,27.21,26.37
690,27.21,26.37
465,27.21,26.27
697,27.21,26.27
302,27.21,26.27
873,27.21,26.27
122,27.21,26.27
568,27.21,26.27
658,27.21,26.27
639,27.21,26.27
486,27.21,26.27
363,27.21,26.27
477,27.21,26.27
403,27.21,26.27
434,27.21,26.27
564,27.21,26.27
776,27.21,26.27
122,27.21,26.27
548,27.21,26.27
450,27.21,26.27
845,27.21,26.27
142,27.21,26.27
815,27.21,26.27
428,27.21,26.27
816,27.21,26.27
472,27.21,26.27
390,27.21,26.27
873,27.21,26.27
230,27.21,26.27
596,27.21,26.27
295,27.21,26.27
592,27.21,26.27
360,27.21,26.27
645,27.21,26.27
338,27.21,26.27
397,27.21,26.27
509,27.21,26.27
770,27.21,26.27
125,27.21,26.27
483,27.17,26.27
509,27.17,26.27
198,27.17,26.27
795,27.17,26.27
262,27.17,26.27
873,27.17,26.27
122,27.17,26.27
759,27.17,26.27
168,27.17,26.27
677,27.17,26.27
249,27.17,26.27
547,27.17,26.27
400,27.17,26.27
402,27.17,26.27
450,27.17,26.27
410,27.17,26.27
490,27.17,26.27
631,27.17,26.27
488,27.17,26.27
316,27.17,26.27
673,27.17,26.27
165,27.17,26.27
831,27.17,26.27
157,27.17,26.47
873,27.17,26.47
531,27.17,26.47
579,27.17,26.47
350,27.17,26.47
454,27.17,26.47
420,27.17,26.47
314,27.17,26.47
799,27.17,26.47
289,27.17,26.47
595,27.17,26.47
356,27.17,26.47
767,27.17,26.47
522,27.17,26.47
556,27.17,26.47
691,27.17,26.47
484,27.17,26.47
311,27.17,26.47
523,27.17,26.47
401,27.17,26.47
599,27.17,26.47
543,27.17,26.47
379,27.17,26.47
679,27.17,26.47
353,27.17,26.47
637,27.17,26.47
767,27.17,26.47
768,27.17,26.47
141,27.17,26.47
874,27.17,26.47
