877,28.29,27.17
237,28.29,27.17
728,28.29,27.17
523,28.29,27.17
798,28.29,27.09
664,28.29,27.09
846,28.29,27.09
697,28.29,27.09
832,28.29,27.09
367,28.29,27.09
679,28.29,27.09
871,28.29,27.09
129,28.29,27.09
659,28.29,27.09
388,28.29,27.09
795,28.29,27.09
130,28.29,27.09
718,28.29,27.09
339,28.29,27.09
387,28.29,27.09
413,28.29,27.09
367,28.29,27.09
696,28.29,27.09
155,28.29,27.09
831,28.29,27.09
425,28.29,27.09
374,28.29,27.09
687,28.29,27.09
712,28.29,27.09
329,28.29,27.09
534,28.29,27.09
481,28.29,27.09
384,28.29,27.09
595,28.29,27.09
297,28.29,27.09
620,28.29,27.09
634,28.29,27.09
639,28.29,27.09
314,28.29,27.09
722,28.29,27.09
247,28.29,27.09
434,28.29,27.09
139,28.29,27.09
388,28.29,27.09
480,28.29,27.09
184,28.29,27.09
652,28.29,27.09
121,28.29,27.09
857,28.29,27.09
206,28.29,27.09
490,28.29,27.09
304,28.29,27.09
232,28.29,27.09
576,28.29,27.09
494,28.29,27.09
351,28.29,27.09
579,28.29,27.09
877,28.29,27.09
343,28.29,27.09
470,28.29,27.09
504,28.29,27.09
553,28.29,27.09
256,28.29,27.09
429,28.29,27.09
375,28.29,27.09
506,28.29,27.23
493,28.29,27.23
645,28.29,27.23
610,28.29,27.23
231,28.29,27.23
843,28.29,27.23
120,28.29,27.23
587,28.29,27.23
366,28.29,27.23
273,28.29,27.23
385,28.29,27.23
291,28.29,27.23
489,28.29,27.23
324,28.29,27.23
583,28.29,27.23
204,28.29,27.23
574,28.29,27.23
379,28.29,27.23
524,28.29,27.23
594,28.29,27.23
405,28.29,27.23
370,28.29,27.23
602,28.29,27.23
372,28.29,27.23
829,28.29,27.23
397,28.29,27.23
495,28.29,27.23
519,28.29,27.23
385,28.29,27.23
416,28.29,27.23
422,28.29,27.23
726,28.29,27.23
122,28.29,27.23
811,28.29,27.23
123,28.29,27.23
220,28.29,27.23
835,28.27,27.23
209,28.27,27.23
702,28.27,27.23
557,28.27,27.23
825,28.27,27.23
363,28.27,27.23
466,28.27,27.23
737,28.27,27.23
524,28.27,27.23
491,28.27,27.23
514,28.27,27.23
410,28.27,27.23
485,28.27,27.23
123,28.27,27.23
758,28.27,27.23
402,28.27,27.23
228,28.27,27.23
727,28.27,27.23
689,28.27,27.23
392,28.27,27.23
313,28.27,27.23
724,28.27,27.23
546,28.27,27.23
553,28.27,27.23
364,28.27,27.11
759,28.27,27.11
480,28.27,27.11
646,28.27,27.11
417,28.27,27.11
552,28.27,27.11
268,28.27,27.11
678,28.27,27.11
720,28.27,27.11
573,28.27,27.11
528,28.27,27.11
354,28.27,27.11
875,28.27,27.11
133,28.27,27.11
703,28.27,27.11
483,28.27,27.11
269,28.27,27.11
436,28.27,27.11
494,28.27,27.11
527,28.27,27.11
445,28.27,27.11
342,28.27,27.11
161,28.27,27.11
692,28.27,27.11
129,28.27,27.11
609,28.27,27.11
450,28.27,27.11
544,28.27,27.11
321,28.27,27.11
875,28.27,27.11
275,28.27,27.11
558,28.27,27.11
566,28.27,27.11
380,28.27,27.11
231,28.27,27.11
332,28.27,27.11
772,28.31,27.11
120,28.31,27.11
427,28.31,27.11
321,28.31,27.11
559,28.31,27.11
283,28.31,27.11
617,28.31,27.11
471,28.31,27.11
876,28.31,27.11
120,28.31,27.11
663,28.31,27.11
713,28.31,27.11
431,28.31,27.11
679,28.31,27.11
721,28.31,27.11
262,28.31,27.11
288,28.31,27.11
734,28.31,27.11
299,28.31,27.11
808,28.31,27.11
437,28.31,27.11
665,28.31,27.11
285,28.31,27.11
595,28.31,27.15
356,28.31,27.15
407,28.31,27.15
392,28.31,27.15
688,28.31,27.15
420,28.31,27.15
553,28.31,27.15
283,28.31,27.15
614,28.31,27.15
766,28.31,27.15
552,28.31,27.15
529,28.31,27.15
491,28.31,27.15
494,28.31,27.15
347,28.31,27.15
658,28.31,27.15
248,28.31,27.15
454,28.31,27.15
731,28.31,27.15
267,28.31,27.15
692,28.31,27.15
294,28.31,27.15
761,28.31,27.15
579,28.31,27.15
478,28.31,27.15
309,28.31,27.15
646,28.31,27.15
516,28.31,27.15
675,28.31,27.15
398,28.31,27.15
386,28.31,27.15
197,28.31,27.15
513,28.31,27.15
388,28.31,27.15
317,28.31,27.15
674,28.31,27.15
220,28.31,27.15
713,28.33,27.15
199,28.33,27.15
643,28.33,27.15
400,28.33,27.15
514,28.33,27.15
387,28.33,27.15
361,28.33,27.15
516,28.33,27.15
593,28.33,27.15
529,28.33,27.15
417,28.33,27.15
530,28.33,27.15
288,28.33,27.15
741,28.33,27.15
152,28.33,27.15
498,28.33,27.15
482,28.33,27.15
355,28.33,27.15
284,28.33,27.15
795,28.33,27.15
302,28.33,27.15
605,28.33,27.15
527,28.33,27.15
319,28.33,27.11
459,28.33,27.11
231,28.33,27.11
767,28.33,27.11
209,28.33,27.11
346,28.33,27.11
461,28.33,27.11
579,28.33,27.11
556,28.33,27.11
511,28.33,27.11
387,28.33,27.11
676,28.33,27.11
665,28.33,27.11
460,28.33,27.11
847,28.33,27.11
385,28.33,27.11
475,28.33,27.11
562,28.33,27.11
721,28.33,27.11
174,28.33,27.11
748,28.33,27.11
516,28.33,27.11
826,28.33,27.11
241,28.33,27.11
768,28.33,27.11
642,28.33,27.11
213,28.33,27.11
803,28.33,27.11
566,28.33,27.11
506,28.33,27.11
391,28.33,27.11
822,28.33,27.11
446,28.33,27.11
847,28.33,27.11
308,28.33,27.11
874,28.33,27.11
343,28.33,27.11
723,28.29,27.11
696,28.29,27.11
720,28.29,27.11
472,28.29,27.11
588,28.29,27.11
819,28.29,27.11
120,28.29,27.11
659,28.29,27.11
474,28.29,27.11
876,28.29,27.11
395,28.29,27.11
603,28.29,27.11
706,28.29,27.11
666,28.29,27.11
406,28.29,27.11
523,28.29,27.11
660,28.29,27.11
412,28.29,27.11
634,28.29,27.11
634,28.29,27.11
876,28.29,27.11
120,28.29,27.11
654,28.29,27.11
328,28.29,27.29
738,28.29,27.29
411,28.29,27.29
804,28.29,27.29
677,28.29,27.29
388,28.29,27.29
466,28.29,27.29
615,28.29,27.29
601,28.29,27.29
121,28.29,27.29
878,28.29,27.29
120,28.29,27.29
535,28.29,27.29
545,28.29,27.29
334,28.29,27.29
348,28.29,27.29
392,28.29,27.29
124,28.29,27.29
515,28.29,27.29
353,28.29,27.29
457,28.29,27.29
784,28.29,27.29
371,28.29,27.29
451,28.29,27.29
447,28.29,27.29
876,28.29,27.29
408,28.29,27.29
737,28.29,27.29
247,28.29,27.29
512,28.29,27.29
489,28.29,27.29
162,28.29,27.29
700,28.29,27.29
121,28.29,27.29
579,28.29,27.29
300,28.29,27.29
469,28.29,27.29
163,28.27,27.29
650,28.27,27.29
462,28.27,27.29
501,28.27,27.29
367,28.27,27.29
572,28.27,27.29
536,28.27,27.29
468,28.27,27.29
459,28.27,27.29
520,28.27,27.29
311,28.27,27.29
256,28.27,27.29
720,28.27,27.29
120,28.27,27.29
718,28.27,27.29
468,28.27,27.29
773,28.27,27.29
453,28.27,27.29
267,28.27,27.29
592,28.27,27.29
192,28.27,27.29
486,28.27,27.29
122,28.27,27.29
505,28.27,27.09
161,28.27,27.09
852,28.27,27.09
553,28.27,27.09
504,28.27,27.09
339,28.27,27.09
874,28.27,27.09
341,28.27,27.09
294,28.27,27.09
773,28.27,27.09
330,28.27,27.09
864,28.27,27.09
578,28.27,27.09
678,28.27,27.09
278,28.27,27.09
810,28.27,27.09
415,28.27,27.09
584,28.27,27.09
318,28.27,27.09
702,28.27,27.09
698,28.27,27.09
455,28.27,27.09
611,28.27,27.09
587,28.27,27.09
714,28.27,27.09
162,28.27,27.09
735,28.27,27.09
309,28.27,27.09
691,28.27,27.09
441,28.27,27.09
725,28.27,27.09
615,28.27,27.09
740,28.27,27.09
651,28.27,27.09
811,28.27,27.09
310,28.27,27.09
619,28.27,27.09
646,28.29,27.09
221,28.29,27.09
876,28.29,27.09
209,28.29,27.09
758,28.29,27.09
277,28.29,27.09
448,28.29,27.09
531,28.29,27.09
422,28.29,27.09
561,28.29,27.09
790,28.29,27.09
569,28.29,27.09
531,28.29,27.09
628,28.29,27.09
611,28.29,27.09
737,28.29,27.09
494,28.29,27.09
746,28.29,27.09
