292,26.67,26.15
513,26.67,26.15
504,26.67,26.15
124,26.67,26.15
648,26.67,26.15
493,26.67,26.15
322,26.67,26.15
382,26.67,26.15
765,26.67,26.15
622,26.67,26.15
544,26.67,26.15
449,26.67,26.15
693,26.67,26.15
671,26.67,26.15
527,26.67,26.15
754,26.67,26.15
501,26.73,26.15
507,26.73,26.15
335,26.73,26.15
626,26.73,26.15
768,26.73,26.15
359,26.73,26.15
265,26.73,26.15
870,26.73,26.15
238,26.73,26.15
872,26.73,26.15
390,26.73,26.15
643,26.73,26.15
573,26.73,26.15
322,26.73,26.15
536,26.73,26.15
367,26.73,26.15
657,26.73,26.15
294,26.73,26.15
872,26.73,26.15
445,26.73,26.15
797,26.73,26.15
548,26.73,26.15
726,26.73,26.15
549,26.73,26.15
516,26.73,25.99
519,26.73,25.99
364,26.73,25.99
701,26.73,25.99
489,26.73,25.99
871,26.73,25.99
229,26.73,25.99
635,26.73,25.99
565,26.73,25.99
733,26.73,25.99
123,26.73,25.99
867,26.73,25.99
450,26.73,25.99
530,26.73,25.99
530,26.73,25.99
621,26.73,25.99
588,26.73,25.99
164,26.73,25.99
681,26.73,25.99
176,26.73,25.99
397,26.73,25.99
176,26.73,25.99
675,26.73,25.99
538,26.73,25.99
540,26.73,25.99
263,26.73,25.99
750,26.73,25.99
702,26.73,25.99
451,26.73,25.99
431,26.73,25.99
522,26.73,25.99
283,26.73,25.99
502,26.73,25.99
742,26.73,25.99
121,26.73,25.99
770,26.73,25.99
180,26.69,25.99
570,26.69,25.99
127,26.69,25.99
128,26.69,25.99
815,26.69,25.99
286,26.69,25.99
548,26.69,25.99
448,26.69,25.99
427,26.69,25.99
538,26.69,25.99
442,26.69,25.99
421,26.69,25.99
687,26.69,25.99
123,26.69,25.99
763,26.69,25.99
124,26.69,25.99
645,26.69,25.99
168,26.69,25.99
624,26.69,25.99
548,26.69,25.99
344,26.69,25.99
636,26.69,25.99
214,26.69,25.99
872,26.69,25.99
124,26.69,25.99
566,26.69,25.99
464,26.69,25.99
393,26.69,25.99
494,26.69,25.99
296,26.69,25.99
305,26.69,25.99
503,26.69,25.99
292,26.69,25.99
546,26.69,25.99
134,26.69,25.99
482,26.69,25.99
793,26.69,25.99
195,26.69,25.99
482,26.69,25.99
508,26.69,25.99
868,26.69,25.99
439,26.69,25.99
455,26.69,25.99
198,26.69,25.99
620,26.69,25.99
651,26.69,25.99
123,26.69,25.99
751,26.69,25.99
258,26.69,25.99
850,26.69,25.99
676,26.69,25.99
269,26.69,25.99
612,26.69,25.99
483,26.69,25.99
753,26.69,25.99
431,26.69,25.99
242,26.69,25.99
631,26.69,25.99
438,26.69,25.99
690,26.69,25.99
482,26.71,25.99
464,26.71,25.99
480,26.71,25.99
443,26.71,25.99
546,26.71,25.99
294,26.71,25.99
626,26.71,25.99
549,26.71,25.99
736,26.71,25.99
564,26.71,25.99
247,26.71,25.99
872,26.71,25.99
307,26.71,25.99
836,26.71,25.99
711,26.71,25.99
501,26.71,25.99
535,26.71,25.99
413,26.71,25.99
617,26.71,25.99
787,26.71,25.99
347,26.71,25.99
840,26.71,25.99
512,26.71,25.99
386,26.71,25.99
373,26.71,25.93
533,26.71,25.93
493,26.71,25.93
392,26.71,25.93
871,26.71,25.93
152,26.71,25.93
731,26.71,25.93
702,26.71,25.93
464,26.71,25.93
737,26.71,25.93
255,26.71,25.93
871,26.71,25.93
130,26.71,25.93
740,26.71,25.93
577,26.71,25.93
486,26.71,25.93
225,26.71,25.93
403,26.71,25.93
657,26.71,25.93
491,26.71,25.93
212,26.71,25.93
357,26.71,25.93
667,26.71,25.93
446,26.71,25.93
430,26.71,25.93
756,26.71,25.93
829,26.71,25.93
237,26.71,25.93
873,26.71,25.93
304,26.71,25.93
659,26.71,25.93
580,26.71,25.93
719,26.71,25.93
401,26.71,25.93
234,26.71,25.93
552,26.71,25.93
291,26.71,25.93
495,26.69,25.93
523,26.69,25.93
638,26.69,25.93
586,26.69,25.93
546,26.69,25.93
619,26.69,25.93
866,26.69,25.93
607,26.69,25.93
333,26.69,25.93
331,26.69,25.93
596,26.69,25.93
127,26.69,25.93
741,26.69,25.93
263,26.69,25.93
145,26.69,25.93
740,26.69,25.93
309,26.69,25.93
872,26.69,25.93
327,26.69,25.93
449,26.69,25.93
759,26.69,25.93
535,26.69,25.93
546,26.69,25.93
410,26.69,26.09
627,26.69,26.09
591,26.69,26.09
360,26.69,26.09
353,26.69,26.09
423,26.69,26.09
437,26.69,26.09
246,26.69,26.09
275,26.69,26.09
313,26.69,26.09
534,26.69,26.09
705,26.69,26.09
338,26.69,26.09
425,26.69,26.09
510,26.69,26.09
278,26.69,26.09
717,26.69,26.09
123,26.69,26.09
621,26.69,26.09
399,26.69,26.09
589,26.69,26.09
411,26.69,26.09
384,26.69,26.09
850,26.69,26.09
123,26.69,26.09
838,26.69,26.09
464,26.69,26.09
338,26.69,26.09
704,26.69,26.09
376,26.69,26.09
456,26.69,26.09
247,26.69,26.09
422,26.69,26.09
513,26.69,26.09
629,26.69,26.09
600,26.69,26.09
455,26.69,26.09
648,26.69,26.09
336,26.69,26.09
363,26.69,26.09
578,26.69,26.09
124,26.69,26.09
622,26.69,26.09
427,26.69,26.09
582,26.69,26.09
666,26.69,26.09
123,26.69,26.09
873,26.69,26.09
249,26.69,26.09
626,26.69,26.09
346,26.69,26.09
367,26.69,26.09
150,26.69,26.09
385,26.69,26.09
739,26.69,26.09
130,26.69,26.09
795,26.69,26.09
494,26.69,26.09
591,26.69,26.09
122,26.69,26.09
470,26.69,26.09
473,26.69,25.99
327,26.69,25.99
350,26.69,25.99
646,26.69,25.99
243,26.69,25.99
692,26.69,25.99
293,26.69,25.99
162,26.69,25.99
716,26.69,25.99
257,26.69,25.99
778,26.69,25.99
216,26.69,25.99
870,26.69,25.99
230,26.69,25.99
871,26.69,25.99
322,26.69,25.99
667,26.69,25.99
703,26.69,25.99
473,26.69,25.99
724,26.69,25.99
123,26.69,25.99
790,26.69,25.99
143,26.69,25.99
521,26.69,25.99
543,26.69,25.99
305,26.69,25.99
530,26.69,25.99
729,26.69,25.99
236,26.69,25.99
606,26.69,25.99
331,26.69,25.99
502,26.69,25.99
872,26.69,25.99
129,26.69,25.99
649,26.69,25.99
532,26.69,25.99
846,26.71,25.99
209,26.71,25.99
468,26.71,25.99
745,26.71,25.99
626,26.71,25.99
657,26.71,25.99
326,26.71,25.99
724,26.71,25.99
271,26.71,25.99
721,26.71,25.99
666,26.71,25.99
393,26.71,25.99
406,26.71,25.99
484,26.71,25.99
478,26.71,25.99
783,26.71,25.99
449,26.71,25.99
872,26.71,25.99
448,26.71,25.99
602,26.71,25.99
822,26.71,25.99
742,26.71,25.99
311,26.71,25.99
671,26.71,25.99
873,26.71,26.17
170,26.71,26.17
697,26.71,26.17
354,26.71,26.17
817,26.71,26.17
256,26.71,26.17
750,26.71,26.17
346,26.71,26.17
426,26.71,26.17
525,26.71,26.17
670,26.71,26.17
356,26.71,26.17
513,26.71,26.17
534,26.71,26.17
719,26.71,26.17
872,26.71,26.17
123,26.71,26.17
872,26.71,26.17
135,26.71,26.17
764,26.71,26.17
175,26.71,26.17
754,26.71,26.17
285,26.71,26.17
558,26.71,26.17
694,26.71,26.17
181,26.71,26.17
644,26.71,26.17
163,26.71,26.17
859,26.71,26.17
669,26.71,26.17
156,26.71,26.17
169,26.71,26.17
534,26.71,26.17
444,26.71,26.17
340,26.71,26.17
328,26.71,26.17
487,26.71,26.17
123,26.71,26.17
613,26.71,26.17
564,26.71,26.17
127,26.71,26.17
762,26.71,26.17
253,26.71,26.17
777,26.71,26.17
123,26.71,26.17
555,26.71,26.17
505,26.71,26.17
671,26.71,26.17
478,26.71,26.17
411,26.71,26.17
705,26.71,26.17
474,26.71,26.17
425,26.71,26.17
620,26.71,26.17
171,26.71,26.17
463,26.71,26.17
485,26.71,26.17
237,26.71,26.17
675,26.71,26.17
123,26.71,26.17
575,26.71,26.21
207,26.71,26.21
583,26.71,26.21
501,26.71,26.21
530,26.71,26.21
453,26.71,26.21
166,26.71,26.21
707,26.71,26.21
208,26.71,26.21
533,26.71,26.21
273,26.71,26.21
634,26.71,26.21
418,26.71,26.21
425,26.71,26.21
707,26.71,26.21
286,26.71,26.21
548,26.71,26.21
689,26.71,26.21
533,26.71,26.21
