255,29.35,28.13
602,29.35,28.13
123,29.35,28.13
129,29.35,28.13
842,29.35,28.13
601,29.35,28.13
649,29.35,28.13
491,29.35,28.13
685,29.35,28.13
473,29.35,28.13
708,29.35,28.13
429,29.35,28.13
451,29.35,28.13
592,29.35,28.13
379,29.35,28.13
489,29.35,28.13
732,29.35,28.13
482,29.35,28.13
304,29.35,28.13
705,29.35,28.13
476,29.35,28.13
540,29.35,28.13
468,29.35,28.13
730,29.35,28.13
628,29.35,28.13
741,29.35,28.13
189,29.35,28.13
877,29.35,28.13
263,29.35,28.13
557,29.35,28.13
592,29.35,28.13
755,29.35,28.13
431,29.35,28.13
462,29.35,28.13
483,29.35,28.13
422,29.35,28.13
715,29.35,28.13
427,29.35,28.13
470,29.35,28.13
456,29.35,28.13
618,29.35,28.13
460,29.35,28.13
756,29.35,28.13
450,29.35,28.13
688,29.35,28.13
655,29.35,28.13
342,29.35,28.05
636,29.35,28.05
284,29.35,28.05
436,29.35,28.05
147,29.35,28.05
877,29.35,28.05
264,29.35,28.05
626,29.35,28.05
452,29.35,28.05
329,29.35,28.05
680,29.35,28.05
401,29.35,28.05
638,29.35,28.05
184,29.35,28.05
698,29.35,28.05
408,29.35,28.05
551,29.35,28.05
321,29.35,28.05
659,29.35,28.05
416,29.35,28.05
323,29.35,28.05
119,29.35,28.05
577,29.35,28.05
346,29.35,28.05
447,29.35,28.05
850,29.35,28.05
224,29.35,28.05
781,29.35,28.05
122,29.35,28.05
853,29.35,28.05
121,29.35,28.05
651,29.35,28.05
299,29.35,28.05
396,29.35,28.05
271,29.35,28.05
253,29.35,28.05
678,29.37,28.05
299,29.37,28.05
672,29.37,28.05
230,29.37,28.05
504,29.37,28.05
489,29.37,28.05
460,29.37,28.05
526,29.37,28.05
674,29.37,28.05
422,29.37,28.05
841,29.37,28.05
339,29.37,28.05
575,29.37,28.05
440,29.37,28.05
418,29.37,28.05
620,29.37,28.05
297,29.37,28.05
835,29.37,28.05
131,29.37,28.05
506,29.37,28.05
195,29.37,28.05
614,29.37,28.05
752,29.37,28.05
478,29.37,28.05
688,29.37,28.11
472,29.37,28.11
504,29.37,28.11
418,29.37,28.11
261,29.37,28.11
543,29.37,28.11
420,29.37,28.11
498,29.37,28.11
750,29.37,28.11
376,29.37,28.11
737,29.37,28.11
304,29.37,28.11
703,29.37,28.11
379,29.37,28.11
477,29.37,28.11
634,29.37,28.11
490,29.37,28.11
876,29.37,28.11
605,29.37,28.11
627,29.37,28.11
517,29.37,28.11
757,29.37,28.11
500,29.37,28.11
606,29.37,28.11
318,29.37,28.11
602,29.37,28.11
732,29.37,28.11
472,29.37,28.11
663,29.37,28.11
438,29.37,28.11
397,29.37,28.11
423,29.37,28.11
466,29.37,28.11
200,29.37,28.11
835,29.37,28.11
365,29.37,28.11
769,29.37,28.11
616,29.37,28.11
673,29.37,28.11
862,29.37,28.11
398,29.37,28.11
402,29.37,28.11
585,29.37,28.11
582,29.37,28.11
120,29.37,28.11
756,29.37,28.11
344,29.37,28.11
456,29.37,28.11
345,29.37,28.11
689,29.37,28.11
340,29.37,28.11
511,29.37,28.11
461,29.37,28.11
706,29.37,28.11
329,29.37,28.11
465,29.37,28.11
412,29.37,28.11
463,29.37,28.11
545,29.37,28.11
229,29.37,28.11
566,29.37,28.23
127,29.37,28.23
310,29.37,28.23
538,29.37,28.23
522,29.37,28.23
266,29.37,28.23
368,29.37,28.23
505,29.37,28.23
418,29.37,28.23
449,29.37,28.23
670,29.37,28.23
573,29.37,28.23
407,29.37,28.23
569,29.37,28.23
458,29.37,28.23
590,29.37,28.23
152,29.37,28.23
804,29.37,28.23
120,29.37,28.23
759,29.37,28.23
287,29.37,28.23
655,29.37,28.23
581,29.37,28.23
164,29.37,28.23
877,29.37,28.23
582,29.37,28.23
567,29.37,28.23
121,29.37,28.23
582,29.37,28.23
381,29.37,28.23
620,29.37,28.23
265,29.37,28.23
394,29.37,28.23
311,29.37,28.23
525,29.37,28.23
531,29.37,28.23
444,29.35,28.23
442,29.35,28.23
439,29.35,28.23
581,29.35,28.23
327,29.35,28.23
813,29.35,28.23
462,29.35,28.23
641,29.35,28.23
719,29.35,28.23
440,29.35,28.23
774,29.35,28.23
471,29.35,28.23
552,29.35,28.23
558,29.35,28.23
670,29.35,28.23
305,29.35,28.23
354,29.35,28.23
593,29.35,28.23
531,29.35,28.23
340,29.35,28.23
462,29.35,28.23
376,29.35,28.23
563,29.35,28.23
493,29.35,28.07
678,29.35,28.07
525,29.35,28.07
420,29.35,28.07
866,29.35,28.07
287,29.35,28.07
635,29.35,28.07
444,29.35,28.07
711,29.35,28.07
496,29.35,28.07
387,29.35,28.07
507,29.35,28.07
425,29.35,28.07
669,29.35,28.07
438,29.35,28.07
877,29.35,28.07
412,29.35,28.07
579,29.35,28.07
669,29.35,28.07
622,29.35,28.07
478,29.35,28.07
671,29.35,28.07
442,29.35,28.07
873,29.35,28.07
294,29.35,28.07
825,29.35,28.07
394,29.35,28.07
396,29.35,28.07
343,29.35,28.07
119,29.35,28.07
686,29.35,28.07
201,29.35,28.07
620,29.35,28.07
455,29.35,28.07
476,29.35,28.07
332,29.35,28.07
633,29.35,28.07
317,29.35,28.07
602,29.35,28.07
300,29.35,28.07
471,29.35,28.07
327,29.35,28.07
483,29.35,28.07
396,29.35,28.07
297,29.35,28.07
532,29.35,28.07
119,29.35,28.07
705,29.35,28.07
119,29.35,28.07
874,29.35,28.07
570,29.35,28.07
588,29.35,28.07
339,29.35,28.07
811,29.35,28.07
695,29.35,28.07
364,29.35,28.07
701,29.35,28.07
472,29.35,28.07
679,29.35,28.07
131,29.35,28.07
515,29.35,28.19
305,29.35,28.19
845,29.35,28.19
694,29.35,28.19
524,29.35,28.19
124,29.35,28.19
723,29.35,28.19
436,29.35,28.19
586,29.35,28.19
320,29.35,28.19
355,29.35,28.19
782,29.35,28.19
264,29.35,28.19
708,29.35,28.19
633,29.35,28.19
581,29.35,28.19
172,29.35,28.19
645,29.35,28.19
614,29.35,28.19
542,29.35,28.19
472,29.35,28.19
625,29.35,28.19
368,29.35,28.19
348,29.35,28.19
653,29.35,28.19
411,29.35,28.19
465,29.35,28.19
430,29.35,28.19
681,29.35,28.19
354,29.35,28.19
834,29.35,28.19
202,29.35,28.19
714,29.35,28.19
472,29.35,28.19
467,29.35,28.19
564,29.35,28.19
354,29.35,28.19
539,29.35,28.19
317,29.35,28.19
479,29.35,28.19
276,29.35,28.19
464,29.35,28.19
803,29.35,28.19
702,29.35,28.19
574,29.35,28.19
740,29.35,28.19
521,29.35,28.19
712,29.35,28.19
378,29.35,28.19
505,29.35,28.19
633,29.35,28.19
564,29.35,28.19
692,29.35,28.19
124,29.35,28.19
610,29.35,28.19
176,29.35,28.19
606,29.35,28.19
578,29.35,28.19
469,29.35,28.19
480,29.35,28.19
424,29.35,27.99
734,29.35,27.99
452,29.35,27.99
722,29.35,27.99
457,29.35,27.99
635,29.35,27.99
341,29.35,27.99
231,29.35,27.99
274,29.35,27.99
388,29.35,27.99
532,29.35,27.99
517,29.35,27.99
202,29.35,27.99
613,29.35,27.99
448,29.35,27.99
125,29.35,27.99
473,29.35,27.99
179,29.35,27.99
726,29.35,27.99
193,29.35,27.99
877,29.35,27.99
476,29.35,27.99
468,29.35,27.99
404,29.35,27.99
345,29.35,27.99
670,29.35,27.99
227,29.35,27.99
765,29.35,27.99
128,29.35,27.99
724,29.35,27.99
325,29.35,27.99
644,29.35,27.99
311,29.35,27.99
768,29.35,27.99
507,29.35,27.99
629,29.35,27.99
165,29.37,27.99
648,29.37,27.99
369,29.37,27.99
286,29.37,27.99
504,29.37,27.99
257,29.37,27.99
595,29.37,27.99
120,29.37,27.99
668,29.37,27.99
375,29.37,27.99
661,29.37,27.99
326,29.37,27.99
593,29.37,27.99
672,29.37,27.99
242,29.37,27.99
654,29.37,27.99
475,29.37,27.99
598,29.37,27.99
289,29.37,27.99
481,29.37,27.99
272,29.37,27.99
615,29.37,27.99
362,29.37,27.99
827,29.37,28.13
183,29.37,28.13
745,29.37,28.13
337,29.37,28.13
644,29.37,28.13
328,29.37,28.13
275,29.37,28.13
630,29.37,28.13
336,29.37,28.13
523,29.37,28.13
526,29.37,28.13
717,29.37,28.13
239,29.37,28.13
877,29.37,28.13
385,29.37,28.13
