664,26.93,26.11
324,26.93,26.11
697,26.93,26.11
313,26.93,26.11
388,26.93,26.11
819,26.93,26.11
584,26.93,26.11
820,26.93,26.11
428,26.93,26.11
492,26.93,26.11
599,26.93,26.11
484,26.93,26.21
541,26.93,26.21
516,26.93,26.21
652,26.93,26.21
455,26.93,26.21
416,26.93,26.21
856,26.93,26.21
344,26.93,26.21
306,26.93,26.21
758,26.93,26.21
394,26.93,26.21
625,26.93,26.21
292,26.93,26.21
848,26.93,26.21
604,26.93,26.21
776,26.93,26.21
270,26.93,26.21
720,26.93,26.21
870,26.93,26.21
122,26.93,26.21
873,26.93,26.21
377,26.93,26.21
207,26.93,26.21
513,26.93,26.21
710,26.93,26.21
205,26.93,26.21
678,26.93,26.21
307,26.93,26.21
558,26.93,26.21
523,26.93,26.21
280,26.93,26.21
547,26.93,26.21
615,26.93,26.21
369,26.93,26.21
281,26.93,26.21
384,26.93,26.21
415,26.93,26.21
556,26.93,26.21
153,26.93,26.21
468,26.93,26.21
390,26.93,26.21
808,26.93,26.21
501,26.93,26.21
487,26.93,26.21
731,26.93,26.21
418,26.93,26.21
580,26.93,26.21
616,26.93,26.21
542,26.93,26.21
292,26.93,26.21
794,26.93,26.21
311,26.93,26.21
362,26.93,26.21
218,26.93,26.21
649,26.93,26.21
122,26.93,26.21
550,26.93,26.21
135,26.93,26.21
571,26.93,26.21
380,26.93,26.21
122,26.93,26.21
621,26.93,26.17
293,26.93,26.17
600,26.93,26.17
424,26.93,26.17
783,26.93,26.17
373,26.93,26.17
697,26.93,26.17
438,26.93,26.17
490,26.93,26.17
167,26.93,26.17
471,26.93,26.17
265,26.93,26.17
384,26.93,26.17
506,26.93,26.17
412,26.93,26.17
717,26.93,26.17
199,26.93,26.17
844,26.93,26.17
479,26.93,26.17
783,26.93,26.17
202,26.93,26.17
737,26.93,26.17
329,26.93,26.17
470,26.93,26.17
502,26.93,26.17
502,26.93,26.17
408,26.93,26.17
443,26.93,26.17
420,26.93,26.17
535,26.93,26.17
650,26.93,26.17
621,26.93,26.17
805,26.93,26.17
344,26.93,26.17
652,26.93,26.17
581,26.93,26.17
664,26.93,26.17
264,26.93,26.17
422,26.93,26.17
684,26.93,26.17
391,26.93,26.17
489,26.93,26.17
480,26.93,26.17
873,26.93,26.17
237,26.93,26.17
542,26.93,26.17
519,26.93,26.17
377,26.93,26.17
648,26.93,26.17
534,26.93,26.17
530,26.93,26.17
553,26.93,26.17
312,26.93,26.17
666,26.93,26.17
640,26.93,26.17
544,26.93,26.17
406,26.93,26.17
723,26.93,26.17
452,26.93,26.17
198,26.93,26.17
712,26.93,26.17
201,26.93,26.17
511,26.93,26.17
456,26.93,26.17
489,26.93,26.17
470,26.93,26.17
253,26.93,26.17
503,26.93,26.17
284,26.93,26.17
682,26.93,26.17
471,26.93,26.17
578,26.93,26.17
689,26.93,26.17
481,26.93,26.17
494,26.93,26.17
724,26.93,26.17
161,26.93,26.17
730,26.93,26.17
400,26.93,26.17
346,26.93,26.17
452,26.93,26.17
454,26.93,26.17
514,26.93,26.17
121,26.93,26.17
872,26.93,26.17
137,26.93,26.17
615,26.93,26.17
422,26.93,26.17
334,26.93,26.17
437,26.93,26.17
537,26.93,26.17
661,26.93,26.17
292,26.93,26.17
551,26.93,26.17
276,26.93,26.17
367,26.93,26.17
201,26.95,26.17
734,26.95,26.17
123,26.95,26.17
868,26.95,26.17
387,26.95,26.17
855,26.95,26.17
616,26.95,26.17
713,26.95,26.17
729,26.95,26.17
326,26.95,26.17
560,26.95,26.17
122,26.95,26.17
872,26.95,26.17
179,26.95,26.17
660,26.95,26.17
187,26.95,26.17
642,26.95,26.17
472,26.95,26.17
377,26.95,26.17
701,26.95,26.17
754,26.95,26.17
273,26.95,26.17
507,26.95,26.17
779,26.95,26.17
211,26.95,26.03
687,26.95,26.03
596,26.95,26.03
726,26.95,26.03
270,26.95,26.03
501,26.95,26.03
431,26.95,26.03
527,26.95,26.03
217,26.95,26.03
566,26.95,26.03
465,26.95,26.03
351,26.95,26.03
629,26.95,26.03
267,26.95,26.03
670,26.95,26.03
315,26.95,26.03
867,26.95,26.03
569,26.95,26.03
548,26.95,26.03
564,26.95,26.03
719,26.95,26.03
376,26.95,26.03
429,26.95,26.03
665,26.95,26.03
620,26.95,26.03
379,26.95,26.03
216,26.95,26.03
625,26.95,26.03
503,26.95,26.03
673,26.95,26.03
447,26.95,26.03
479,26.95,26.03
396,26.95,26.03
612,26.95,26.03
478,26.95,26.03
502,26.95,26.03
784,26.93,26.03
130,26.93,26.03
873,26.93,26.03
321,26.93,26.03
626,26.93,26.03
681,26.93,26.03
628,26.93,26.03
441,26.93,26.03
687,26.93,26.03
537,26.93,26.03
713,26.93,26.03
691,26.93,26.03
355,26.93,26.03
511,26.93,26.03
501,26.93,26.03
570,26.93,26.03
662,26.93,26.03
663,26.93,26.03
374,26.93,26.03
872,26.93,26.03
251,26.93,26.03
393,26.93,26.03
537,26.93,26.03
733,26.93,26.03
535,26.93,26.23
126,26.93,26.23
874,26.93,26.23
538,26.93,26.23
475,26.93,26.23
409,26.93,26.23
800,26.93,26.23
697,26.93,26.23
403,26.93,26.23
660,26.93,26.23
451,26.93,26.23
561,26.93,26.23
470,26.93,26.23
658,26.93,26.23
245,26.93,26.23
255,26.93,26.23
446,26.93,26.23
513,26.93,26.23
272,26.93,26.23
790,26.93,26.23
187,26.93,26.23
545,26.93,26.23
559,26.93,26.23
365,26.93,26.23
680,26.93,26.23
342,26.93,26.23
633,26.93,26.23
643,26.93,26.23
631,26.93,26.23
520,26.93,26.23
525,26.93,26.23
729,26.93,26.23
456,26.93,26.23
379,26.93,26.23
420,26.93,26.23
462,26.93,26.23
321,26.93,26.23
457,26.93,26.23
514,26.93,26.23
542,26.93,26.23
501,26.93,26.23
692,26.93,26.23
176,26.93,26.23
775,26.93,26.23
297,26.93,26.23
591,26.93,26.23
437,26.93,26.23
380,26.93,26.23
417,26.93,26.23
326,26.93,26.23
685,26.93,26.23
454,26.93,26.23
483,26.93,26.23
123,26.93,26.23
633,26.93,26.23
385,26.93,26.23
520,26.93,26.23
517,26.93,26.23
775,26.93,26.23
311,26.93,26.23
763,26.93,26.21
599,26.93,26.21
658,26.93,26.21
412,26.93,26.21
354,26.93,26.21
605,26.93,26.21
122,26.93,26.21
814,26.93,26.21
391,26.93,26.21
874,26.93,26.21
496,26.93,26.21
665,26.93,26.21
490,26.93,26.21
668,26.93,26.21
387,26.93,26.21
824,26.93,26.21
538,26.93,26.21
368,26.93,26.21
667,26.93,26.21
654,26.93,26.21
377,26.93,26.21
299,26.93,26.21
713,26.93,26.21
262,26.93,26.21
833,26.93,26.21
253,26.93,26.21
744,26.93,26.21
363,26.93,26.21
751,26.93,26.21
460,26.93,26.21
510,26.93,26.21
775,26.93,26.21
302,26.93,26.21
873,26.93,26.21
189,26.93,26.21
520,26.93,26.21
652,26.93,26.21
843,26.95,26.21
280,26.95,26.21
726,26.95,26.21
633,26.95,26.21
545,26.95,26.21
452,26.95,26.21
716,26.95,26.21
449,26.95,26.21
627,26.95,26.21
520,26.95,26.21
469,26.95,26.21
754,26.95,26.21
123,26.95,26.21
873,26.95,26.21
451,26.95,26.21
575,26.95,26.21
230,26.95,26.21
814,26.95,26.21
496,26.95,26.21
450,26.95,26.21
338,26.95,26.21
533,26.95,26.21
459,26.95,26.21
473,26.95,26.29
440,26.95,26.29
282,26.95,26.29
476,26.95,26.29
587,26.95,26.29
526,26.95,26.29
309,26.95,26.29
595,26.95,26.29
334,26.95,26.29
590,26.95,26.29
461,26.95,26.29
272,26.95,26.29
826,26.95,26.29
286,26.95,26.29
315,26.95,26.29
420,26.95,26.29
572,26.95,26.29
123,26.95,26.29
465,26.95,26.29
601,26.95,26.29
382,26.95,26.29
566,26.95,26.29
690,26.95,26.29
515,26.95,26.29
162,26.95,26.29
678,26.95,26.29
723,26.95,26.29
364,26.95,26.29
473,26.95,26.29
507,26.95,26.29
316,26.95,26.29
587,26.95,26.29
328,26.95,26.29
671,26.95,26.29
431,26.95,26.29
522,26.95,26.29
656,26.95,26.29
272,26.91,26.29
699,26.91,26.29
438,26.91,26.29
615,26.91,26.29
491,26.91,26.29
487,26.91,26.29
561,26.91,26.29
646,26.91,26.29
604,26.91,26.29
334,26.91,26.29
