468,29.79,28.45
645,29.79,28.45
613,29.79,28.45
121,29.79,28.65
729,29.79,28.65
551,29.79,28.65
846,29.79,28.65
287,29.79,28.65
716,29.79,28.65
456,29.79,28.65
500,29.79,28.65
339,29.79,28.65
508,29.79,28.65
519,29.79,28.65
349,29.79,28.65
495,29.79,28.65
384,29.79,28.65
435,29.79,28.65
347,29.79,28.65
637,29.79,28.65
123,29.79,28.65
676,29.79,28.65
180,29.79,28.65
571,29.79,28.65
375,29.79,28.65
682,29.79,28.65
583,29.79,28.65
528,29.79,28.65
546,29.79,28.65
381,29.79,28.65
878,29.79,28.65
170,29.79,28.65
574,29.79,28.65
168,29.79,28.65
470,29.79,28.65
635,29.79,28.65
505,29.79,28.65
352,29.79,28.65
707,29.79,28.65
429,29.83,28.65
569,29.83,28.65
717,29.83,28.65
371,29.83,28.65
842,29.83,28.65
416,29.83,28.65
661,29.83,28.65
274,29.83,28.65
872,29.83,28.65
313,29.83,28.65
670,29.83,28.65
494,29.83,28.65
556,29.83,28.65
554,29.83,28.65
527,29.83,28.65
621,29.83,28.65
301,29.83,28.65
666,29.83,28.65
365,29.83,28.65
594,29.83,28.65
557,29.83,28.65
463,29.83,28.65
501,29.83,28.65
864,29.83,28.65
279,29.83,28.57
781,29.83,28.57
393,29.83,28.57
789,29.83,28.57
657,29.83,28.57
639,29.83,28.57
338,29.83,28.57
360,29.83,28.57
876,29.83,28.57
246,29.83,28.57
437,29.83,28.57
441,29.83,28.57
605,29.83,28.57
415,29.83,28.57
650,29.83,28.57
524,29.83,28.57
743,29.83,28.57
541,29.83,28.57
624,29.83,28.57
455,29.83,28.57
575,29.83,28.57
481,29.83,28.57
390,29.83,28.57
638,29.83,28.57
235,29.83,28.57
883,29.83,28.57
120,29.83,28.57
685,29.83,28.57
150,29.83,28.57
612,29.83,28.57
337,29.83,28.57
486,29.83,28.57
387,29.83,28.57
484,29.83,28.57
424,29.83,28.57
304,29.83,28.57
463,29.83,28.57
263,29.83,28.57
421,29.83,28.57
392,29.83,28.57
409,29.83,28.57
236,29.83,28.57
703,29.83,28.57
314,29.83,28.57
715,29.83,28.57
308,29.83,28.57
511,29.83,28.57
639,29.83,28.57
344,29.83,28.57
558,29.83,28.57
124,29.83,28.57
618,29.83,28.57
375,29.83,28.57
741,29.83,28.57
304,29.83,28.57
646,29.83,28.57
289,29.83,28.57
429,29.83,28.57
388,29.83,28.57
463,29.83,28.69
535,29.83,28.69
788,29.83,28.69
502,29.83,28.69
729,29.83,28.69
515,29.83,28.69
124,29.83,28.69
788,29.83,28.69
379,29.83,28.69
596,29.83,28.69
531,29.83,28.69
733,29.83,28.69
542,29.83,28.69
734,29.83,28.69
557,29.83,28.69
476,29.83,28.69
778,29.83,28.69
163,29.83,28.69
742,29.83,28.69
564,29.83,28.69
461,29.83,28.69
400,29.83,28.69
673,29.83,28.69
301,29.83,28.69
558,29.83,28.69
514,29.83,28.69
567,29.83,28.69
538,29.83,28.69
637,29.83,28.69
592,29.83,28.69
447,29.83,28.69
803,29.83,28.69
120,29.83,28.69
876,29.83,28.69
119,29.83,28.69
777,29.83,28.69
219,29.81,28.69
661,29.81,28.69
404,29.81,28.69
633,29.81,28.69
579,29.81,28.69
403,29.81,28.69
877,29.81,28.69
381,29.81,28.69
677,29.81,28.69
308,29.81,28.69
493,29.81,28.69
280,29.81,28.69
597,29.81,28.69
209,29.81,28.69
872,29.81,28.69
269,29.81,28.69
797,29.81,28.69
527,29.81,28.69
418,29.81,28.69
679,29.81,28.69
298,29.81,28.69
724,29.81,28.69
258,29.81,28.69
771,29.81,28.69
169,29.81,28.51
665,29.81,28.51
440,29.81,28.51
389,29.81,28.51
325,29.81,28.51
370,29.81,28.51
305,29.81,28.51
637,29.81,28.51
311,29.81,28.51
619,29.81,28.51
490,29.81,28.51
369,29.81,28.51
496,29.81,28.51
246,29.81,28.51
502,29.81,28.51
365,29.81,28.51
555,29.81,28.51
501,29.81,28.51
671,29.81,28.51
616,29.81,28.51
370,29.81,28.51
562,29.81,28.51
352,29.81,28.51
530,29.81,28.51
397,29.81,28.51
355,29.81,28.51
518,29.81,28.51
534,29.81,28.51
280,29.81,28.51
485,29.81,28.51
360,29.81,28.51
876,29.81,28.51
562,29.81,28.51
777,29.81,28.51
488,29.81,28.51
465,29.81,28.51
430,29.81,28.51
351,29.81,28.51
714,29.81,28.51
124,29.81,28.51
594,29.81,28.51
297,29.81,28.51
762,29.81,28.51
278,29.81,28.51
567,29.81,28.51
525,29.81,28.51
453,29.81,28.51
578,29.81,28.51
703,29.81,28.51
523,29.81,28.51
574,29.81,28.51
532,29.81,28.51
397,29.81,28.51
754,29.81,28.51
201,29.81,28.51
753,29.81,28.51
205,29.81,28.51
634,29.81,28.51
281,29.81,28.51
528,29.81,28.51
696,29.81,28.63
223,29.81,28.63
798,29.81,28.63
279,29.81,28.63
650,29.81,28.63
334,29.81,28.63
877,29.81,28.63
306,29.81,28.63
775,29.81,28.63
696,29.81,28.63
640,29.81,28.63
616,29.81,28.63
513,29.81,28.63
332,29.81,28.63
458,29.81,28.63
290,29.81,28.63
653,29.81,28.63
625,29.81,28.63
250,29.81,28.63
749,29.81,28.63
327,29.81,28.63
638,29.81,28.63
370,29.81,28.63
654,29.81,28.63
451,29.81,28.63
737,29.81,28.63
232,29.81,28.63
498,29.81,28.63
635,29.81,28.63
226,29.81,28.63
528,29.81,28.63
374,29.81,28.63
214,29.81,28.63
409,29.81,28.63
608,29.81,28.63
317,29.81,28.63
547,29.85,28.63
267,29.85,28.63
812,29.85,28.63
314,29.85,28.63
585,29.85,28.63
443,29.85,28.63
370,29.85,28.63
463,29.85,28.63
538,29.85,28.63
699,29.85,28.63
120,29.85,28.63
799,29.85,28.63
120,29.85,28.63
558,29.85,28.63
323,29.85,28.63
622,29.85,28.63
284,29.85,28.63
593,29.85,28.63
651,29.85,28.63
518,29.85,28.63
702,29.85,28.63
582,29.85,28.63
510,29.85,28.63
602,29.85,28.59
570,29.85,28.59
122,29.85,28.59
855,29.85,28.59
268,29.85,28.59
754,29.85,28.59
269,29.85,28.59
435,29.85,28.59
669,29.85,28.59
616,29.85,28.59
532,29.85,28.59
284,29.85,28.59
763,29.85,28.59
526,29.85,28.59
677,29.85,28.59
445,29.85,28.59
661,29.85,28.59
802,29.85,28.59
412,29.85,28.59
464,29.85,28.59
743,29.85,28.59
320,29.85,28.59
532,29.85,28.59
605,29.85,28.59
606,29.85,28.59
683,29.85,28.59
286,29.85,28.59
745,29.85,28.59
270,29.85,28.59
689,29.85,28.59
636,29.85,28.59
558,29.85,28.59
393,29.85,28.59
567,29.85,28.59
698,29.85,28.59
603,29.85,28.59
770,29.83,28.59
546,29.83,28.59
532,29.83,28.59
565,29.83,28.59
625,29.83,28.59
499,29.83,28.59
466,29.83,28.59
348,29.83,28.59
599,29.83,28.59
469,29.83,28.59
569,29.83,28.59
568,29.83,28.59
786,29.83,28.59
516,29.83,28.59
572,29.83,28.59
747,29.83,28.59
451,29.83,28.59
648,29.83,28.59
533,29.83,28.59
877,29.83,28.59
351,29.83,28.59
242,29.83,28.59
461,29.83,28.59
466,29.83,28.59
604,29.83,28.57
384,29.83,28.57
754,29.83,28.57
259,29.83,28.57
666,29.83,28.57
536,29.83,28.57
383,29.83,28.57
477,29.83,28.57
586,29.83,28.57
297,29.83,28.57
575,29.83,28.57
201,29.83,28.57
278,29.83,28.57
553,29.83,28.57
256,29.83,28.57
674,29.83,28.57
210,29.83,28.57
751,29.83,28.57
176,29.83,28.57
688,29.83,28.57
435,29.83,28.57
526,29.83,28.57
501,29.83,28.57
624,29.83,28.57
746,29.83,28.57
253,29.83,28.57
720,29.83,28.57
267,29.83,28.57
431,29.83,28.57
371,29.83,28.57
226,29.83,28.57
393,29.83,28.57
404,29.83,28.57
119,29.83,28.57
749,29.83,28.57
125,29.83,28.57
570,29.81,28.57
383,29.81,28.57
261,29.81,28.57
642,29.81,28.57
360,29.81,28.57
537,29.81,28.57
253,29.81,28.57
655,29.81,28.57
368,29.81,28.57
465,29.81,28.57
118,29.81,28.57
471,29.81,28.57
353,29.81,28.57
591,29.81,28.57
217,29.81,28.57
531,29.81,28.57
535,29.81,28.57
443,29.81,28.57
531,29.81,28.57
682,29.81,28.57
520,29.81,28.57
266,29.81,28.57
721,29.81,28.57
