434,28.61,27.35
665,28.61,27.35
787,28.61,27.35
601,28.61,27.35
341,28.61,27.35
874,28.61,27.35
428,28.61,27.35
810,28.61,27.35
284,28.61,27.35
830,28.61,27.35
210,28.61,27.35
853,28.61,27.35
622,28.61,27.35
528,28.61,27.35
833,28.61,27.35
489,28.61,27.35
754,28.61,27.35
504,28.61,27.35
470,28.61,27.35
630,28.61,27.35
698,28.61,27.35
248,28.61,27.35
872,28.61,27.35
231,28.61,27.35
876,28.61,27.35
611,28.61,27.35
485,28.61,27.35
517,28.61,27.35
450,28.61,27.35
523,28.61,27.35
227,28.61,27.35
506,28.61,27.35
251,28.61,27.35
822,28.65,27.35
454,28.65,27.35
517,28.65,27.35
516,28.65,27.35
572,28.65,27.35
652,28.65,27.35
688,28.65,27.35
164,28.65,27.35
730,28.65,27.35
466,28.65,27.35
383,28.65,27.35
629,28.65,27.35
144,28.65,27.35
490,28.65,27.35
182,28.65,27.35
730,28.65,27.35
436,28.65,27.35
618,28.65,27.35
377,28.65,27.35
734,28.65,27.35
488,28.65,27.35
388,28.65,27.35
589,28.65,27.35
387,28.65,27.35
457,28.65,27.49
312,28.65,27.49
518,28.65,27.49
256,28.65,27.49
624,28.65,27.49
326,28.65,27.49
661,28.65,27.49
317,28.65,27.49
681,28.65,27.49
491,28.65,27.49
832,28.65,27.49
560,28.65,27.49
459,28.65,27.49
545,28.65,27.49
336,28.65,27.49
540,28.65,27.49
391,28.65,27.49
640,28.65,27.49
346,28.65,27.49
698,28.65,27.49
350,28.65,27.49
571,28.65,27.49
417,28.65,27.49
355,28.65,27.49
711,28.65,27.49
350,28.65,27.49
627,28.65,27.49
786,28.65,27.49
402,28.65,27.49
645,28.65,27.49
575,28.65,27.49
553,28.65,27.49
774,28.65,27.49
365,28.65,27.49
659,28.65,27.49
621,28.65,27.49
395,28.61,27.49
438,28.61,27.49
373,28.61,27.49
793,28.61,27.49
310,28.61,27.49
750,28.61,27.49
451,28.61,27.49
704,28.61,27.49
501,28.61,27.49
497,28.61,27.49
653,28.61,27.49
459,28.61,27.49
761,28.61,27.49
293,28.61,27.49
584,28.61,27.49
876,28.61,27.49
539,28.61,27.49
504,28.61,27.49
290,28.61,27.49
237,28.61,27.49
775,28.61,27.49
121,28.61,27.49
777,28.61,27.49
279,28.61,27.49
397,28.61,27.59
205,28.61,27.59
574,28.61,27.59
576,28.61,27.59
432,28.61,27.59
750,28.61,27.59
494,28.61,27.59
469,28.61,27.59
472,28.61,27.59
738,28.61,27.59
325,28.61,27.59
610,28.61,27.59
175,28.61,27.59
559,28.61,27.59
190,28.61,27.59
530,28.61,27.59
249,28.61,27.59
555,28.61,27.59
344,28.61,27.59
446,28.61,27.59
788,28.61,27.59
120,28.61,27.59
827,28.61,27.59
292,28.61,27.59
538,28.61,27.59
122,28.61,27.59
387,28.61,27.59
118,28.61,27.59
491,28.61,27.59
426,28.61,27.59
406,28.61,27.59
538,28.61,27.59
723,28.61,27.59
730,28.61,27.59
475,28.61,27.59
667,28.61,27.59
228,28.65,28.65
608,28.65,27.59
218,28.65,27.59
629,28.65,27.59
216,28.65,27.59
642,28.65,27.59
589,28.65,27.59
519,28.65,27.59
521,28.65,27.59
512,28.65,27.59
696,28.65,27.59
564,28.65,27.59
704,28.65,27.59
131,28.65,27.59
739,28.65,27.59
474,28.65,27.59
699,28.65,27.59
229,28.65,27.59
368,28.65,27.59
405,28.65,27.59
590,28.65,27.59
459,28.65,27.59
675,28.65,27.59
617,28.65,27.59
473,28.65,27.59
515,28.65,27.59
367,28.65,27.59
494,28.65,27.59
319,28.65,27.59
818,28.65,27.59
273,28.65,27.59
502,28.65,27.59
369,28.65,27.59
749,28.65,27.59
588,28.65,27.59
667,28.65,27.59
463,28.65,27.59
552,28.65,27.59
483,28.65,27.59
327,28.65,27.59
360,28.65,27.59
293,28.65,27.59
686,28.65,27.59
193,28.65,27.59
646,28.65,27.59
209,28.65,27.59
876,28.65,27.59
121,28.65,27.59
766,28.65,27.59
416,28.65,27.59
262,28.65,27.59
593,28.65,27.59
485,28.65,27.59
537,28.65,27.59
452,28.65,27.59
483,28.65,27.59
405,28.65,27.59
270,28.65,27.59
159,28.65,27.59
345,28.65,27.59
493,28.65,27.59
323,28.65,27.59
268,28.65,27.59
503,28.65,27.59
248,28.65,27.59
341,28.65,27.59
523,28.65,27.59
267,28.65,27.59
562,28.65,27.59
349,28.65,27.59
849,28.65,27.59
373,28.65,27.59
489,28.65,27.59
478,28.65,27.59
386,28.65,27.59
467,28.65,27.59
353,28.65,27.59
425,28.65,27.59
737,28.65,27.59
678,28.65,27.59
241,28.65,27.59
549,28.65,27.59
419,28.65,27.59
223,28.65,27.59
695,28.65,27.55
430,28.65,27.55
244,28.65,27.55
857,28.65,27.55
536,28.65,27.55
697,28.65,27.55
327,28.65,27.55
687,28.65,27.55
490,28.65,27.55
554,28.65,27.55
633,28.65,27.55
527,28.65,27.55
658,28.65,27.55
299,28.65,27.55
730,28.65,27.55
512,28.65,27.55
821,28.65,27.55
447,28.65,27.55
876,28.65,27.55
445,28.65,27.55
549,28.65,27.55
375,28.65,27.55
568,28.65,27.55
526,28.65,27.55
381,28.65,27.55
624,28.65,27.55
369,28.65,27.55
733,28.65,27.55
144,28.65,27.55
799,28.65,27.55
141,28.65,27.55
599,28.65,27.55
548,28.65,27.55
464,28.65,27.55
578,28.65,27.55
741,28.65,27.55
698,28.67,27.55
413,28.67,27.55
717,28.67,27.55
436,28.67,27.55
532,28.67,27.55
266,28.67,27.55
688,28.67,27.55
294,28.67,27.55
622,28.67,27.55
365,28.67,27.55
555,28.67,27.55
449,28.67,27.55
503,28.67,27.55
526,28.67,27.55
555,28.67,27.55
731,28.67,27.55
347,28.67,27.55
870,28.67,27.55
331,28.67,27.55
455,28.67,27.55
535,28.67,27.55
393,28.67,27.55
281,28.67,27.55
541,28.67,27.55
143,28.67,27.53
635,28.67,27.53
454,28.67,27.53
644,28.67,27.53
251,28.67,27.53
592,28.67,27.53
554,28.67,27.53
339,28.67,27.53
695,28.67,27.53
235,28.67,27.53
660,28.67,27.53
123,28.67,27.53
624,28.67,27.53
272,28.67,27.53
633,28.67,27.53
794,28.67,27.53
318,28.67,27.53
320,28.67,27.53
404,28.67,27.53
468,28.67,27.53
421,28.67,27.53
266,28.67,27.53
488,28.67,27.53
616,28.67,27.53
426,28.67,27.53
695,28.67,27.53
478,28.67,27.53
821,28.67,27.53
502,28.67,27.53
478,28.67,27.53
309,28.67,27.53
201,28.67,27.53
615,28.67,27.53
120,28.67,27.53
869,28.67,27.53
199,28.67,27.53
633,28.61,27.53
322,28.61,27.53
682,28.61,27.53
634,28.61,27.53
394,28.61,27.53
806,28.61,27.53
639,28.61,27.53
378,28.61,27.53
677,28.61,27.53
602,28.61,27.53
343,28.61,27.53
823,28.61,27.53
339,28.61,27.53
565,28.61,27.53
457,28.61,27.53
714,28.61,27.53
343,28.61,27.53
389,28.61,27.53
411,28.61,27.53
558,28.61,27.53
661,28.61,27.53
127,28.61,27.53
875,28.61,27.53
271,28.61,27.53
720,28.61,27.35
123,28.61,27.35
770,28.61,27.35
590,28.61,27.35
613,28.61,27.35
641,28.61,27.35
623,28.61,27.35
358,28.61,27.35
503,28.61,27.35
570,28.61,27.35
444,28.61,27.35
454,28.61,27.35
616,28.61,27.35
771,28.61,27.35
284,28.61,27.35
674,28.61,27.35
121,28.61,27.35
627,28.61,27.35
194,28.61,27.35
725,28.61,27.35
645,28.61,27.35
152,28.61,27.35
725,28.61,27.35
446,28.61,27.35
544,28.61,27.35
252,28.61,27.35
698,28.61,27.35
455,28.61,27.35
654,28.61,27.35
121,28.61,27.35
792,28.61,27.35
261,28.61,27.35
594,28.61,27.35
150,28.61,27.35
595,28.61,27.35
211,28.61,27.35
626,28.67,27.35
492,28.67,27.35
120,28.67,27.35
657,28.67,27.35
120,28.67,27.35
596,28.67,27.35
129,28.67,27.35
519,28.67,27.35
418,28.67,27.35
523,28.67,27.35
316,28.67,27.35
621,28.67,27.35
543,28.67,27.35
506,28.67,27.35
359,28.67,27.35
520,28.67,27.35
536,28.67,27.35
368,28.67,27.35
820,28.67,27.35
218,28.67,27.35
521,28.67,27.35
275,28.67,27.35
545,28.67,27.35
131,28.67,27.35
673,28.67,27.47
528,28.67,27.47
