579,29.95,28.57
123,29.95,28.57
649,29.95,28.57
188,29.95,28.57
336,29.95,28.57
276,29.95,28.57
637,29.95,28.57
527,29.95,28.57
646,29.95,28.57
336,29.95,28.57
645,29.95,28.57
629,29.95,28.57
558,29.95,28.57
303,29.95,28.57
677,29.95,28.57
552,29.95,28.57
270,29.95,28.57
794,29.95,28.57
149,29.95,28.57
550,29.95,28.57
737,29.95,28.57
618,29.95,28.57
403,29.95,28.57
644,29.95,28.57
564,29.95,28.57
509,29.95,28.57
666,29.95,28.69
344,29.95,28.69
567,29.95,28.69
495,29.95,28.69
595,29.95,28.69
421,29.95,28.69
471,29.95,28.69
602,29.95,28.69
444,29.95,28.69
694,29.95,28.69
494,29.95,28.69
513,29.95,28.69
593,29.95,28.69
855,29.95,28.69
294,29.95,28.69
878,29.95,28.69
631,29.95,28.69
600,29.95,28.69
595,29.95,28.69
806,29.95,28.69
262,29.95,28.69
314,29.95,28.69
647,29.95,28.69
292,29.95,28.69
747,29.95,28.69
223,29.95,28.69
658,29.95,28.69
661,29.95,28.69
394,29.95,28.69
473,29.95,28.69
793,29.95,28.69
124,29.95,28.69
820,29.95,28.69
620,29.95,28.69
523,29.95,28.69
510,29.95,28.69
601,29.91,28.69
420,29.91,28.69
119,29.91,28.69
725,29.91,28.69
119,29.91,28.69
706,29.91,28.69
120,29.91,28.69
597,29.91,28.69
319,29.91,28.69
516,29.91,28.69
532,29.91,28.69
577,29.91,28.69
581,29.91,28.69
548,29.91,28.69
497,29.91,28.69
639,29.91,28.69
280,29.91,28.69
521,29.91,28.69
438,29.91,28.69
322,29.91,28.69
738,29.91,28.69
403,29.91,28.69
768,29.91,28.69
347,29.91,28.77
581,29.91,28.77
699,29.91,28.77
402,29.91,28.77
681,29.91,28.77
313,29.91,28.77
490,29.91,28.77
502,29.91,28.77
416,29.91,28.77
265,29.91,28.77
566,29.91,28.77
521,29.91,28.77
688,29.91,28.77
558,29.91,28.77
574,29.91,28.77
423,29.91,28.77
668,29.91,28.77
470,29.91,28.77
690,29.91,28.77
735,29.91,28.77
441,29.91,28.77
833,29.91,28.77
481,29.91,28.77
878,29.91,28.77
354,29.91,28.77
828,29.91,28.77
466,29.91,28.77
644,29.91,28.77
350,29.91,28.77
596,29.91,28.77
609,29.91,28.77
546,29.91,28.77
773,29.91,28.77
301,29.91,28.77
281,29.91,28.77
423,29.91,28.77
622,29.95,28.77
453,29.95,28.77
591,29.95,28.77
119,29.95,28.77
878,29.95,28.77
127,29.95,28.77
858,29.95,28.77
617,29.95,28.77
371,29.95,28.77
374,29.95,28.77
351,29.95,28.77
723,29.95,28.77
123,29.95,28.77
805,29.95,28.77
291,29.95,28.77
540,29.95,28.77
367,29.95,28.77
613,29.95,28.77
407,29.95,28.77
352,29.95,28.77
308,29.95,28.77
452,29.95,28.77
383,29.95,28.77
583,29.95,28.77
438,29.95,28.77
646,29.95,28.77
458,29.95,28.77
125,29.95,28.77
720,29.95,28.77
120,29.95,28.77
674,29.95,28.77
535,29.95,28.77
685,29.95,28.77
367,29.95,28.77
466,29.95,28.77
768,29.95,28.77
349,29.95,28.77
787,29.95,28.77
501,29.95,28.77
467,29.95,28.77
343,29.95,28.77
525,29.95,28.77
226,29.95,28.77
601,29.95,28.77
236,29.95,28.77
544,29.95,28.77
376,29.95,28.77
453,29.95,28.77
347,29.95,28.77
557,29.95,28.77
523,29.95,28.77
234,29.95,28.77
744,29.95,28.77
518,29.95,28.77
876,29.95,28.77
480,29.95,28.77
676,29.95,28.77
501,29.95,28.77
599,29.95,28.77
381,29.95,28.77
440,29.97,28.77
491,29.97,28.77
687,29.97,28.77
496,29.97,28.77
569,29.97,28.77
499,29.97,28.77
582,29.97,28.77
549,29.97,28.77
158,29.97,28.77
658,29.97,28.77
379,29.97,28.77
855,29.97,28.77
396,29.97,28.77
795,29.97,28.77
489,29.97,28.77
509,29.97,28.77
839,29.97,28.77
459,29.97,28.77
609,29.97,28.77
372,29.97,28.77
778,29.97,28.77
128,29.97,28.77
758,29.97,28.77
471,29.97,28.75
462,29.97,28.75
574,29.97,28.75
490,29.97,28.75
264,29.97,28.75
800,29.97,28.75
315,29.97,28.75
738,29.97,28.75
732,29.97,28.75
496,29.97,28.75
529,29.97,28.75
410,29.97,28.75
761,29.97,28.75
120,29.97,28.75
678,29.97,28.75
207,29.97,28.75
446,29.97,28.75
558,29.97,28.75
290,29.97,28.75
606,29.97,28.75
612,29.97,28.75
314,29.97,28.75
591,29.97,28.75
194,29.97,28.75
387,29.97,28.75
484,29.97,28.75
359,29.97,28.75
530,29.97,28.75
129,29.97,28.75
875,29.97,28.75
120,29.97,28.75
806,29.97,28.75
330,29.97,28.75
412,29.97,28.75
492,29.97,28.75
490,29.97,28.75
668,29.91,28.75
276,29.91,28.75
681,29.91,28.75
531,29.91,28.75
379,29.91,28.75
418,29.91,28.75
529,29.91,28.75
348,29.91,28.75
370,29.91,28.75
410,29.91,28.75
614,29.91,28.75
125,29.91,28.75
796,29.91,28.75
355,29.91,28.75
484,29.91,28.75
289,29.91,28.75
265,29.91,28.75
790,29.91,28.75
244,29.91,28.75
809,29.91,28.75
323,29.91,28.75
731,29.91,28.75
470,29.91,28.75
389,29.91,28.75
550,29.91,28.47
721,29.91,28.47
283,29.91,28.47
690,29.91,28.47
458,29.91,28.47
130,29.91,28.47
572,29.91,28.47
689,29.91,28.47
856,29.91,28.47
493,29.91,28.47
794,29.91,28.47
283,29.91,28.47
614,29.91,28.47
321,29.91,28.47
756,29.91,28.47
625,29.91,28.47
380,29.91,28.47
511,29.91,28.47
460,29.91,28.47
799,29.91,28.47
491,29.91,28.47
294,29.91,28.47
447,29.91,28.47
510,29.91,28.47
560,29.91,28.47
835,29.91,28.47
299,29.91,28.47
651,29.91,28.47
647,29.91,28.47
491,29.91,28.47
129,29.91,28.47
599,29.91,28.47
587,29.91,28.47
205,29.91,28.47
812,29.91,28.47
194,29.91,28.47
782,29.91,28.47
179,29.91,28.47
734,29.91,28.47
276,29.91,28.47
301,29.91,28.47
515,29.91,28.47
479,29.91,28.47
392,29.91,28.47
600,29.91,28.47
122,29.91,28.47
674,29.91,28.47
528,29.91,28.47
403,29.91,28.47
432,29.91,28.47
371,29.91,28.47
759,29.91,28.47
338,29.91,28.47
790,29.91,28.47
120,29.91,28.47
681,29.91,28.47
684,29.91,28.47
508,29.91,28.47
873,29.91,28.47
122,29.91,28.65
758,29.91,28.65
300,29.91,28.65
715,29.91,28.65
602,29.91,28.65
121,29.91,28.65
539,29.91,28.65
765,29.91,28.65
412,29.91,28.65
574,29.91,28.65
246,29.91,28.65
425,29.91,28.65
120,29.91,28.65
641,29.91,28.65
420,29.91,28.65
498,29.91,28.65
803,29.91,28.65
147,29.91,28.65
838,29.91,28.65
121,29.91,28.65
651,29.91,28.65
619,29.91,28.65
612,29.91,28.65
353,29.91,28.65
362,29.91,28.65
707,29.91,28.65
705,29.91,28.65
596,29.91,28.65
626,29.91,28.65
121,29.91,28.65
539,29.91,28.65
707,29.91,28.65
436,29.91,28.65
677,29.91,28.65
611,29.91,28.65
746,29.91,28.65
412,29.95,28.65
686,29.95,28.65
314,29.95,28.65
680,29.95,28.65
876,29.95,28.65
204,29.95,28.65
787,29.95,28.65
124,29.95,28.65
854,29.95,28.65
663,29.95,28.65
659,29.95,28.65
554,29.95,28.65
320,29.95,28.65
828,29.95,28.65
318,29.95,28.65
620,29.95,28.65
572,29.95,28.65
131,29.95,28.65
571,29.95,28.65
720,29.95,28.65
419,29.95,28.65
829,29.95,28.65
408,29.95,28.65
861,29.95,28.65
121,29.95,28.59
534,29.95,28.59
286,29.95,28.59
612,29.95,28.59
379,29.95,28.59
154,29.95,28.59
877,29.95,28.59
120,29.95,28.59
876,29.95,28.59
425,29.95,28.59
292,29.95,28.59
425,29.95,28.59
626,29.95,28.59
352,29.95,28.59
760,29.95,28.59
126,29.95,28.59
724,29.95,28.59
350,29.95,28.59
574,29.95,28.59
445,29.95,28.59
228,29.95,28.59
717,29.95,28.59
510,29.95,28.59
763,29.95,28.59
127,29.95,28.59
584,29.95,28.59
370,29.95,28.59
612,29.95,28.59
411,29.95,28.59
199,29.95,28.59
876,29.95,28.59
311,29.95,28.59
685,29.95,28.59
688,29.95,28.59
703,29.95,28.59
190,29.95,28.59
