624,28.25,27.41
447,28.25,27.41
688,28.25,27.41
385,28.25,27.41
702,28.25,27.41
607,28.25,27.41
837,28.25,27.41
333,28.25,27.41
634,28.25,27.41
736,28.25,27.41
120,28.25,27.41
870,28.25,27.41
222,28.25,27.41
559,28.25,27.41
157,28.25,27.41
652,28.25,27.41
519,28.27,27.41
500,28.27,27.41
341,28.27,27.41
504,28.27,27.41
489,28.27,27.41
237,28.27,27.41
379,28.27,27.41
365,28.27,27.41
447,28.27,27.41
318,28.27,27.41
426,28.27,27.41
158,28.27,27.41
407,28.27,27.41
199,28.27,27.41
721,28.27,27.41
189,28.27,27.41
326,28.27,27.41
775,28.27,27.41
468,28.27,27.41
629,28.27,27.41
120,28.27,27.41
505,28.27,27.41
397,28.27,27.41
624,28.27,27.41
124,28.27,27.21
493,28.27,27.21
550,28.27,27.21
319,28.27,27.21
547,28.27,27.21
340,28.27,27.21
346,28.27,27.21
875,28.27,27.21
423,28.27,27.21
339,28.27,27.21
704,28.27,27.21
297,28.27,27.21
516,28.27,27.21
229,28.27,27.21
638,28.27,27.21
295,28.27,27.21
463,28.27,27.21
283,28.27,27.21
672,28.27,27.21
231,28.27,27.21
418,28.27,27.21
653,28.27,27.21
314,28.27,27.21
685,28.27,27.21
340,28.27,27.21
786,28.27,27.21
354,28.27,27.21
623,28.27,27.21
517,28.27,27.21
774,28.27,27.21
283,28.27,27.21
845,28.27,27.21
508,28.27,27.21
825,28.27,27.21
584,28.27,27.21
730,28.27,27.21
590,28.23,27.21
420,28.23,27.21
809,28.23,27.21
135,28.23,27.21
782,28.23,27.21
123,28.23,27.21
602,28.23,27.21
137,28.23,27.21
532,28.23,27.21
439,28.23,27.21
506,28.23,27.21
582,28.23,27.21
629,28.23,27.21
609,28.23,27.21
391,28.23,27.21
504,28.23,27.21
642,28.23,27.21
469,28.23,27.21
127,28.23,27.21
660,28.23,27.21
124,28.23,27.21
875,28.23,27.21
275,28.23,27.21
349,28.23,27.17
673,28.23,27.17
320,28.23,27.17
589,28.23,27.17
473,28.23,27.17
821,28.23,27.17
186,28.23,27.17
843,28.23,27.17
372,28.23,27.17
398,28.23,27.17
168,28.23,27.17
677,28.23,27.17
403,28.23,27.17
350,28.23,27.17
414,28.23,27.17
768,28.23,27.17
323,28.23,27.17
546,28.23,27.17
780,28.23,27.17
254,28.23,27.17
523,28.23,27.17
408,28.23,27.17
600,28.23,27.17
468,28.23,27.17
555,28.23,27.17
480,28.23,27.17
710,28.23,27.17
130,28.23,27.17
632,28.23,27.17
717,28.23,27.17
312,28.23,27.17
451,28.23,27.17
683,28.23,27.17
409,28.23,27.17
465,28.23,27.17
852,28.23,27.17
384,28.23,27.17
718,28.23,27.17
285,28.23,27.17
867,28.23,27.17
120,28.23,27.17
584,28.23,27.17
534,28.23,27.17
394,28.23,27.17
628,28.23,27.17
523,28.23,27.17
877,28.23,27.17
338,28.23,27.17
605,28.23,27.17
121,28.23,27.17
536,28.23,27.17
555,28.23,27.17
604,28.23,27.17
714,28.23,27.17
801,28.23,27.17
137,28.23,27.17
597,28.23,27.17
687,28.23,27.17
573,28.23,27.17
684,28.23,27.17
572,28.23,27.15
691,28.23,27.15
257,28.23,27.15
876,28.23,27.15
143,28.23,27.15
794,28.23,27.15
387,28.23,27.15
563,28.23,27.15
696,28.23,27.15
340,28.23,27.15
717,28.23,27.15
797,28.23,27.15
676,28.23,27.15
358,28.23,27.15
820,28.23,27.15
564,28.23,27.15
585,28.23,27.15
656,28.23,27.15
618,28.23,27.15
127,28.23,27.15
751,28.23,27.15
206,28.23,27.15
815,28.23,27.15
471,28.23,27.15
540,28.23,27.15
661,28.23,27.15
152,28.23,27.15
874,28.23,27.15
121,28.23,27.15
674,28.23,27.15
499,28.23,27.15
423,28.23,27.15
539,28.23,27.15
456,28.23,27.15
390,28.23,27.15
499,28.23,27.15
518,28.23,27.15
121,28.23,27.15
291,28.23,27.15
474,28.23,27.15
431,28.23,27.15
375,28.23,27.15
636,28.23,27.15
121,28.23,27.15
794,28.23,27.15
299,28.23,27.15
666,28.23,27.15
335,28.23,27.15
522,28.23,27.15
454,28.23,27.15
388,28.23,27.15
703,28.23,27.15
142,28.23,27.15
607,28.23,27.15
261,28.23,27.15
722,28.23,27.15
195,28.23,27.15
427,28.23,27.15
307,28.23,27.15
834,28.23,27.15
210,28.23,27.41
512,28.23,27.41
659,28.23,27.41
838,28.23,27.41
121,28.23,27.41
608,28.23,27.41
435,28.23,27.41
425,28.23,27.41
589,28.23,27.41
286,28.23,27.41
868,28.23,27.41
159,28.23,27.41
681,28.23,27.41
592,28.23,27.41
395,28.23,27.41
295,28.23,27.41
824,28.23,27.41
589,28.23,27.41
481,28.23,27.41
737,28.23,27.41
518,28.23,27.41
580,28.23,27.41
418,28.23,27.41
487,28.23,27.41
381,28.23,27.41
697,28.23,27.41
298,28.23,27.41
700,28.23,27.41
278,28.23,27.41
716,28.23,27.41
523,28.23,27.41
520,28.23,27.41
612,28.23,27.41
252,28.23,27.41
876,28.23,27.41
550,28.23,27.41
487,28.23,27.41
480,28.23,27.41
545,28.23,27.41
443,28.23,27.41
680,28.23,27.41
517,28.23,27.41
501,28.23,27.41
560,28.23,27.41
614,28.23,27.41
379,28.23,27.41
435,28.23,27.41
534,28.23,27.41
666,28.23,27.41
771,28.23,27.41
120,28.23,27.41
876,28.23,27.41
447,28.23,27.41
640,28.23,27.41
370,28.23,27.41
539,28.23,27.41
476,28.23,27.41
249,28.23,27.41
663,28.23,27.41
673,28.23,27.41
136,28.23,27.09
431,28.23,27.09
679,28.23,27.09
119,28.23,27.09
350,28.23,27.09
437,28.23,27.09
466,28.23,27.09
280,28.23,27.09
499,28.23,27.09
457,28.23,27.09
679,28.23,27.09
623,28.23,27.09
379,28.23,27.09
599,28.23,27.09
122,28.23,27.09
791,28.23,27.09
159,28.23,27.09
473,28.23,27.09
278,28.23,27.09
307,28.23,27.09
466,28.23,27.09
604,28.23,27.09
459,28.23,27.09
683,28.23,27.09
625,28.23,27.09
300,28.23,27.09
754,28.23,27.09
373,28.23,27.09
540,28.23,27.09
428,28.23,27.09
515,28.23,27.09
426,28.23,27.09
549,28.23,27.09
413,28.23,27.09
799,28.23,27.09
502,28.23,27.09
686,28.23,27.09
593,28.25,27.09
406,28.25,27.09
709,28.25,27.09
496,28.25,27.09
724,28.25,27.09
350,28.25,27.09
646,28.25,27.09
508,28.25,27.09
821,28.25,27.09
600,28.25,27.09
865,28.25,27.09
485,28.25,27.09
656,28.25,27.09
494,28.25,27.09
475,28.25,27.09
544,28.25,27.09
355,28.25,27.09
743,28.25,27.09
498,28.25,27.09
594,28.25,27.09
234,28.25,27.09
847,28.25,27.09
366,28.25,27.09
623,28.25,27.17
587,28.25,27.17
287,28.25,27.17
598,28.25,27.17
124,28.25,27.17
738,28.25,27.17
285,28.25,27.17
634,28.25,27.17
440,28.25,27.17
705,28.25,27.17
402,28.25,27.17
790,28.25,27.17
553,28.25,27.17
378,28.25,27.17
527,28.25,27.17
687,28.25,27.17
581,28.25,27.17
673,28.25,27.17
644,28.25,27.17
519,28.25,27.17
803,28.25,27.17
224,28.25,27.17
876,28.25,27.17
334,28.25,27.17
745,28.25,27.17
522,28.25,27.17
807,28.25,27.17
436,28.25,27.17
363,28.25,27.17
775,28.25,27.17
466,28.25,27.17
258,28.25,27.17
236,28.25,27.17
876,28.25,27.17
166,28.25,27.17
694,28.25,27.17
574,28.25,27.17
780,28.27,27.17
333,28.27,27.17
637,28.27,27.17
508,28.27,27.17
328,28.27,27.17
125,28.27,27.17
337,28.27,27.17
423,28.27,27.17
149,28.27,27.17
667,28.27,27.17
591,28.27,27.17
752,28.27,27.17
120,28.27,27.17
875,28.27,27.17
382,28.27,27.17
257,28.27,27.17
619,28.27,27.17
570,28.27,27.17
497,28.27,27.17
224,28.27,27.17
545,28.27,27.17
455,28.27,27.17
333,28.27,27.17
472,28.27,27.17
469,28.27,27.17
178,28.27,27.17
588,28.27,27.17
439,28.27,27.17
478,28.27,27.17
343,28.27,27.17
488,28.27,27.17
669,28.27,27.17
392,28.27,27.17
563,28.27,27.17
360,28.27,27.17
875,28.27,27.17
199,28.27,27.17
596,28.27,27.17
556,28.27,27.17
412,28.27,27.17
444,28.27,27.17
520,28.27,27.17
