877,29.89,28.59
202,29.89,28.59
878,29.89,28.59
121,29.89,28.65
588,29.89,28.65
877,29.89,28.65
437,29.89,28.65
454,29.89,28.65
655,29.89,28.65
257,29.89,28.65
788,29.89,28.65
644,29.89,28.65
496,29.89,28.65
792,29.89,28.65
634,29.89,28.65
550,29.89,28.65
464,29.89,28.65
634,29.89,28.65
134,29.89,28.65
870,29.89,28.65
119,29.89,28.65
562,29.89,28.65
722,29.89,28.65
350,29.89,28.65
790,29.89,28.65
249,29.89,28.65
607,29.89,28.65
581,29.89,28.65
828,29.89,28.65
459,29.89,28.65
776,29.89,28.65
428,29.89,28.65
535,29.89,28.65
173,29.89,28.65
765,29.89,28.65
124,29.89,28.65
450,29.89,28.65
397,29.89,28.65
418,29.89,28.65
734,29.87,28.65
471,29.87,28.65
787,29.87,28.65
120,29.87,28.65
877,29.87,28.65
229,29.87,28.65
581,29.87,28.65
119,29.87,28.65
579,29.87,28.65
427,29.87,28.65
311,29.87,28.65
545,29.87,28.65
260,29.87,28.65
624,29.87,28.65
465,29.87,28.65
475,29.87,28.65
449,29.87,28.65
625,29.87,28.65
333,29.87,28.65
656,29.87,28.65
414,29.87,28.65
510,29.87,28.65
505,29.87,28.65
706,29.87,28.53
412,29.87,28.53
256,29.87,28.53
681,29.87,28.53
311,29.87,28.53
511,29.87,28.53
121,29.87,28.53
513,29.87,28.53
461,29.87,28.53
119,29.87,28.53
756,29.87,28.53
413,29.87,28.53
335,29.87,28.53
479,29.87,28.53
715,29.87,28.53
378,29.87,28.53
446,29.87,28.53
559,29.87,28.53
844,29.87,28.53
596,29.87,28.53
467,29.87,28.53
505,29.87,28.53
690,29.87,28.53
302,29.87,28.53
563,29.87,28.53
647,29.87,28.53
397,29.87,28.53
704,29.87,28.53
637,29.87,28.53
792,29.87,28.53
353,29.87,28.53
635,29.87,28.53
517,29.87,28.53
441,29.87,28.53
518,29.87,28.53
474,29.87,28.53
446,29.87,28.53
622,29.83,28.53
399,29.83,28.53
743,29.83,28.53
511,29.83,28.53
517,29.83,28.53
439,29.83,28.53
522,29.83,28.53
615,29.83,28.53
457,29.83,28.53
801,29.83,28.53
352,29.83,28.53
690,29.83,28.53
515,29.83,28.53
689,29.83,28.53
578,29.83,28.53
530,29.83,28.53
536,29.83,28.53
357,29.83,28.53
573,29.83,28.53
418,29.83,28.53
689,29.83,28.53
544,29.83,28.53
330,29.83,28.53
182,29.83,28.59
659,29.83,28.59
402,29.83,28.59
469,29.83,28.59
351,29.83,28.59
465,29.83,28.59
657,29.83,28.59
643,29.83,28.59
354,29.83,28.59
119,29.83,28.59
878,29.83,28.59
118,29.83,28.59
579,29.83,28.59
158,29.83,28.59
581,29.83,28.59
403,29.83,28.59
242,29.83,28.59
568,29.83,28.59
716,29.83,28.59
541,29.83,28.59
579,29.83,28.59
582,29.83,28.59
122,29.83,28.59
676,29.83,28.59
351,29.83,28.59
730,29.83,28.59
429,29.83,28.59
411,29.83,28.59
122,29.83,28.59
626,29.83,28.59
123,29.83,28.59
574,29.83,28.59
343,29.83,28.59
511,29.83,28.59
717,29.83,28.59
284,29.83,28.59
878,29.83,28.59
279,29.83,28.59
590,29.83,28.59
350,29.83,28.59
339,29.83,28.59
347,29.83,28.59
792,29.83,28.59
184,29.83,28.59
518,29.83,28.59
224,29.83,28.59
632,29.83,28.59
312,29.83,28.59
708,29.83,28.59
559,29.83,28.59
589,29.83,28.59
876,29.83,28.59
121,29.83,28.59
789,29.83,28.59
492,29.83,28.59
819,29.83,28.59
667,29.83,28.59
511,29.83,28.59
531,29.83,28.59
356,29.83,28.59
537,29.83,28.45
604,29.83,28.45
318,29.83,28.45
695,29.83,28.45
454,29.83,28.45
579,29.83,28.45
764,29.83,28.45
123,29.83,28.45
875,29.83,28.45
445,29.83,28.45
620,29.83,28.45
156,29.83,28.45
796,29.83,28.45
596,29.83,28.45
714,29.83,28.45
877,29.83,28.45
178,29.83,28.45
744,29.83,28.45
445,29.83,28.45
687,29.83,28.45
671,29.83,28.45
123,29.83,28.45
453,29.83,28.45
678,29.83,28.45
520,29.83,28.45
805,29.83,28.45
217,29.83,28.45
141,29.83,28.45
391,29.83,28.45
671,29.83,28.45
747,29.83,28.45
482,29.83,28.45
640,29.83,28.45
399,29.83,28.45
813,29.83,28.45
121,29.83,28.45
711,29.87,28.45
466,29.87,28.45
316,29.87,28.45
481,29.87,28.45
121,29.87,28.45
877,29.87,28.45
403,29.87,28.45
630,29.87,28.45
614,29.87,28.45
227,29.87,28.45
405,29.87,28.45
673,29.87,28.45
328,29.87,28.45
752,29.87,28.45
136,29.87,28.45
741,29.87,28.45
290,29.87,28.45
607,29.87,28.45
656,29.87,28.45
476,29.87,28.45
778,29.87,28.45
130,29.87,28.45
877,29.87,28.45
121,29.87,28.75
752,29.87,28.75
677,29.87,28.75
715,29.87,28.75
541,29.87,28.75
388,29.87,28.75
616,29.87,28.75
614,29.87,28.75
331,29.87,28.75
579,29.87,28.75
274,29.87,28.75
459,29.87,28.75
614,29.87,28.75
189,29.87,28.75
827,29.87,28.75
120,29.87,28.75
750,29.87,28.75
217,29.87,28.75
722,29.87,28.75
121,29.87,28.75
747,29.87,28.75
528,29.87,28.75
258,29.87,28.75
521,29.87,28.75
122,29.87,28.75
865,29.87,28.75
394,29.87,28.75
296,29.87,28.75
469,29.87,28.75
142,29.87,28.75
420,29.87,28.75
810,29.87,28.75
124,29.87,28.75
791,29.87,28.75
123,29.87,28.75
555,29.87,28.75
870,29.83,28.75
421,29.83,28.75
656,29.83,28.75
123,29.83,28.75
590,29.83,28.75
123,29.83,28.75
674,29.83,28.75
269,29.83,28.75
712,29.83,28.75
620,29.83,28.75
233,29.83,28.75
206,29.83,28.75
222,29.83,28.75
690,29.83,28.75
771,29.83,28.75
391,29.83,28.75
425,29.83,28.75
407,29.83,28.75
506,29.83,28.75
795,29.83,28.75
123,29.83,28.75
832,29.83,28.75
122,29.83,28.75
874,29.83,28.75
379,29.83,28.53
346,29.83,28.53
415,29.83,28.53
431,29.83,28.53
403,29.83,28.53
121,29.83,28.53
462,29.83,28.53
629,29.83,28.53
457,29.83,28.53
430,29.83,28.53
380,29.83,28.53
453,29.83,28.53
487,29.83,28.53
213,29.83,28.53
813,29.83,28.53
121,29.83,28.53
683,29.83,28.53
133,29.83,28.53
542,29.83,28.53
451,29.83,28.53
120,29.83,28.53
765,29.83,28.53
121,29.83,28.53
707,29.83,28.53
590,29.83,28.53
672,29.83,28.53
384,29.83,28.53
673,29.83,28.53
431,29.83,28.53
126,29.83,28.53
382,29.83,28.53
561,29.83,28.53
611,29.83,28.53
365,29.83,28.53
235,29.83,28.53
524,29.83,28.53
416,29.85,28.53
246,29.85,28.53
837,29.85,28.53
124,29.85,28.53
801,29.85,28.53
414,29.85,28.53
775,29.85,28.53
635,29.85,28.53
122,29.85,28.53
700,29.85,28.53
122,29.85,28.53
513,29.85,28.53
120,29.85,28.53
877,29.85,28.53
376,29.85,28.53
550,29.85,28.53
684,29.85,28.53
282,29.85,28.53
685,29.85,28.53
736,29.85,28.53
582,29.85,28.53
807,29.85,28.53
121,29.85,28.53
549,29.85,28.65
847,29.85,28.65
512,29.85,28.65
767,29.85,28.65
159,29.85,28.65
692,29.85,28.65
123,29.85,28.65
875,29.85,28.65
665,29.85,28.65
167,29.85,28.65
725,29.85,28.65
398,29.85,28.65
569,29.85,28.65
121,29.85,28.65
856,29.85,28.65
655,29.85,28.65
606,29.85,28.65
703,29.85,28.65
428,29.85,28.65
440,29.85,28.65
677,29.85,28.65
693,29.85,28.65
756,29.85,28.65
225,29.85,28.65
620,29.85,28.65
556,29.85,28.65
436,29.85,28.65
684,29.85,28.65
194,29.85,28.65
619,29.85,28.65
323,29.85,28.65
877,29.85,28.65
276,29.85,28.65
637,29.85,28.65
369,29.85,28.65
473,29.85,28.65
416,29.85,28.65
359,29.85,28.65
685,29.85,28.65
656,29.85,28.65
187,29.85,28.65
567,29.85,28.65
475,29.85,28.65
421,29.85,28.65
641,29.85,28.65
267,29.85,28.65
827,29.85,28.65
120,29.85,28.65
589,29.85,28.65
706,29.85,28.65
352,29.85,28.65
786,29.85,28.65
122,29.85,28.65
672,29.85,28.65
460,29.85,28.65
761,29.85,28.65
120,29.85,28.65
849,29.85,28.65
320,29.85,28.65
551,29.85,28.65
