280,28.05,27.15
704,28.05,27.15
585,28.05,27.15
336,28.05,27.15
872,28.05,27.15
510,28.05,27.15
179,28.05,27.15
843,28.05,27.15
482,28.05,27.15
753,28.05,27.15
369,28.05,27.15
873,28.05,27.15
447,28.05,27.15
863,28.05,27.15
127,28.05,27.15
783,28.05,27.15
262,28.05,27.15
314,28.05,27.15
540,28.05,27.15
541,28.05,27.15
627,28.05,27.15
565,28.05,27.15
628,28.05,27.15
398,28.05,27.15
711,28.05,27.15
330,28.05,27.15
710,28.05,27.15
314,28.05,27.15
507,28.05,27.15
310,28.05,27.15
847,28.05,27.15
348,28.05,27.15
671,28.05,27.15
340,28.05,27.15
527,28.05,27.15
560,28.05,27.15
318,28.05,27.15
486,28.05,27.15
409,28.05,27.15
694,28.05,27.15
427,28.05,27.15
424,28.05,27.15
305,28.05,27.15
688,28.05,27.15
575,28.05,27.23
776,28.05,27.23
625,28.05,27.23
411,28.05,27.23
588,28.05,27.23
600,28.05,27.23
595,28.05,27.23
586,28.05,27.23
613,28.05,27.23
305,28.05,27.23
702,28.05,27.23
197,28.05,27.23
350,28.05,27.23
696,28.05,27.23
448,28.05,27.23
332,28.05,27.23
369,28.05,27.23
741,28.05,27.23
124,28.05,27.23
688,28.05,27.23
380,28.05,27.23
453,28.05,27.23
473,28.05,27.23
516,28.05,27.23
587,28.05,27.23
518,28.05,27.23
251,28.05,27.23
122,28.05,27.23
583,28.05,27.23
467,28.05,27.23
477,28.05,27.23
313,28.05,27.23
700,28.05,27.23
126,28.05,27.23
836,28.05,27.23
305,28.05,27.23
662,28.05,27.23
454,28.03,27.23
578,28.03,27.23
529,28.03,27.23
122,28.03,27.23
714,28.03,27.23
124,28.03,27.23
566,28.03,27.23
314,28.03,27.23
539,28.03,27.23
191,28.03,27.23
590,28.03,27.23
410,28.03,27.23
254,28.03,27.23
556,28.03,27.23
363,28.03,27.23
543,28.03,27.23
547,28.03,27.23
328,28.03,27.23
498,28.03,27.23
716,28.03,27.23
149,28.03,27.23
710,28.03,27.23
243,28.03,27.23
646,28.03,26.77
312,28.03,26.77
625,28.03,26.77
430,28.03,26.77
299,28.03,26.77
587,28.03,26.77
417,28.03,26.77
639,28.03,26.77
552,28.03,26.77
583,28.03,26.77
239,28.03,26.77
659,28.03,26.77
504,28.03,26.77
660,28.03,26.77
448,28.03,26.77
419,28.03,26.77
428,28.03,26.77
608,28.03,26.77
211,28.03,26.77
721,28.03,26.77
436,28.03,26.77
349,28.03,26.77
721,28.03,26.77
124,28.03,26.77
874,28.03,26.77
266,28.03,26.77
794,28.03,26.77
561,28.03,26.77
536,28.03,26.77
519,28.03,26.77
700,28.03,26.77
564,28.03,26.77
757,28.03,26.77
694,28.03,26.77
386,28.03,26.77
676,28.03,26.77
504,28.03,26.77
643,28.01,26.77
474,28.01,26.77
698,28.01,26.77
417,28.01,26.77
697,28.01,26.77
366,28.01,26.77
554,28.01,26.77
507,28.01,26.77
585,28.01,26.77
720,28.01,26.77
327,28.01,26.77
742,28.01,26.77
290,28.01,26.77
653,28.01,26.77
383,28.01,26.77
561,28.01,26.77
387,28.01,26.77
616,28.01,26.77
492,28.01,26.77
415,28.01,26.77
561,28.01,26.77
418,28.01,26.77
292,28.01,26.77
430,28.01,27.05
561,28.01,27.05
638,28.01,27.05
657,28.01,27.05
287,28.01,27.05
695,28.01,27.05
472,28.01,27.05
761,28.01,27.05
132,28.01,27.05
455,28.01,27.05
285,28.01,27.05
410,28.01,27.05
609,28.01,27.05
276,28.01,27.05
627,28.01,27.05
498,28.01,27.05
586,28.01,27.05
122,28.01,27.05
517,28.01,27.05
484,28.01,27.05
351,28.01,27.05
272,28.01,27.05
502,28.01,27.05
656,28.01,27.05
663,28.01,27.05
599,28.01,27.05
410,28.01,27.05
384,28.01,27.05
409,28.01,27.05
568,28.01,27.05
312,28.01,27.05
643,28.01,27.05
377,28.01,27.05
551,28.01,27.05
321,28.01,27.05
417,28.01,27.05
708,28.01,27.05
274,28.01,27.05
516,28.01,27.05
284,28.01,27.05
635,28.01,27.05
125,28.01,27.05
515,28.01,27.05
450,28.01,27.05
627,28.01,27.05
614,28.01,27.05
427,28.01,27.05
565,28.01,27.05
551,28.01,27.05
517,28.01,27.05
414,28.01,27.05
561,28.01,27.05
285,28.01,27.05
426,28.01,27.05
257,28.01,27.05
698,28.01,27.05
128,28.01,27.05
493,28.01,27.05
674,28.01,27.05
247,28.01,27.05
510,28.01,26.85
239,28.01,26.85
806,28.01,26.85
162,28.01,26.85
493,28.01,26.85
283,28.01,26.85
679,28.01,26.85
382,28.01,26.85
264,28.01,26.85
626,28.01,26.85
130,28.01,26.85
439,28.01,26.85
195,28.01,26.85
569,28.01,26.85
418,28.01,26.85
501,28.01,26.85
510,28.01,26.85
844,28.01,26.85
226,28.01,26.85
635,28.01,26.85
767,28.01,26.85
667,28.01,26.85
635,28.01,26.85
544,28.01,26.85
784,28.01,26.85
191,28.01,26.85
839,28.01,26.85
195,28.01,26.85
684,28.01,26.85
121,28.01,26.85
795,28.01,26.85
460,28.01,26.85
482,28.01,26.85
571,28.01,26.85
428,28.01,26.85
613,28.01,26.85
454,28.01,26.85
690,28.01,26.85
562,28.01,26.85
673,28.01,26.85
305,28.01,26.85
757,28.01,26.85
295,28.01,26.85
585,28.01,26.85
508,28.01,26.85
810,28.01,26.85
656,28.01,26.85
471,28.01,26.85
613,28.01,26.85
632,28.01,26.85
752,28.01,26.85
467,28.01,26.85
828,28.01,26.85
369,28.01,26.85
712,28.01,26.85
396,28.01,26.85
613,28.01,26.85
772,28.01,26.85
309,28.01,26.85
875,28.01,26.85
485,28.01,26.97
413,28.01,26.97
506,28.01,26.97
854,28.01,26.97
555,28.01,26.97
640,28.01,26.97
466,28.01,26.97
671,28.01,26.97
304,28.01,26.97
558,28.01,26.97
200,28.01,26.97
571,28.01,26.97
421,28.01,26.97
556,28.01,26.97
733,28.01,26.97
357,28.01,26.97
733,28.01,26.97
372,28.01,26.97
671,28.01,26.97
401,28.01,26.97
538,28.01,26.97
641,28.01,26.97
569,28.01,26.97
333,28.01,26.97
777,28.01,26.97
610,28.01,26.97
491,28.01,26.97
472,28.01,26.97
437,28.01,26.97
660,28.01,26.97
339,28.01,26.97
534,28.01,26.97
539,28.01,26.97
606,28.01,26.97
407,28.01,26.97
885,28.01,26.97
556,28.01,26.97
779,28.03,26.97
833,28.03,26.97
431,28.03,26.97
735,28.03,26.97
329,28.03,26.97
728,28.03,26.97
121,28.03,26.97
684,28.03,26.97
585,28.03,26.97
209,28.03,26.97
703,28.03,26.97
377,28.03,26.97
470,28.03,26.97
383,28.03,26.97
625,28.03,26.97
138,28.03,26.97
730,28.03,26.97
390,28.03,26.97
605,28.03,26.97
606,28.03,26.97
282,28.03,26.97
452,28.03,26.97
664,28.03,26.97
323,28.03,26.97
326,28.03,26.99
530,28.03,26.99
121,28.03,26.99
712,28.03,26.99
327,28.03,26.99
715,28.03,26.99
238,28.03,26.99
547,28.03,26.99
623,28.03,26.99
500,28.03,26.99
563,28.03,26.99
558,28.03,26.99
624,28.03,26.99
296,28.03,26.99
594,28.03,26.99
343,28.03,26.99
446,28.03,26.99
312,28.03,26.99
596,28.03,26.99
327,28.03,26.99
535,28.03,26.99
339,28.03,26.99
555,28.03,26.99
476,28.03,26.99
364,28.03,26.99
676,28.03,26.99
356,28.03,26.99
873,28.03,26.99
150,28.03,26.99
874,28.03,26.99
183,28.03,26.99
604,28.03,26.99
447,28.03,26.99
348,28.03,26.99
709,28.03,26.99
335,28.03,26.99
686,28.07,26.99
421,28.07,26.99
595,28.07,26.99
281,28.07,26.99
694,28.07,26.99
395,28.07,26.99
589,28.07,26.99
280,28.07,26.99
615,28.07,26.99
315,28.07,26.99
401,28.07,26.99
457,28.07,26.99
437,28.07,26.99
389,28.07,26.99
260,28.07,26.99
782,28.07,26.99
121,28.07,26.99
785,28.07,26.99
410,28.07,26.99
395,28.07,26.99
127,28.07,26.99
517,28.07,26.99
584,28.07,26.99
392,28.07,26.99
659,28.07,27.15
171,28.07,27.15
487,28.07,27.15
353,28.07,27.15
503,28.07,27.15
505,28.07,27.15
569,28.07,27.15
187,28.07,27.15
582,28.07,27.15
518,28.07,27.15
531,28.07,27.15
688,28.07,27.15
682,28.07,27.15
671,28.07,27.15
382,28.07,27.15
