713,29.03,27.67
293,29.03,27.67
581,29.03,27.67
354,29.03,27.67
628,29.03,27.67
728,29.03,27.67
531,29.03,27.75
588,29.03,27.75
119,29.03,27.75
658,29.03,27.75
318,29.03,27.75
485,29.03,27.75
260,29.03,27.75
598,29.03,27.75
302,29.03,27.75
498,29.03,27.75
729,29.03,27.75
440,29.03,27.75
614,29.03,27.75
249,29.03,27.75
564,29.03,27.75
180,29.03,27.75
175,29.03,27.75
436,29.03,27.75
392,29.03,27.75
207,29.03,27.75
497,29.03,27.75
664,29.03,27.75
569,29.03,27.75
252,29.03,27.75
429,29.03,27.75
694,29.03,27.75
159,29.03,27.75
677,29.03,27.75
369,29.03,27.75
598,29.03,27.75
173,29.03,27.75
597,29.03,27.75
450,29.03,27.75
578,29.03,27.75
459,29.03,27.75
120,29.03,27.75
671,29.03,27.75
250,29.01,27.75
652,29.01,27.75
554,29.01,27.75
658,29.01,27.75
339,29.01,27.75
662,29.01,27.75
556,29.01,27.75
590,29.01,27.75
522,29.01,27.75
673,29.01,27.75
473,29.01,27.75
524,29.01,27.75
696,29.01,27.75
572,29.01,27.75
621,29.01,27.75
412,29.01,27.75
780,29.01,27.75
263,29.01,27.75
697,29.01,27.75
440,29.01,27.75
701,29.01,27.75
668,29.01,27.75
443,29.01,27.75
752,29.01,27.53
586,29.01,27.53
606,29.01,27.53
466,29.01,27.53
794,29.01,27.53
237,29.01,27.53
557,29.01,27.53
623,29.01,27.53
523,29.01,27.53
287,29.01,27.53
747,29.01,27.53
616,29.01,27.53
530,29.01,27.53
667,29.01,27.53
518,29.01,27.53
797,29.01,27.53
431,29.01,27.53
523,29.01,27.53
455,29.01,27.53
533,29.01,27.53
243,29.01,27.53
550,29.01,27.53
404,29.01,27.53
358,29.01,27.53
631,29.01,27.53
595,29.01,27.53
601,29.01,27.53
292,29.01,27.53
603,29.01,27.53
531,29.01,27.53
503,29.01,27.53
512,29.01,27.53
694,29.01,27.53
303,29.01,27.53
744,29.01,27.53
247,29.01,27.53
702,29.01,27.53
392,29.01,27.53
567,29.01,27.53
661,29.01,27.53
280,29.01,27.53
748,29.01,27.53
275,29.01,27.53
674,29.01,27.53
250,29.01,27.53
727,29.01,27.53
247,29.01,27.53
471,29.01,27.53
615,29.01,27.53
417,29.01,27.53
558,29.01,27.53
469,29.01,27.53
564,29.01,27.53
278,29.01,27.53
387,29.01,27.53
457,29.01,27.53
758,29.01,27.53
119,29.01,27.53
610,29.01,27.53
146,29.01,27.53
788,29.01,27.81
132,29.01,27.81
536,29.01,27.81
575,29.01,27.81
238,29.01,27.81
650,29.01,27.81
665,29.01,27.81
718,29.01,27.81
120,29.01,27.81
813,29.01,27.81
353,29.01,27.81
503,29.01,27.81
561,29.01,27.81
699,29.01,27.81
376,29.01,27.81
675,29.01,27.81
357,29.01,27.81
747,29.01,27.81
399,29.01,27.81
528,29.01,27.81
696,29.01,27.81
495,29.01,27.81
188,29.01,27.81
396,29.01,27.81
722,29.01,27.81
227,29.01,27.81
807,29.01,27.81
476,29.01,27.81
615,29.01,27.81
587,29.01,27.81
522,29.01,27.81
660,29.01,27.81
766,29.01,27.81
554,29.01,27.81
857,29.01,27.81
689,29.01,27.81
460,29.01,27.81
851,29.01,27.81
283,29.01,27.81
525,29.01,27.81
438,29.01,27.81
688,29.01,27.81
392,29.01,27.81
600,29.01,27.81
455,29.01,27.81
730,29.01,27.81
542,29.01,27.81
347,29.01,27.81
876,29.01,27.81
257,29.01,27.81
669,29.01,27.81
316,29.01,27.81
839,29.01,27.81
193,29.01,27.81
502,29.01,27.81
369,29.01,27.81
576,29.01,27.81
397,29.01,27.81
709,29.01,27.81
639,29.01,27.81
310,29.01,27.85
760,29.01,27.85
420,29.01,27.85
774,29.01,27.85
120,29.01,27.85
814,29.01,27.85
233,29.01,27.85
670,29.01,27.85
304,29.01,27.85
654,29.01,27.85
219,29.01,27.85
475,29.01,27.85
499,29.01,27.85
303,29.01,27.85
406,29.01,27.85
219,29.01,27.85
721,29.01,27.85
355,29.01,27.85
725,29.01,27.85
581,29.01,27.85
762,29.01,27.85
119,29.01,27.85
479,29.01,27.85
132,29.01,27.85
421,29.01,27.85
250,29.01,27.85
314,29.01,27.85
591,29.01,27.85
382,29.01,27.85
515,29.01,27.85
272,29.01,27.85
687,29.01,27.85
217,29.01,27.85
832,29.01,27.85
458,29.01,27.85
690,29.01,27.85
419,29.01,27.85
667,29.01,27.85
710,29.01,27.85
242,29.01,27.85
334,29.01,27.85
294,29.01,27.85
309,29.01,27.85
285,29.01,27.85
584,29.01,27.85
191,29.01,27.85
423,29.01,27.85
349,29.01,27.85
414,29.01,27.85
359,29.01,27.85
546,29.01,27.85
354,29.01,27.85
730,29.01,27.85
281,29.01,27.85
203,29.01,27.85
682,29.01,27.85
119,29.01,27.85
709,29.01,27.85
123,29.01,27.85
523,29.01,27.85
436,29.01,27.61
519,29.01,27.61
579,29.01,27.61
385,29.01,27.61
686,29.01,27.61
483,29.01,27.61
536,29.01,27.61
613,29.01,27.61
562,29.01,27.61
184,29.01,27.61
708,29.01,27.61
121,29.01,27.61
776,29.01,27.61
338,29.01,27.61
458,29.01,27.61
567,29.01,27.61
593,29.01,27.61
322,29.01,27.61
373,29.01,27.61
615,29.01,27.61
262,29.01,27.61
691,29.01,27.61
337,29.01,27.61
689,29.01,27.61
480,29.01,27.61
545,29.01,27.61
649,29.01,27.61
578,29.01,27.61
415,29.01,27.61
710,29.01,27.61
486,29.01,27.61
505,29.01,27.61
548,29.01,27.61
260,29.01,27.61
876,29.01,27.61
454,29.01,27.61
582,28.99,27.61
256,28.99,27.61
482,28.99,27.61
460,28.99,27.61
569,28.99,27.61
375,28.99,27.61
351,28.99,27.61
736,28.99,27.61
555,28.99,27.61
688,28.99,27.61
507,28.99,27.61
392,28.99,27.61
679,28.99,27.61
649,28.99,27.61
501,28.99,27.61
825,28.99,27.61
205,28.99,27.61
729,28.99,27.61
511,28.99,27.61
348,28.99,27.61
563,28.99,27.61
475,28.99,27.61
377,28.99,27.61
369,28.99,27.61
681,28.99,27.73
122,28.99,27.73
873,28.99,27.73
186,28.99,27.73
839,28.99,27.73
450,28.99,27.73
231,28.99,27.73
325,28.99,27.73
386,28.99,27.73
596,28.99,27.73
353,28.99,27.73
705,28.99,27.73
611,28.99,27.73
733,28.99,27.73
442,28.99,27.73
876,28.99,27.73
124,28.99,27.73
547,28.99,27.73
331,28.99,27.73
635,28.99,27.73
119,28.99,27.73
679,28.99,27.73
410,28.99,27.73
472,28.99,27.73
628,28.99,27.73
218,28.99,27.73
587,28.99,27.73
119,28.99,27.73
886,28.99,27.73
123,28.99,27.73
638,28.99,27.73
445,28.99,27.73
530,28.99,27.73
625,28.99,27.73
344,28.99,27.73
403,28.99,27.73
615,29.01,27.73
233,29.01,27.73
628,29.01,27.73
839,29.01,27.73
121,29.01,27.73
811,29.01,27.73
377,29.01,27.73
842,29.01,27.73
203,29.01,27.73
673,29.01,27.73
730,29.01,27.73
540,29.01,27.73
623,29.01,27.73
123,29.01,27.73
706,29.01,27.73
678,29.01,27.73
677,29.01,27.73
749,29.01,27.73
514,29.01,27.73
266,29.01,27.73
535,29.01,27.73
433,29.01,27.73
876,29.01,27.73
122,29.01,27.73
872,29.01,27.63
341,29.01,27.63
536,29.01,27.63
586,29.01,27.63
591,29.01,27.63
745,29.01,27.63
123,29.01,27.63
876,29.01,27.63
129,29.01,27.63
708,29.01,27.63
416,29.01,27.63
635,29.01,27.63
500,29.01,27.63
497,29.01,27.63
477,29.01,27.63
648,29.01,27.63
128,29.01,27.63
749,29.01,27.63
159,29.01,27.63
348,29.01,27.63
725,29.01,27.63
300,29.01,27.63
876,29.01,27.63
121,29.01,27.63
875,29.01,27.63
264,29.01,27.63
769,29.01,27.63
717,29.01,27.63
487,29.01,27.63
594,29.01,27.63
221,29.01,27.63
681,29.01,27.63
124,29.01,27.63
625,29.01,27.63
256,29.01,27.63
589,29.01,27.63
334,28.99,27.63
241,28.99,27.63
650,28.99,27.63
535,28.99,27.63
173,28.99,27.63
447,28.99,27.63
303,28.99,27.63
461,28.99,27.63
650,28.99,27.63
186,28.99,27.63
669,28.99,27.63
121,28.99,27.63
665,28.99,27.63
126,28.99,27.63
546,28.99,27.63
352,28.99,27.63
595,28.99,27.63
548,28.99,27.63
