574,28.87,27.73
614,28.87,27.73
629,28.87,27.73
237,28.89,27.73
122,28.89,27.73
813,28.89,27.73
548,28.89,27.73
558,28.89,27.73
645,28.89,27.73
227,28.89,27.73
781,28.89,27.73
449,28.89,27.73
489,28.89,27.73
378,28.89,27.73
860,28.89,27.73
398,28.89,27.73
768,28.89,27.73
719,28.89,27.73
417,28.89,27.73
738,28.89,27.73
585,28.89,27.73
660,28.89,27.73
688,28.89,27.73
545,28.89,27.73
656,28.89,27.73
373,28.89,27.73
250,28.89,27.73
792,28.89,27.61
186,28.89,27.61
656,28.89,27.61
420,28.89,27.61
690,28.89,27.61
525,28.89,27.61
493,28.89,27.61
149,28.89,27.61
641,28.89,27.61
671,28.89,27.61
336,28.89,27.61
669,28.89,27.61
290,28.89,27.61
730,28.89,27.61
430,28.89,27.61
275,28.89,27.61
652,28.89,27.61
482,28.89,27.61
512,28.89,27.61
418,28.89,27.61
377,28.89,27.61
397,28.89,27.61
426,28.89,27.61
538,28.89,27.61
406,28.89,27.61
223,28.89,27.61
876,28.89,27.61
286,28.89,27.61
472,28.89,27.61
518,28.89,27.61
809,28.89,27.61
314,28.89,27.61
309,28.89,27.61
874,28.89,27.61
339,28.89,27.61
610,28.89,27.61
325,28.89,27.61
712,28.89,27.61
207,28.89,27.61
570,28.89,27.61
542,28.89,27.61
732,28.89,27.61
261,28.89,27.61
643,28.89,27.61
527,28.89,27.61
534,28.89,27.61
176,28.89,27.61
527,28.89,27.61
632,28.89,27.61
118,28.89,27.61
832,28.89,27.61
170,28.89,27.61
857,28.89,27.61
560,28.89,27.61
873,28.89,27.61
580,28.89,27.61
442,28.89,27.61
680,28.89,27.61
510,28.89,27.61
719,28.89,27.67
722,28.89,27.67
351,28.89,27.67
773,28.89,27.67
301,28.89,27.67
348,28.89,27.67
876,28.89,27.67
121,28.89,27.67
872,28.89,27.67
123,28.89,27.67
874,28.89,27.67
705,28.89,27.67
294,28.89,27.67
737,28.89,27.67
414,28.89,27.67
531,28.89,27.67
340,28.89,27.67
730,28.89,27.67
364,28.89,27.67
876,28.89,27.67
692,28.89,27.67
539,28.89,27.67
598,28.89,27.67
670,28.89,27.67
265,28.89,27.67
876,28.89,27.67
120,28.89,27.67
854,28.89,27.67
190,28.89,27.67
437,28.89,27.67
798,28.89,27.67
121,28.89,27.67
876,28.89,27.67
235,28.89,27.67
727,28.89,27.67
537,28.89,27.67
414,28.89,27.67
558,28.91,27.67
804,28.91,27.67
511,28.91,27.67
320,28.91,27.67
424,28.91,27.67
454,28.91,27.67
526,28.91,27.67
351,28.91,27.67
493,28.91,27.67
497,28.91,27.67
700,28.91,27.67
454,28.91,27.67
826,28.91,27.67
121,28.91,27.67
634,28.91,27.67
137,28.91,27.67
487,28.91,27.67
357,28.91,27.67
128,28.91,27.67
630,28.91,27.67
295,28.91,27.67
797,28.91,27.67
249,28.91,27.67
668,28.91,27.87
274,28.91,27.87
521,28.91,27.87
448,28.91,27.87
231,28.91,27.87
346,28.91,27.87
604,28.91,27.87
637,28.91,27.87
575,28.91,27.87
240,28.91,27.87
538,28.91,27.87
456,28.91,27.87
548,28.91,27.87
505,28.91,27.87
121,28.91,27.87
874,28.91,27.87
121,28.91,27.87
455,28.91,27.87
721,28.91,27.87
275,28.91,27.87
583,28.91,27.87
670,28.91,27.87
450,28.91,27.87
123,28.91,27.87
874,28.91,27.87
451,28.91,27.87
680,28.91,27.87
678,28.91,27.87
359,28.91,27.87
602,28.91,27.87
875,28.91,27.87
475,28.91,27.87
875,28.91,27.87
130,28.91,27.87
750,28.91,27.87
577,28.91,27.87
655,28.91,27.87
820,28.87,27.87
205,28.87,27.87
878,28.87,27.87
250,28.87,27.87
789,28.87,27.87
534,28.87,27.87
871,28.87,27.87
310,28.87,27.87
617,28.87,27.87
675,28.87,27.87
403,28.87,27.87
465,28.87,27.87
597,28.87,27.87
630,28.87,27.87
539,28.87,27.87
153,28.87,27.87
123,28.87,27.87
876,28.87,27.87
154,28.87,27.87
876,28.87,27.87
122,28.87,27.87
710,28.87,27.87
314,28.87,27.87
878,28.87,27.61
420,28.87,27.61
121,28.87,27.61
551,28.87,27.61
524,28.87,27.61
396,28.87,27.61
549,28.87,27.61
598,28.87,27.61
380,28.87,27.61
503,28.87,27.61
384,28.87,27.61
468,28.87,27.61
419,28.87,27.61
805,28.87,27.61
239,28.87,27.61
789,28.87,27.61
122,28.87,27.61
724,28.87,27.61
740,28.87,27.61
120,28.87,27.61
558,28.87,27.61
123,28.87,27.61
556,28.87,27.61
486,28.87,27.61
555,28.87,27.61
502,28.87,27.61
430,28.87,27.61
436,28.87,27.61
505,28.87,27.61
630,28.87,27.61
457,28.87,27.61
518,28.87,27.61
785,28.87,27.61
121,28.87,27.61
477,28.87,27.61
199,28.87,27.61
642,28.89,27.61
679,28.89,27.61
121,28.89,27.61
876,28.89,27.61
121,28.89,27.61
722,28.89,27.61
619,28.89,27.61
435,28.89,27.61
519,28.89,27.61
269,28.89,27.61
624,28.89,27.61
715,28.89,27.61
270,28.89,27.61
604,28.89,27.61
497,28.89,27.61
535,28.89,27.61
156,28.89,27.61
811,28.89,27.61
528,28.89,27.61
374,28.89,27.61
856,28.89,27.61
139,28.89,27.61
706,28.89,27.61
665,28.89,27.61
620,28.89,27.63
875,28.89,27.63
121,28.89,27.63
876,28.89,27.63
435,28.89,27.63
720,28.89,27.63
518,28.89,27.63
526,28.89,27.63
694,28.89,27.63
122,28.89,27.63
535,28.89,27.63
646,28.89,27.63
248,28.89,27.63
539,28.89,27.63
622,28.89,27.63
454,28.89,27.63
361,28.89,27.63
489,28.89,27.63
499,28.89,27.63
522,28.89,27.63
738,28.89,27.63
122,28.89,27.63
754,28.89,27.63
497,28.89,27.63
604,28.89,27.63
765,28.89,27.63
121,28.89,27.63
691,28.89,27.63
123,28.89,27.63
698,28.89,27.63
368,28.89,27.63
233,28.89,27.63
355,28.89,27.63
543,28.89,27.63
372,28.89,27.63
750,28.89,27.63
491,28.89,27.63
521,28.89,27.63
611,28.89,27.63
488,28.89,27.63
234,28.89,27.63
539,28.89,27.63
741,28.89,27.63
268,28.89,27.63
838,28.89,27.63
121,28.89,27.63
695,28.89,27.63
134,28.89,27.63
776,28.89,27.63
580,28.89,27.63
135,28.89,27.63
551,28.89,27.63
377,28.89,27.63
875,28.89,27.63
459,28.89,27.63
574,28.89,27.63
362,28.89,27.63
461,28.89,27.63
151,28.89,27.63
240,28.89,27.63
253,28.89,27.75
839,28.89,27.75
603,28.89,27.75
670,28.89,27.75
123,28.89,27.75
388,28.89,27.75
815,28.89,27.75
389,28.89,27.75
645,28.89,27.75
125,28.89,27.75
873,28.89,27.75
275,28.89,27.75
858,28.89,27.75
499,28.89,27.75
237,28.89,27.75
621,28.89,27.75
407,28.89,27.75
670,28.89,27.75
619,28.89,27.75
281,28.89,27.75
772,28.89,27.75
680,28.89,27.75
465,28.89,27.75
683,28.89,27.75
545,28.89,27.75
292,28.89,27.75
340,28.89,27.75
876,28.89,27.75
121,28.89,27.75
560,28.89,27.75
654,28.89,27.75
818,28.89,27.75
789,28.89,27.75
150,28.89,27.75
875,28.89,27.75
228,28.89,27.75
826,28.89,27.75
695,28.89,27.75
515,28.89,27.75
181,28.89,27.75
461,28.89,27.75
424,28.89,27.75
851,28.89,27.75
318,28.89,27.75
511,28.89,27.75
645,28.89,27.75
656,28.89,27.75
322,28.89,27.75
691,28.89,27.75
746,28.89,27.75
315,28.89,27.75
877,28.89,27.75
120,28.89,27.75
719,28.89,27.75
472,28.89,27.75
419,28.89,27.75
504,28.89,27.75
120,28.89,27.75
567,28.89,27.75
465,28.89,27.75
641,28.89,27.53
443,28.89,27.53
727,28.89,27.53
192,28.89,27.53
528,28.89,27.53
334,28.89,27.53
511,28.89,27.53
485,28.89,27.53
530,28.89,27.53
184,28.89,27.53
838,28.89,27.53
121,28.89,27.53
408,28.89,27.53
737,28.89,27.53
121,28.89,27.53
598,28.89,27.53
222,28.89,27.53
874,28.89,27.53
163,28.89,27.53
759,28.89,27.53
540,28.89,27.53
483,28.89,27.53
712,28.89,27.53
263,28.89,27.53
309,28.89,27.53
587,28.89,27.53
478,28.89,27.53
353,28.89,27.53
384,28.89,27.53
512,28.89,27.53
541,28.89,27.53
433,28.89,27.53
731,28.89,27.53
