542,28.31,27.31
514,28.31,27.31
344,28.31,27.31
465,28.31,27.31
123,28.31,27.31
780,28.31,27.31
187,28.31,27.31
496,28.31,27.31
399,28.31,27.31
501,28.31,27.31
271,28.31,27.31
535,28.31,27.31
395,28.31,27.31
585,28.31,27.25
724,28.31,27.25
409,28.31,27.25
527,28.31,27.25
319,28.31,27.25
668,28.31,27.25
129,28.31,27.25
552,28.31,27.25
395,28.31,27.25
464,28.31,27.25
643,28.31,27.25
158,28.31,27.25
755,28.31,27.25
604,28.31,27.25
693,28.31,27.25
329,28.31,27.25
743,28.31,27.25
217,28.31,27.25
574,28.31,27.25
547,28.31,27.25
547,28.31,27.25
310,28.31,27.25
493,28.31,27.25
267,28.31,27.25
741,28.31,27.25
267,28.31,27.25
546,28.31,27.25
661,28.31,27.25
218,28.31,27.25
812,28.31,27.25
173,28.31,27.25
646,28.31,27.25
265,28.31,27.25
875,28.31,27.25
358,28.31,27.25
679,28.31,27.25
541,28.31,27.25
660,28.31,27.25
520,28.31,27.25
522,28.31,27.25
565,28.31,27.25
615,28.31,27.25
551,28.31,27.25
684,28.31,27.25
663,28.31,27.25
139,28.31,27.25
565,28.31,27.25
288,28.31,27.25
642,28.31,27.25
127,28.31,27.25
685,28.31,27.25
702,28.31,27.25
432,28.31,27.25
499,28.31,27.25
731,28.31,27.25
656,28.31,27.25
416,28.31,27.25
681,28.31,27.25
489,28.31,27.25
619,28.31,27.25
251,28.31,27.15
571,28.31,27.15
317,28.31,27.15
624,28.31,27.15
293,28.31,27.15
743,28.31,27.15
541,28.31,27.15
196,28.31,27.15
499,28.31,27.15
471,28.31,27.15
629,28.31,27.15
179,28.31,27.15
876,28.31,27.15
323,28.31,27.15
735,28.31,27.15
381,28.31,27.15
521,28.31,27.15
391,28.31,27.15
519,28.31,27.15
223,28.31,27.15
493,28.31,27.15
453,28.31,27.15
491,28.31,27.15
638,28.31,27.15
312,28.31,27.15
470,28.31,27.15
498,28.31,27.15
606,28.31,27.15
157,28.31,27.15
731,28.31,27.15
184,28.31,27.15
532,28.31,27.15
333,28.31,27.15
478,28.31,27.15
602,28.31,27.15
339,28.31,27.15
612,28.31,27.15
540,28.31,27.15
523,28.31,27.15
325,28.31,27.15
663,28.31,27.15
365,28.31,27.15
401,28.31,27.15
329,28.31,27.15
466,28.31,27.15
474,28.31,27.15
375,28.31,27.15
206,28.31,27.15
649,28.31,27.15
122,28.31,27.15
642,28.31,27.15
665,28.31,27.15
120,28.31,27.15
660,28.31,27.15
166,28.31,27.15
637,28.31,27.15
575,28.31,27.15
397,28.31,27.15
518,28.31,27.15
496,28.31,27.15
567,28.31,27.35
440,28.31,27.35
613,28.31,27.35
750,28.31,27.35
795,28.31,27.35
768,28.31,27.35
204,28.31,27.35
689,28.31,27.35
717,28.31,27.35
452,28.31,27.35
669,28.31,27.35
413,28.31,27.35
498,28.31,27.35
725,28.31,27.35
721,28.31,27.35
425,28.31,27.35
335,28.31,27.35
874,28.31,27.35
295,28.31,27.35
620,28.31,27.35
463,28.31,27.35
669,28.31,27.35
571,28.31,27.35
125,28.31,27.35
612,28.31,27.35
459,28.31,27.35
497,28.31,27.35
313,28.31,27.35
789,28.31,27.35
490,28.31,27.35
513,28.31,27.35
557,28.31,27.35
656,28.31,27.35
366,28.31,27.35
413,28.31,27.35
372,28.31,27.35
709,28.31,27.35
185,28.31,27.35
703,28.31,27.35
387,28.31,27.35
258,28.31,27.35
547,28.31,27.35
310,28.31,27.35
415,28.31,27.35
405,28.31,27.35
575,28.31,27.35
468,28.31,27.35
653,28.31,27.35
132,28.31,27.35
606,28.31,27.35
479,28.31,27.35
480,28.31,27.35
422,28.31,27.35
587,28.31,27.35
281,28.31,27.35
437,28.31,27.35
249,28.31,27.35
351,28.31,27.35
447,28.31,27.35
120,28.31,27.35
609,28.31,27.35
334,28.31,27.35
434,28.31,27.35
395,28.31,27.35
562,28.31,27.35
255,28.31,27.35
489,28.31,27.35
701,28.31,27.35
371,28.31,27.35
154,28.31,27.35
562,28.31,27.35
431,28.31,27.35
383,28.31,27.35
403,28.31,27.35
663,28.31,27.35
579,28.31,27.35
126,28.31,27.35
861,28.31,27.35
345,28.31,27.35
778,28.31,27.35
306,28.31,27.35
682,28.31,27.35
343,28.31,27.35
261,28.31,27.35
723,28.31,27.35
751,28.31,27.35
713,28.31,27.35
284,28.31,27.35
786,28.31,27.35
565,28.31,27.35
729,28.31,27.35
338,28.31,27.35
874,28.31,27.35
200,28.31,27.35
554,28.31,27.35
302,28.31,27.35
704,28.31,27.35
436,28.31,27.35
550,28.31,27.35
670,28.31,27.35
409,28.31,27.35
731,28.31,27.35
364,28.31,27.35
876,28.31,27.35
120,28.31,27.35
601,28.31,27.35
255,28.31,27.35
542,28.31,27.35
623,28.31,27.35
556,28.31,27.35
301,28.31,27.35
413,28.31,27.35
356,28.31,27.35
472,28.31,27.35
473,28.31,27.35
375,28.31,27.35
819,28.31,27.35
420,28.31,27.35
337,28.31,27.35
371,28.31,27.35
738,28.31,27.09
130,28.31,27.09
552,28.31,27.09
336,28.31,27.09
224,28.31,27.09
667,28.31,27.09
336,28.31,27.09
738,28.31,27.09
372,28.31,27.09
611,28.31,27.09
347,28.31,27.09
397,28.31,27.09
505,28.31,27.09
363,28.31,27.09
425,28.31,27.09
351,28.31,27.09
485,28.31,27.09
484,28.31,27.09
679,28.31,27.09
269,28.31,27.09
535,28.31,27.09
581,28.31,27.09
420,28.31,27.09
134,28.31,27.09
375,28.31,27.09
395,28.31,27.09
470,28.31,27.09
605,28.31,27.09
417,28.31,27.09
574,28.31,27.09
566,28.31,27.09
873,28.31,27.09
126,28.31,27.09
592,28.31,27.09
184,28.31,27.09
666,28.31,27.09
623,28.31,27.09
617,28.31,27.09
249,28.31,27.09
798,28.31,27.09
581,28.31,27.09
398,28.31,27.09
494,28.31,27.09
453,28.31,27.09
829,28.31,27.09
347,28.31,27.09
560,28.31,27.09
198,28.31,27.09
875,28.31,27.09
396,28.31,27.09
825,28.31,27.09
201,28.31,27.09
628,28.31,27.09
592,28.31,27.09
426,28.31,27.09
683,28.31,27.09
497,28.31,27.09
562,28.31,27.09
340,28.31,27.09
824,28.31,27.09
152,28.31,27.25
824,28.31,27.25
483,28.31,27.25
800,28.31,27.25
508,28.31,27.25
506,28.31,27.25
698,28.31,27.25
615,28.31,27.25
647,28.31,27.25
633,28.31,27.25
687,28.31,27.25
287,28.31,27.25
844,28.31,27.25
123,28.31,27.25
634,28.31,27.25
237,28.31,27.25
777,28.31,27.25
564,28.31,27.25
332,28.31,27.25
664,28.31,27.25
495,28.31,27.25
488,28.31,27.25
425,28.31,27.25
694,28.31,27.25
387,28.31,27.25
692,28.31,27.25
504,28.31,27.25
646,28.31,27.25
259,28.31,27.25
582,28.31,27.25
145,28.31,27.25
825,28.31,27.25
371,28.31,27.25
862,28.31,27.25
535,28.31,27.25
431,28.31,27.25
604,28.31,27.25
337,28.31,27.25
788,28.31,27.25
121,28.31,27.25
522,28.31,27.25
501,28.31,27.25
652,28.31,27.25
457,28.31,27.25
871,28.31,27.25
293,28.31,27.25
459,28.31,27.25
307,28.31,27.25
368,28.31,27.25
400,28.31,27.25
382,28.31,27.25
565,28.31,27.25
494,28.31,27.25
568,28.31,27.25
120,28.31,27.25
875,28.31,27.25
123,28.31,27.25
620,28.31,27.25
369,28.31,27.25
530,28.31,27.25
432,28.31,27.09
483,28.31,27.09
603,28.31,27.09
386,28.31,27.09
432,28.31,27.09
373,28.31,27.09
650,28.31,27.09
170,28.31,27.09
676,28.31,27.09
401,28.31,27.09
496,28.31,27.09
443,28.31,27.09
374,28.31,27.09
517,28.31,27.09
267,28.31,27.09
656,28.31,27.09
333,28.31,27.09
733,28.31,27.09
311,28.31,27.09
838,28.31,27.09
175,28.31,27.09
510,28.31,27.09
549,28.31,27.09
337,28.31,27.09
515,28.31,27.09
204,28.31,27.09
809,28.31,27.09
152,28.31,27.09
261,28.31,27.09
455,28.31,27.09
284,28.31,27.09
499,28.31,27.09
319,28.31,27.09
487,28.31,27.09
310,28.31,27.09
493,28.31,27.09
166,28.33,27.09
359,28.33,27.09
319,28.33,27.09
318,28.33,27.09
472,28.33,27.09
432,28.33,27.09
121,28.33,27.09
875,28.33,27.09
232,28.33,27.09
548,28.33,27.09
