491,28.07,27.05
546,28.07,27.05
442,28.07,27.05
261,28.07,27.05
321,28.07,27.05
874,28.07,27.05
211,28.07,27.05
687,28.07,27.05
121,28.07,27.05
535,28.07,27.05
383,28.07,27.05
578,28.07,27.05
254,28.07,27.05
322,28.07,27.05
351,28.07,27.05
453,28.07,27.05
581,28.07,27.05
412,28.07,27.05
652,28.07,27.05
262,28.07,27.05
783,28.07,27.05
121,28.07,27.05
722,28.07,27.05
121,28.07,27.05
213,28.07,27.05
476,28.07,27.05
347,28.07,27.05
255,28.07,27.05
248,28.07,27.05
820,28.07,27.05
121,28.07,27.05
793,28.07,27.05
121,28.07,27.05
362,28.07,27.05
299,28.07,27.05
526,28.07,27.05
460,28.07,27.05
363,28.07,27.05
484,28.07,27.05
338,28.07,27.05
461,28.07,27.05
120,28.07,27.05
555,28.07,27.05
169,28.07,27.05
586,28.07,27.05
122,28.07,27.05
874,28.07,27.05
275,28.07,27.05
466,28.07,27.05
418,28.07,27.05
211,28.07,27.05
537,28.07,27.05
153,28.07,27.05
873,28.07,27.05
121,28.07,27.05
577,28.07,27.05
139,28.07,27.05
601,28.07,27.05
432,28.11,27.05
303,28.11,27.05
800,28.11,27.05
398,28.11,27.05
451,28.11,27.05
211,28.11,27.05
617,28.11,27.05
371,28.11,27.05
526,28.11,27.05
654,28.11,27.05
770,28.11,27.05
258,28.11,27.05
519,28.11,27.05
589,28.11,27.05
329,28.11,27.05
123,28.11,27.05
578,28.11,27.05
328,28.11,27.05
273,28.11,27.05
523,28.11,27.05
377,28.11,27.05
706,28.11,27.05
257,28.11,27.05
534,28.11,27.05
770,28.11,27.15
142,28.11,27.15
544,28.11,27.15
245,28.11,27.15
662,28.11,27.15
125,28.11,27.15
536,28.11,27.15
483,28.11,27.15
542,28.11,27.15
491,28.11,27.15
549,28.11,27.15
291,28.11,27.15
464,28.11,27.15
498,28.11,27.15
668,28.11,27.15
315,28.11,27.15
568,28.11,27.15
618,28.11,27.15
558,28.11,27.15
584,28.11,27.15
443,28.11,27.15
748,28.11,27.15
380,28.11,27.15
524,28.11,27.15
434,28.11,27.15
517,28.11,27.15
479,28.11,27.15
672,28.11,27.15
530,28.11,27.15
345,28.11,27.15
279,28.11,27.15
781,28.11,27.15
606,28.11,27.15
239,28.11,27.15
832,28.11,27.15
789,28.11,27.15
615,28.09,27.15
342,28.09,27.15
728,28.09,27.15
614,28.09,27.15
583,28.09,27.15
470,28.09,27.15
692,28.09,27.15
474,28.09,27.15
120,28.09,27.15
875,28.09,27.15
153,28.09,27.15
660,28.09,27.15
448,28.09,27.15
638,28.09,27.15
531,28.09,27.15
468,28.09,27.15
610,28.09,27.15
576,28.09,27.15
496,28.09,27.15
319,28.09,27.15
767,28.09,27.15
351,28.09,27.15
464,28.09,27.15
303,28.09,27.15
695,28.09,27.05
122,28.09,27.05
720,28.09,27.05
347,28.09,27.05
671,28.09,27.05
433,28.09,27.05
456,28.09,27.05
693,28.09,27.05
275,28.09,27.05
875,28.09,27.05
240,28.09,27.05
874,28.09,27.05
195,28.09,27.05
667,28.09,27.05
461,28.09,27.05
337,28.09,27.05
755,28.09,27.05
339,28.09,27.05
418,28.09,27.05
121,28.09,27.05
582,28.09,27.05
469,28.09,27.05
476,28.09,27.05
585,28.09,27.05
636,28.09,27.05
548,28.09,27.05
565,28.09,27.05
742,28.09,27.05
693,28.09,27.05
424,28.09,27.05
765,28.09,27.05
703,28.09,27.05
232,28.09,27.05
611,28.09,27.05
477,28.09,27.05
520,28.09,27.05
485,28.09,27.05
293,28.07,27.05
875,28.07,27.05
121,28.07,27.05
480,28.07,27.05
357,28.07,27.05
711,28.07,27.05
121,28.07,27.05
841,28.07,27.05
624,28.07,27.05
353,28.07,27.05
633,28.07,27.05
370,28.07,27.05
812,28.07,27.05
161,28.07,27.05
588,28.07,27.05
399,28.07,27.05
403,28.07,27.05
315,28.07,27.05
634,28.07,27.05
386,28.07,27.05
656,28.07,27.05
374,28.07,27.05
733,28.07,27.05
784,28.07,26.93
121,28.07,26.93
777,28.07,26.93
506,28.07,26.93
609,28.07,26.93
293,28.07,26.93
862,28.07,26.93
278,28.07,26.93
523,28.07,26.93
483,28.07,26.93
219,28.07,26.93
717,28.07,26.93
208,28.07,26.93
708,28.07,26.93
188,28.07,26.93
483,28.07,26.93
223,28.07,26.93
595,28.07,26.93
765,28.07,26.93
612,28.07,26.93
552,28.07,26.93
776,28.07,26.93
539,28.07,26.93
440,28.07,26.93
698,28.07,26.93
382,28.07,26.93
530,28.07,26.93
400,28.07,26.93
573,28.07,26.93
145,28.07,26.93
718,28.07,26.93
312,28.07,26.93
680,28.07,26.93
378,28.07,26.93
306,28.07,26.93
558,28.07,26.93
322,28.07,26.93
659,28.09,26.93
491,28.09,26.93
610,28.09,26.93
333,28.09,26.93
460,28.09,26.93
293,28.09,26.93
425,28.09,26.93
123,28.09,26.93
650,28.09,26.93
333,28.09,26.93
552,28.09,26.93
456,28.09,26.93
411,28.09,26.93
645,28.09,26.93
462,28.09,26.93
354,28.09,26.93
271,28.09,26.93
771,28.09,26.93
172,28.09,26.93
552,28.09,26.93
240,28.09,26.93
249,28.09,26.93
458,28.09,26.93
405,28.09,26.93
426,28.09,27.15
311,28.09,27.15
536,28.09,27.15
201,28.09,27.15
492,28.09,27.15
537,28.09,27.15
514,28.09,27.15
484,28.09,27.15
713,28.09,27.15
460,28.09,27.15
346,28.09,27.15
608,28.09,27.15
569,28.09,27.15
421,28.09,27.15
524,28.09,27.15
405,28.09,27.15
355,28.09,27.15
699,28.09,27.15
120,28.09,27.15
673,28.09,27.15
180,28.09,27.15
305,28.09,27.15
527,28.09,27.15
276,28.09,27.15
630,28.09,27.15
239,28.09,27.15
616,28.09,27.15
125,28.09,27.15
290,28.09,27.15
566,28.09,27.15
450,28.09,27.15
252,28.09,27.15
381,28.09,27.15
767,28.09,27.15
322,28.09,27.15
508,28.09,27.15
534,28.09,27.15
740,28.09,27.15
334,28.09,27.15
318,28.09,27.15
272,28.09,27.15
772,28.09,27.15
345,28.09,27.15
676,28.09,27.15
342,28.09,27.15
355,28.09,27.15
352,28.09,27.15
550,28.09,27.15
646,28.09,27.15
170,28.09,27.15
428,28.09,27.15
517,28.09,27.15
446,28.09,27.15
330,28.09,27.15
503,28.09,27.15
691,28.09,27.15
532,28.09,27.15
671,28.09,27.15
480,28.09,27.15
672,28.09,27.15
573,28.09,27.05
463,28.09,27.05
564,28.09,27.05
805,28.09,27.05
491,28.09,27.05
510,28.09,27.05
135,28.09,27.05
840,28.09,27.05
396,28.09,27.05
512,28.09,27.05
492,28.09,27.05
126,28.09,27.05
740,28.09,27.05
332,28.09,27.05
779,28.09,27.05
227,28.09,27.05
832,28.09,27.05
578,28.09,27.05
659,28.09,27.05
492,28.09,27.05
479,28.09,27.05
815,28.09,27.05
122,28.09,27.05
671,28.09,27.05
396,28.09,27.05
493,28.09,27.05
338,28.09,27.05
654,28.09,27.05
490,28.09,27.05
665,28.09,27.05
614,28.09,27.05
712,28.09,27.05
417,28.09,27.05
400,28.09,27.05
770,28.09,27.05
123,28.09,27.05
789,28.07,27.05
354,28.07,27.05
875,28.07,27.05
122,28.07,27.05
718,28.07,27.05
590,28.07,27.05
696,28.07,27.05
394,28.07,27.05
465,28.07,27.05
802,28.07,27.05
423,28.07,27.05
874,28.07,27.05
240,28.07,27.05
796,28.07,27.05
565,28.07,27.05
712,28.07,27.05
628,28.07,27.05
538,28.07,27.05
366,28.07,27.05
564,28.07,27.05
461,28.07,27.05
638,28.07,27.05
760,28.07,27.05
344,28.07,27.05
785,28.07,26.97
396,28.07,26.97
519,28.07,26.97
464,28.07,26.97
745,28.07,26.97
537,28.07,26.97
686,28.07,26.97
740,28.07,26.97
458,28.07,26.97
602,28.07,26.97
469,28.07,26.97
764,28.07,26.97
222,28.07,26.97
321,28.07,26.97
542,28.07,26.97
520,28.07,26.97
447,28.07,26.97
646,28.07,26.97
436,28.07,26.97
464,28.07,26.97
702,28.07,26.97
446,28.07,26.97
380,28.07,26.97
517,28.07,26.97
455,28.07,26.97
647,28.07,26.97
596,28.07,26.97
135,28.07,26.97
862,28.07,26.97
259,28.07,26.97
633,28.07,26.97
517,28.07,26.97
534,28.07,26.97
496,28.07,26.97
444,28.07,26.97
694,28.07,26.97
234,28.11,26.97
