451,28.59,27.63
567,28.59,27.63
802,28.59,27.63
238,28.59,27.63
566,28.59,27.63
566,28.59,27.63
123,28.59,27.63
268,28.59,27.63
874,28.59,27.63
419,28.59,27.63
529,28.59,27.63
449,28.59,27.63
503,28.59,27.63
620,28.59,27.63
211,28.59,27.63
780,28.59,27.63
380,28.59,27.63
874,28.59,27.63
222,28.59,27.63
876,28.59,27.63
627,28.59,27.63
615,28.59,27.63
586,28.59,27.63
532,28.59,27.47
570,28.59,27.47
190,28.59,27.47
876,28.59,27.47
287,28.59,27.47
515,28.59,27.47
361,28.59,27.47
652,28.59,27.47
444,28.59,27.47
437,28.59,27.47
363,28.59,27.47
574,28.59,27.47
361,28.59,27.47
607,28.59,27.47
701,28.59,27.47
188,28.59,27.47
841,28.59,27.47
353,28.59,27.47
747,28.59,27.47
120,28.59,27.47
820,28.59,27.47
444,28.59,27.47
714,28.59,27.47
548,28.59,27.47
346,28.59,27.47
692,28.59,27.47
399,28.59,27.47
541,28.59,27.47
315,28.59,27.47
515,28.59,27.47
288,28.59,27.47
721,28.59,27.47
120,28.59,27.47
673,28.59,27.47
405,28.59,27.47
669,28.59,27.47
119,28.57,27.47
840,28.57,27.47
172,28.57,27.47
674,28.57,27.47
455,28.57,27.47
451,28.57,27.47
669,28.57,27.47
309,28.57,27.47
734,28.57,27.47
255,28.57,27.47
676,28.57,27.47
204,28.57,27.47
691,28.57,27.47
470,28.57,27.47
646,28.57,27.47
465,28.57,27.47
606,28.57,27.47
120,28.57,27.47
687,28.57,27.47
507,28.57,27.47
460,28.57,27.47
799,28.57,27.47
234,28.57,27.47
875,28.57,27.47
191,28.57,27.53
749,28.57,27.53
601,28.57,27.53
876,28.57,27.53
140,28.57,27.53
794,28.57,27.53
569,28.57,27.53
396,28.57,27.53
639,28.57,27.53
538,28.57,27.53
336,28.57,27.53
624,28.57,27.53
699,28.57,27.53
500,28.57,27.53
618,28.57,27.53
421,28.57,27.53
684,28.57,27.53
209,28.57,27.53
473,28.57,27.53
612,28.57,27.53
672,28.57,27.53
676,28.57,27.53
370,28.57,27.53
877,28.57,27.53
324,28.57,27.53
624,28.57,27.53
444,28.57,27.53
639,28.57,27.53
311,28.57,27.53
621,28.57,27.53
255,28.57,27.53
588,28.57,27.53
269,28.57,27.53
487,28.57,27.53
492,28.57,27.53
459,28.57,27.53
354,28.55,27.53
694,28.55,27.53
495,28.55,27.53
136,28.55,27.53
782,28.55,27.53
125,28.55,27.53
523,28.55,27.53
219,28.55,27.53
572,28.55,27.53
535,28.55,27.53
123,28.55,27.53
434,28.55,27.53
439,28.55,27.53
413,28.55,27.53
164,28.55,27.53
643,28.55,27.53
462,28.55,27.53
435,28.55,27.53
454,28.55,27.53
615,28.55,27.53
207,28.55,27.53
550,28.55,27.53
240,28.55,27.53
606,28.55,27.53
131,28.55,27.41
630,28.55,27.41
462,28.55,27.41
267,28.55,27.41
498,28.55,27.41
309,28.55,27.41
876,28.55,27.41
159,28.55,27.41
636,28.55,27.41
416,28.55,27.41
568,28.55,27.41
350,28.55,27.41
513,28.55,27.41
511,28.55,27.41
244,28.55,27.41
834,28.55,27.41
200,28.55,27.41
362,28.55,27.41
643,28.55,27.41
602,28.55,27.41
528,28.55,27.41
629,28.55,27.41
304,28.55,27.41
790,28.55,27.41
265,28.55,27.41
654,28.55,27.41
431,28.55,27.41
431,28.55,27.41
588,28.55,27.41
429,28.55,27.41
845,28.55,27.41
358,28.55,27.41
873,28.55,27.41
445,28.55,27.41
679,28.55,27.41
429,28.55,27.41
687,28.57,27.41
549,28.57,27.41
420,28.57,27.41
648,28.57,27.41
468,28.57,27.41
573,28.57,27.41
488,28.57,27.41
517,28.57,27.41
419,28.57,27.41
470,28.57,27.41
321,28.57,27.41
786,28.57,27.41
418,28.57,27.41
580,28.57,27.41
629,28.57,27.41
638,28.57,27.41
317,28.57,27.41
769,28.57,27.41
705,28.57,27.41
188,28.57,27.41
706,28.57,27.41
387,28.57,27.41
624,28.57,27.41
477,28.57,27.41
645,28.57,27.61
570,28.57,27.61
693,28.57,27.61
353,28.57,27.61
583,28.57,27.61
125,28.57,27.61
532,28.57,27.61
208,28.57,27.61
680,28.57,27.61
336,28.57,27.61
291,28.57,27.61
857,28.57,27.61
170,28.57,27.61
635,28.57,27.61
529,28.57,27.61
543,28.57,27.61
392,28.57,27.61
710,28.57,27.61
518,28.57,27.61
332,28.57,27.61
571,28.57,27.61
364,28.57,27.61
461,28.57,27.61
451,28.57,27.61
417,28.57,27.61
507,28.57,27.61
557,28.57,27.61
243,28.57,27.61
646,28.57,27.61
143,28.57,27.61
724,28.57,27.61
464,28.57,27.61
776,28.57,27.61
507,28.57,27.61
304,28.57,27.61
731,28.57,27.61
678,28.55,27.61
591,28.55,27.61
712,28.55,27.61
673,28.55,27.61
262,28.55,27.61
643,28.55,27.61
575,28.55,27.61
613,28.55,27.61
349,28.55,27.61
794,28.55,27.61
418,28.55,27.61
516,28.55,27.61
379,28.55,27.61
793,28.55,27.61
345,28.55,27.61
509,28.55,27.61
423,28.55,27.61
617,28.55,27.61
549,28.55,27.61
280,28.55,27.61
839,28.55,27.61
316,28.55,27.61
660,28.55,27.61
458,28.55,27.61
852,28.55,27.53
392,28.55,27.53
496,28.55,27.53
385,28.55,27.53
644,28.55,27.53
455,28.55,27.53
769,28.55,27.53
850,28.55,27.53
420,28.55,27.53
791,28.55,27.53
422,28.55,27.53
876,28.55,27.53
161,28.55,27.53
769,28.55,27.53
232,28.55,27.53
752,28.55,27.53
290,28.55,27.53
493,28.55,27.53
542,28.55,27.53
144,28.55,27.53
448,28.55,27.53
408,28.55,27.53
406,28.55,27.53
209,28.55,27.53
827,28.55,27.53
201,28.55,27.53
679,28.55,27.53
296,28.55,27.53
727,28.55,27.53
206,28.55,27.53
618,28.55,27.53
415,28.55,27.53
432,28.55,27.53
177,28.55,27.53
487,28.55,27.53
810,28.55,27.53
124,28.55,27.53
781,28.55,27.53
486,28.55,27.53
730,28.55,27.53
124,28.55,27.53
697,28.55,27.53
426,28.55,27.53
341,28.55,27.53
252,28.55,27.53
559,28.55,27.53
433,28.55,27.53
304,28.55,27.53
477,28.55,27.53
463,28.55,27.53
196,28.55,27.53
292,28.55,27.53
623,28.55,27.53
121,28.55,27.53
498,28.55,27.53
434,28.55,27.53
841,28.55,27.53
594,28.55,27.53
277,28.55,27.53
454,28.55,27.53
461,28.55,27.47
430,28.55,27.47
321,28.55,27.47
503,28.55,27.47
130,28.55,27.47
570,28.55,27.47
610,28.55,27.47
333,28.55,27.47
515,28.55,27.47
715,28.55,27.47
436,28.55,27.47
432,28.55,27.47
370,28.55,27.47
304,28.55,27.47
546,28.55,27.47
601,28.55,27.47
538,28.55,27.47
368,28.55,27.47
724,28.55,27.47
392,28.55,27.47
766,28.55,27.47
227,28.55,27.47
516,28.55,27.47
575,28.55,27.47
487,28.55,27.47
314,28.55,27.47
421,28.55,27.47
706,28.55,27.47
575,28.55,27.47
514,28.55,27.47
555,28.55,27.47
483,28.55,27.47
563,28.55,27.47
620,28.55,27.47
713,28.55,27.47
491,28.55,27.47
567,28.57,27.47
877,28.57,27.47
230,28.57,27.47
746,28.57,27.47
455,28.57,27.47
393,28.57,27.47
783,28.57,27.47
148,28.57,27.47
877,28.57,27.47
311,28.57,27.47
421,28.57,27.47
612,28.57,27.47
378,28.57,27.47
412,28.57,27.47
662,28.57,27.47
669,28.57,27.47
219,28.57,27.47
714,28.57,27.47
663,28.57,27.47
477,28.57,27.47
304,28.57,27.47
396,28.57,27.47
145,28.57,27.47
773,28.57,27.47
120,28.57,27.31
861,28.57,27.31
622,28.57,27.31
224,28.57,27.31
460,28.57,27.31
589,28.57,27.31
510,28.57,27.31
122,28.57,27.31
740,28.57,27.31
305,28.57,27.31
398,28.57,27.31
360,28.57,27.31
659,28.57,27.31
412,28.57,27.31
781,28.57,27.31
409,28.57,27.31
807,28.57,27.31
476,28.57,27.31
336,28.57,27.31
520,28.57,27.31
446,28.57,27.31
297,28.57,27.31
165,28.57,27.31
805,28.57,27.31
120,28.57,27.31
630,28.57,27.31
254,28.57,27.31
706,28.57,27.31
121,28.57,27.31
524,28.57,27.31
572,28.57,27.31
360,28.57,27.31
499,28.57,27.31
764,28.57,27.31
606,28.57,27.31
322,28.57,27.31
