427,28.53,27.35
719,28.53,27.35
213,28.53,27.35
505,28.53,27.35
451,28.53,27.35
665,28.53,27.35
555,28.53,27.35
757,28.53,27.35
203,28.53,27.35
516,28.53,27.35
678,28.53,27.35
562,28.53,27.35
492,28.53,27.35
511,28.53,27.35
691,28.53,27.35
591,28.53,27.47
702,28.53,27.47
196,28.53,27.47
786,28.53,27.47
123,28.53,27.47
496,28.53,27.47
552,28.53,27.47
229,28.53,27.47
438,28.53,27.47
387,28.53,27.47
876,28.53,27.47
209,28.53,27.47
590,28.53,27.47
591,28.53,27.47
733,28.53,27.47
303,28.53,27.47
876,28.53,27.47
176,28.53,27.47
693,28.53,27.47
211,28.53,27.47
630,28.53,27.47
433,28.53,27.47
360,28.53,27.47
521,28.53,27.47
324,28.53,27.47
425,28.53,27.47
119,28.53,27.47
917,28.53,27.47
121,28.53,27.47
444,28.53,27.47
319,28.53,27.47
533,28.53,27.47
439,28.53,27.47
248,28.53,27.47
736,28.53,27.47
121,28.53,27.47
178,28.55,27.47
477,28.55,27.47
517,28.55,27.47
258,28.55,27.47
874,28.55,27.47
464,28.55,27.47
635,28.55,27.47
121,28.55,27.47
752,28.55,27.47
325,28.55,27.47
606,28.55,27.47
185,28.55,27.47
537,28.55,27.47
761,28.55,27.47
200,28.55,27.47
780,28.55,27.47
365,28.55,27.47
594,28.55,27.47
246,28.55,27.47
709,28.55,27.47
187,28.55,27.47
400,28.55,27.47
751,28.55,27.47
452,28.55,27.47
239,28.55,27.53
623,28.55,27.53
445,28.55,27.53
652,28.55,27.53
513,28.55,27.53
438,28.55,27.53
459,28.55,27.53
410,28.55,27.53
686,28.55,27.53
327,28.55,27.53
841,28.55,27.53
289,28.55,27.53
709,28.55,27.53
330,28.55,27.53
438,28.55,27.53
802,28.55,27.53
180,28.55,27.53
770,28.55,27.53
127,28.55,27.53
644,28.55,27.53
875,28.55,27.53
874,28.55,27.53
602,28.55,27.53
788,28.55,27.53
254,28.55,27.53
516,28.55,27.53
611,28.55,27.53
435,28.55,27.53
177,28.55,27.53
262,28.55,27.53
809,28.55,27.53
502,28.55,27.53
428,28.55,27.53
164,28.55,27.53
640,28.55,27.53
368,28.55,27.53
446,28.53,27.53
642,28.53,27.53
502,28.53,27.53
718,28.53,27.53
536,28.53,27.53
272,28.53,27.53
260,28.53,27.53
513,28.53,27.53
634,28.53,27.53
525,28.53,27.53
121,28.53,27.53
875,28.53,27.53
312,28.53,27.53
653,28.53,27.53
440,28.53,27.53
661,28.53,27.53
457,28.53,27.53
568,28.53,27.53
668,28.53,27.53
121,28.53,27.53
792,28.53,27.53
446,28.53,27.53
713,28.53,27.53
199,28.53,27.53
292,28.53,27.49
529,28.53,27.49
378,28.53,27.49
218,28.53,27.49
872,28.53,27.49
382,28.53,27.49
446,28.53,27.49
702,28.53,27.49
679,28.53,27.49
695,28.53,27.49
280,28.53,27.49
702,28.53,27.49
163,28.53,27.49
603,28.53,27.49
128,28.53,27.49
873,28.53,27.49
303,28.53,27.49
546,28.53,27.49
532,28.53,27.49
776,28.53,27.49
312,28.53,27.49
301,28.53,27.49
787,28.53,27.49
121,28.53,27.49
422,28.53,27.49
713,28.53,27.49
447,28.53,27.49
317,28.53,27.49
856,28.53,27.49
324,28.53,27.49
775,28.53,27.49
279,28.53,27.49
775,28.53,27.49
524,28.53,27.49
598,28.53,27.49
286,28.53,27.49
726,28.53,27.49
547,28.53,27.49
121,28.53,27.49
805,28.53,27.49
120,28.53,27.49
689,28.53,27.49
208,28.53,27.49
806,28.53,27.49
442,28.53,27.49
470,28.53,27.49
726,28.53,27.49
555,28.53,27.49
459,28.53,27.49
779,28.53,27.49
740,28.53,27.49
442,28.53,27.49
720,28.53,27.49
181,28.53,27.49
685,28.53,27.49
287,28.53,27.49
652,28.53,27.49
329,28.53,27.49
844,28.53,27.49
121,28.53,27.49
790,28.53,27.49
443,28.53,27.49
480,28.53,27.49
477,28.53,27.49
480,28.53,27.49
667,28.53,27.49
423,28.53,27.49
518,28.53,27.49
334,28.53,27.49
509,28.53,27.49
414,28.53,27.49
569,28.53,27.49
311,28.53,27.49
424,28.53,27.49
362,28.53,27.49
531,28.53,27.49
528,28.53,27.49
475,28.53,27.49
786,28.53,27.49
266,28.53,27.49
561,28.53,27.49
348,28.53,27.49
593,28.53,27.49
126,28.53,27.49
792,28.53,27.49
388,28.53,27.49
393,28.53,27.49
464,28.53,27.49
471,28.53,27.49
291,28.53,27.49
234,28.53,27.49
580,28.53,27.49
336,28.53,27.49
564,28.53,27.49
312,28.53,27.49
696,28.53,27.49
346,28.55,27.49
668,28.55,27.49
258,28.55,27.49
725,28.55,27.49
426,28.55,27.49
425,28.55,27.49
293,28.55,27.49
390,28.55,27.49
559,28.55,27.49
385,28.55,27.49
672,28.55,27.49
121,28.55,27.49
730,28.55,27.49
571,28.55,27.49
592,28.55,27.49
513,28.55,27.49
568,28.55,27.49
619,28.55,27.49
601,28.55,27.49
425,28.55,27.49
575,28.55,27.49
445,28.55,27.49
424,28.55,27.49
690,28.55,27.49
387,28.55,27.41
527,28.55,27.41
398,28.55,27.41
877,28.55,27.41
406,28.55,27.41
606,28.55,27.41
221,28.55,27.41
669,28.55,27.41
680,28.55,27.41
327,28.55,27.41
877,28.55,27.41
300,28.55,27.41
574,28.55,27.41
635,28.55,27.41
488,28.55,27.41
645,28.55,27.41
734,28.55,27.41
416,28.55,27.41
544,28.55,27.41
149,28.55,27.41
792,28.55,27.41
452,28.55,27.41
401,28.55,27.41
512,28.55,27.41
346,28.55,27.41
681,28.55,27.41
186,28.55,27.41
733,28.55,27.41
120,28.55,27.41
874,28.55,27.41
352,28.55,27.41
758,28.55,27.41
392,28.55,27.41
336,28.55,27.41
467,28.55,27.41
599,28.55,27.41
121,28.53,27.41
450,28.53,27.41
447,28.53,27.41
426,28.53,27.41
689,28.53,27.41
282,28.53,27.41
876,28.53,27.41
133,28.53,27.41
840,28.53,27.41
427,28.53,27.41
393,28.53,27.41
401,28.53,27.41
698,28.53,27.41
429,28.53,27.41
122,28.53,27.41
638,28.53,27.41
359,28.53,27.41
738,28.53,27.41
492,28.53,27.41
388,28.53,27.41
276,28.53,27.41
420,28.53,27.41
397,28.53,27.41
873,28.53,27.41
122,28.53,27.49
873,28.53,27.49
361,28.53,27.49
798,28.53,27.49
297,28.53,27.49
488,28.53,27.49
649,28.53,27.49
121,28.53,27.49
643,28.53,27.49
873,28.53,27.49
590,28.53,27.49
398,28.53,27.49
796,28.53,27.49
663,28.53,27.49
276,28.53,27.49
591,28.53,27.49
749,28.53,27.49
432,28.53,27.49
518,28.53,27.49
297,28.53,27.49
845,28.53,27.49
387,28.53,27.49
780,28.53,27.49
574,28.53,27.49
231,28.53,27.49
748,28.53,27.49
331,28.53,27.49
869,28.53,27.49
666,28.53,27.49
377,28.53,27.49
864,28.53,27.49
593,28.53,27.49
406,28.53,27.49
653,28.53,27.49
744,28.53,27.49
444,28.53,27.49
686,28.55,27.49
659,28.55,27.49
494,28.55,27.49
319,28.55,27.49
805,28.55,27.49
485,28.55,27.49
874,28.55,27.49
191,28.55,27.49
525,28.55,27.49
342,28.55,27.49
194,28.55,27.49
708,28.55,27.49
273,28.55,27.49
746,28.55,27.49
121,28.55,27.49
859,28.55,27.49
420,28.55,27.49
343,28.55,27.49
378,28.55,27.49
658,28.55,27.49
390,28.55,27.49
122,28.55,27.49
323,28.55,27.49
248,28.55,27.49
456,28.55,27.35
534,28.55,27.35
338,28.55,27.35
398,28.55,27.35
760,28.55,27.35
249,28.55,27.35
780,28.55,27.35
120,28.55,27.35
716,28.55,27.35
404,28.55,27.35
641,28.55,27.35
780,28.55,27.35
416,28.55,27.35
818,28.55,27.35
197,28.55,27.35
623,28.55,27.35
373,28.55,27.35
484,28.55,27.35
262,28.55,27.35
486,28.55,27.35
422,28.55,27.35
264,28.55,27.35
600,28.55,27.35
409,28.55,27.35
503,28.55,27.35
554,28.55,27.35
583,28.55,27.35
420,28.55,27.35
759,28.55,27.35
175,28.55,27.35
801,28.55,27.35
121,28.55,27.35
864,28.55,27.35
141,28.55,27.35
574,28.55,27.35
634,28.55,27.35
478,28.55,27.35
535,28.55,27.35
123,28.55,27.35
866,28.55,27.35
667,28.55,27.35
837,28.55,27.35
340,28.55,27.35
646,28.55,27.35
