611,28.47,27.43
347,28.47,27.43
244,28.47,27.43
456,28.47,27.43
500,28.45,27.43
122,28.45,27.43
122,28.45,27.43
817,28.45,27.43
405,28.45,27.43
467,28.45,27.43
326,28.45,27.43
513,28.45,27.43
246,28.45,27.43
529,28.45,27.43
565,28.45,27.43
497,28.45,27.43
197,28.45,27.43
325,28.45,27.43
483,28.45,27.43
242,28.45,27.43
689,28.45,27.43
456,28.45,27.43
816,28.45,27.43
276,28.45,27.43
316,28.45,27.43
696,28.45,27.43
262,28.45,27.43
534,28.45,27.43
684,28.45,27.41
623,28.45,27.41
121,28.45,27.41
791,28.45,27.41
673,28.45,27.41
541,28.45,27.41
650,28.45,27.41
555,28.45,27.41
539,28.45,27.41
553,28.45,27.41
320,28.45,27.41
483,28.45,27.41
261,28.45,27.41
557,28.45,27.41
670,28.45,27.41
245,28.45,27.41
545,28.45,27.41
358,28.45,27.41
640,28.45,27.41
359,28.45,27.41
308,28.45,27.41
607,28.45,27.41
514,28.45,27.41
475,28.45,27.41
345,28.45,27.41
587,28.45,27.41
236,28.45,27.41
594,28.45,27.41
613,28.45,27.41
577,28.45,27.41
318,28.45,27.41
805,28.45,27.41
623,28.45,27.41
515,28.45,27.41
264,28.45,27.41
876,28.45,27.41
606,28.47,27.41
427,28.47,27.41
686,28.47,27.41
336,28.47,27.41
626,28.47,27.41
197,28.47,27.41
719,28.47,27.41
349,28.47,27.41
589,28.47,27.41
209,28.47,27.41
650,28.47,27.41
260,28.47,27.41
564,28.47,27.41
680,28.47,27.41
449,28.47,27.41
470,28.47,27.41
371,28.47,27.41
620,28.47,27.41
229,28.47,27.41
707,28.47,27.41
553,28.47,27.41
704,28.47,27.41
119,28.47,27.41
817,28.47,27.41
124,28.47,27.31
521,28.47,27.31
478,28.47,27.31
580,28.47,27.31
369,28.47,27.31
412,28.47,27.31
487,28.47,27.31
574,28.47,27.31
625,28.47,27.31
131,28.47,27.31
306,28.47,27.31
340,28.47,27.31
582,28.47,27.31
257,28.47,27.31
501,28.47,27.31
122,28.47,27.31
668,28.47,27.31
120,28.47,27.31
596,28.47,27.31
368,28.47,27.31
750,28.47,27.31
479,28.47,27.31
120,28.47,27.31
873,28.47,27.31
194,28.47,27.31
489,28.47,27.31
369,28.47,27.31
708,28.47,27.31
298,28.47,27.31
519,28.47,27.31
700,28.47,27.31
594,28.47,27.31
353,28.47,27.31
323,28.47,27.31
554,28.47,27.31
629,28.47,27.31
258,28.45,27.31
387,28.45,27.31
842,28.45,27.31
119,28.45,27.31
738,28.45,27.31
616,28.45,27.31
658,28.45,27.31
194,28.45,27.31
723,28.45,27.31
392,28.45,27.31
440,28.45,27.31
526,28.45,27.31
531,28.45,27.31
642,28.45,27.31
526,28.45,27.31
526,28.45,27.31
723,28.45,27.31
578,28.45,27.31
513,28.45,27.31
826,28.45,27.31
493,28.45,27.31
429,28.45,27.31
765,28.45,27.31
783,28.45,27.17
450,28.45,27.17
730,28.45,27.17
540,28.45,27.17
436,28.45,27.17
855,28.45,27.17
368,28.45,27.17
807,28.45,27.17
226,28.45,27.17
559,28.45,27.17
484,28.45,27.17
685,28.45,27.17
297,28.45,27.17
530,28.45,27.17
454,28.45,27.17
290,28.45,27.17
529,28.45,27.17
410,28.45,27.17
576,28.45,27.17
399,28.45,27.17
699,28.45,27.17
624,28.45,27.17
421,28.45,27.17
470,28.45,27.17
876,28.45,27.17
124,28.45,27.17
438,28.45,27.17
472,28.45,27.17
310,28.45,27.17
782,28.45,27.17
173,28.45,27.17
742,28.45,27.17
281,28.45,27.17
390,28.45,27.17
348,28.45,27.17
739,28.45,27.17
450,28.45,27.17
610,28.47,27.17
553,28.47,27.17
350,28.47,27.17
358,28.47,27.17
460,28.47,27.17
331,28.47,27.17
254,28.47,27.17
511,28.47,27.17
285,28.47,27.17
697,28.47,27.17
120,28.47,27.17
732,28.47,27.17
329,28.47,27.17
619,28.47,27.17
418,28.47,27.17
360,28.47,27.17
769,28.47,27.17
325,28.47,27.17
862,28.47,27.17
295,28.47,27.17
311,28.47,27.17
585,28.47,27.17
623,28.47,27.17
277,28.47,27.41
456,28.47,27.41
579,28.47,27.41
662,28.47,27.41
366,28.47,27.41
870,28.47,27.41
509,28.47,27.41
574,28.47,27.41
659,28.47,27.41
395,28.47,27.41
566,28.47,27.41
245,28.47,27.41
744,28.47,27.41
359,28.47,27.41
702,28.47,27.41
119,28.47,27.41
718,28.47,27.41
664,28.47,27.41
422,28.47,27.41
588,28.47,27.41
792,28.47,27.41
186,28.47,27.41
662,28.47,27.41
756,28.47,27.41
518,28.47,27.41
623,28.47,27.41
601,28.47,27.41
832,28.47,27.41
520,28.47,27.41
792,28.47,27.41
393,28.47,27.41
846,28.47,27.41
191,28.47,27.41
587,28.47,27.41
799,28.47,27.41
246,28.47,27.41
711,28.47,27.41
304,28.51,27.41
614,28.51,27.41
313,28.51,27.41
784,28.51,27.41
228,28.51,27.41
528,28.51,27.41
185,28.51,27.41
762,28.51,27.41
374,28.51,27.41
601,28.51,27.41
569,28.51,27.41
632,28.51,27.41
231,28.51,27.41
269,28.51,27.41
453,28.51,27.41
257,28.51,27.41
521,28.51,27.41
120,28.51,27.41
792,28.51,27.41
244,28.51,27.41
658,28.51,27.41
697,28.51,27.41
420,28.51,27.41
427,28.51,27.35
638,28.51,27.35
441,28.51,27.35
339,28.51,27.35
475,28.51,27.35
397,28.51,27.35
156,28.51,27.35
354,28.51,27.35
340,28.51,27.35
244,28.51,27.35
472,28.51,27.35
414,28.51,27.35
678,28.51,27.35
208,28.51,27.35
725,28.51,27.35
619,28.51,27.35
437,28.51,27.35
500,28.51,27.35
752,28.51,27.35
447,28.51,27.35
293,28.51,27.35
211,28.51,27.35
562,28.51,27.35
471,28.51,27.35
456,28.51,27.35
782,28.51,27.35
232,28.51,27.35
600,28.51,27.35
488,28.51,27.35
604,28.51,27.35
371,28.51,27.35
355,28.51,27.35
780,28.51,27.35
715,28.51,27.35
479,28.51,27.35
364,28.51,27.35
837,28.51,27.35
373,28.41,27.35
594,28.41,27.35
318,28.41,27.35
635,28.41,27.35
377,28.41,27.35
347,28.41,27.35
615,28.41,27.35
240,28.41,27.35
634,28.41,27.35
559,28.41,27.35
694,28.41,27.35
440,28.41,27.35
685,28.41,27.35
368,28.41,27.35
874,28.41,27.35
398,28.41,27.35
609,28.41,27.35
701,28.41,27.35
725,28.41,27.35
443,28.41,27.35
766,28.41,27.35
383,28.41,27.35
214,28.41,27.35
704,28.41,27.23
404,28.41,27.23
724,28.41,27.23
230,28.41,27.23
564,28.41,27.23
682,28.41,27.23
418,28.41,27.23
432,28.41,27.23
778,28.41,27.23
385,28.41,27.23
338,28.41,27.23
281,28.41,27.23
416,28.41,27.23
492,28.41,27.23
614,28.41,27.23
335,28.41,27.23
161,28.41,27.23
903,28.41,27.23
121,28.41,27.23
655,28.41,27.23
303,28.41,27.23
649,28.41,27.23
656,28.41,27.23
655,28.41,27.23
627,28.41,27.23
291,28.41,27.23
602,28.41,27.23
328,28.41,27.23
440,28.41,27.23
441,28.41,27.23
341,28.41,27.23
397,28.41,27.23
632,28.41,27.23
130,28.41,27.23
874,28.41,27.23
354,28.41,27.23
614,28.49,27.23
493,28.49,27.23
544,28.49,27.23
390,28.49,27.23
329,28.49,27.23
702,28.49,27.23
120,28.49,27.23
777,28.49,27.23
119,28.49,27.23
876,28.49,27.23
326,28.49,27.23
378,28.49,27.23
312,28.49,27.23
629,28.49,27.23
693,28.49,27.23
564,28.49,27.23
456,28.49,27.23
371,28.49,27.23
562,28.49,27.23
243,28.49,27.23
752,28.49,27.23
141,28.49,27.23
756,28.49,27.23
448,28.49,27.23
871,28.49,27.31
302,28.49,27.31
545,28.49,27.31
659,28.49,27.31
648,28.49,27.31
599,28.49,27.31
360,28.49,27.31
877,28.49,27.31
171,28.49,27.31
817,28.49,27.31
123,28.49,27.31
542,28.49,27.31
372,28.49,27.31
800,28.49,27.31
319,28.49,27.31
648,28.49,27.31
338,28.49,27.31
621,28.49,27.31
680,28.49,27.31
632,28.49,27.31
825,28.49,27.31
429,28.49,27.31
677,28.49,27.31
273,28.49,27.31
728,28.49,27.31
295,28.49,27.31
873,28.49,27.31
439,28.49,27.31
806,28.49,27.31
364,28.49,27.31
530,28.49,27.31
