408,28.09,27.11
756,28.09,27.11
122,28.09,27.11
406,28.09,27.11
341,28.09,27.11
784,28.09,27.11
307,28.09,27.11
492,28.09,27.11
327,28.09,27.11
517,28.09,27.11
206,28.09,27.11
641,28.09,27.11
190,28.09,27.11
437,28.09,27.11
606,28.09,27.11
653,28.09,27.11
420,28.09,27.11
126,28.09,27.11
874,28.09,27.23
125,28.09,27.23
680,28.09,27.23
390,28.09,27.23
685,28.09,27.23
391,28.09,27.23
315,28.09,27.23
508,28.09,27.23
434,28.09,27.23
277,28.09,27.23
294,28.09,27.23
596,28.09,27.23
384,28.09,27.23
466,28.09,27.23
160,28.09,27.23
753,28.09,27.23
280,28.09,27.23
326,28.09,27.23
655,28.09,27.23
473,28.09,27.23
197,28.09,27.23
756,28.09,27.23
573,28.09,27.23
121,28.09,27.23
850,28.09,27.23
238,28.09,27.23
874,28.09,27.23
399,28.09,27.23
435,28.09,27.23
379,28.09,27.23
351,28.09,27.23
758,28.09,27.23
654,28.09,27.23
623,28.09,27.23
175,28.09,27.23
828,28.09,27.23
607,28.09,27.23
477,28.07,27.23
482,28.07,27.23
535,28.07,27.23
529,28.07,27.23
436,28.07,27.23
479,28.07,27.23
601,28.07,27.23
588,28.07,27.23
747,28.07,27.23
565,28.07,27.23
151,28.07,27.23
572,28.07,27.23
357,28.07,27.23
854,28.07,27.23
121,28.07,27.23
676,28.07,27.23
696,28.07,27.23
468,28.07,27.23
600,28.07,27.23
490,28.07,27.23
737,28.07,27.23
429,28.07,27.23
133,28.07,27.23
523,28.07,27.05
521,28.07,27.05
567,28.07,27.05
512,28.07,27.05
575,28.07,27.05
741,28.07,27.05
409,28.07,27.05
688,28.07,27.05
281,28.07,27.05
303,28.07,27.05
636,28.07,27.05
368,28.07,27.05
609,28.07,27.05
123,28.07,27.05
758,28.07,27.05
758,28.07,27.05
402,28.07,27.05
713,28.07,27.05
240,28.07,27.05
648,28.07,27.05
131,28.07,27.05
670,28.07,27.05
381,28.07,27.05
838,28.07,27.05
419,28.07,27.05
595,28.07,27.05
774,28.07,27.05
256,28.07,27.05
626,28.07,27.05
576,28.07,27.05
658,28.07,27.05
498,28.07,27.05
606,28.07,27.05
428,28.07,27.05
679,28.07,27.05
655,28.07,27.05
874,28.07,27.05
125,28.09,27.05
544,28.09,27.05
447,28.09,27.05
671,28.09,27.05
774,28.09,27.05
123,28.09,27.05
874,28.09,27.05
417,28.09,27.05
706,28.09,27.05
127,28.09,27.05
874,28.09,27.05
681,28.09,27.05
779,28.09,27.05
875,28.09,27.05
185,28.09,27.05
475,28.09,27.05
518,28.09,27.05
551,28.09,27.05
516,28.09,27.05
530,28.09,27.05
433,28.09,27.05
453,28.09,27.05
320,28.09,27.05
740,28.09,27.05
156,28.09,27.11
689,28.09,27.11
357,28.09,27.11
499,28.09,27.11
874,28.09,27.11
360,28.09,27.11
874,28.09,27.11
633,28.09,27.11
874,28.09,27.11
123,28.09,27.11
472,28.09,27.11
193,28.09,27.11
472,28.09,27.11
704,28.09,27.11
124,28.09,27.11
726,28.09,27.11
125,28.09,27.11
720,28.09,27.11
595,28.09,27.11
382,28.09,27.11
382,28.09,27.11
259,28.09,27.11
345,28.09,27.11
874,28.09,27.11
222,28.09,27.11
428,28.09,27.11
323,28.09,27.11
495,28.09,27.11
393,28.09,27.11
504,28.09,27.11
431,28.09,27.11
388,28.09,27.11
512,28.09,27.11
130,28.09,27.11
554,28.09,27.11
424,28.09,27.11
556,28.09,27.11
553,28.09,27.11
335,28.09,27.11
707,28.09,27.11
324,28.09,27.11
829,28.09,27.11
218,28.09,27.11
416,28.09,27.11
237,28.09,27.11
383,28.09,27.11
588,28.09,27.11
385,28.09,27.11
359,28.09,27.11
528,28.09,27.11
544,28.09,27.11
709,28.09,27.11
539,28.09,27.11
462,28.09,27.11
474,28.09,27.11
457,28.09,27.11
613,28.09,27.11
284,28.09,27.11
373,28.09,27.11
325,28.09,27.11
591,28.09,26.99
325,28.09,26.99
152,28.09,26.99
507,28.09,26.99
235,28.09,26.99
644,28.09,26.99
235,28.09,26.99
561,28.09,26.99
488,28.09,26.99
341,28.09,26.99
259,28.09,26.99
562,28.09,26.99
373,28.09,26.99
608,28.09,26.99
646,28.09,26.99
276,28.09,26.99
525,28.09,26.99
172,28.09,26.99
482,28.09,26.99
127,28.09,26.99
523,28.09,26.99
344,28.09,26.99
653,28.09,26.99
146,28.09,26.99
339,28.09,26.99
656,28.09,26.99
295,28.09,26.99
588,28.09,26.99
124,28.09,26.99
875,28.09,26.99
120,28.09,26.99
330,28.09,26.99
197,28.09,26.99
468,28.09,26.99
476,28.09,26.99
385,28.09,26.99
535,28.07,26.99
528,28.07,26.99
697,28.07,26.99
294,28.07,26.99
510,28.07,26.99
232,28.07,26.99
752,28.07,26.99
704,28.07,26.99
464,28.07,26.99
130,28.07,26.99
711,28.07,26.99
495,28.07,26.99
658,28.07,26.99
313,28.07,26.99
412,28.07,26.99
542,28.07,26.99
121,28.07,26.99
780,28.07,26.99
121,28.07,26.99
787,28.07,26.99
484,28.07,26.99
319,28.07,26.99
751,28.07,26.99
216,28.07,26.99
871,28.07,26.77
362,28.07,26.77
622,28.07,26.77
134,28.07,26.77
685,28.07,26.77
146,28.07,26.77
297,28.07,26.77
505,28.07,26.77
441,28.07,26.77
123,28.07,26.77
515,28.07,26.77
319,28.07,26.77
371,28.07,26.77
643,28.07,26.77
370,28.07,26.77
532,28.07,26.77
346,28.07,26.77
787,28.07,26.77
228,28.07,26.77
812,28.07,26.77
463,28.07,26.77
776,28.07,26.77
569,28.07,26.77
523,28.07,26.77
676,28.07,26.77
587,28.07,26.77
679,28.07,26.77
180,28.07,26.77
699,28.07,26.77
656,28.07,26.77
334,28.07,26.77
552,28.07,26.77
640,28.07,26.77
557,28.07,26.77
509,28.07,26.77
575,28.07,26.77
789,28.09,26.77
384,28.09,26.77
801,28.09,26.77
573,28.09,26.77
284,28.09,26.77
417,28.09,26.77
317,28.09,26.77
583,28.09,26.77
296,28.09,26.77
842,28.09,26.77
356,28.09,26.77
424,28.09,26.77
566,28.09,26.77
589,28.09,26.77
875,28.09,26.77
237,28.09,26.77
739,28.09,26.77
531,28.09,26.77
543,28.09,26.77
601,28.09,26.77
719,28.09,26.77
385,28.09,26.77
407,28.09,26.77
428,28.09,26.77
733,28.09,27.21
566,28.09,27.21
392,28.09,27.21
871,28.09,27.21
121,28.09,27.21
612,28.09,27.21
374,28.09,27.21
755,28.09,27.21
124,28.09,27.21
681,28.09,27.21
418,28.09,27.21
587,28.09,27.21
361,28.09,27.21
375,28.09,27.21
770,28.09,27.21
367,28.09,27.21
253,28.09,27.21
315,28.09,27.21
670,28.09,27.21
132,28.09,27.21
678,28.09,27.21
567,28.09,27.21
631,28.09,27.21
132,28.09,27.21
756,28.09,27.21
442,28.09,27.21
588,28.09,27.21
603,28.09,27.21
430,28.09,27.21
732,28.09,27.21
138,28.09,27.21
802,28.09,27.21
326,28.09,27.21
544,28.09,27.21
121,28.09,27.21
844,28.09,27.21
531,28.09,27.21
121,28.07,27.21
491,28.07,27.21
357,28.07,27.21
626,28.07,27.21
364,28.07,27.21
644,28.07,27.21
418,28.07,27.21
575,28.07,27.21
476,28.07,27.21
782,28.07,27.21
228,28.07,27.21
345,28.07,27.21
489,28.07,27.21
299,28.07,27.21
467,28.07,27.21
540,28.07,27.21
573,28.07,27.21
300,28.07,27.21
633,28.07,27.21
297,28.07,27.21
816,28.07,27.21
122,28.07,27.21
590,28.07,27.21
550,28.07,27.03
122,28.07,27.03
372,28.07,27.03
428,28.07,27.03
607,28.07,27.03
229,28.07,27.03
452,28.07,27.03
383,28.07,27.03
303,28.07,27.03
300,28.07,27.03
707,28.07,27.03
127,28.07,27.03
557,28.07,27.03
457,28.07,27.03
698,28.07,27.03
560,28.07,27.03
127,28.07,27.03
658,28.07,27.03
505,28.07,27.03
609,28.07,27.03
121,28.07,27.03
551,28.07,27.03
122,28.07,27.03
291,28.07,27.03
356,28.07,27.03
361,28.07,27.03
430,28.07,27.03
311,28.07,27.03
817,28.07,27.03
120,28.07,27.03
362,28.07,27.03
603,28.07,27.03
124,28.07,27.03
512,28.07,27.03
351,28.07,27.03
270,28.07,27.03
576,28.07,27.03
396,28.07,27.03
311,28.07,27.03
515,28.07,27.03
