230,28.81,27.67
872,28.81,27.67
157,28.81,27.67
123,28.81,27.67
721,28.81,27.67
606,28.81,27.67
512,28.81,27.67
413,28.81,27.67
821,28.81,27.67
180,28.81,27.67
718,28.81,27.67
120,28.81,27.67
731,28.81,27.67
223,28.81,27.67
507,28.81,27.67
205,28.81,27.55
484,28.81,27.55
405,28.81,27.55
389,28.81,27.55
185,28.81,27.55
604,28.81,27.55
396,28.81,27.55
349,28.81,27.55
673,28.81,27.55
171,28.81,27.55
728,28.81,27.55
419,28.81,27.55
876,28.81,27.55
262,28.81,27.55
587,28.81,27.55
282,28.81,27.55
835,28.81,27.55
466,28.81,27.55
316,28.81,27.55
623,28.81,27.55
252,28.81,27.55
636,28.81,27.55
362,28.81,27.55
531,28.81,27.55
495,28.81,27.55
663,28.81,27.55
343,28.81,27.55
706,28.81,27.55
266,28.81,27.55
810,28.81,27.55
205,28.81,27.55
846,28.81,27.55
664,28.81,27.55
398,28.81,27.55
544,28.81,27.55
235,28.81,27.55
789,28.81,27.55
326,28.81,27.55
876,28.81,27.55
125,28.81,27.55
547,28.81,27.55
506,28.81,27.55
404,28.81,27.55
486,28.81,27.55
382,28.81,27.55
877,28.81,27.55
518,28.81,27.55
578,28.81,27.55
627,28.81,27.55
655,28.81,27.55
270,28.81,27.55
831,28.81,27.55
174,28.81,27.55
863,28.81,27.55
477,28.81,27.55
665,28.81,27.55
614,28.81,27.55
122,28.81,27.55
512,28.81,27.55
306,28.81,27.55
757,28.81,27.67
120,28.81,27.67
766,28.81,27.67
419,28.81,27.67
545,28.81,27.67
345,28.81,27.67
319,28.81,27.67
541,28.81,27.67
598,28.81,27.67
122,28.81,27.67
666,28.81,27.67
122,28.81,27.67
206,28.81,27.67
874,28.81,27.67
120,28.81,27.67
840,28.81,27.67
122,28.81,27.67
834,28.81,27.67
340,28.81,27.67
164,28.81,27.67
416,28.81,27.67
182,28.81,27.67
392,28.81,27.67
187,28.81,27.67
685,28.81,27.67
119,28.81,27.67
580,28.81,27.67
458,28.81,27.67
340,28.81,27.67
150,28.81,27.67
200,28.81,27.67
326,28.81,27.67
876,28.81,27.67
219,28.81,27.67
826,28.81,27.67
698,28.81,27.67
688,28.83,27.67
730,28.83,27.67
558,28.83,27.67
711,28.83,27.67
314,28.83,27.67
762,28.83,27.67
297,28.83,27.67
594,28.83,27.67
472,28.83,27.67
852,28.83,27.67
418,28.83,27.67
350,28.83,27.67
338,28.83,27.67
515,28.83,27.67
561,28.83,27.67
360,28.83,27.67
758,28.83,27.67
614,28.83,27.67
601,28.83,27.67
446,28.83,27.67
800,28.83,27.67
357,28.83,27.67
668,28.83,27.67
445,28.83,27.67
632,28.83,27.75
317,28.83,27.75
624,28.83,27.75
483,28.83,27.75
450,28.83,27.75
553,28.83,27.75
367,28.83,27.75
727,28.83,27.75
274,28.83,27.75
684,28.83,27.75
407,28.83,27.75
516,28.83,27.75
402,28.83,27.75
832,28.83,27.75
474,28.83,27.75
481,28.83,27.75
585,28.83,27.75
802,28.83,27.75
277,28.83,27.75
620,28.83,27.75
413,28.83,27.75
120,28.83,27.75
877,28.83,27.75
222,28.83,27.75
671,28.83,27.75
421,28.83,27.75
730,28.83,27.75
227,28.83,27.75
487,28.83,27.75
521,28.83,27.75
349,28.83,27.75
622,28.83,27.75
233,28.83,27.75
711,28.83,27.75
372,28.83,27.75
346,28.83,27.75
352,28.79,27.75
568,28.79,27.75
182,28.79,27.75
598,28.79,27.75
400,28.79,27.75
662,28.79,27.75
129,28.79,27.75
709,28.79,27.75
475,28.79,27.75
428,28.79,27.75
600,28.79,27.75
208,28.79,27.75
738,28.79,27.75
298,28.79,27.75
277,28.79,27.75
261,28.79,27.75
506,28.79,27.75
369,28.79,27.75
533,28.79,27.75
594,28.79,27.75
244,28.79,27.75
444,28.79,27.75
682,28.79,27.75
373,28.79,27.75
575,28.79,27.63
612,28.79,27.63
694,28.79,27.63
522,28.79,27.63
578,28.79,27.63
717,28.79,27.63
292,28.79,27.63
742,28.79,27.63
407,28.79,27.63
296,28.79,27.63
612,28.79,27.63
591,28.79,27.63
494,28.79,27.63
589,28.79,27.63
359,28.79,27.63
122,28.79,27.63
808,28.79,27.63
121,28.79,27.63
746,28.79,27.63
567,28.79,27.63
667,28.79,27.63
585,28.79,27.63
823,28.79,27.63
122,28.79,27.63
711,28.79,27.63
595,28.79,27.63
642,28.79,27.63
613,28.79,27.63
410,28.79,27.63
847,28.79,27.63
286,28.79,27.63
836,28.79,27.63
194,28.79,27.63
539,28.79,27.63
301,28.79,27.63
584,28.79,27.63
614,28.81,27.63
710,28.81,27.63
392,28.81,27.63
702,28.81,27.63
706,28.81,27.63
576,28.81,27.63
549,28.81,27.63
719,28.81,27.63
516,28.81,27.63
175,28.81,27.63
685,28.81,27.63
119,28.81,27.63
705,28.81,27.63
178,28.81,27.63
870,28.81,27.63
226,28.81,27.63
393,28.81,27.63
543,28.81,27.63
519,28.81,27.63
423,28.81,27.63
520,28.81,27.63
291,28.81,27.63
359,28.81,27.63
351,28.81,27.63
408,28.81,27.55
496,28.81,27.55
118,28.81,27.55
793,28.81,27.55
249,28.81,27.55
862,28.81,27.55
379,28.81,27.55
662,28.81,27.55
512,28.81,27.55
421,28.81,27.55
628,28.81,27.55
380,28.81,27.55
776,28.81,27.55
446,28.81,27.55
595,28.81,27.55
237,28.81,27.55
623,28.81,27.55
530,28.81,27.55
645,28.81,27.55
279,28.81,27.55
687,28.81,27.55
483,28.81,27.55
440,28.81,27.55
613,28.81,27.55
379,28.81,27.55
726,28.81,27.55
831,28.81,27.55
453,28.81,27.55
543,28.81,27.55
876,28.81,27.55
346,28.81,27.55
877,28.81,27.55
495,28.81,27.55
311,28.81,27.55
768,28.81,27.55
473,28.81,27.55
324,28.79,27.55
525,28.79,27.55
688,28.79,27.55
169,28.79,27.55
750,28.79,27.55
556,28.79,27.55
405,28.79,27.55
577,28.79,27.55
839,28.79,27.55
450,28.79,27.55
617,28.79,27.55
384,28.79,27.55
703,28.79,27.55
539,28.79,27.55
415,28.79,27.55
602,28.79,27.55
440,28.79,27.55
649,28.79,27.55
380,28.79,27.55
876,28.79,27.55
391,28.79,27.55
603,28.79,27.55
570,28.79,27.55
462,28.79,27.79
551,28.79,27.79
283,28.79,27.79
875,28.79,27.79
304,28.79,27.79
294,28.79,27.79
595,28.79,27.79
628,28.79,27.79
483,28.79,27.79
512,28.79,27.79
630,28.79,27.79
413,28.79,27.79
445,28.79,27.79
734,28.79,27.79
712,28.79,27.79
355,28.79,27.79
524,28.79,27.79
435,28.79,27.79
839,28.79,27.79
222,28.79,27.79
876,28.79,27.79
379,28.79,27.79
494,28.79,27.79
144,28.79,27.79
698,28.79,27.79
567,28.79,27.79
250,28.79,27.79
431,28.79,27.79
381,28.79,27.79
622,28.79,27.79
279,28.79,27.79
577,28.79,27.79
458,28.79,27.79
581,28.79,27.79
432,28.79,27.79
666,28.79,27.79
208,28.79,27.79
533,28.83,27.79
583,28.83,27.79
796,28.83,27.79
410,28.83,27.79
181,28.83,27.79
540,28.83,27.79
126,28.83,27.79
698,28.83,27.79
121,28.83,27.79
400,28.83,27.79
360,28.83,27.79
312,28.83,27.79
398,28.83,27.79
218,28.83,27.79
126,28.83,27.79
684,28.83,27.79
672,28.83,27.79
532,28.83,27.79
431,28.83,27.79
740,28.83,27.79
582,28.83,27.79
400,28.83,27.79
587,28.83,27.79
240,28.83,27.79
409,28.83,27.61
123,28.83,27.61
624,28.83,27.61
289,28.83,27.61
121,28.83,27.61
703,28.83,27.61
227,28.83,27.61
733,28.83,27.61
156,28.83,27.61
414,28.83,27.61
553,28.83,27.61
313,28.83,27.61
455,28.83,27.61
274,28.83,27.61
295,28.83,27.61
463,28.83,27.61
675,28.83,27.61
236,28.83,27.61
294,28.83,27.61
546,28.83,27.61
414,28.83,27.61
334,28.83,27.61
695,28.83,27.61
123,28.83,27.61
876,28.83,27.61
382,28.83,27.61
873,28.83,27.61
354,28.83,27.61
363,28.83,27.61
672,28.83,27.61
327,28.83,27.61
599,28.83,27.61
507,28.83,27.61
554,28.83,27.61
459,28.83,27.61
494,28.83,27.61
660,28.79,27.61
388,28.79,27.61
318,28.79,27.61
497,28.79,27.61
585,28.79,27.61
597,28.79,27.61
560,28.79,27.61
