780,28.67,27.55
120,28.67,27.55
597,28.67,27.55
121,28.67,27.55
457,28.67,27.55
401,28.67,27.55
577,28.67,27.55
436,28.67,27.55
427,28.67,27.55
680,28.67,27.55
718,28.67,27.55
609,28.67,27.55
290,28.67,27.55
714,28.67,27.55
300,28.67,27.55
642,28.67,27.55
273,28.67,27.55
848,28.67,27.55
293,28.67,27.55
437,28.67,27.55
302,28.67,27.55
431,28.67,27.55
231,28.67,27.55
459,28.67,27.55
724,28.67,27.55
151,28.67,27.55
877,28.67,27.55
485,28.67,27.55
399,28.67,27.55
348,28.67,27.55
471,28.67,27.55
202,28.67,27.55
705,28.67,27.55
199,28.67,27.55
706,28.67,27.55
433,28.67,27.55
593,28.65,27.55
528,28.65,27.55
346,28.65,27.55
376,28.65,27.55
410,28.65,27.55
844,28.65,27.55
408,28.65,27.55
371,28.65,27.55
705,28.65,27.55
877,28.65,27.55
578,28.65,27.55
603,28.65,27.55
500,28.65,27.55
314,28.65,27.55
465,28.65,27.55
469,28.65,27.55
496,28.65,27.55
511,28.65,27.55
611,28.65,27.55
519,28.65,27.55
677,28.65,27.55
119,28.65,27.55
839,28.65,27.55
597,28.65,27.61
476,28.65,27.61
576,28.65,27.61
349,28.65,27.61
754,28.65,27.61
476,28.65,27.61
875,28.65,27.61
349,28.65,27.61
600,28.65,27.61
248,28.65,27.61
685,28.65,27.61
673,28.65,27.61
444,28.65,27.61
628,28.65,27.61
516,28.65,27.61
523,28.65,27.61
585,28.65,27.61
506,28.65,27.61
536,28.65,27.61
441,28.65,27.61
467,28.65,27.61
682,28.65,27.61
357,28.65,27.61
875,28.65,27.61
437,28.65,27.61
573,28.65,27.61
325,28.65,27.61
613,28.65,27.61
573,28.65,27.61
124,28.65,27.61
457,28.65,27.61
223,28.65,27.61
638,28.65,27.61
318,28.65,27.61
737,28.65,27.61
430,28.65,27.61
608,28.65,27.61
542,28.65,27.61
734,28.65,27.61
122,28.65,27.61
519,28.65,27.61
342,28.65,27.61
378,28.65,27.61
374,28.65,27.61
388,28.65,27.61
480,28.65,27.61
351,28.65,27.61
678,28.65,27.61
242,28.65,27.61
721,28.65,27.61
280,28.65,27.61
614,28.65,27.61
726,28.65,27.61
541,28.65,27.61
333,28.65,27.61
619,28.65,27.61
520,28.65,27.61
353,28.65,27.61
178,28.65,27.61
393,28.65,27.61
244,28.65,27.49
359,28.65,27.49
619,28.65,27.49
134,28.65,27.49
876,28.65,27.49
216,28.65,27.49
707,28.65,27.49
291,28.65,27.49
308,28.65,27.49
413,28.65,27.49
401,28.65,27.49
553,28.65,27.49
464,28.65,27.49
563,28.65,27.49
494,28.65,27.49
762,28.65,27.49
377,28.65,27.49
499,28.65,27.49
425,28.65,27.49
683,28.65,27.49
611,28.65,27.49
367,28.65,27.49
612,28.65,27.49
516,28.65,27.49
427,28.65,27.49
311,28.65,27.49
811,28.65,27.49
127,28.65,27.49
701,28.65,27.49
124,28.65,27.49
777,28.65,27.49
572,28.65,27.49
339,28.65,27.49
508,28.65,27.49
337,28.65,27.49
664,28.65,27.49
509,28.65,27.49
691,28.65,27.49
381,28.65,27.49
785,28.65,27.49
653,28.65,27.49
326,28.65,27.49
520,28.65,27.49
776,28.65,27.49
531,28.65,27.49
875,28.65,27.49
127,28.65,27.49
875,28.65,27.49
444,28.65,27.49
876,28.65,27.49
692,28.65,27.49
122,28.65,27.49
803,28.65,27.49
122,28.65,27.49
632,28.65,27.49
431,28.65,27.49
134,28.65,27.49
632,28.65,27.49
375,28.65,27.49
335,28.65,27.49
465,28.65,27.49
605,28.65,27.49
689,28.65,27.49
385,28.65,27.49
769,28.65,27.49
243,28.65,27.49
508,28.65,27.49
537,28.65,27.49
410,28.65,27.49
396,28.65,27.49
119,28.65,27.49
876,28.65,27.49
122,28.65,27.49
542,28.65,27.49
438,28.65,27.49
435,28.65,27.49
375,28.65,27.49
318,28.65,27.49
603,28.65,27.49
469,28.65,27.49
425,28.65,27.49
281,28.65,27.49
724,28.65,27.49
372,28.65,27.49
277,28.65,27.49
501,28.65,27.49
390,28.65,27.49
192,28.65,27.49
677,28.65,27.49
282,28.65,27.49
599,28.65,27.49
559,28.65,27.49
398,28.65,27.49
608,28.65,27.49
120,28.65,27.49
711,28.65,27.49
293,28.65,27.49
796,28.67,27.49
123,28.67,27.49
721,28.67,27.49
703,28.67,27.49
446,28.67,27.49
725,28.67,27.49
552,28.67,27.49
484,28.67,27.49
145,28.67,27.49
876,28.67,27.49
491,28.67,27.49
455,28.67,27.49
537,28.67,27.49
871,28.67,27.49
495,28.67,27.49
410,28.67,27.49
473,28.67,27.49
849,28.67,27.49
146,28.67,27.49
833,28.67,27.49
472,28.67,27.49
558,28.67,27.49
787,28.67,27.49
645,28.67,27.59
701,28.67,27.59
121,28.67,27.59
495,28.67,27.59
458,28.67,27.59
496,28.67,27.59
236,28.67,27.59
876,28.67,27.59
592,28.67,27.59
607,28.67,27.59
550,28.67,27.59
875,28.67,27.59
374,28.67,27.59
735,28.67,27.59
363,28.67,27.59
392,28.67,27.59
619,28.67,27.59
199,28.67,27.59
737,28.67,27.59
123,28.67,27.59
874,28.67,27.59
131,28.67,27.59
775,28.67,27.59
476,28.67,27.59
377,28.67,27.59
555,28.67,27.59
614,28.67,27.59
360,28.67,27.59
445,28.67,27.59
719,28.67,27.59
422,28.67,27.59
621,28.67,27.59
483,28.67,27.59
547,28.67,27.59
135,28.67,27.59
758,28.67,27.59
195,28.61,27.59
722,28.61,27.59
491,28.61,27.59
356,28.61,27.59
844,28.61,27.59
327,28.61,27.59
636,28.61,27.59
423,28.61,27.59
387,28.61,27.59
120,28.61,27.59
496,28.61,27.59
239,28.61,27.59
381,28.61,27.59
478,28.61,27.59
523,28.61,27.59
329,28.61,27.59
608,28.61,27.59
370,28.61,27.59
457,28.61,27.59
481,28.61,27.59
348,28.61,27.59
428,28.61,27.59
429,28.61,27.59
656,28.61,27.59
376,28.61,27.59
519,28.61,27.59
627,28.61,27.59
485,28.61,27.59
330,28.61,27.59
334,28.61,27.59
468,28.61,27.59
567,28.61,27.59
327,28.61,27.59
568,28.61,27.59
542,28.61,27.59
309,28.61,27.59
304,28.61,27.59
454,28.61,27.59
768,28.61,27.59
437,28.61,27.59
548,28.61,27.59
269,28.61,27.59
543,28.61,27.59
547,28.61,27.59
694,28.61,27.59
551,28.61,27.59
471,28.61,27.59
713,28.61,27.59
127,28.61,27.59
871,28.61,27.59
201,28.61,27.59
737,28.61,27.59
812,28.61,27.59
350,28.61,27.59
617,28.61,27.59
640,28.61,27.59
416,28.61,27.59
693,28.61,27.59
732,28.61,27.59
470,28.61,27.59
658,28.65,27.59
540,28.65,27.59
722,28.65,27.59
241,28.65,27.59
653,28.65,27.59
195,28.65,27.59
795,28.65,27.59
248,28.65,27.59
610,28.65,27.59
633,28.65,27.59
237,28.65,27.59
624,28.65,27.59
290,28.65,27.59
537,28.65,27.59
227,28.65,27.59
592,28.65,27.59
485,28.65,27.59
598,28.65,27.59
489,28.65,27.59
790,28.65,27.59
214,28.65,27.59
606,28.65,27.59
546,28.65,27.59
391,28.65,27.59
534,28.65,27.49
614,28.65,27.49
433,28.65,27.49
535,28.65,27.49
610,28.65,27.49
290,28.65,27.49
877,28.65,27.49
458,28.65,27.49
613,28.65,27.49
497,28.65,27.49
436,28.65,27.49
300,28.65,27.49
459,28.65,27.49
732,28.65,27.49
421,28.65,27.49
187,28.65,27.49
477,28.65,27.49
347,28.65,27.49
431,28.65,27.49
660,28.65,27.49
425,28.65,27.49
501,28.65,27.49
455,28.65,27.49
753,28.65,27.49
476,28.65,27.49
521,28.65,27.49
721,28.65,27.49
454,28.65,27.49
380,28.65,27.49
405,28.65,27.49
817,28.65,27.49
330,28.65,27.49
774,28.65,27.49
462,28.65,27.49
602,28.65,27.49
389,28.65,27.49
786,28.65,27.49
507,28.65,27.49
677,28.65,27.49
473,28.65,27.49
743,28.65,27.49
592,28.65,27.49
411,28.65,27.49
781,28.65,27.49
477,28.65,27.49
727,28.65,27.49
170,28.65,27.49
725,28.65,27.49
122,28.65,27.49
746,28.65,27.49
615,28.65,27.49
529,28.65,27.49
546,28.65,27.49
499,28.65,27.49
814,28.65,27.49
299,28.65,27.49
583,28.65,27.49
195,28.65,27.49
617,28.65,27.49
755,28.65,27.49
699,28.65,27.49
