587,28.95,27.59
353,28.95,27.59
500,28.95,27.59
122,28.95,27.59
219,28.95,27.59
472,28.95,27.59
370,28.95,27.59
722,28.95,27.59
184,28.95,27.59
356,28.95,27.59
499,28.95,27.59
377,28.95,27.59
582,28.95,27.59
376,28.95,27.59
395,28.95,27.59
588,28.95,27.59
456,28.95,27.59
126,28.95,27.59
381,28.95,27.59
289,28.95,27.59
595,28.95,27.59
431,28.95,27.59
214,28.95,27.59
336,28.95,27.59
715,28.91,27.59
408,28.91,27.59
194,28.91,27.59
674,28.91,27.59
260,28.91,27.59
650,28.91,27.59
328,28.91,27.59
684,28.91,27.59
273,28.91,27.59
649,28.91,27.59
204,28.91,27.59
430,28.91,27.59
534,28.91,27.59
322,28.91,27.59
630,28.91,27.59
455,28.91,27.59
436,28.91,27.59
727,28.91,27.59
855,28.91,27.59
119,28.91,27.59
632,28.91,27.59
538,28.91,27.59
528,28.91,27.59
409,28.91,27.59
720,28.91,27.87
528,28.91,27.87
506,28.91,27.87
454,28.91,27.87
410,28.91,27.87
636,28.91,27.87
343,28.91,27.87
767,28.91,27.87
135,28.91,27.87
751,28.91,27.87
272,28.91,27.87
745,28.91,27.87
660,28.91,27.87
291,28.91,27.87
581,28.91,27.87
737,28.91,27.87
723,28.91,27.87
122,28.91,27.87
729,28.91,27.87
177,28.91,27.87
648,28.91,27.87
512,28.91,27.87
832,28.91,27.87
356,28.91,27.87
726,28.91,27.87
407,28.91,27.87
704,28.91,27.87
366,28.91,27.87
370,28.91,27.87
757,28.91,27.87
192,28.91,27.87
750,28.91,27.87
452,28.91,27.87
776,28.91,27.87
189,28.91,27.87
817,28.91,27.87
482,28.99,27.87
662,28.99,27.87
680,28.99,27.87
437,28.99,27.87
697,28.99,27.87
375,28.99,27.87
362,28.99,27.87
641,28.99,27.87
638,28.99,27.87
507,28.99,27.87
722,28.99,27.87
264,28.99,27.87
764,28.99,27.87
211,28.99,27.87
877,28.99,27.87
477,28.99,27.87
497,28.99,27.87
549,28.99,27.87
579,28.99,27.87
481,28.99,27.87
235,28.99,27.87
446,28.99,27.87
388,28.99,27.87
161,28.99,27.87
307,28.99,27.59
669,28.99,27.59
177,28.99,27.59
736,28.99,27.59
482,28.99,27.59
580,28.99,27.59
223,28.99,27.59
593,28.99,27.59
455,28.99,27.59
624,28.99,27.59
551,28.99,27.59
446,28.99,27.59
876,28.99,27.59
123,28.99,27.59
737,28.99,27.59
290,28.99,27.59
225,28.99,27.59
370,28.99,27.59
523,28.99,27.59
340,28.99,27.59
694,28.99,27.59
522,28.99,27.59
450,28.99,27.59
709,28.99,27.59
128,28.99,27.59
488,28.99,27.59
376,28.99,27.59
469,28.99,27.59
318,28.99,27.59
604,28.99,27.59
122,28.99,27.59
508,28.99,27.59
347,28.99,27.59
351,28.99,27.59
574,28.99,27.59
346,28.99,27.59
783,28.95,27.59
364,28.95,27.59
875,28.95,27.59
636,28.95,27.59
639,28.95,27.59
500,28.95,27.59
692,28.95,27.59
439,28.95,27.59
516,28.95,27.59
644,28.95,27.59
405,28.95,27.59
674,28.95,27.59
382,28.95,27.59
709,28.95,27.59
419,28.95,27.59
716,28.95,27.59
624,28.95,27.59
435,28.95,27.59
172,28.95,27.59
798,28.95,27.59
487,28.95,27.59
706,28.95,27.59
616,28.95,27.59
728,28.95,27.59
570,28.95,27.69
587,28.95,27.69
876,28.95,27.69
489,28.95,27.69
649,28.95,27.69
550,28.95,27.69
664,28.95,27.69
394,28.95,27.69
431,28.95,27.69
595,28.95,27.69
503,28.95,27.69
469,28.95,27.69
520,28.95,27.69
797,28.95,27.69
386,28.95,27.69
493,28.95,27.69
525,28.95,27.69
677,28.95,27.69
422,28.95,27.69
776,28.95,27.69
533,28.95,27.69
734,28.95,27.69
210,28.95,27.69
472,28.95,27.69
676,28.95,27.69
121,28.95,27.69
714,28.95,27.69
248,28.95,27.69
621,28.95,27.69
297,28.95,27.69
645,28.95,27.69
416,28.95,27.69
416,28.95,27.69
323,28.95,27.69
564,28.95,27.69
450,28.95,27.69
271,28.93,27.69
380,28.93,27.69
554,28.93,27.69
475,28.93,27.69
340,28.93,27.69
682,28.93,27.69
170,28.93,27.69
581,28.93,27.69
120,28.93,27.69
731,28.93,27.69
180,28.93,27.69
378,28.93,27.69
466,28.93,27.69
553,28.93,27.69
602,28.93,27.69
223,28.93,27.69
744,28.93,27.69
119,28.93,27.69
520,28.93,27.69
290,28.93,27.69
352,28.93,27.69
266,28.93,27.69
601,28.93,27.69
290,28.93,27.69
407,28.93,27.63
251,28.93,27.63
426,28.93,27.63
670,28.93,27.63
624,28.93,27.63
468,28.93,27.63
284,28.93,27.63
810,28.93,27.63
352,28.93,27.63
749,28.93,27.63
299,28.93,27.63
633,28.93,27.63
494,28.93,27.63
512,28.93,27.63
447,28.93,27.63
565,28.93,27.63
495,28.93,27.63
511,28.93,27.63
687,28.93,27.63
300,28.93,27.63
525,28.93,27.63
709,28.93,27.63
294,28.93,27.63
287,28.93,27.63
709,28.93,27.63
286,28.93,27.63
873,28.93,27.63
433,28.93,27.63
846,28.93,27.63
503,28.93,27.63
704,28.93,27.63
541,28.93,27.63
525,28.93,27.63
875,28.93,27.63
647,28.93,27.63
630,28.93,27.63
398,28.91,27.63
595,28.91,27.63
542,28.91,27.63
647,28.91,27.63
420,28.91,27.63
600,28.91,27.63
544,28.91,27.63
695,28.91,27.63
611,28.91,27.63
542,28.91,27.63
454,28.91,27.63
173,28.91,27.63
712,28.91,27.63
138,28.91,27.63
641,28.91,27.63
253,28.91,27.63
555,28.91,27.63
406,28.91,27.63
455,28.91,27.63
575,28.91,27.63
586,28.91,27.63
756,28.91,27.63
364,28.91,27.63
578,28.91,27.63
394,28.91,27.63
638,28.91,27.63
200,28.91,27.63
557,28.91,27.63
234,28.91,27.63
383,28.91,27.63
366,28.91,27.63
737,28.91,27.63
295,28.91,27.63
727,28.91,27.63
361,28.91,27.63
377,28.91,27.63
542,28.91,27.63
323,28.91,27.63
740,28.91,27.63
294,28.91,27.63
640,28.91,27.63
429,28.91,27.63
542,28.91,27.63
422,28.91,27.63
511,28.91,27.63
201,28.91,27.63
723,28.91,27.63
306,28.91,27.63
473,28.91,27.63
465,28.91,27.63
639,28.91,27.63
551,28.91,27.63
275,28.91,27.63
659,28.91,27.63
144,28.91,27.63
599,28.91,27.63
175,28.91,27.63
859,28.91,27.63
260,28.91,27.63
693,28.97,27.63
390,28.97,27.63
300,28.97,27.63
537,28.97,27.63
280,28.97,27.63
653,28.97,27.63
361,28.97,27.63
452,28.97,27.63
443,28.97,27.63
598,28.97,27.63
412,28.97,27.63
698,28.97,27.63
611,28.97,27.63
482,28.97,27.63
506,28.97,27.63
794,28.97,27.63
242,28.97,27.63
481,28.97,27.63
667,28.97,27.63
440,28.97,27.63
837,28.97,27.63
304,28.97,27.63
803,28.97,27.63
200,28.97,27.63
731,28.97,27.73
313,28.97,27.73
584,28.97,27.73
570,28.97,27.73
647,28.97,27.73
705,28.97,27.73
641,28.97,27.73
588,28.97,27.73
783,28.97,27.73
716,28.97,27.73
358,28.97,27.73
781,28.97,27.73
391,28.97,27.73
755,28.97,27.73
178,28.97,27.73
716,28.97,27.73
583,28.97,27.73
799,28.97,27.73
231,28.97,27.73
458,28.97,27.73
583,28.97,27.73
281,28.97,27.73
876,28.97,27.73
402,28.97,27.73
605,28.97,27.73
446,28.97,27.73
875,28.97,27.73
402,28.97,27.73
758,28.97,27.73
119,28.97,27.73
528,28.97,27.73
429,28.97,27.73
327,28.97,27.73
425,28.97,27.73
548,28.97,27.73
357,28.97,27.73
536,28.95,27.73
816,28.95,27.73
127,28.95,27.73
630,28.95,27.73
202,28.95,27.73
731,28.95,27.73
179,28.95,27.73
390,28.95,27.73
208,28.95,27.73
283,28.95,27.73
287,28.95,27.73
486,28.95,27.73
119,28.95,27.73
181,28.95,27.73
561,28.95,27.73
245,28.95,27.73
582,28.95,27.73
233,28.95,27.73
365,28.95,27.73
518,28.95,27.73
496,28.95,27.73
120,28.95,27.73
665,28.95,27.73
427,28.95,27.73
364,28.95,27.81
422,28.95,27.81
338,28.95,27.81
653,28.95,27.81
296,28.95,27.81
659,28.95,27.81
215,28.95,27.81
551,28.95,27.81
554,28.95,27.81
473,28.95,27.81
537,28.95,27.81
625,28.95,27.81
613,28.95,27.81
