278,28.09,26.99
722,28.09,26.99
200,28.11,26.99
271,28.11,26.99
759,28.11,26.99
400,28.11,26.99
534,28.11,26.99
615,28.11,26.99
672,28.11,26.99
306,28.11,26.99
761,28.11,26.99
175,28.11,26.99
682,28.11,26.99
414,28.11,26.99
267,28.11,26.99
462,28.11,26.99
502,28.11,26.99
352,28.11,26.99
597,28.11,26.99
440,28.11,26.99
391,28.11,26.99
741,28.11,26.99
248,28.11,26.99
614,28.11,26.99
202,28.11,26.99
575,28.11,26.99
128,28.11,27.21
747,28.11,27.21
120,28.11,27.21
710,28.11,27.21
524,28.11,27.21
346,28.11,27.21
577,28.11,27.21
137,28.11,27.21
750,28.11,27.21
483,28.11,27.21
758,28.11,27.21
120,28.11,27.21
644,28.11,27.21
119,28.11,27.21
576,28.11,27.21
121,28.11,27.21
318,28.11,27.21
121,28.11,27.21
572,28.11,27.21
355,28.11,27.21
252,28.11,27.21
668,28.11,27.21
363,28.11,27.21
682,28.11,27.21
276,28.11,27.21
834,28.11,27.21
121,28.11,27.21
683,28.11,27.21
263,28.11,27.21
340,28.11,27.21
121,28.11,27.21
554,28.11,27.21
661,28.11,27.21
577,28.11,27.21
256,28.11,27.21
698,28.11,27.21
480,28.13,27.21
555,28.13,27.21
571,28.13,27.21
123,28.13,27.21
537,28.13,27.21
532,28.13,27.21
835,28.13,27.21
586,28.13,27.21
123,28.13,27.21
540,28.13,27.21
372,28.13,27.21
643,28.13,27.21
345,28.13,27.21
653,28.13,27.21
586,28.13,27.21
315,28.13,27.21
651,28.13,27.21
127,28.13,27.21
276,28.13,27.21
874,28.13,27.21
288,28.13,27.21
307,28.13,27.21
124,28.13,27.21
787,28.13,27.21
748,28.13,26.97
173,28.13,26.97
681,28.13,26.97
331,28.13,26.97
779,28.13,26.97
575,28.13,26.97
805,28.13,26.97
338,28.13,26.97
464,28.13,26.97
537,28.13,26.97
452,28.13,26.97
425,28.13,26.97
587,28.13,26.97
587,28.13,26.97
872,28.13,26.97
296,28.13,26.97
449,28.13,26.97
550,28.13,26.97
604,28.13,26.97
749,28.13,26.97
123,28.13,26.97
875,28.13,26.97
120,28.13,26.97
858,28.13,26.97
220,28.13,26.97
139,28.13,26.97
563,28.13,26.97
343,28.13,26.97
438,28.13,26.97
293,28.13,26.97
636,28.13,26.97
122,28.13,26.97
662,28.13,26.97
243,28.13,26.97
423,28.13,26.97
463,28.13,26.97
688,28.13,26.97
518,28.13,26.97
231,28.13,26.97
220,28.13,26.97
476,28.13,26.97
353,28.13,26.97
694,28.13,26.97
439,28.13,26.97
557,28.13,26.97
846,28.13,26.97
120,28.13,26.97
843,28.13,26.97
302,28.13,26.97
554,28.13,26.97
251,28.13,26.97
611,28.13,26.97
574,28.13,26.97
441,28.13,26.97
585,28.13,26.97
578,28.13,26.97
335,28.13,26.97
121,28.13,26.97
406,28.13,26.97
405,28.13,27.05
305,28.13,27.05
222,28.13,27.05
757,28.13,27.05
120,28.13,27.05
764,28.13,27.05
440,28.13,27.05
765,28.13,27.05
389,28.13,27.05
407,28.13,27.05
603,28.13,27.05
362,28.13,27.05
658,28.13,27.05
169,28.13,27.05
525,28.13,27.05
356,28.13,27.05
874,28.13,27.05
553,28.13,27.05
734,28.13,27.05
621,28.13,27.05
761,28.13,27.05
580,28.13,27.05
328,28.13,27.05
781,28.13,27.05
576,28.13,27.05
685,28.13,27.05
381,28.13,27.05
849,28.13,27.05
298,28.13,27.05
771,28.13,27.05
340,28.13,27.05
749,28.13,27.05
480,28.13,27.05
509,28.13,27.05
771,28.13,27.05
368,28.13,27.05
511,28.13,27.05
463,28.11,27.05
617,28.11,27.05
356,28.11,27.05
410,28.11,27.05
514,28.11,27.05
799,28.11,27.05
357,28.11,27.05
663,28.11,27.05
673,28.11,27.05
446,28.11,27.05
157,28.11,27.05
840,28.11,27.05
249,28.11,27.05
210,28.11,27.05
503,28.11,27.05
131,28.11,27.05
575,28.11,27.05
189,28.11,27.05
644,28.11,27.05
571,28.11,27.05
525,28.11,27.05
510,28.11,27.05
612,28.11,27.05
875,28.11,27.25
564,28.11,27.25
488,28.11,27.25
414,28.11,27.25
347,28.11,27.25
677,28.11,27.25
358,28.11,27.25
355,28.11,27.25
481,28.11,27.25
364,28.11,27.25
674,28.11,27.25
188,28.11,27.25
736,28.11,27.25
498,28.11,27.25
310,28.11,27.25
489,28.11,27.25
402,28.11,27.25
515,28.11,27.25
329,28.11,27.25
754,28.11,27.25
233,28.11,27.25
487,28.11,27.25
362,28.11,27.25
634,28.11,27.25
270,28.11,27.25
508,28.11,27.25
571,28.11,27.25
510,28.11,27.25
484,28.11,27.25
658,28.11,27.25
457,28.11,27.25
531,28.11,27.25
486,28.11,27.25
244,28.11,27.25
648,28.11,27.25
130,28.11,27.25
853,28.11,27.25
130,28.11,27.25
599,28.11,27.25
341,28.11,27.25
618,28.11,27.25
610,28.11,27.25
396,28.11,27.25
735,28.11,27.25
465,28.11,27.25
620,28.11,27.25
345,28.11,27.25
705,28.11,27.25
302,28.11,27.25
840,28.11,27.25
624,28.11,27.25
710,28.11,27.25
442,28.11,27.25
762,28.11,27.25
516,28.11,27.25
758,28.11,27.25
546,28.11,27.25
633,28.11,27.25
787,28.11,27.25
125,28.11,27.25
607,28.11,27.03
341,28.11,27.03
558,28.11,27.03
121,28.11,27.03
664,28.11,27.03
352,28.11,27.03
709,28.11,27.03
281,28.11,27.03
776,28.11,27.03
478,28.11,27.03
405,28.11,27.03
423,28.11,27.03
665,28.11,27.03
252,28.11,27.03
562,28.11,27.03
659,28.11,27.03
123,28.11,27.03
736,28.11,27.03
396,28.11,27.03
654,28.11,27.03
201,28.11,27.03
693,28.11,27.03
695,28.11,27.03
196,28.11,27.03
508,28.11,27.03
460,28.11,27.03
602,28.11,27.03
536,28.11,27.03
758,28.11,27.03
472,28.11,27.03
584,28.11,27.03
408,28.11,27.03
670,28.11,27.03
166,28.11,27.03
685,28.11,27.03
268,28.11,27.03
721,28.11,27.03
597,28.09,27.03
512,28.09,27.03
772,28.09,27.03
307,28.09,27.03
543,28.09,27.03
336,28.09,27.03
875,28.09,27.03
429,28.09,27.03
408,28.09,27.03
571,28.09,27.03
388,28.09,27.03
664,28.09,27.03
396,28.09,27.03
524,28.09,27.03
315,28.09,27.03
578,28.09,27.03
126,28.09,27.03
704,28.09,27.03
579,28.09,27.03
425,28.09,27.03
542,28.09,27.03
505,28.09,27.03
493,28.09,27.03
649,28.09,27.03
554,28.09,27.15
397,28.09,27.15
243,28.09,27.15
188,28.09,27.15
500,28.09,27.15
121,28.09,27.15
670,28.09,27.15
179,28.09,27.15
453,28.09,27.15
503,28.09,27.15
276,28.09,27.15
787,28.09,27.15
121,28.09,27.15
689,28.09,27.15
344,28.09,27.15
874,28.09,27.15
161,28.09,27.15
421,28.09,27.15
508,28.09,27.15
423,28.09,27.15
511,28.09,27.15
310,28.09,27.15
515,28.09,27.15
126,28.09,27.15
556,28.09,27.15
353,28.09,27.15
675,28.09,27.15
368,28.09,27.15
504,28.09,27.15
563,28.09,27.15
486,28.09,27.15
212,28.09,27.15
577,28.09,27.15
712,28.09,27.15
121,28.09,27.15
520,28.09,27.15
126,28.11,27.15
561,28.11,27.15
201,28.11,27.15
579,28.11,27.15
228,28.11,27.15
641,28.11,27.15
616,28.11,27.15
496,28.11,27.15
433,28.11,27.15
406,28.11,27.15
679,28.11,27.15
477,28.11,27.15
332,28.11,27.15
453,28.11,27.15
481,28.11,27.15
408,28.11,27.15
661,28.11,27.15
227,28.11,27.15
804,28.11,27.15
224,28.11,27.15
874,28.11,27.15
505,28.11,27.15
795,28.11,27.15
430,28.11,27.15
510,28.11,27.09
693,28.11,27.09
124,28.11,27.09
743,28.11,27.09
145,28.11,27.09
861,28.11,27.09
389,28.11,27.09
832,28.11,27.09
703,28.11,27.09
810,28.11,27.09
407,28.11,27.09
651,28.11,27.09
305,28.11,27.09
846,28.11,27.09
511,28.11,27.09
332,28.11,27.09
653,28.11,27.09
144,28.11,27.09
873,28.11,27.09
276,28.11,27.09
750,28.11,27.09
292,28.11,27.09
874,28.11,27.09
412,28.11,27.09
464,28.11,27.09
579,28.11,27.09
528,28.11,27.09
765,28.11,27.09
127,28.11,27.09
473,28.11,27.09
240,28.11,27.09
688,28.11,27.09
