322,31.77,30.47
635,31.77,30.47
269,31.77,30.47
121,31.77,30.47
683,31.77,30.47
513,31.77,30.47
515,31.77,30.47
401,31.77,30.47
748,31.77,30.47
348,31.77,30.47
479,31.77,30.47
515,31.77,30.47
448,31.77,30.47
657,31.77,30.47
556,31.77,30.47
580,31.77,30.47
332,31.77,30.47
539,31.77,30.47
664,31.77,30.47
431,31.77,30.47
318,31.77,30.47
301,31.77,30.47
879,31.77,30.47
118,31.77,30.47
535,31.77,30.47
567,31.77,30.47
490,31.77,30.47
326,31.77,30.47
787,31.77,30.47
300,31.77,30.47
524,31.77,30.47
341,31.77,30.47
701,31.77,30.47
402,31.77,30.47
513,31.77,30.47
501,31.77,30.47
394,31.77,30.47
497,31.77,30.47
342,31.77,30.39
796,31.77,30.39
426,31.77,30.39
507,31.77,30.39
803,31.77,30.39
442,31.77,30.39
371,31.77,30.39
644,31.77,30.39
359,31.77,30.39
547,31.77,30.39
397,31.77,30.39
574,31.77,30.39
454,31.77,30.39
759,31.77,30.39
377,31.77,30.39
572,31.77,30.39
766,31.77,30.39
121,31.77,30.39
880,31.77,30.39
303,31.77,30.39
605,31.77,30.39
539,31.77,30.39
876,31.77,30.39
378,31.77,30.39
623,31.77,30.39
685,31.77,30.39
644,31.77,30.39
400,31.77,30.39
622,31.77,30.39
558,31.77,30.39
537,31.77,30.39
627,31.77,30.39
564,31.77,30.39
742,31.77,30.39
131,31.77,30.39
876,31.77,30.39
118,31.79,30.39
834,31.79,30.39
316,31.79,30.39
825,31.79,30.39
720,31.79,30.39
440,31.79,30.39
879,31.79,30.39
420,31.79,30.39
450,31.79,30.39
158,31.79,30.39
480,31.79,30.39
488,31.79,30.39
375,31.79,30.39
330,31.79,30.39
783,31.79,30.39
210,31.79,30.39
604,31.79,30.39
120,31.79,30.39
490,31.79,30.39
289,31.79,30.39
719,31.79,30.39
492,31.79,30.39
327,31.79,30.39
740,31.79,30.59
426,31.79,30.59
878,31.79,30.59
379,31.79,30.59
412,31.79,30.59
473,31.79,30.59
442,31.79,30.59
141,31.79,30.59
771,31.79,30.59
132,31.79,30.59
518,31.79,30.59
126,31.79,30.59
489,31.79,30.59
119,31.79,30.59
477,31.79,30.59
356,31.79,30.59
472,31.79,30.59
424,31.79,30.59
413,31.79,30.59
682,31.79,30.59
270,31.79,30.59
455,31.79,30.59
481,31.79,30.59
265,31.79,30.59
564,31.79,30.59
379,31.79,30.59
478,31.79,30.59
333,31.79,30.59
637,31.79,30.59
554,31.79,30.59
536,31.79,30.59
615,31.79,30.59
678,31.79,30.59
173,31.79,30.59
579,31.79,30.59
231,31.79,30.59
622,31.79,30.59
137,31.79,30.59
850,31.79,30.59
851,31.79,30.59
386,31.79,30.59
519,31.79,30.59
555,31.79,30.59
437,31.79,30.59
280,31.79,30.59
806,31.79,30.59
448,31.79,30.59
458,31.79,30.59
650,31.79,30.59
560,31.79,30.59
691,31.79,30.59
460,31.79,30.59
697,31.79,30.59
638,31.79,30.59
631,31.79,30.59
326,31.79,30.59
685,31.79,30.59
548,31.79,30.59
372,31.79,30.59
518,31.79,30.59
484,31.79,30.53
608,31.79,30.53
414,31.79,30.53
685,31.79,30.53
430,31.79,30.53
649,31.79,30.53
329,31.79,30.53
878,31.79,30.53
505,31.79,30.53
873,31.79,30.53
392,31.79,30.53
426,31.79,30.53
504,31.79,30.53
336,31.79,30.53
543,31.79,30.53
327,31.79,30.53
371,31.79,30.53
591,31.79,30.53
709,31.79,30.53
470,31.79,30.53
721,31.79,30.53
636,31.79,30.53
415,31.79,30.53
279,31.79,30.53
745,31.79,30.53
322,31.79,30.53
814,31.79,30.53
217,31.79,30.53
813,31.79,30.53
351,31.79,30.53
529,31.79,30.53
641,31.79,30.53
123,31.79,30.53
879,31.79,30.53
248,31.79,30.53
554,31.79,30.53
770,31.75,30.53
166,31.75,30.53
812,31.75,30.53
769,31.75,30.53
171,31.75,30.53
810,31.75,30.53
131,31.75,30.53
306,31.75,30.53
471,31.75,30.53
746,31.75,30.53
285,31.75,30.53
615,31.75,30.53
772,31.75,30.53
261,31.75,30.53
804,31.75,30.53
167,31.75,30.53
466,31.75,30.53
449,31.75,30.53
312,31.75,30.53
702,31.75,30.53
617,31.75,30.53
728,31.75,30.53
487,31.75,30.53
412,31.75,30.53
393,31.75,30.37
219,31.75,30.37
578,31.75,30.37
566,31.75,30.37
147,31.75,30.37
676,31.75,30.37
582,31.75,30.37
395,31.75,30.37
222,31.75,30.37
777,31.75,30.37
292,31.75,30.37
645,31.75,30.37
642,31.75,30.37
322,31.75,30.37
696,31.75,30.37
387,31.75,30.37
513,31.75,30.37
475,31.75,30.37
213,31.75,30.37
595,31.75,30.37
637,31.75,30.37
480,31.75,30.37
566,31.75,30.37
518,31.75,30.37
404,31.75,30.37
328,31.75,30.37
502,31.75,30.37
657,31.75,30.37
581,31.75,30.37
472,31.75,30.37
314,31.75,30.37
586,31.75,30.37
533,31.75,30.37
697,31.75,30.37
677,31.75,30.37
827,31.75,30.37
461,31.79,30.37
644,31.79,30.37
586,31.79,30.37
353,31.79,30.37
720,31.79,30.37
226,31.79,30.37
524,31.79,30.37
492,31.79,30.37
654,31.79,30.37
246,31.79,30.37
541,31.79,30.37
311,31.79,30.37
759,31.79,30.37
131,31.79,30.37
644,31.79,30.37
514,31.79,30.37
661,31.79,30.37
534,31.79,30.37
536,31.79,30.37
821,31.79,30.37
306,31.79,30.37
400,31.79,30.37
144,31.79,30.37
484,31.79,30.53
442,31.79,30.53
452,31.79,30.53
499,31.79,30.53
748,31.79,30.53
442,31.79,30.53
383,31.79,30.53
620,31.79,30.53
316,31.79,30.53
507,31.79,30.53
338,31.79,30.53
512,31.79,30.53
118,31.79,30.53
763,31.79,30.53
119,31.79,30.53
592,31.79,30.53
350,31.79,30.53
485,31.79,30.53
356,31.79,30.53
118,31.79,30.53
676,31.79,30.53
210,31.79,30.53
624,31.79,30.53
357,31.79,30.53
546,31.79,30.53
484,31.79,30.53
609,31.79,30.53
505,31.79,30.53
263,31.79,30.53
256,31.79,30.53
313,31.79,30.53
373,31.79,30.53
569,31.79,30.53
384,31.79,30.53
541,31.79,30.53
733,31.79,30.53
261,31.75,30.53
608,31.75,30.53
321,31.75,30.53
755,31.75,30.53
387,31.75,30.53
656,31.75,30.53
451,31.75,30.53
640,31.75,30.53
565,31.75,30.53
386,31.75,30.53
724,31.75,30.53
414,31.75,30.53
468,31.75,30.53
641,31.75,30.53
446,31.75,30.53
766,31.75,30.53
697,31.75,30.53
269,31.75,30.53
737,31.75,30.53
372,31.75,30.53
674,31.75,30.53
192,31.75,30.53
644,31.75,30.53
629,31.75,30.53
612,31.75,30.51
453,31.75,30.51
442,31.75,30.51
572,31.75,30.51
405,31.75,30.51
873,31.75,30.51
363,31.75,30.51
323,31.75,30.51
744,31.75,30.51
511,31.75,30.51
439,31.75,30.51
560,31.75,30.51
585,31.75,30.51
826,31.75,30.51
314,31.75,30.51
743,31.75,30.51
737,31.75,30.51
167,31.75,30.51
571,31.75,30.51
459,31.75,30.51
577,31.75,30.51
285,31.75,30.51
582,31.75,30.51
237,31.75,30.51
437,31.75,30.51
388,31.75,30.51
129,31.75,30.51
693,31.75,30.51
118,31.75,30.51
668,31.75,30.51
466,31.75,30.51
466,31.75,30.51
578,31.75,30.51
569,31.75,30.51
511,31.75,30.51
602,31.75,30.51
125,31.77,30.51
368,31.77,30.51
196,31.77,30.51
540,31.77,30.51
718,31.77,30.51
121,31.77,30.51
878,31.77,30.51
148,31.77,30.51
699,31.77,30.51
121,31.77,30.51
830,31.77,30.51
577,31.77,30.51
810,31.77,30.51
657,31.77,30.51
290,31.77,30.51
553,31.77,30.51
545,31.77,30.51
538,31.77,30.51
672,31.77,30.51
120,31.77,30.51
441,31.77,30.51
708,31.77,30.51
529,31.77,30.51
554,31.77,30.39
120,31.77,30.39
844,31.77,30.39
197,31.77,30.39
654,31.77,30.39
425,31.77,30.39
623,31.77,30.39
659,31.77,30.39
374,31.77,30.39
854,31.77,30.39
120,31.77,30.39
658,31.77,30.39
803,31.77,30.39
720,31.77,30.39
183,31.77,30.39
593,31.77,30.39
503,31.77,30.39
763,31.77,30.39
460,31.77,30.39
879,31.77,30.39
295,31.77,30.39
802,31.77,30.39
658,31.77,30.39
477,31.77,30.39
879,31.77,30.39
