508,31.43,30.29
492,31.43,30.29
364,31.43,30.29
297,31.43,30.29
340,31.43,30.29
584,31.43,30.29
875,31.43,30.29
639,31.43,30.29
384,31.43,30.29
478,31.43,30.29
494,31.43,30.29
407,31.43,30.29
281,31.43,30.29
631,31.43,30.29
119,31.43,30.29
452,31.43,30.29
308,31.43,30.29
773,31.43,30.29
332,31.43,30.29
593,31.43,30.29
484,31.43,30.29
310,31.43,30.29
748,31.43,30.23
457,31.43,30.23
702,31.43,30.23
488,31.43,30.23
547,31.43,30.23
459,31.43,30.23
663,31.43,30.23
359,31.43,30.23
652,31.43,30.23
595,31.43,30.23
278,31.43,30.23
575,31.43,30.23
457,31.43,30.23
416,31.43,30.23
707,31.43,30.23
671,31.43,30.23
423,31.43,30.23
876,31.43,30.23
375,31.43,30.23
879,31.43,30.23
642,31.43,30.23
503,31.43,30.23
275,31.43,30.23
417,31.43,30.23
567,31.43,30.23
514,31.43,30.23
703,31.43,30.23
639,31.43,30.23
714,31.43,30.23
453,31.43,30.23
524,31.43,30.23
431,31.43,30.23
287,31.43,30.23
795,31.43,30.23
364,31.43,30.23
478,31.43,30.23
789,31.43,30.23
825,31.43,30.23
799,31.43,30.23
483,31.43,30.23
400,31.43,30.23
802,31.43,30.23
352,31.43,30.23
593,31.43,30.23
120,31.43,30.23
596,31.43,30.23
180,31.43,30.23
359,31.43,30.23
675,31.43,30.23
538,31.43,30.23
592,31.43,30.23
495,31.43,30.23
664,31.43,30.23
640,31.43,30.23
214,31.43,30.23
649,31.43,30.23
739,31.43,30.23
344,31.43,30.23
878,31.43,30.23
123,31.43,30.23
648,31.43,30.17
121,31.43,30.17
717,31.43,30.17
406,31.43,30.17
124,31.43,30.17
687,31.43,30.17
123,31.43,30.17
571,31.43,30.17
587,31.43,30.17
421,31.43,30.17
447,31.43,30.17
480,31.43,30.17
421,31.43,30.17
295,31.43,30.17
250,31.43,30.17
497,31.43,30.17
383,31.43,30.17
556,31.43,30.17
127,31.43,30.17
517,31.43,30.17
815,31.43,30.17
118,31.43,30.17
756,31.43,30.17
260,31.43,30.17
753,31.43,30.17
119,31.43,30.17
878,31.43,30.17
550,31.43,30.17
498,31.43,30.17
617,31.43,30.17
286,31.43,30.17
449,31.43,30.17
784,31.43,30.17
120,31.43,30.17
528,31.43,30.17
345,31.43,30.17
541,31.41,30.17
516,31.41,30.17
502,31.41,30.17
501,31.41,30.17
430,31.41,30.17
781,31.41,30.17
146,31.41,30.17
878,31.41,30.17
341,31.41,30.17
878,31.41,30.17
569,31.41,30.17
336,31.41,30.17
565,31.41,30.17
520,31.41,30.17
638,31.41,30.17
540,31.41,30.17
481,31.41,30.17
773,31.41,30.17
568,31.41,30.17
430,31.41,30.17
878,31.41,30.17
494,31.41,30.17
403,31.41,30.17
322,31.41,30.05
878,31.41,30.05
119,31.41,30.05
879,31.41,30.05
547,31.41,30.05
505,31.41,30.05
689,31.41,30.05
342,31.41,30.05
788,31.41,30.05
239,31.41,30.05
565,31.41,30.05
504,31.41,30.05
365,31.41,30.05
557,31.41,30.05
169,31.41,30.05
712,31.41,30.05
639,31.41,30.05
448,31.41,30.05
598,31.41,30.05
331,31.41,30.05
444,31.41,30.05
671,31.41,30.05
363,31.41,30.05
464,31.41,30.05
527,31.41,30.05
720,31.41,30.05
119,31.41,30.05
405,31.41,30.05
718,31.41,30.05
418,31.41,30.05
713,31.41,30.05
123,31.41,30.05
878,31.41,30.05
336,31.41,30.05
728,31.41,30.05
474,31.41,30.05
404,31.43,30.05
459,31.43,30.05
312,31.43,30.05
643,31.43,30.05
336,31.43,30.05
269,31.43,30.05
454,31.43,30.05
533,31.43,30.05
564,31.43,30.05
427,31.43,30.05
522,31.43,30.05
658,31.43,30.05
372,31.43,30.05
868,31.43,30.05
191,31.43,30.05
828,31.43,30.05
577,31.43,30.05
662,31.43,30.05
706,31.43,30.05
211,31.43,30.05
785,31.43,30.05
449,31.43,30.05
612,31.43,30.05
525,31.43,30.31
464,31.43,30.31
282,31.43,30.31
700,31.43,30.31
596,31.43,30.31
791,31.43,30.31
627,31.43,30.31
323,31.43,30.31
377,31.43,30.31
585,31.43,30.31
156,31.43,30.31
386,31.43,30.31
507,31.43,30.31
454,31.43,30.31
879,31.43,30.31
146,31.43,30.31
819,31.43,30.31
269,31.43,30.31
733,31.43,30.31
569,31.43,30.31
482,31.43,30.31
485,31.43,30.31
309,31.43,30.31
699,31.43,30.31
604,31.43,30.31
542,31.43,30.31
619,31.43,30.31
654,31.43,30.31
620,31.43,30.31
782,31.43,30.31
523,31.43,30.31
405,31.43,30.31
472,31.43,30.31
706,31.43,30.31
280,31.43,30.31
789,31.43,30.31
401,31.47,30.31
408,31.47,30.31
505,31.47,30.31
279,31.47,30.31
878,31.47,30.31
467,31.47,30.31
732,31.47,30.31
716,31.47,30.31
611,31.47,30.31
741,31.47,30.31
334,31.47,30.31
531,31.47,30.31
760,31.47,30.31
122,31.47,30.31
527,31.47,30.31
381,31.47,30.31
730,31.47,30.31
429,31.47,30.31
411,31.47,30.31
428,31.47,30.31
381,31.47,30.31
583,31.47,30.31
122,31.47,30.31
434,31.47,30.31
517,31.47,30.23
474,31.47,30.23
449,31.47,30.23
245,31.47,30.23
299,31.47,30.23
417,31.47,30.23
516,31.47,30.23
428,31.47,30.23
213,31.47,30.23
434,31.47,30.23
394,31.47,30.23
534,31.47,30.23
698,31.47,30.23
384,31.47,30.23
686,31.47,30.23
273,31.47,30.23
654,31.47,30.23
331,31.47,30.23
466,31.47,30.23
317,31.47,30.23
212,31.47,30.23
878,31.47,30.23
119,31.47,30.23
802,31.47,30.23
545,31.47,30.23
523,31.47,30.23
614,31.47,30.23
122,31.47,30.23
710,31.47,30.23
442,31.47,30.23
441,31.47,30.23
720,31.47,30.23
433,31.47,30.23
370,31.47,30.23
705,31.47,30.23
394,31.47,30.23
865,31.41,30.23
380,31.41,30.23
609,31.41,30.23
125,31.41,30.23
748,31.41,30.23
348,31.41,30.23
726,31.41,30.23
632,31.41,30.23
200,31.41,30.23
790,31.41,30.23
268,31.41,30.23
716,31.41,30.23
517,31.41,30.23
698,31.41,30.23
480,31.41,30.23
550,31.41,30.23
752,31.41,30.23
742,31.41,30.23
442,31.41,30.23
700,31.41,30.23
528,31.41,30.23
377,31.41,30.23
600,31.41,30.23
599,31.41,30.05
386,31.41,30.05
359,31.41,30.05
634,31.41,30.05
222,31.41,30.05
802,31.41,30.05
160,31.41,30.05
795,31.41,30.05
689,31.41,30.05
187,31.41,30.05
748,31.41,30.05
411,31.41,30.05
879,31.41,30.05
551,31.41,30.05
652,31.41,30.05
713,31.41,30.05
424,31.41,30.05
516,31.41,30.05
832,31.41,30.05
297,31.41,30.05
773,31.41,30.05
209,31.41,30.05
805,31.41,30.05
236,31.41,30.05
589,31.41,30.05
574,31.41,30.05
377,31.41,30.05
604,31.41,30.05
127,31.41,30.05
879,31.41,30.05
119,31.41,30.05
699,31.41,30.05
292,31.41,30.05
276,31.41,30.05
229,31.41,30.05
522,31.41,30.05
406,31.39,30.05
630,31.39,30.05
287,31.39,30.05
740,31.39,30.05
396,31.39,30.05
563,31.39,30.05
782,31.39,30.05
162,31.39,30.05
880,31.39,30.05
346,31.39,30.05
615,31.39,30.05
254,31.39,30.05
573,31.39,30.05
180,31.39,30.05
651,31.39,30.05
503,31.39,30.05
267,31.39,30.05
759,31.39,30.05
122,31.39,30.05
524,31.39,30.05
686,31.39,30.05
389,31.39,30.05
603,31.39,30.05
308,31.39,30.05
546,31.39,30.43
792,31.39,30.43
450,31.39,30.43
679,31.39,30.43
266,31.39,30.43
582,31.39,30.43
531,31.39,30.43
632,31.39,30.43
376,31.39,30.43
300,31.39,30.43
869,31.39,30.43
401,31.39,30.43
611,31.39,30.43
443,31.39,30.43
499,31.39,30.43
561,31.39,30.43
420,31.39,30.43
725,31.39,30.43
133,31.39,30.43
825,31.39,30.43
628,31.39,30.43
514,31.39,30.43
524,31.39,30.43
302,31.39,30.43
503,31.39,30.43
713,31.39,30.43
216,31.39,30.43
505,31.39,30.43
570,31.39,30.43
491,31.39,30.43
409,31.39,30.43
729,31.39,30.43
574,31.39,30.43
664,31.39,30.43
553,31.39,30.43
366,31.39,30.43
658,31.41,30.43
324,31.41,30.43
769,31.41,30.43
755,31.41,30.43
