764,30.45,29.11
258,30.45,29.11
852,30.45,29.11
130,30.45,29.11
433,30.45,29.11
876,30.45,29.11
531,30.45,29.11
197,30.45,29.11
675,30.45,29.11
224,30.45,29.11
731,30.45,29.11
269,30.45,29.11
362,30.45,29.11
270,30.45,29.11
404,30.45,29.11
878,30.45,29.11
120,30.45,29.11
693,30.45,29.11
269,30.45,29.11
725,30.45,29.11
181,30.45,29.17
649,30.45,29.17
419,30.45,29.17
511,30.45,29.17
481,30.45,29.17
362,30.45,29.17
288,30.45,29.17
201,30.45,29.17
266,30.45,29.17
560,30.45,29.17
590,30.45,29.17
122,30.45,29.17
724,30.45,29.17
123,30.45,29.17
539,30.45,29.17
498,30.45,29.17
509,30.45,29.17
494,30.45,29.17
646,30.45,29.17
637,30.45,29.17
248,30.45,29.17
875,30.45,29.17
121,30.45,29.17
630,30.45,29.17
302,30.45,29.17
669,30.45,29.17
409,30.45,29.17
527,30.45,29.17
665,30.45,29.17
536,30.45,29.17
304,30.45,29.17
521,30.45,29.17
482,30.45,29.17
579,30.45,29.17
687,30.45,29.17
381,30.45,29.17
579,30.43,29.17
231,30.43,29.17
878,30.43,29.17
471,30.43,29.17
573,30.43,29.17
326,30.43,29.17
877,30.43,29.17
322,30.43,29.17
338,30.43,29.17
691,30.43,29.17
654,30.43,29.17
460,30.43,29.17
669,30.43,29.17
348,30.43,29.17
676,30.43,29.17
707,30.43,29.17
541,30.43,29.17
639,30.43,29.17
246,30.43,29.17
727,30.43,29.17
257,30.43,29.17
878,30.43,29.17
297,30.43,29.17
553,30.43,29.17
497,30.43,29.35
495,30.43,29.35
437,30.43,29.35
299,30.43,29.35
544,30.43,29.35
383,30.43,29.35
574,30.43,29.35
270,30.43,29.35
614,30.43,29.35
334,30.43,29.35
559,30.43,29.35
118,30.43,29.35
385,30.43,29.35
320,30.43,29.35
706,30.43,29.35
121,30.43,29.35
517,30.43,29.35
743,30.43,29.35
134,30.43,29.35
638,30.43,29.35
189,30.43,29.35
558,30.43,29.35
561,30.43,29.35
253,30.43,29.35
568,30.43,29.35
677,30.43,29.35
428,30.43,29.35
418,30.43,29.35
630,30.43,29.35
135,30.43,29.35
464,30.43,29.35
302,30.43,29.35
326,30.43,29.35
515,30.43,29.35
616,30.43,29.35
352,30.43,29.35
551,30.45,29.35
451,30.45,29.35
609,30.45,29.35
430,30.45,29.35
316,30.45,29.35
660,30.45,29.35
198,30.45,29.35
588,30.45,29.35
131,30.45,29.35
833,30.45,29.35
424,30.45,29.35
605,30.45,29.35
397,30.45,29.35
759,30.45,29.35
450,30.45,29.35
492,30.45,29.35
836,30.45,29.35
434,30.45,29.35
644,30.45,29.35
777,30.45,29.35
828,30.45,29.35
484,30.45,29.35
868,30.45,29.35
520,30.45,29.31
754,30.45,29.31
197,30.45,29.31
878,30.45,29.31
135,30.45,29.31
669,30.45,29.31
613,30.45,29.31
666,30.45,29.31
547,30.45,29.31
294,30.45,29.31
876,30.45,29.31
663,30.45,29.31
608,30.45,29.31
295,30.45,29.31
878,30.45,29.31
571,30.45,29.31
873,30.45,29.31
455,30.45,29.31
829,30.45,29.31
190,30.45,29.31
877,30.45,29.31
247,30.45,29.31
512,30.45,29.31
522,30.45,29.31
413,30.45,29.31
570,30.45,29.31
239,30.45,29.31
534,30.45,29.31
503,30.45,29.31
533,30.45,29.31
225,30.45,29.31
612,30.45,29.31
375,30.45,29.31
532,30.45,29.31
304,30.45,29.31
474,30.45,29.31
574,30.43,29.31
501,30.43,29.31
435,30.43,29.31
305,30.43,29.31
443,30.43,29.31
184,30.43,29.31
595,30.43,29.31
305,30.43,29.31
542,30.43,29.31
299,30.43,29.31
700,30.43,29.31
119,30.43,29.31
642,30.43,29.31
595,30.43,29.31
435,30.43,29.31
461,30.43,29.31
534,30.43,29.31
480,30.43,29.31
326,30.43,29.31
328,30.43,29.31
409,30.43,29.31
335,30.43,29.31
124,30.43,29.31
483,30.43,29.29
522,30.43,29.29
348,30.43,29.29
632,30.43,29.29
638,30.43,29.29
472,30.43,29.29
527,30.43,29.29
521,30.43,29.29
452,30.43,29.29
502,30.43,29.29
190,30.43,29.29
489,30.43,29.29
206,30.43,29.29
517,30.43,29.29
523,30.43,29.29
266,30.43,29.29
219,30.43,29.29
446,30.43,29.29
689,30.43,29.29
225,30.43,29.29
704,30.43,29.29
120,30.43,29.29
692,30.43,29.29
303,30.43,29.29
726,30.43,29.29
202,30.43,29.29
725,30.43,29.29
266,30.43,29.29
878,30.43,29.29
412,30.43,29.29
494,30.43,29.29
793,30.43,29.29
449,30.43,29.29
750,30.43,29.29
266,30.43,29.29
878,30.43,29.29
175,30.45,29.29
326,30.45,29.29
409,30.45,29.29
798,30.45,29.29
549,30.45,29.29
507,30.45,29.29
443,30.45,29.29
375,30.45,29.29
710,30.45,29.29
514,30.45,29.29
498,30.45,29.29
455,30.45,29.29
493,30.45,29.29
472,30.45,29.29
717,30.45,29.29
118,30.45,29.29
878,30.45,29.29
457,30.45,29.29
597,30.45,29.29
660,30.45,29.29
386,30.45,29.29
686,30.45,29.29
523,30.45,29.29
695,30.45,29.29
231,30.45,29.25
605,30.45,29.25
374,30.45,29.25
683,30.45,29.25
482,30.45,29.25
529,30.45,29.25
408,30.45,29.25
642,30.45,29.25
178,30.45,29.25
533,30.45,29.25
351,30.45,29.25
120,30.45,29.25
497,30.45,29.25
374,30.45,29.25
550,30.45,29.25
199,30.45,29.25
790,30.45,29.25
193,30.45,29.25
798,30.45,29.25
273,30.45,29.25
727,30.45,29.25
465,30.45,29.25
234,30.45,29.25
440,30.45,29.25
614,30.45,29.25
119,30.45,29.25
507,30.45,29.25
559,30.45,29.25
356,30.45,29.25
408,30.45,29.25
657,30.45,29.25
726,30.45,29.25
217,30.45,29.25
697,30.45,29.25
332,30.45,29.25
795,30.45,29.25
118,30.45,29.25
716,30.45,29.25
331,30.45,29.25
230,30.45,29.25
671,30.45,29.25
419,30.45,29.25
585,30.45,29.25
297,30.45,29.25
754,30.45,29.25
394,30.45,29.25
522,30.45,29.25
206,30.45,29.25
820,30.45,29.25
355,30.45,29.25
461,30.45,29.25
737,30.45,29.25
813,30.45,29.25
574,30.45,29.25
842,30.45,29.25
472,30.45,29.25
423,30.45,29.25
600,30.45,29.25
579,30.45,29.25
876,30.45,29.19
254,30.45,29.19
588,30.45,29.19
617,30.45,29.19
629,30.45,29.19
410,30.45,29.19
736,30.45,29.19
786,30.45,29.19
769,30.45,29.19
458,30.45,29.19
637,30.45,29.19
636,30.45,29.19
589,30.45,29.19
334,30.45,29.19
665,30.45,29.19
331,30.45,29.19
300,30.45,29.19
878,30.45,29.19
309,30.45,29.19
483,30.45,29.19
405,30.45,29.19
462,30.45,29.19
667,30.45,29.19
524,30.45,29.19
634,30.45,29.19
368,30.45,29.19
707,30.45,29.19
481,30.45,29.19
558,30.45,29.19
446,30.45,29.19
485,30.45,29.19
405,30.45,29.19
288,30.45,29.19
545,30.45,29.19
691,30.45,29.19
188,30.45,29.19
125,30.47,29.19
700,30.47,29.19
494,30.47,29.19
705,30.47,29.19
351,30.47,29.19
696,30.47,29.19
291,30.47,29.19
495,30.47,29.19
150,30.47,29.19
393,30.47,29.19
410,30.47,29.19
249,30.47,29.19
632,30.47,29.19
254,30.47,29.19
500,30.47,29.19
318,30.47,29.19
380,30.47,29.19
240,30.47,29.19
610,30.47,29.19
258,30.47,29.19
715,30.47,29.19
363,30.47,29.19
477,30.47,29.19
575,30.47,29.19
613,30.47,29.15
291,30.47,29.15
499,30.47,29.15
424,30.47,29.15
121,30.47,29.15
878,30.47,29.15
119,30.47,29.15
664,30.47,29.15
455,30.47,29.15
604,30.47,29.15
624,30.47,29.15
437,30.47,29.15
700,30.47,29.15
548,30.47,29.15
278,30.47,29.15
462,30.47,29.15
711,30.47,29.15
338,30.47,29.15
496,30.47,29.15
591,30.47,29.15
502,30.47,29.15
381,30.47,29.15
793,30.47,29.15
258,30.47,29.15
609,30.47,29.15
212,30.47,29.15
823,30.47,29.15
684,30.47,29.15
271,30.47,29.15
731,30.47,29.15
502,30.47,29.15
668,30.47,29.15
428,30.47,29.15
743,30.47,29.15
453,30.47,29.15
553,30.47,29.15
630,30.47,29.15
754,30.47,29.15
398,30.47,29.15
685,30.47,29.15
272,30.47,29.15
805,30.47,29.15
