296,31.49,30.17
326,31.49,30.17
162,31.49,30.17
161,31.49,30.17
572,31.49,30.17
408,31.49,30.17
728,31.49,30.17
543,31.49,30.17
161,31.49,30.17
491,31.49,30.17
738,31.49,30.17
380,31.49,30.17
372,31.49,30.17
687,31.49,30.17
497,31.49,30.17
508,31.49,30.17
374,31.49,30.17
396,31.49,30.17
289,31.49,30.17
507,31.49,30.17
698,31.49,30.17
224,31.47,30.17
336,31.47,30.17
361,31.47,30.17
390,31.47,30.17
627,31.47,30.17
295,31.47,30.17
758,31.47,30.17
708,31.47,30.17
419,31.47,30.17
793,31.47,30.17
317,31.47,30.17
536,31.47,30.17
425,31.47,30.17
381,31.47,30.17
471,31.47,30.17
322,31.47,30.17
776,31.47,30.17
665,31.47,30.17
645,31.47,30.17
602,31.47,30.17
352,31.47,30.17
770,31.47,30.17
248,31.47,30.17
776,31.47,30.17
683,31.47,30.17
760,31.47,30.17
391,31.47,30.17
778,31.47,30.17
445,31.47,30.17
479,31.47,30.17
704,31.47,30.17
741,31.47,30.17
361,31.47,30.17
604,31.47,30.17
421,31.47,30.17
751,31.47,30.17
355,31.47,30.17
647,31.47,30.17
331,31.47,30.17
248,31.47,30.17
750,31.47,30.17
327,31.47,30.17
651,31.47,30.17
669,31.47,30.17
876,31.47,30.17
662,31.47,30.17
593,31.47,30.17
471,31.47,30.17
355,31.47,30.17
296,31.47,30.17
120,31.47,30.17
703,31.47,30.17
514,31.47,30.17
147,31.47,30.17
847,31.47,30.17
536,31.47,30.17
307,31.47,30.17
694,31.47,30.17
337,31.47,30.17
660,31.47,30.17
127,31.49,30.17
601,31.49,30.17
417,31.49,30.17
534,31.49,30.17
250,31.49,30.17
357,31.49,30.17
653,31.49,30.17
117,31.49,30.17
661,31.49,30.17
483,31.49,30.17
336,31.49,30.17
414,31.49,30.17
691,31.49,30.17
472,31.49,30.17
561,31.49,30.17
406,31.49,30.17
877,31.49,30.17
121,31.49,30.17
743,31.49,30.17
469,31.49,30.17
414,31.49,30.17
378,31.49,30.17
625,31.49,30.17
856,31.49,30.11
118,31.49,30.11
677,31.49,30.11
399,31.49,30.11
434,31.49,30.11
447,31.49,30.11
433,31.49,30.11
618,31.49,30.11
615,31.49,30.11
385,31.49,30.11
644,31.49,30.11
367,31.49,30.11
425,31.49,30.11
696,31.49,30.11
531,31.49,30.11
450,31.49,30.11
433,31.49,30.11
796,31.49,30.11
196,31.49,30.11
810,31.49,30.11
616,31.49,30.11
510,31.49,30.11
363,31.49,30.11
474,31.49,30.11
780,31.49,30.11
464,31.49,30.11
600,31.49,30.11
720,31.49,30.11
586,31.49,30.11
700,31.49,30.11
425,31.49,30.11
689,31.49,30.11
328,31.49,30.11
432,31.49,30.11
469,31.49,30.11
384,31.49,30.11
402,31.49,30.11
492,31.49,30.11
506,31.49,30.11
462,31.49,30.11
119,31.49,30.11
737,31.49,30.11
671,31.49,30.11
494,31.49,30.11
493,31.49,30.11
631,31.49,30.11
575,31.49,30.11
700,31.49,30.11
444,31.49,30.11
481,31.49,30.11
484,31.49,30.11
607,31.49,30.11
484,31.49,30.11
450,31.49,30.11
403,31.49,30.11
545,31.49,30.11
570,31.49,30.11
550,31.49,30.11
597,31.49,30.11
333,31.49,30.11
574,31.49,30.33
494,31.49,30.33
489,31.49,30.33
444,31.49,30.33
370,31.49,30.33
822,31.49,30.33
160,31.49,30.33
481,31.49,30.33
193,31.49,30.33
542,31.49,30.33
299,31.49,30.33
496,31.49,30.33
599,31.49,30.33
412,31.49,30.33
611,31.49,30.33
540,31.49,30.33
625,31.49,30.33
675,31.49,30.33
523,31.49,30.33
573,31.49,30.33
569,31.49,30.33
142,31.49,30.33
612,31.49,30.33
123,31.49,30.33
681,31.49,30.33
195,31.49,30.33
877,31.49,30.33
294,31.49,30.33
496,31.49,30.33
599,31.49,30.33
239,31.49,30.33
765,31.49,30.33
120,31.49,30.33
634,31.49,30.33
487,31.49,30.33
482,31.49,30.33
471,31.47,30.33
766,31.47,30.33
262,31.47,30.33
439,31.47,30.33
593,31.47,30.33
713,31.47,30.33
118,31.47,30.33
758,31.47,30.33
504,31.47,30.33
363,31.47,30.33
652,31.47,30.33
338,31.47,30.33
734,31.47,30.33
202,31.47,30.33
801,31.47,30.33
275,31.47,30.33
626,31.47,30.33
412,31.47,30.33
839,31.47,30.33
448,31.47,30.33
854,31.47,30.33
266,31.47,30.33
737,31.47,30.33
331,31.47,29.99
539,31.47,29.99
576,31.47,29.99
581,31.47,29.99
381,31.47,29.99
741,31.47,29.99
791,31.47,29.99
232,31.47,29.99
862,31.47,29.99
530,31.47,29.99
877,31.47,29.99
414,31.47,29.99
489,31.47,29.99
781,31.47,29.99
431,31.47,29.99
636,31.47,29.99
372,31.47,29.99
482,31.47,29.99
511,31.47,29.99
481,31.47,29.99
650,31.47,29.99
552,31.47,29.99
177,31.47,29.99
798,31.47,29.99
294,31.47,29.99
444,31.47,29.99
725,31.47,29.99
709,31.47,29.99
181,31.47,29.99
235,31.47,29.99
858,31.47,29.99
175,31.47,29.99
483,31.47,29.99
442,31.47,29.99
462,31.47,29.99
321,31.47,29.99
168,31.47,29.99
525,31.47,29.99
294,31.47,29.99
460,31.47,29.99
573,31.47,29.99
448,31.47,29.99
319,31.47,29.99
522,31.47,29.99
759,31.47,29.99
701,31.47,29.99
430,31.47,29.99
666,31.47,29.99
395,31.47,29.99
664,31.47,29.99
485,31.47,29.99
594,31.47,29.99
319,31.47,29.99
569,31.47,29.99
506,31.47,29.99
415,31.47,29.99
726,31.47,29.99
428,31.47,29.99
815,31.47,29.99
422,31.47,29.99
538,31.47,30.33
719,31.47,30.33
553,31.47,30.33
442,31.47,30.33
822,31.47,30.33
343,31.47,30.33
413,31.47,30.33
615,31.47,30.33
431,31.47,30.33
605,31.47,30.33
522,31.47,30.33
291,31.47,30.33
289,31.47,30.33
862,31.47,30.33
235,31.47,30.33
753,31.47,30.33
619,31.47,30.33
605,31.47,30.33
535,31.47,30.33
556,31.47,30.33
485,31.47,30.33
364,31.47,30.33
488,31.47,30.33
446,31.47,30.33
582,31.47,30.33
528,31.47,30.33
538,31.47,30.33
410,31.47,30.33
717,31.47,30.33
283,31.47,30.33
752,31.47,30.33
392,31.47,30.33
656,31.47,30.33
614,31.47,30.33
722,31.47,30.33
649,31.47,30.33
262,31.49,30.33
486,31.49,30.33
227,31.49,30.33
618,31.49,30.33
402,31.49,30.33
643,31.49,30.33
327,31.49,30.33
672,31.49,30.33
688,31.49,30.33
470,31.49,30.33
566,31.49,30.33
655,31.49,30.33
381,31.49,30.33
712,31.49,30.33
582,31.49,30.33
385,31.49,30.33
707,31.49,30.33
501,31.49,30.33
637,31.49,30.33
118,31.49,30.33
626,31.49,30.33
118,31.49,30.33
566,31.49,30.33
336,31.49,30.37
223,31.49,30.37
485,31.49,30.37
292,31.49,30.37
805,31.49,30.37
299,31.49,30.37
192,31.49,30.37
725,31.49,30.37
382,31.49,30.37
288,31.49,30.37
684,31.49,30.37
279,31.49,30.37
692,31.49,30.37
308,31.49,30.37
513,31.49,30.37
295,31.49,30.37
426,31.49,30.37
527,31.49,30.37
554,31.49,30.37
492,31.49,30.37
267,31.49,30.37
829,31.49,30.37
408,31.49,30.37
615,31.49,30.37
472,31.49,30.37
498,31.49,30.37
476,31.49,30.37
313,31.49,30.37
442,31.49,30.37
476,31.49,30.37
409,31.49,30.37
587,31.49,30.37
552,31.49,30.37
706,31.49,30.37
837,31.49,30.37
261,31.49,30.37
806,31.47,30.37
430,31.47,30.37
827,31.47,30.37
426,31.47,30.37
739,31.47,30.37
504,31.47,30.37
531,31.47,30.37
687,31.47,30.37
235,31.47,30.37
733,31.47,30.37
160,31.47,30.37
880,31.47,30.37
510,31.47,30.37
624,31.47,30.37
564,31.47,30.37
730,31.47,30.37
491,31.47,30.37
539,31.47,30.37
454,31.47,30.37
678,31.47,30.37
454,31.47,30.37
684,31.47,30.37
542,31.47,30.37
120,31.47,30.37
708,31.47,30.33
416,31.47,30.33
660,31.47,30.33
558,31.47,30.33
684,31.47,30.33
134,31.47,30.33
527,31.47,30.33
123,31.47,30.33
211,31.47,30.33
686,31.47,30.33
346,31.47,30.33
496,31.47,30.33
301,31.47,30.33
356,31.47,30.33
706,31.47,30.33
718,31.47,30.33
326,31.47,30.33
