221,30.93,29.71
851,30.93,29.71
123,30.93,29.71
660,30.93,29.71
878,30.93,29.71
391,30.93,29.71
646,30.93,29.71
745,30.93,29.71
409,30.93,29.71
591,30.93,29.71
171,30.93,29.71
788,30.93,29.71
687,30.93,29.71
292,30.93,29.71
878,30.93,29.71
476,30.93,29.71
552,30.93,29.71
272,30.93,29.71
472,30.93,29.71
127,30.93,29.71
550,30.93,29.71
631,30.93,29.71
139,30.93,29.71
584,30.93,29.71
120,30.93,29.71
656,30.93,29.71
608,30.93,29.71
221,30.93,29.71
738,30.93,29.71
123,30.93,29.71
529,30.93,29.71
353,30.93,29.71
473,30.93,29.71
207,30.93,29.71
618,30.93,29.71
527,30.93,29.71
357,30.93,29.71
314,30.93,29.71
594,30.93,29.71
346,30.93,29.71
658,30.93,29.71
470,30.93,29.71
869,30.93,29.71
367,30.93,29.71
530,30.93,29.71
611,30.93,29.71
471,30.93,29.71
483,30.93,29.71
426,30.93,29.71
621,30.93,29.89
253,30.93,29.89
657,30.93,29.89
384,30.93,29.89
467,30.93,29.89
466,30.93,29.89
596,30.93,29.89
548,30.93,29.89
660,30.93,29.89
411,30.93,29.89
549,30.93,29.89
646,30.93,29.89
470,30.93,29.89
544,30.93,29.89
446,30.93,29.89
606,30.93,29.89
208,30.93,29.89
660,30.93,29.89
165,30.93,29.89
845,30.93,29.89
425,30.93,29.89
667,30.93,29.89
313,30.93,29.89
449,30.93,29.89
643,30.93,29.89
290,30.93,29.89
554,30.93,29.89
238,30.93,29.89
592,30.93,29.89
652,30.93,29.89
687,30.93,29.89
438,30.93,29.89
819,30.93,29.89
640,30.93,29.89
739,30.93,29.89
601,30.93,29.89
724,30.93,29.89
352,30.93,29.89
824,30.93,29.89
448,30.93,29.89
366,30.93,29.89
802,30.93,29.89
369,30.93,29.89
750,30.93,29.89
494,30.93,29.89
663,30.93,29.89
505,30.93,29.89
534,30.93,29.89
697,30.93,29.89
580,30.93,29.89
327,30.93,29.89
573,30.93,29.89
553,30.93,29.89
541,30.93,29.89
394,30.93,29.89
386,30.93,29.89
564,30.93,29.89
394,30.93,29.89
559,30.93,29.89
493,30.93,29.89
515,30.93,29.77
364,30.93,29.77
658,30.93,29.77
495,30.93,29.77
394,30.93,29.77
591,30.93,29.77
572,30.93,29.77
722,30.93,29.77
271,30.93,29.77
640,30.93,29.77
361,30.93,29.77
165,30.93,29.77
250,30.93,29.77
296,30.93,29.77
494,30.93,29.77
262,30.93,29.77
512,30.93,29.77
459,30.93,29.77
470,30.93,29.77
531,30.93,29.77
289,30.93,29.77
483,30.93,29.77
240,30.93,29.77
343,30.93,29.77
644,30.93,29.77
118,30.93,29.77
580,30.93,29.77
566,30.93,29.77
130,30.93,29.77
698,30.93,29.77
538,30.93,29.77
865,30.93,29.77
117,30.93,29.77
421,30.93,29.77
496,30.93,29.77
702,30.93,29.77
198,30.89,29.77
449,30.89,29.77
530,30.89,29.77
536,30.89,29.77
604,30.89,29.77
504,30.89,29.77
358,30.89,29.77
296,30.89,29.77
547,30.89,29.77
375,30.89,29.77
556,30.89,29.77
238,30.89,29.77
731,30.89,29.77
565,30.89,29.77
638,30.89,29.77
444,30.89,29.77
639,30.89,29.77
371,30.89,29.77
228,30.89,29.77
548,30.89,29.77
766,30.89,29.77
474,30.89,29.77
665,30.89,29.77
575,30.89,29.69
626,30.89,29.69
719,30.89,29.69
293,30.89,29.69
587,30.89,29.69
563,30.89,29.69
407,30.89,29.69
822,30.89,29.69
466,30.89,29.69
658,30.89,29.69
716,30.89,29.69
652,30.89,29.69
354,30.89,29.69
875,30.89,29.69
240,30.89,29.69
878,30.89,29.69
320,30.89,29.69
613,30.89,29.69
543,30.89,29.69
484,30.89,29.69
586,30.89,29.69
318,30.89,29.69
637,30.89,29.69
254,30.89,29.69
877,30.89,29.69
465,30.89,29.69
749,30.89,29.69
587,30.89,29.69
766,30.89,29.69
611,30.89,29.69
762,30.89,29.69
435,30.89,29.69
724,30.89,29.69
560,30.89,29.69
653,30.89,29.69
539,30.89,29.69
397,30.91,29.69
783,30.91,29.69
517,30.91,29.69
879,30.91,29.69
216,30.91,29.69
821,30.91,29.69
346,30.91,29.69
761,30.91,29.69
714,30.91,29.69
379,30.91,29.69
712,30.91,29.69
591,30.91,29.69
642,30.91,29.69
505,30.91,29.69
459,30.91,29.69
535,30.91,29.69
583,30.91,29.69
373,30.91,29.69
606,30.91,29.69
341,30.91,29.69
678,30.91,29.69
308,30.91,29.69
600,30.91,29.69
439,30.91,29.69
393,30.91,29.65
474,30.91,29.65
449,30.91,29.65
691,30.91,29.65
401,30.91,29.65
839,30.91,29.65
319,30.91,29.65
417,30.91,29.65
513,30.91,29.65
474,30.91,29.65
497,30.91,29.65
122,30.91,29.65
494,30.91,29.65
292,30.91,29.65
325,30.91,29.65
238,30.91,29.65
516,30.91,29.65
334,30.91,29.65
423,30.91,29.65
319,30.91,29.65
870,30.91,29.65
118,30.91,29.65
777,30.91,29.65
268,30.91,29.65
396,30.91,29.65
307,30.91,29.65
268,30.91,29.65
214,30.91,29.65
297,30.91,29.65
322,30.91,29.65
432,30.91,29.65
511,30.91,29.65
404,30.91,29.65
644,30.91,29.65
627,30.91,29.65
680,30.91,29.65
467,30.93,29.65
772,30.93,29.65
118,30.93,29.65
465,30.93,29.65
305,30.93,29.65
406,30.93,29.65
479,30.93,29.65
455,30.93,29.65
737,30.93,29.65
426,30.93,29.65
591,30.93,29.65
511,30.93,29.65
608,30.93,29.65
540,30.93,29.65
680,30.93,29.65
872,30.93,29.65
604,30.93,29.65
501,30.93,29.65
539,30.93,29.65
572,30.93,29.65
608,30.93,29.65
607,30.93,29.65
710,30.93,29.65
528,30.93,29.69
273,30.93,29.69
845,30.93,29.69
174,30.93,29.69
768,30.93,29.69
476,30.93,29.69
653,30.93,29.69
475,30.93,29.69
252,30.93,29.69
635,30.93,29.69
536,30.93,29.69
623,30.93,29.69
455,30.93,29.69
669,30.93,29.69
462,30.93,29.69
671,30.93,29.69
641,30.93,29.69
736,30.93,29.69
295,30.93,29.69
343,30.93,29.69
389,30.93,29.69
474,30.93,29.69
511,30.93,29.69
543,30.93,29.69
476,30.93,29.69
535,30.93,29.69
748,30.93,29.69
377,30.93,29.69
878,30.93,29.69
340,30.93,29.69
738,30.93,29.69
511,30.93,29.69
517,30.93,29.69
730,30.93,29.69
415,30.93,29.69
485,30.93,29.69
282,30.93,29.69
420,30.93,29.69
578,30.93,29.69
427,30.93,29.69
572,30.93,29.69
619,30.93,29.69
357,30.93,29.69
414,30.93,29.69
421,30.93,29.69
467,30.93,29.69
220,30.93,29.69
564,30.93,29.69
391,30.93,29.69
440,30.93,29.69
467,30.93,29.69
249,30.93,29.69
609,30.93,29.69
458,30.93,29.69
659,30.93,29.69
356,30.93,29.69
283,30.93,29.69
575,30.93,29.69
499,30.93,29.69
369,30.93,29.69
445,30.93,29.71
738,30.93,29.71
645,30.93,29.71
222,30.93,29.71
848,30.93,29.71
120,30.93,29.71
482,30.93,29.71
497,30.93,29.71
267,30.93,29.71
648,30.93,29.71
316,30.93,29.71
817,30.93,29.71
499,30.93,29.71
358,30.93,29.71
783,30.93,29.71
544,30.93,29.71
697,30.93,29.71
388,30.93,29.71
874,30.93,29.71
441,30.93,29.71
496,30.93,29.71
432,30.93,29.71
877,30.93,29.71
212,30.93,29.71
774,30.93,29.71
545,30.93,29.71
463,30.93,29.71
295,30.93,29.71
657,30.93,29.71
374,30.93,29.71
446,30.93,29.71
452,30.93,29.71
334,30.93,29.71
878,30.93,29.71
167,30.93,29.71
852,30.93,29.71
261,30.93,29.71
838,30.93,29.71
187,30.93,29.71
878,30.93,29.71
557,30.93,29.71
473,30.93,29.71
312,30.93,29.71
600,30.93,29.71
512,30.93,29.71
552,30.93,29.71
485,30.93,29.71
290,30.93,29.71
722,30.93,29.71
395,30.93,29.71
666,30.93,29.71
277,30.93,29.71
729,30.93,29.71
186,30.93,29.71
645,30.93,29.71
164,30.93,29.71
596,30.93,29.71
497,30.93,29.71
125,30.93,29.71
366,30.93,29.69
476,30.93,29.69
705,30.93,29.69
331,30.93,29.69
444,30.93,29.69
445,30.93,29.69
649,30.93,29.69
193,30.93,29.69
786,30.93,29.69
319,30.93,29.69
599,30.93,29.69
495,30.93,29.69
