349,30.73,29.51
446,30.73,29.51
216,30.73,29.51
383,30.73,29.51
570,30.73,29.51
511,30.73,29.51
642,30.73,29.51
398,30.73,29.51
435,30.73,29.51
446,30.73,29.51
810,30.73,29.51
117,30.73,29.51
832,30.73,29.45
120,30.73,29.45
877,30.73,29.45
238,30.73,29.45
740,30.73,29.45
534,30.73,29.45
313,30.73,29.45
631,30.73,29.45
395,30.73,29.45
747,30.73,29.45
237,30.73,29.45
600,30.73,29.45
613,30.73,29.45
582,30.73,29.45
400,30.73,29.45
701,30.73,29.45
221,30.73,29.45
876,30.73,29.45
303,30.73,29.45
703,30.73,29.45
126,30.73,29.45
431,30.73,29.45
704,30.73,29.45
362,30.73,29.45
594,30.73,29.45
561,30.73,29.45
860,30.73,29.45
250,30.73,29.45
730,30.73,29.45
567,30.73,29.45
501,30.73,29.45
553,30.73,29.45
471,30.73,29.45
639,30.73,29.45
518,30.73,29.45
266,30.73,29.45
637,30.73,29.45
395,30.73,29.45
393,30.73,29.45
788,30.73,29.45
627,30.73,29.45
240,30.73,29.45
718,30.73,29.45
853,30.73,29.45
339,30.73,29.45
759,30.73,29.45
473,30.73,29.45
740,30.73,29.45
431,30.73,29.45
190,30.73,29.45
785,30.73,29.45
317,30.73,29.45
659,30.73,29.45
417,30.73,29.45
679,30.73,29.45
380,30.73,29.45
596,30.73,29.45
464,30.73,29.45
579,30.73,29.45
134,30.73,29.57
837,30.73,29.57
356,30.73,29.57
291,30.73,29.57
686,30.73,29.57
120,30.73,29.57
465,30.73,29.57
124,30.73,29.57
631,30.73,29.57
125,30.73,29.57
540,30.73,29.57
315,30.73,29.57
532,30.73,29.57
311,30.73,29.57
425,30.73,29.57
663,30.73,29.57
334,30.73,29.57
747,30.73,29.57
165,30.73,29.57
585,30.73,29.57
401,30.73,29.57
745,30.73,29.57
494,30.73,29.57
727,30.73,29.57
235,30.73,29.57
758,30.73,29.57
125,30.73,29.57
610,30.73,29.57
565,30.73,29.57
328,30.73,29.57
417,30.73,29.57
410,30.73,29.57
723,30.73,29.57
234,30.73,29.57
788,30.73,29.57
263,30.73,29.57
878,30.75,29.57
406,30.75,29.57
412,30.75,29.57
441,30.75,29.57
489,30.75,29.57
408,30.75,29.57
719,30.75,29.57
464,30.75,29.57
580,30.75,29.57
517,30.75,29.57
688,30.75,29.57
725,30.75,29.57
225,30.75,29.57
833,30.75,29.57
384,30.75,29.57
519,30.75,29.57
314,30.75,29.57
798,30.75,29.57
474,30.75,29.57
251,30.75,29.57
662,30.75,29.57
129,30.75,29.57
879,30.75,29.57
469,30.75,29.57
462,30.75,29.55
547,30.75,29.55
351,30.75,29.55
326,30.75,29.55
728,30.75,29.55
248,30.75,29.55
564,30.75,29.55
726,30.75,29.55
754,30.75,29.55
305,30.75,29.55
640,30.75,29.55
747,30.75,29.55
595,30.75,29.55
595,30.75,29.55
147,30.75,29.55
878,30.75,29.55
118,30.75,29.55
612,30.75,29.55
324,30.75,29.55
489,30.75,29.55
258,30.75,29.55
713,30.75,29.55
706,30.75,29.55
288,30.75,29.55
591,30.75,29.55
658,30.75,29.55
582,30.75,29.55
334,30.75,29.55
747,30.75,29.55
128,30.75,29.55
733,30.75,29.55
159,30.75,29.55
786,30.75,29.55
142,30.75,29.55
464,30.75,29.55
452,30.75,29.55
604,30.73,29.55
210,30.73,29.55
360,30.73,29.55
634,30.73,29.55
137,30.73,29.55
503,30.73,29.55
329,30.73,29.55
489,30.73,29.55
409,30.73,29.55
475,30.73,29.55
542,30.73,29.55
415,30.73,29.55
231,30.73,29.55
728,30.73,29.55
297,30.73,29.55
542,30.73,29.55
546,30.73,29.55
210,30.73,29.55
639,30.73,29.55
121,30.73,29.55
488,30.73,29.55
467,30.73,29.55
667,30.73,29.55
354,30.73,29.43
796,30.73,29.43
268,30.73,29.43
508,30.73,29.43
550,30.73,29.43
541,30.73,29.43
598,30.73,29.43
533,30.73,29.43
373,30.73,29.43
512,30.73,29.43
499,30.73,29.43
554,30.73,29.43
635,30.73,29.43
237,30.73,29.43
796,30.73,29.43
689,30.73,29.43
648,30.73,29.43
627,30.73,29.43
574,30.73,29.43
605,30.73,29.43
674,30.73,29.43
876,30.73,29.43
365,30.73,29.43
535,30.73,29.43
330,30.73,29.43
664,30.73,29.43
225,30.73,29.43
347,30.73,29.43
822,30.73,29.43
365,30.73,29.43
524,30.73,29.43
355,30.73,29.43
374,30.73,29.43
313,30.73,29.43
485,30.73,29.43
306,30.73,29.43
637,30.71,29.43
302,30.71,29.43
773,30.71,29.43
661,30.71,29.43
752,30.71,29.43
610,30.71,29.43
544,30.71,29.43
245,30.71,29.43
259,30.71,29.43
677,30.71,29.43
121,30.71,29.43
765,30.71,29.43
353,30.71,29.43
519,30.71,29.43
339,30.71,29.43
528,30.71,29.43
323,30.71,29.43
429,30.71,29.43
420,30.71,29.43
315,30.71,29.43
232,30.71,29.43
699,30.71,29.43
379,30.71,29.43
428,30.71,29.43
573,30.71,29.57
122,30.71,29.57
664,30.71,29.57
119,30.71,29.57
681,30.71,29.57
296,30.71,29.57
676,30.71,29.57
334,30.71,29.57
597,30.71,29.57
386,30.71,29.57
866,30.71,29.57
651,30.71,29.57
524,30.71,29.57
428,30.71,29.57
594,30.71,29.57
439,30.71,29.57
476,30.71,29.57
823,30.71,29.57
339,30.71,29.57
825,30.71,29.57
304,30.71,29.57
867,30.71,29.57
265,30.71,29.57
799,30.71,29.57
504,30.71,29.57
639,30.71,29.57
520,30.71,29.57
675,30.71,29.57
494,30.71,29.57
500,30.71,29.57
878,30.71,29.57
185,30.71,29.57
645,30.71,29.57
319,30.71,29.57
757,30.71,29.57
157,30.71,29.57
634,30.73,29.57
497,30.73,29.57
773,30.73,29.57
403,30.73,29.57
734,30.73,29.57
527,30.73,29.57
439,30.73,29.57
409,30.73,29.57
472,30.73,29.57
736,30.73,29.57
369,30.73,29.57
726,30.73,29.57
480,30.73,29.57
878,30.73,29.57
229,30.73,29.57
567,30.73,29.57
460,30.73,29.57
438,30.73,29.57
424,30.73,29.57
560,30.73,29.57
654,30.73,29.57
607,30.73,29.57
512,30.73,29.57
614,30.73,29.59
596,30.73,29.59
256,30.73,29.59
833,30.73,29.59
258,30.73,29.59
495,30.73,29.59
182,30.73,29.59
414,30.73,29.59
168,30.73,29.59
584,30.73,29.59
473,30.73,29.59
459,30.73,29.59
308,30.73,29.59
208,30.73,29.59
706,30.73,29.59
289,30.73,29.59
326,30.73,29.59
514,30.73,29.59
732,30.73,29.59
343,30.73,29.59
511,30.73,29.59
301,30.73,29.59
524,30.73,29.59
250,30.73,29.59
473,30.73,29.59
262,30.73,29.59
308,30.73,29.59
611,30.73,29.59
272,30.73,29.59
665,30.73,29.59
250,30.73,29.59
548,30.73,29.59
676,30.73,29.59
338,30.73,29.59
341,30.73,29.59
487,30.73,29.59
453,30.73,29.59
260,30.73,29.59
629,30.73,29.59
239,30.73,29.59
450,30.73,29.59
524,30.73,29.59
439,30.73,29.59
478,30.73,29.59
773,30.73,29.59
434,30.73,29.59
626,30.73,29.59
494,30.73,29.59
469,30.73,29.59
623,30.73,29.59
491,30.73,29.59
742,30.73,29.59
396,30.73,29.59
577,30.73,29.59
172,30.73,29.59
791,30.73,29.59
638,30.73,29.59
496,30.73,29.59
527,30.73,29.59
679,30.73,29.59
403,30.73,29.63
501,30.73,29.63
481,30.73,29.63
449,30.73,29.63
441,30.73,29.63
627,30.73,29.63
417,30.73,29.63
666,30.73,29.63
598,30.73,29.63
444,30.73,29.63
753,30.73,29.63
137,30.73,29.63
879,30.73,29.63
118,30.73,29.63
584,30.73,29.63
574,30.73,29.63
382,30.73,29.63
392,30.73,29.63
494,30.73,29.63
669,30.73,29.63
289,30.73,29.63
593,30.73,29.63
651,30.73,29.63
547,30.73,29.63
360,30.73,29.63
790,30.73,29.63
325,30.73,29.63
702,30.73,29.63
201,30.73,29.63
763,30.73,29.63
119,30.73,29.63
479,30.73,29.63
687,30.73,29.63
120,30.73,29.63
726,30.73,29.63
199,30.73,29.63
775,30.75,29.63
489,30.75,29.63
208,30.75,29.63
408,30.75,29.63
562,30.75,29.63
362,30.75,29.63
696,30.75,29.63
364,30.75,29.63
356,30.75,29.63
391,30.75,29.63
446,30.75,29.63
261,30.75,29.63
515,30.75,29.63
