378,30.83,29.89
869,30.83,29.89
125,30.83,29.89
197,30.83,29.89
878,30.83,29.89
517,30.83,29.89
771,30.83,29.89
123,30.83,29.89
766,30.83,29.89
524,30.83,29.89
618,30.83,29.89
698,30.83,29.89
272,30.83,29.89
546,30.83,29.89
785,30.83,29.89
636,30.83,29.89
564,30.83,29.89
391,30.83,29.89
675,30.83,29.89
436,30.83,29.89
574,30.85,29.89
655,30.85,29.89
291,30.85,29.89
798,30.85,29.89
411,30.85,29.89
511,30.85,29.89
542,30.85,29.89
119,30.85,29.89
644,30.85,29.89
288,30.85,29.89
378,30.85,29.89
206,30.85,29.89
719,30.85,29.89
120,30.85,29.89
540,30.85,29.89
541,30.85,29.89
429,30.85,29.89
525,30.85,29.89
476,30.85,29.89
665,30.85,29.89
330,30.85,29.89
221,30.85,29.89
275,30.85,29.89
408,30.85,29.89
199,30.85,29.69
719,30.85,29.69
119,30.85,29.69
675,30.85,29.69
189,30.85,29.69
818,30.85,29.69
341,30.85,29.69
401,30.85,29.69
469,30.85,29.69
303,30.85,29.69
670,30.85,29.69
119,30.85,29.69
861,30.85,29.69
157,30.85,29.69
619,30.85,29.69
119,30.85,29.69
572,30.85,29.69
260,30.85,29.69
204,30.85,29.69
598,30.85,29.69
549,30.85,29.69
137,30.85,29.69
622,30.85,29.69
631,30.85,29.69
302,30.85,29.69
618,30.85,29.69
188,30.85,29.69
778,30.85,29.69
119,30.85,29.69
692,30.85,29.69
295,30.85,29.69
626,30.85,29.69
119,30.85,29.69
755,30.85,29.69
477,30.85,29.69
356,30.85,29.69
768,30.83,29.69
345,30.83,29.69
679,30.83,29.69
119,30.83,29.69
477,30.83,29.69
786,30.83,29.69
205,30.83,29.69
405,30.83,29.69
853,30.83,29.69
271,30.83,29.69
544,30.83,29.69
279,30.83,29.69
550,30.83,29.69
428,30.83,29.69
233,30.83,29.69
582,30.83,29.69
380,30.83,29.69
522,30.83,29.69
406,30.83,29.69
786,30.83,29.69
164,30.83,29.69
427,30.83,29.69
736,30.83,29.69
379,30.83,29.59
489,30.83,29.59
432,30.83,29.59
673,30.83,29.59
582,30.83,29.59
726,30.83,29.59
654,30.83,29.59
616,30.83,29.59
491,30.83,29.59
850,30.83,29.59
347,30.83,29.59
300,30.83,29.59
514,30.83,29.59
717,30.83,29.59
789,30.83,29.59
553,30.83,29.59
753,30.83,29.59
443,30.83,29.59
535,30.83,29.59
379,30.83,29.59
752,30.83,29.59
652,30.83,29.59
581,30.83,29.59
594,30.83,29.59
744,30.83,29.59
391,30.83,29.59
657,30.83,29.59
756,30.83,29.59
120,30.83,29.59
751,30.83,29.59
654,30.83,29.59
361,30.83,29.59
472,30.83,29.59
877,30.83,29.59
405,30.83,29.59
816,30.83,29.59
317,30.83,29.59
469,30.83,29.59
731,30.83,29.59
347,30.83,29.59
387,30.83,29.59
432,30.83,29.59
645,30.83,29.59
261,30.83,29.59
750,30.83,29.59
121,30.83,29.59
676,30.83,29.59
487,30.83,29.59
287,30.83,29.59
420,30.83,29.59
729,30.83,29.59
538,30.83,29.59
500,30.83,29.59
502,30.83,29.59
686,30.83,29.59
469,30.83,29.59
216,30.83,29.59
604,30.83,29.59
119,30.83,29.59
600,30.83,29.59
118,30.83,29.75
851,30.83,29.75
184,30.83,29.75
804,30.83,29.75
220,30.83,29.75
646,30.83,29.75
307,30.83,29.75
639,30.83,29.75
687,30.83,29.75
585,30.83,29.75
270,30.83,29.75
798,30.83,29.75
691,30.83,29.75
337,30.83,29.75
582,30.83,29.75
360,30.83,29.75
797,30.83,29.75
293,30.83,29.75
774,30.83,29.75
375,30.83,29.75
538,30.83,29.75
509,30.83,29.75
653,30.83,29.75
512,30.83,29.75
400,30.83,29.75
852,30.83,29.75
285,30.83,29.75
560,30.83,29.75
395,30.83,29.75
691,30.83,29.75
540,30.83,29.75
730,30.83,29.75
669,30.83,29.75
676,30.83,29.75
273,30.83,29.75
480,30.83,29.75
518,30.85,29.75
671,30.85,29.75
540,30.85,29.75
326,30.85,29.75
766,30.85,29.75
121,30.85,29.75
736,30.85,29.75
618,30.85,29.75
631,30.85,29.75
542,30.85,29.75
728,30.85,29.75
399,30.85,29.75
411,30.85,29.75
396,30.85,29.75
294,30.85,29.75
870,30.85,29.75
294,30.85,29.75
627,30.85,29.75
627,30.85,29.75
499,30.85,29.75
531,30.85,29.75
776,30.85,29.75
348,30.85,29.75
559,30.85,29.39
314,30.85,29.39
876,30.85,29.39
425,30.85,29.39
587,30.85,29.39
627,30.85,29.39
580,30.85,29.39
508,30.85,29.39
357,30.85,29.39
580,30.85,29.39
122,30.85,29.39
677,30.85,29.39
332,30.85,29.39
476,30.85,29.39
624,30.85,29.39
555,30.85,29.39
543,30.85,29.39
536,30.85,29.39
338,30.85,29.39
777,30.85,29.39
378,30.85,29.39
507,30.85,29.39
649,30.85,29.39
195,30.85,29.39
652,30.85,29.39
362,30.85,29.39
615,30.85,29.39
588,30.85,29.39
403,30.85,29.39
389,30.85,29.39
662,30.85,29.39
834,30.85,29.39
175,30.85,29.39
667,30.85,29.39
224,30.85,29.39
527,30.85,29.39
236,30.83,29.39
481,30.83,29.39
620,30.83,29.39
567,30.83,29.39
554,30.83,29.39
579,30.83,29.39
332,30.83,29.39
797,30.83,29.39
425,30.83,29.39
603,30.83,29.39
651,30.83,29.39
362,30.83,29.39
877,30.83,29.39
381,30.83,29.39
878,30.83,29.39
660,30.83,29.39
815,30.83,29.39
313,30.83,29.39
568,30.83,29.39
532,30.83,29.39
625,30.83,29.39
760,30.83,29.39
527,30.83,29.39
513,30.83,29.39
802,30.83,29.59
740,30.83,29.59
405,30.83,29.59
693,30.83,29.59
324,30.83,29.59
599,30.83,29.59
209,30.83,29.59
812,30.83,29.59
498,30.83,29.59
760,30.83,29.59
703,30.83,29.59
527,30.83,29.59
387,30.83,29.59
206,30.83,29.59
569,30.83,29.59
522,30.83,29.59
556,30.83,29.59
261,30.83,29.59
557,30.83,29.59
166,30.83,29.59
722,30.83,29.59
510,30.83,29.59
434,30.83,29.59
225,30.83,29.59
659,30.83,29.59
239,30.83,29.59
689,30.83,29.59
485,30.83,29.59
240,30.83,29.59
672,30.83,29.59
255,30.83,29.59
637,30.83,29.59
161,30.83,29.59
543,30.83,29.59
122,30.83,29.59
329,30.83,29.59
284,30.85,29.59
412,30.85,29.59
702,30.85,29.59
408,30.85,29.59
575,30.85,29.59
502,30.85,29.59
523,30.85,29.59
497,30.85,29.59
349,30.85,29.59
426,30.85,29.59
594,30.85,29.59
158,30.85,29.59
743,30.85,29.59
607,30.85,29.59
682,30.85,29.59
257,30.85,29.59
376,30.85,29.59
532,30.85,29.59
236,30.85,29.59
650,30.85,29.59
349,30.85,29.59
554,30.85,29.59
335,30.85,29.59
423,30.85,29.59
619,30.85,29.59
283,30.85,29.59
646,30.85,29.59
469,30.85,29.59
604,30.85,29.59
357,30.85,29.59
360,30.85,29.59
712,30.85,29.59
637,30.85,29.59
608,30.85,29.59
701,30.85,29.59
548,30.85,29.59
512,30.85,29.59
207,30.85,29.59
874,30.85,29.59
329,30.85,29.59
762,30.85,29.59
703,30.85,29.59
437,30.85,29.59
720,30.85,29.59
575,30.85,29.59
740,30.85,29.59
205,30.85,29.59
718,30.85,29.59
183,30.85,29.59
589,30.85,29.59
393,30.85,29.59
492,30.85,29.59
508,30.85,29.59
577,30.85,29.59
252,30.85,29.59
873,30.85,29.59
499,30.85,29.59
460,30.85,29.59
740,30.85,29.59
271,30.83,29.59
608,30.83,29.59
187,30.83,29.59
878,30.83,29.59
236,30.83,29.59
245,30.83,29.59
315,30.83,29.59
276,30.83,29.59
550,30.83,29.59
572,30.83,29.59
561,30.83,29.59
353,30.83,29.59
655,30.83,29.59
326,30.83,29.59
752,30.83,29.59
382,30.83,29.59
525,30.83,29.59
408,30.83,29.59
706,30.83,29.59
158,30.83,29.59
785,30.83,29.59
720,30.83,29.59
295,30.83,29.59
591,30.83,29.59
489,30.83,29.49
610,30.83,29.49
311,30.83,29.49
673,30.83,29.49
254,30.83,29.49
402,30.83,29.49
669,30.83,29.49
165,30.83,29.49
666,30.83,29.49
181,30.83,29.49
542,30.83,29.49
373,30.83,29.49
746,30.83,29.49
416,30.83,29.49
447,30.83,29.49
380,30.83,29.49
547,30.83,29.49
