554,31.13,29.99
526,31.13,29.99
551,31.13,29.99
126,31.13,29.99
415,31.13,29.99
333,31.13,29.99
639,31.13,29.99
436,31.13,29.99
425,31.13,29.99
662,31.13,29.99
434,31.13,29.99
406,31.13,29.99
594,31.13,29.99
564,31.13,29.99
126,31.13,29.99
773,31.13,29.99
434,31.13,29.99
672,31.13,29.99
530,31.13,29.99
623,31.13,29.99
311,31.13,29.99
262,31.13,29.99
468,31.13,29.99
416,31.13,29.99
812,31.13,29.99
118,31.15,29.99
722,31.15,29.99
856,31.15,29.99
673,31.15,29.99
726,31.15,29.99
551,31.15,29.99
222,31.15,29.99
845,31.15,29.99
238,31.15,29.99
700,31.15,29.99
430,31.15,29.99
425,31.15,29.99
738,31.15,29.99
127,31.15,29.99
686,31.15,29.99
797,31.15,29.99
756,31.15,29.99
624,31.15,29.99
778,31.15,29.99
647,31.15,29.99
485,31.15,29.99
495,31.15,29.99
838,31.15,29.99
576,31.15,29.97
755,31.15,29.97
431,31.15,29.97
840,31.15,29.97
427,31.15,29.97
453,31.15,29.97
696,31.15,29.97
120,31.15,29.97
644,31.15,29.97
122,31.15,29.97
673,31.15,29.97
431,31.15,29.97
473,31.15,29.97
365,31.15,29.97
227,31.15,29.97
338,31.15,29.97
120,31.15,29.97
878,31.15,29.97
373,31.15,29.97
780,31.15,29.97
466,31.15,29.97
133,31.15,29.97
530,31.15,29.97
561,31.15,29.97
380,31.15,29.97
590,31.15,29.97
121,31.15,29.97
487,31.15,29.97
297,31.15,29.97
339,31.15,29.97
524,31.15,29.97
273,31.15,29.97
589,31.15,29.97
120,31.15,29.97
493,31.15,29.97
241,31.15,29.97
545,31.15,29.97
545,31.15,29.97
289,31.15,29.97
398,31.15,29.97
178,31.15,29.97
774,31.15,29.97
122,31.15,29.97
609,31.15,29.97
635,31.15,29.97
334,31.15,29.97
470,31.15,29.97
534,31.15,29.97
440,31.15,29.97
746,31.15,29.97
229,31.15,29.97
726,31.15,29.97
121,31.15,29.97
802,31.15,29.97
748,31.15,29.97
248,31.15,29.97
624,31.15,29.97
122,31.15,29.97
673,31.15,29.97
665,31.15,29.97
295,31.15,30.05
561,31.15,30.05
879,31.15,30.05
619,31.15,30.05
509,31.15,30.05
580,31.15,30.05
737,31.15,30.05
625,31.15,30.05
878,31.15,30.05
233,31.15,30.05
678,31.15,30.05
434,31.15,30.05
499,31.15,30.05
693,31.15,30.05
120,31.15,30.05
653,31.15,30.05
316,31.15,30.05
677,31.15,30.05
647,31.15,30.05
355,31.15,30.05
582,31.15,30.05
524,31.15,30.05
635,31.15,30.05
563,31.15,30.05
750,31.15,30.05
402,31.15,30.05
582,31.15,30.05
560,31.15,30.05
697,31.15,30.05
426,31.15,30.05
833,31.15,30.05
443,31.15,30.05
872,31.15,30.05
698,31.15,30.05
466,31.15,30.05
359,31.15,30.05
655,31.13,30.05
730,31.13,30.05
188,31.13,30.05
750,31.13,30.05
293,31.13,30.05
704,31.13,30.05
621,31.13,30.05
548,31.13,30.05
561,31.13,30.05
598,31.13,30.05
528,31.13,30.05
347,31.13,30.05
764,31.13,30.05
313,31.13,30.05
745,31.13,30.05
511,31.13,30.05
301,31.13,30.05
534,31.13,30.05
684,31.13,30.05
351,31.13,30.05
632,31.13,30.05
581,31.13,30.05
728,31.13,30.05
184,31.13,29.89
634,31.13,29.89
434,31.13,29.89
215,31.13,29.89
576,31.13,29.89
462,31.13,29.89
468,31.13,29.89
391,31.13,29.89
462,31.13,29.89
384,31.13,29.89
427,31.13,29.89
417,31.13,29.89
336,31.13,29.89
878,31.13,29.89
344,31.13,29.89
590,31.13,29.89
609,31.13,29.89
536,31.13,29.89
463,31.13,29.89
485,31.13,29.89
327,31.13,29.89
400,31.13,29.89
236,31.13,29.89
777,31.13,29.89
452,31.13,29.89
711,31.13,29.89
572,31.13,29.89
788,31.13,29.89
479,31.13,29.89
293,31.13,29.89
769,31.13,29.89
320,31.13,29.89
615,31.13,29.89
482,31.13,29.89
699,31.13,29.89
526,31.13,29.89
708,31.13,29.89
285,31.13,29.89
375,31.13,29.89
496,31.13,29.89
831,31.13,29.89
295,31.13,29.89
659,31.13,29.89
512,31.13,29.89
619,31.13,29.89
625,31.13,29.89
255,31.13,29.89
878,31.13,29.89
719,31.13,29.89
796,31.13,29.89
492,31.13,29.89
333,31.13,29.89
609,31.13,29.89
559,31.13,29.89
520,31.13,29.89
490,31.13,29.89
596,31.13,29.89
424,31.13,29.89
700,31.13,29.89
203,31.13,29.89
661,31.13,29.71
636,31.13,29.71
442,31.13,29.71
425,31.13,29.71
685,31.13,29.71
120,31.13,29.71
674,31.13,29.71
508,31.13,29.71
292,31.13,29.71
486,31.13,29.71
154,31.13,29.71
779,31.13,29.71
381,31.13,29.71
701,31.13,29.71
549,31.13,29.71
747,31.13,29.71
421,31.13,29.71
445,31.13,29.71
624,31.13,29.71
352,31.13,29.71
812,31.13,29.71
586,31.13,29.71
564,31.13,29.71
636,31.13,29.71
541,31.13,29.71
357,31.13,29.71
519,31.13,29.71
161,31.13,29.71
799,31.13,29.71
118,31.13,29.71
685,31.13,29.71
268,31.13,29.71
464,31.13,29.71
296,31.13,29.71
434,31.13,29.71
518,31.13,29.71
377,31.13,29.71
613,31.13,29.71
225,31.13,29.71
715,31.13,29.71
178,31.13,29.71
373,31.13,29.71
229,31.13,29.71
759,31.13,29.71
209,31.13,29.71
496,31.13,29.71
118,31.13,29.71
789,31.13,29.71
152,31.13,29.71
615,31.13,29.71
607,31.13,29.71
588,31.13,29.71
756,31.13,29.71
380,31.13,29.71
879,31.13,29.71
118,31.13,29.71
785,31.13,29.71
553,31.13,29.71
584,31.13,29.71
415,31.13,29.71
791,31.13,29.89
538,31.13,29.89
536,31.13,29.89
463,31.13,29.89
529,31.13,29.89
538,31.13,29.89
569,31.13,29.89
690,31.13,29.89
475,31.13,29.89
672,31.13,29.89
253,31.13,29.89
848,31.13,29.89
151,31.13,29.89
837,31.13,29.89
374,31.13,29.89
692,31.13,29.89
615,31.13,29.89
699,31.13,29.89
683,31.13,29.89
520,31.13,29.89
392,31.13,29.89
717,31.13,29.89
650,31.13,29.89
283,31.13,29.89
593,31.13,29.89
616,31.13,29.89
246,31.13,29.89
654,31.13,29.89
793,31.13,29.89
461,31.13,29.89
805,31.13,29.89
391,31.13,29.89
740,31.13,29.89
509,31.13,29.89
330,31.13,29.89
436,31.13,29.89
529,31.15,29.89
596,31.15,29.89
456,31.15,29.89
457,31.15,29.89
605,31.15,29.89
391,31.15,29.89
701,31.15,29.89
364,31.15,29.89
311,31.15,29.89
438,31.15,29.89
619,31.15,29.89
608,31.15,29.89
381,31.15,29.89
602,31.15,29.89
417,31.15,29.89
503,31.15,29.89
398,31.15,29.89
184,31.15,29.89
489,31.15,29.89
540,31.15,29.89
184,31.15,29.89
554,31.15,29.89
344,31.15,29.89
641,31.15,29.75
416,31.15,29.75
581,31.15,29.75
400,31.15,29.75
562,31.15,29.75
524,31.15,29.75
362,31.15,29.75
325,31.15,29.75
577,31.15,29.75
746,31.15,29.75
287,31.15,29.75
521,31.15,29.75
335,31.15,29.75
637,31.15,29.75
300,31.15,29.75
420,31.15,29.75
388,31.15,29.75
674,31.15,29.75
229,31.15,29.75
778,31.15,29.75
478,31.15,29.75
604,31.15,29.75
465,31.15,29.75
380,31.15,29.75
396,31.15,29.75
370,31.15,29.75
768,31.15,29.75
495,31.15,29.75
482,31.15,29.75
608,31.15,29.75
459,31.15,29.75
597,31.15,29.75
545,31.15,29.75
475,31.15,29.75
533,31.15,29.75
240,31.15,29.75
660,31.13,29.75
392,31.13,29.75
644,31.13,29.75
343,31.13,29.75
644,31.13,29.75
439,31.13,29.75
354,31.13,29.75
733,31.13,29.75
260,31.13,29.75
769,31.13,29.75
416,31.13,29.75
345,31.13,29.75
560,31.13,29.75
546,31.13,29.75
189,31.13,29.75
683,31.13,29.75
494,31.13,29.75
734,31.13,29.75
365,31.13,29.75
502,31.13,29.75
771,31.13,29.75
642,31.13,29.75
682,31.13,29.75
439,31.13,29.75
879,31.13,29.79
119,31.13,29.79
618,31.13,29.79
299,31.13,29.79
446,31.13,29.79
551,31.13,29.79
484,31.13,29.79
864,31.13,29.79
530,31.13,29.79
737,31.13,29.79
279,31.13,29.79
450,31.13,29.79
474,31.13,29.79
