580,31.79,30.51
584,31.79,30.51
175,31.79,30.51
518,31.79,30.51
316,31.79,30.51
538,31.79,30.51
878,31.79,30.51
747,31.79,30.51
351,31.79,30.51
278,31.79,30.51
434,31.79,30.51
281,31.79,30.51
555,31.79,30.51
556,31.79,30.51
495,31.79,30.51
560,31.79,30.51
453,31.79,30.51
357,31.79,30.51
613,31.79,30.51
558,31.79,30.51
613,31.79,30.51
591,31.79,30.51
796,31.79,30.51
458,31.79,30.51
709,31.79,30.51
399,31.79,30.51
312,31.79,30.51
834,31.79,30.51
214,31.79,30.51
723,31.79,30.51
692,31.79,30.51
216,31.79,30.51
279,31.79,30.51
402,31.79,30.51
758,31.77,30.51
126,31.77,30.51
537,31.77,30.51
657,31.77,30.51
478,31.77,30.51
622,31.77,30.51
516,31.77,30.51
305,31.77,30.51
246,31.77,30.51
410,31.77,30.51
340,31.77,30.51
118,31.77,30.51
727,31.77,30.51
419,31.77,30.51
387,31.77,30.51
603,31.77,30.51
537,31.77,30.51
713,31.77,30.51
229,31.77,30.51
375,31.77,30.51
495,31.77,30.51
275,31.77,30.51
144,31.77,30.51
754,31.77,30.51
506,31.77,30.53
439,31.77,30.53
629,31.77,30.53
482,31.77,30.53
550,31.77,30.53
221,31.77,30.53
406,31.77,30.53
570,31.77,30.53
535,31.77,30.53
392,31.77,30.53
749,31.77,30.53
517,31.77,30.53
659,31.77,30.53
387,31.77,30.53
864,31.77,30.53
623,31.77,30.53
491,31.77,30.53
634,31.77,30.53
603,31.77,30.53
782,31.77,30.53
461,31.77,30.53
637,31.77,30.53
314,31.77,30.53
880,31.77,30.53
504,31.77,30.53
733,31.77,30.53
360,31.77,30.53
620,31.77,30.53
507,31.77,30.53
724,31.77,30.53
612,31.77,30.53
879,31.77,30.53
451,31.77,30.53
458,31.77,30.53
317,31.77,30.53
364,31.77,30.53
651,31.79,30.53
121,31.79,30.53
703,31.79,30.53
376,31.79,30.53
279,31.79,30.53
567,31.79,30.53
777,31.79,30.53
540,31.79,30.53
835,31.79,30.53
594,31.79,30.53
538,31.79,30.53
467,31.79,30.53
778,31.79,30.53
411,31.79,30.53
582,31.79,30.53
332,31.79,30.53
153,31.79,30.53
655,31.79,30.53
236,31.79,30.53
595,31.79,30.53
372,31.79,30.53
313,31.79,30.53
268,31.79,30.53
614,31.79,30.57
544,31.79,30.57
419,31.79,30.57
366,31.79,30.57
607,31.79,30.57
360,31.79,30.57
518,31.79,30.57
444,31.79,30.57
252,31.79,30.57
461,31.79,30.57
482,31.79,30.57
279,31.79,30.57
425,31.79,30.57
499,31.79,30.57
258,31.79,30.57
460,31.79,30.57
362,31.79,30.57
131,31.79,30.57
624,31.79,30.57
417,31.79,30.57
685,30.57,30.57
319,31.79,30.57
412,31.79,30.57
275,31.79,30.57
426,31.79,30.57
286,31.79,30.57
459,31.79,30.57
498,31.79,30.57
478,31.79,30.57
336,31.79,30.57
736,31.79,30.57
233,31.79,30.57
189,31.79,30.57
824,31.79,30.57
647,31.79,30.57
661,31.79,30.57
458,31.77,30.57
843,31.77,30.57
120,31.77,30.57
708,31.77,30.57
292,31.77,30.57
362,31.77,30.57
343,31.77,30.57
559,31.77,30.57
602,31.77,30.57
445,31.77,30.57
351,31.77,30.57
313,31.77,30.57
568,31.77,30.57
665,31.77,30.57
484,31.77,30.57
397,31.77,30.57
714,31.77,30.57
504,31.77,30.57
320,31.77,30.57
458,31.77,30.57
441,31.77,30.57
522,31.77,30.57
478,31.77,30.57
509,31.77,30.57
330,31.77,30.45
802,31.77,30.45
119,31.77,30.45
786,31.77,30.45
229,31.77,30.45
669,31.77,30.45
686,31.77,30.45
258,31.77,30.45
623,31.77,30.45
740,31.77,30.45
298,31.77,30.45
330,31.77,30.45
650,31.77,30.45
392,31.77,30.45
525,31.77,30.45
551,31.77,30.45
549,31.77,30.45
450,31.77,30.45
388,31.77,30.45
156,31.77,30.45
668,31.77,30.45
347,31.77,30.45
855,31.77,30.45
524,31.77,30.45
468,31.77,30.45
683,31.77,30.45
395,31.77,30.45
584,31.77,30.45
371,31.77,30.45
487,31.77,30.45
350,31.77,30.45
650,31.77,30.45
585,31.77,30.45
518,31.77,30.45
541,31.77,30.45
551,31.77,30.45
327,31.77,30.45
401,31.77,30.45
180,31.77,30.45
500,31.77,30.45
385,31.77,30.45
381,31.77,30.45
697,31.77,30.45
268,31.77,30.45
772,31.77,30.45
424,31.77,30.45
765,31.77,30.45
381,31.77,30.45
618,31.77,30.45
472,31.77,30.45
558,31.77,30.45
620,31.77,30.45
524,31.77,30.45
470,31.77,30.45
661,31.77,30.45
427,31.77,30.45
522,31.77,30.45
733,31.77,30.45
128,31.77,30.45
605,31.77,30.53
387,31.77,30.53
699,31.77,30.53
430,31.77,30.53
848,31.77,30.53
510,31.77,30.53
745,31.77,30.53
420,31.77,30.53
299,31.77,30.53
676,31.77,30.53
313,31.77,30.53
623,31.77,30.53
572,31.77,30.53
591,31.77,30.53
623,31.77,30.53
553,31.77,30.53
654,31.77,30.53
689,31.77,30.53
295,31.77,30.53
834,31.77,30.53
542,31.77,30.53
562,31.77,30.53
879,31.77,30.53
366,31.77,30.53
792,31.77,30.53
816,31.77,30.53
604,31.77,30.53
296,31.77,30.53
564,31.77,30.53
575,31.77,30.53
708,31.77,30.53
542,31.77,30.53
325,31.77,30.53
879,31.77,30.53
357,31.77,30.53
755,31.77,30.53
259,31.77,30.53
334,31.77,30.53
354,31.77,30.53
550,31.77,30.53
356,31.77,30.53
493,31.77,30.53
118,31.77,30.53
522,31.77,30.53
118,31.77,30.53
559,31.77,30.53
311,31.77,30.53
578,31.77,30.53
209,31.77,30.53
280,31.77,30.53
779,31.77,30.53
430,31.77,30.53
338,31.77,30.53
493,31.77,30.53
610,31.77,30.53
384,31.77,30.53
285,31.77,30.53
378,31.77,30.53
374,31.77,30.53
228,31.77,30.53
337,31.77,30.45
482,31.77,30.45
345,31.77,30.45
572,31.77,30.45
642,31.77,30.45
640,31.77,30.45
119,31.77,30.45
747,31.77,30.45
345,31.77,30.45
436,31.77,30.45
565,31.77,30.45
676,31.77,30.45
315,31.77,30.45
521,31.77,30.45
695,31.77,30.45
360,31.77,30.45
727,31.77,30.45
135,31.77,30.45
572,31.77,30.45
337,31.77,30.45
332,31.77,30.45
649,31.77,30.45
650,31.77,30.45
124,31.77,30.45
679,31.77,30.45
576,31.77,30.45
842,31.77,30.45
481,31.77,30.45
589,31.77,30.45
763,31.77,30.45
499,31.77,30.45
767,31.77,30.45
230,31.77,30.45
773,31.77,30.45
191,31.77,30.45
815,31.77,30.45
384,31.79,30.45
776,31.79,30.45
716,31.79,30.45
710,31.79,30.45
783,31.79,30.45
375,31.79,30.45
601,31.79,30.45
799,31.79,30.45
668,31.79,30.45
464,31.79,30.45
716,31.79,30.45
351,31.79,30.45
518,31.79,30.45
602,31.79,30.45
848,31.79,30.45
385,31.79,30.45
735,31.79,30.45
356,31.79,30.45
597,31.79,30.45
321,31.79,30.45
434,31.79,30.45
878,31.79,30.45
366,31.79,30.45
541,31.79,30.51
395,31.79,30.51
491,31.79,30.51
588,31.79,30.51
559,31.79,30.51
542,31.79,30.51
565,31.79,30.51
283,31.79,30.51
770,31.79,30.51
336,31.79,30.51
587,31.79,30.51
718,31.79,30.51
174,31.79,30.51
533,31.79,30.51
195,31.79,30.51
373,31.79,30.51
313,31.79,30.51
714,31.79,30.51
187,31.79,30.51
843,31.79,30.51
504,31.79,30.51
598,31.79,30.51
552,31.79,30.51
121,31.79,30.51
618,31.79,30.51
348,31.79,30.51
121,31.79,30.51
393,31.79,30.51
642,31.79,30.51
389,31.79,30.51
566,31.79,30.51
532,31.79,30.51
878,31.79,30.51
477,31.79,30.51
660,31.79,30.51
812,31.79,30.51
471,31.79,30.51
482,31.79,30.51
470,31.79,30.51
627,31.79,30.51
148,31.79,30.51
872,31.79,30.51
263,31.79,30.51
754,31.79,30.51
375,31.79,30.51
774,31.79,30.51
570,31.79,30.51
441,31.79,30.51
485,31.79,30.51
605,31.79,30.51
560,31.79,30.51
665,31.79,30.51
766,31.79,30.51
667,31.79,30.51
864,31.79,30.51
454,31.79,30.51
879,31.79,30.51
247,31.79,30.51
817,31.79,30.51
559,31.79,30.51
791,31.79,30.73
175,31.79,30.73
742,31.79,30.73
561,31.79,30.73
