609,31.51,30.19
379,31.51,30.19
209,31.51,30.19
188,31.51,30.19
541,31.51,30.19
456,31.51,30.19
768,31.55,30.19
385,31.55,30.19
579,31.55,30.19
808,31.55,30.19
506,31.55,30.19
380,31.55,30.19
540,31.55,30.19
411,31.55,30.19
289,31.55,30.19
361,31.55,30.19
297,31.55,30.19
511,31.55,30.19
364,31.55,30.19
472,31.55,30.19
605,31.55,30.19
413,31.55,30.19
443,31.55,30.19
402,31.55,30.19
518,31.55,30.19
470,31.55,30.19
436,31.55,30.19
239,31.55,30.19
688,31.55,30.19
229,31.55,30.23
552,31.55,30.23
394,31.55,30.23
597,31.55,30.23
492,31.55,30.23
684,31.55,30.23
586,31.55,30.23
705,31.55,30.23
640,31.55,30.23
670,31.55,30.23
451,31.55,30.23
356,31.55,30.23
571,31.55,30.23
605,31.55,30.23
384,31.55,30.23
382,31.55,30.23
834,31.55,30.23
441,31.55,30.23
796,31.55,30.23
301,31.55,30.23
702,31.55,30.23
501,31.55,30.23
609,31.55,30.23
879,31.55,30.23
619,31.55,30.23
501,31.55,30.23
778,31.55,30.23
638,31.55,30.23
450,31.55,30.23
627,31.55,30.23
385,31.55,30.23
614,31.55,30.23
551,31.55,30.23
823,31.55,30.23
157,31.55,30.23
504,31.55,30.23
330,31.57,30.23
549,31.57,30.23
517,31.57,30.23
192,31.57,30.23
758,31.57,30.23
455,31.57,30.23
721,31.57,30.23
303,31.57,30.23
854,31.57,30.23
572,31.57,30.23
458,31.57,30.23
460,31.57,30.23
450,31.57,30.23
370,31.57,30.23
578,31.57,30.23
423,31.57,30.23
416,31.57,30.23
440,31.57,30.23
602,31.57,30.23
617,31.57,30.23
374,31.57,30.23
290,31.57,30.23
378,31.57,30.23
730,31.57,30.23
160,31.57,30.31
648,31.57,30.31
248,31.57,30.31
299,31.57,30.31
665,31.57,30.31
453,31.57,30.31
529,31.57,30.31
267,31.57,30.31
203,31.57,30.31
339,31.57,30.31
395,31.57,30.31
568,31.57,30.31
644,31.57,30.31
321,31.57,30.31
660,31.57,30.31
354,31.57,30.31
622,31.57,30.31
174,31.57,30.31
472,31.57,30.31
595,31.57,30.31
460,31.57,30.31
593,31.57,30.31
306,31.57,30.31
718,31.57,30.31
178,31.57,30.31
878,31.57,30.31
125,31.57,30.31
489,31.57,30.31
538,31.57,30.31
399,31.57,30.31
621,31.57,30.31
480,31.57,30.31
598,31.57,30.31
747,31.57,30.31
539,31.57,30.31
376,31.57,30.31
853,31.55,30.31
450,31.55,30.31
421,31.55,30.31
362,31.55,30.31
861,31.55,30.31
126,31.55,30.31
879,31.55,30.31
578,31.55,30.31
458,31.55,30.31
683,31.55,30.31
425,31.55,30.31
709,31.55,30.31
397,31.55,30.31
751,31.55,30.31
395,31.55,30.31
762,31.55,30.31
552,31.55,30.31
691,31.55,30.31
602,31.55,30.31
717,31.55,30.31
396,31.55,30.31
618,31.55,30.31
444,31.55,30.31
566,31.55,30.23
728,31.55,30.23
644,31.55,30.23
489,31.55,30.23
559,31.55,30.23
673,31.55,30.23
464,31.55,30.23
524,31.55,30.23
422,31.55,30.23
654,31.55,30.23
365,31.55,30.23
544,31.55,30.23
879,31.55,30.23
501,31.55,30.23
621,31.55,30.23
352,31.55,30.23
413,31.55,30.23
363,31.55,30.23
497,31.55,30.23
466,31.55,30.23
726,31.55,30.23
135,31.55,30.23
657,31.55,30.23
510,31.55,30.23
389,31.55,30.23
591,31.55,30.23
458,31.55,30.23
317,31.55,30.23
454,31.55,30.23
768,31.55,30.23
198,31.55,30.23
823,31.55,30.23
121,31.55,30.23
757,31.55,30.23
118,31.55,30.23
254,31.55,30.23
490,31.53,30.23
555,31.53,30.23
279,31.53,30.23
448,31.53,30.23
738,31.53,30.23
338,31.53,30.23
271,31.53,30.23
571,31.53,30.23
730,31.53,30.23
118,31.53,30.23
706,31.53,30.23
147,31.53,30.23
848,31.53,30.23
131,31.53,30.23
676,31.53,30.23
335,31.53,30.23
607,31.53,30.23
541,31.53,30.23
411,31.53,30.23
278,31.53,30.23
330,31.53,30.23
769,31.53,30.23
422,31.53,30.23
720,31.53,30.23
760,31.53,30.17
764,31.53,30.17
225,31.53,30.17
719,31.53,30.17
428,31.53,30.17
690,31.53,30.17
119,31.53,30.17
798,31.53,30.17
557,31.53,30.17
474,31.53,30.17
716,31.53,30.17
420,31.53,30.17
620,31.53,30.17
458,31.53,30.17
557,31.53,30.17
560,31.53,30.17
594,31.53,30.17
459,31.53,30.17
789,31.53,30.17
524,31.53,30.17
583,31.53,30.17
511,31.53,30.17
776,31.53,30.17
363,31.53,30.17
718,31.53,30.17
385,31.53,30.17
460,31.53,30.17
878,31.53,30.17
534,31.53,30.17
760,31.53,30.17
519,31.53,30.17
643,31.53,30.17
666,31.53,30.17
603,31.53,30.17
461,31.53,30.17
737,31.53,30.17
579,31.53,30.17
476,31.53,30.17
879,31.53,30.17
194,31.53,30.17
625,31.53,30.17
591,31.53,30.17
288,31.53,30.17
753,31.53,30.17
305,31.53,30.17
350,31.53,30.17
598,31.53,30.17
364,31.53,30.17
342,31.53,30.17
582,31.53,30.17
195,31.53,30.17
584,31.53,30.17
223,31.53,30.17
511,31.53,30.17
118,31.53,30.17
516,31.53,30.17
147,31.53,30.17
595,31.53,30.17
325,31.53,30.17
283,31.53,30.37
774,31.53,30.37
115,31.53,30.37
727,31.53,30.37
416,31.53,30.37
425,31.53,30.37
550,31.53,30.37
613,31.53,30.37
492,31.53,30.37
644,31.53,30.37
448,31.53,30.37
527,31.53,30.37
327,31.53,30.37
450,31.53,30.37
273,31.53,30.37
299,31.53,30.37
657,31.53,30.37
460,31.53,30.37
662,31.53,30.37
122,31.53,30.37
722,31.53,30.37
581,31.53,30.37
821,31.53,30.37
217,31.53,30.37
495,31.53,30.37
614,31.53,30.37
466,31.53,30.37
488,31.53,30.37
577,31.53,30.37
436,31.53,30.37
573,31.53,30.37
701,31.53,30.37
557,31.53,30.37
785,31.53,30.37
122,31.53,30.37
814,31.53,30.37
121,31.53,30.37
601,31.53,30.37
241,31.53,30.37
659,31.53,30.37
461,31.53,30.37
703,31.53,30.37
747,31.53,30.37
524,31.53,30.37
465,31.53,30.37
756,31.53,30.37
891,31.53,30.37
259,31.53,30.37
585,31.53,30.37
563,31.53,30.37
606,31.53,30.37
351,31.53,30.37
700,31.53,30.37
354,31.53,30.37
485,31.53,30.37
435,31.53,30.37
857,31.53,30.37
521,31.53,30.37
318,31.53,30.37
759,31.53,30.37
145,31.53,30.15
471,31.53,30.15
555,31.53,30.15
685,31.53,30.15
180,31.53,30.15
533,31.53,30.15
536,31.53,30.15
539,31.53,30.15
267,31.53,30.15
442,31.53,30.15
697,31.53,30.15
234,31.53,30.15
319,31.53,30.15
748,31.53,30.15
672,31.53,30.15
336,31.53,30.15
477,31.53,30.15
203,31.53,30.15
441,31.53,30.15
120,31.53,30.15
359,31.53,30.15
657,31.53,30.15
327,31.53,30.15
571,31.53,30.15
564,31.53,30.15
388,31.53,30.15
385,31.53,30.15
721,31.53,30.15
282,31.53,30.15
504,31.53,30.15
419,31.53,30.15
604,31.53,30.15
362,31.53,30.15
655,31.53,30.15
535,31.53,30.15
665,31.53,30.15
505,31.53,30.15
701,31.53,30.15
349,31.53,30.15
539,31.53,30.15
520,31.53,30.15
444,31.53,30.15
876,31.53,30.15
217,31.53,30.15
682,31.53,30.15
705,31.53,30.15
338,31.53,30.15
414,31.53,30.15
475,31.53,30.15
588,31.53,30.15
588,31.53,30.15
662,31.53,30.15
472,31.53,30.15
736,31.53,30.15
559,31.53,30.15
663,31.53,30.15
226,31.53,30.15
546,31.53,30.15
368,31.53,30.15
420,31.53,30.15
138,31.53,30.39
874,31.53,30.39
171,31.53,30.39
431,31.53,30.39
772,31.53,30.39
342,31.53,30.39
762,31.53,30.39
485,31.53,30.39
602,31.53,30.39
407,31.53,30.39
878,31.53,30.39
254,31.53,30.39
798,31.53,30.39
394,31.53,30.39
555,31.53,30.39
653,31.53,30.39
338,31.53,30.39
118,31.53,30.39
721,31.53,30.39
412,31.53,30.39
589,31.53,30.39
518,31.53,30.39
421,31.53,30.39
728,31.53,30.39
225,31.53,30.39
731,31.53,30.39
403,31.53,30.39
516,31.53,30.39
123,31.53,30.39
646,31.53,30.39
490,31.53,30.39
358,31.53,30.39
