464,30.11,28.75
376,30.11,28.75
512,30.11,28.75
751,30.11,28.75
164,30.11,28.75
818,30.11,28.75
589,30.11,28.75
877,30.11,28.75
389,30.11,28.75
664,30.11,28.75
509,30.11,28.75
579,30.11,28.75
340,30.09,28.75
792,30.09,28.75
647,30.09,28.75
627,30.09,28.75
803,30.09,28.75
220,30.09,28.75
851,30.09,28.75
408,30.09,28.75
872,30.09,28.75
325,30.09,28.75
862,30.09,28.75
397,30.09,28.75
878,30.09,28.75
490,30.09,28.75
351,30.09,28.75
751,30.09,28.75
404,30.09,28.75
621,30.09,28.75
268,30.09,28.75
877,30.09,28.75
291,30.09,28.75
856,30.09,28.75
537,30.09,28.75
825,30.09,28.75
489,30.09,28.77
833,30.09,28.77
452,30.09,28.77
506,30.09,28.77
212,30.09,28.77
340,30.09,28.77
667,30.09,28.77
268,30.09,28.77
688,30.09,28.77
496,30.09,28.77
863,30.09,28.77
216,30.09,28.77
879,30.09,28.77
502,30.09,28.77
505,30.09,28.77
814,30.09,28.77
468,30.09,28.77
888,30.09,28.77
345,30.09,28.77
400,30.09,28.77
809,30.09,28.77
491,30.09,28.77
452,30.09,28.77
715,30.09,28.77
200,30.09,28.77
785,30.09,28.77
325,30.09,28.77
641,30.09,28.77
504,30.09,28.77
453,30.09,28.77
560,30.09,28.77
635,30.09,28.77
646,30.09,28.77
126,30.09,28.77
878,30.09,28.77
161,30.09,28.77
634,30.09,28.77
368,30.09,28.77
265,30.09,28.77
577,30.09,28.77
493,30.09,28.77
431,30.09,28.77
380,30.09,28.77
550,30.09,28.77
126,30.09,28.77
439,30.09,28.77
702,30.09,28.77
158,30.09,28.77
404,30.09,28.77
876,30.09,28.77
333,30.09,28.77
529,30.09,28.77
372,30.09,28.77
441,30.09,28.77
400,30.09,28.77
519,30.09,28.77
342,30.09,28.77
366,30.09,28.77
853,30.09,28.77
247,30.09,28.77
875,30.09,28.89
374,30.09,28.89
428,30.09,28.89
669,30.09,28.89
514,30.09,28.89
634,30.09,28.89
211,30.09,28.89
676,30.09,28.89
235,30.09,28.89
589,30.09,28.89
493,30.09,28.89
428,30.09,28.89
333,30.09,28.89
427,30.09,28.89
504,30.09,28.89
132,30.09,28.89
693,30.09,28.89
581,30.09,28.89
461,30.09,28.89
486,30.09,28.89
543,30.09,28.89
481,30.09,28.89
552,30.09,28.89
393,30.09,28.89
787,30.09,28.89
657,30.09,28.89
240,30.09,28.89
552,30.09,28.89
299,30.09,28.89
608,30.09,28.89
252,30.09,28.89
671,30.09,28.89
175,30.09,28.89
315,30.09,28.89
693,30.09,28.89
267,30.09,28.89
706,30.09,28.89
603,30.09,28.89
574,30.09,28.89
240,30.09,28.89
509,30.09,28.89
370,30.09,28.89
553,30.09,28.89
169,30.09,28.89
275,30.09,28.89
325,30.09,28.89
185,30.09,28.89
294,30.09,28.89
578,30.09,28.89
347,30.09,28.89
518,30.09,28.89
730,30.09,28.89
131,30.09,28.89
461,30.09,28.89
211,30.09,28.89
793,30.09,28.89
718,30.09,28.89
595,30.09,28.89
291,30.09,28.89
660,30.09,28.89
708,30.09,28.95
269,30.09,28.95
822,30.09,28.95
158,30.09,28.95
692,30.09,28.95
119,30.09,28.95
704,30.09,28.95
340,30.09,28.95
473,30.09,28.95
586,30.09,28.95
325,30.09,28.95
589,30.09,28.95
408,30.09,28.95
727,30.09,28.95
486,30.09,28.95
486,30.09,28.95
119,30.09,28.95
872,30.09,28.95
119,30.09,28.95
559,30.09,28.95
320,30.09,28.95
610,30.09,28.95
408,30.09,28.95
301,30.09,28.95
617,30.09,28.95
285,30.09,28.95
579,30.09,28.95
122,30.09,28.95
743,30.09,28.95
119,30.09,28.95
665,30.09,28.95
393,30.09,28.95
463,30.09,28.95
506,30.09,28.95
207,30.09,28.95
519,30.09,28.95
316,30.09,28.95
480,30.09,28.95
378,30.09,28.95
820,30.09,28.95
119,30.09,28.95
823,30.09,28.95
421,30.09,28.95
647,30.09,28.95
313,30.09,28.95
549,30.09,28.95
566,30.09,28.95
347,30.09,28.95
665,30.09,28.95
122,30.09,28.95
773,30.09,28.95
310,30.09,28.95
743,30.09,28.95
218,30.09,28.95
424,30.09,28.95
468,30.09,28.95
495,30.09,28.95
683,30.09,28.95
358,30.09,28.95
564,30.09,28.75
522,30.09,28.75
799,30.09,28.75
499,30.09,28.75
561,30.09,28.75
408,30.09,28.75
622,30.09,28.75
389,30.09,28.75
607,30.09,28.75
241,30.09,28.75
562,30.09,28.75
424,30.09,28.75
424,30.09,28.75
452,30.09,28.75
392,30.09,28.75
715,30.09,28.75
281,30.09,28.75
876,30.09,28.75
530,30.09,28.75
576,30.09,28.75
489,30.09,28.75
782,30.09,28.75
825,30.09,28.75
450,30.09,28.75
474,30.09,28.75
667,30.09,28.75
563,30.09,28.75
581,30.09,28.75
689,30.09,28.75
598,30.09,28.75
522,30.09,28.75
594,30.09,28.75
404,30.09,28.75
348,30.09,28.75
468,30.09,28.75
334,30.09,28.75
455,30.09,28.75
727,30.11,28.75
231,30.11,28.75
875,30.11,28.75
434,30.11,28.75
874,30.11,28.75
416,30.11,28.75
764,30.11,28.75
483,30.11,28.75
831,30.11,28.75
574,30.11,28.75
389,30.11,28.75
413,30.11,28.75
709,30.11,28.75
568,30.11,28.75
525,30.11,28.75
550,30.11,28.75
361,30.11,28.75
676,30.11,28.75
348,30.11,28.75
482,30.11,28.75
428,30.11,28.75
658,30.11,28.75
434,30.11,28.75
649,30.11,28.79
266,30.11,28.79
290,30.11,28.79
656,30.11,28.79
392,30.11,28.79
697,30.11,28.79
460,30.11,28.79
516,30.11,28.79
411,30.11,28.79
514,30.11,28.79
590,30.11,28.79
519,30.11,28.79
331,30.11,28.79
498,30.11,28.79
569,30.11,28.79
406,30.11,28.79
347,30.11,28.79
470,30.11,28.79
385,30.11,28.79
346,30.11,28.79
141,30.11,28.79
449,30.11,28.79
690,30.11,28.79
118,30.11,28.79
753,30.11,28.79
457,30.11,28.79
236,30.11,28.79
868,30.11,28.79
547,30.11,28.79
581,30.11,28.79
876,30.11,28.79
519,30.11,28.79
776,30.11,28.79
428,30.11,28.79
575,30.11,28.79
429,30.11,28.79
601,30.11,28.79
598,30.11,28.79
623,30.11,28.79
877,30.11,28.79
270,30.11,28.79
817,30.11,28.79
463,30.11,28.79
177,30.11,28.79
694,30.11,28.79
558,30.11,28.79
769,30.11,28.79
567,30.11,28.79
840,30.11,28.79
457,30.11,28.79
494,30.11,28.79
447,30.11,28.79
728,30.11,28.79
631,30.11,28.79
418,30.11,28.79
433,30.11,28.79
696,30.11,28.79
469,30.11,28.79
747,30.11,28.79
491,30.11,28.79
121,30.11,28.83
482,30.11,28.83
257,30.11,28.83
593,30.11,28.83
223,30.11,28.83
847,30.11,28.83
361,30.11,28.83
533,30.11,28.83
396,30.11,28.83
438,30.11,28.83
635,30.11,28.83
298,30.11,28.83
655,30.11,28.83
479,30.11,28.83
325,30.11,28.83
584,30.11,28.83
546,30.11,28.83
617,30.11,28.83
760,30.11,28.83
457,30.11,28.83
813,30.11,28.83
227,30.11,28.83
666,30.11,28.83
185,30.11,28.83
726,30.11,28.83
254,30.11,28.83
590,30.11,28.83
537,30.11,28.83
293,30.11,28.83
586,30.11,28.83
126,30.11,28.83
661,30.11,28.83
358,30.11,28.83
479,30.11,28.83
557,30.11,28.83
554,30.11,28.83
380,30.11,28.83
785,30.11,28.83
332,30.11,28.83
775,30.11,28.83
353,30.11,28.83
397,30.11,28.83
673,30.11,28.83
216,30.11,28.83
156,30.11,28.83
316,30.11,28.83
807,30.11,28.83
119,30.11,28.83
755,30.11,28.83
222,30.11,28.83
559,30.11,28.83
578,30.11,28.83
407,30.11,28.83
793,30.11,28.83
382,30.11,28.83
379,30.11,28.83
627,30.11,28.83
528,30.11,28.83
251,30.11,28.83
759,30.11,28.83
360,30.11,28.83
708,30.11,28.83
267,30.11,28.83
851,30.11,28.83
282,30.11,28.83
631,30.11,28.83
412,30.11,28.83
576,30.11,28.83
581,30.11,28.83
540,30.11,28.83
824,30.11,28.83
372,30.11,28.83
843,30.11,28.83
393,30.11,28.83
389,30.11,28.83
565,30.11,28.83
727,30.11,28.83
326,30.11,28.83
710,30.11,28.83
375,30.11,28.83
521,30.11,28.83
431,30.11,28.83
627,30.11,28.83
523,30.11,28.83
