438,31.05,29.55
559,31.05,29.55
147,31.05,29.55
123,31.05,29.55
265,31.05,29.55
877,31.05,29.55
366,31.05,29.55
648,31.05,29.55
456,31.05,29.55
265,31.05,29.55
158,31.05,29.55
643,31.05,29.55
758,31.05,29.55
208,31.05,29.55
121,31.05,29.55
383,31.05,29.55
679,31.05,29.55
507,31.05,29.55
881,31.05,29.55
189,31.05,29.55
640,31.05,29.55
370,31.05,29.55
753,31.05,29.55
239,31.05,29.55
370,31.05,29.55
525,31.05,29.55
344,31.05,29.55
770,31.05,29.55
253,31.05,29.55
749,31.05,29.55
639,31.05,29.55
499,31.05,29.55
535,31.05,29.55
741,31.05,29.55
438,31.05,29.55
446,31.05,29.55
704,31.05,29.55
597,31.05,29.89
130,31.05,29.89
584,31.05,29.89
631,31.05,29.89
520,31.05,29.89
514,31.05,29.89
495,31.05,29.89
718,31.05,29.89
537,31.05,29.89
641,31.05,29.89
358,31.05,29.89
702,31.05,29.89
473,31.05,29.89
506,31.05,29.89
649,31.05,29.89
121,31.05,29.89
601,31.05,29.89
329,31.05,29.89
784,31.05,29.89
290,31.05,29.89
507,31.05,29.89
624,31.05,29.89
222,31.05,29.89
479,31.05,29.89
750,31.05,29.89
589,31.05,29.89
381,31.05,29.89
845,31.05,29.89
788,31.05,29.89
630,31.05,29.89
739,31.05,29.89
682,31.05,29.89
719,31.05,29.89
773,31.05,29.89
308,31.05,29.89
726,31.05,29.89
735,31.05,29.89
533,31.05,29.89
490,31.05,29.89
298,31.05,29.89
728,31.05,29.89
319,31.05,29.89
856,31.05,29.89
476,31.05,29.89
491,31.05,29.89
604,31.05,29.89
708,31.05,29.89
645,31.05,29.89
793,31.05,29.89
703,31.05,29.89
422,31.05,29.89
619,31.05,29.89
281,31.05,29.89
607,31.05,29.89
585,31.05,29.89
619,31.05,29.89
602,31.05,29.89
456,31.05,29.89
413,31.05,29.89
398,31.05,29.89
642,31.05,29.79
397,31.05,29.79
458,31.05,29.79
373,31.05,29.79
565,31.05,29.79
121,31.05,29.79
878,31.05,29.79
320,31.05,29.79
381,31.05,29.79
576,31.05,29.79
468,31.05,29.79
323,31.05,29.79
181,31.05,29.79
626,31.05,29.79
172,31.05,29.79
584,31.05,29.79
382,31.05,29.79
701,31.05,29.79
645,31.05,29.79
710,31.05,29.79
695,31.05,29.79
545,31.05,29.79
225,31.05,29.79
572,31.05,29.79
140,31.05,29.79
496,31.05,29.79
421,31.05,29.79
361,31.05,29.79
826,31.05,29.79
118,31.05,29.79
858,31.05,29.79
184,31.05,29.79
392,31.05,29.79
307,31.05,29.79
514,31.05,29.79
620,31.05,29.79
252,31.01,29.79
546,31.01,29.79
311,31.01,29.79
669,31.01,29.79
172,31.01,29.79
636,31.01,29.79
254,31.01,29.79
272,31.01,29.79
358,31.01,29.79
560,31.01,29.79
152,31.01,29.79
599,31.01,29.79
476,31.01,29.79
599,31.01,29.79
347,31.01,29.79
321,31.01,29.79
838,31.01,29.79
382,31.01,29.79
847,31.01,29.79
310,31.01,29.79
674,31.01,29.79
496,31.01,29.79
398,31.01,29.79
502,31.01,29.89
279,31.01,29.89
537,31.01,29.89
119,31.01,29.89
671,31.01,29.89
118,31.01,29.89
278,31.01,29.89
613,31.01,29.89
590,31.01,29.89
479,31.01,29.89
737,31.01,29.89
413,31.01,29.89
599,31.01,29.89
352,31.01,29.89
627,31.01,29.89
413,31.01,29.89
328,31.01,29.89
681,31.01,29.89
501,31.01,29.89
878,31.01,29.89
361,31.01,29.89
703,31.01,29.89
612,31.01,29.89
514,31.01,29.89
497,31.01,29.89
269,31.01,29.89
498,31.01,29.89
440,31.01,29.89
875,31.01,29.89
525,31.01,29.89
471,31.01,29.89
540,31.01,29.89
483,31.01,29.89
427,31.01,29.89
608,31.01,29.89
308,31.01,29.89
772,31.01,29.89
381,31.01,29.89
706,31.01,29.89
475,31.01,29.89
456,31.01,29.89
674,31.01,29.89
419,31.01,29.89
854,31.01,29.89
118,31.01,29.89
822,31.01,29.89
349,31.01,29.89
786,31.01,29.89
242,31.01,29.89
839,31.01,29.89
424,31.01,29.89
621,31.01,29.89
662,31.01,29.89
491,31.01,29.89
364,31.01,29.89
493,31.01,29.89
586,31.01,29.89
416,31.01,29.89
651,31.01,29.89
119,31.01,29.89
711,31.01,29.75
427,31.01,29.75
714,31.01,29.75
420,31.01,29.75
616,31.01,29.75
603,31.01,29.75
596,31.01,29.75
477,31.01,29.75
702,31.01,29.75
649,31.01,29.75
302,31.01,29.75
809,31.01,29.75
337,31.01,29.75
768,31.01,29.75
442,31.01,29.75
553,31.01,29.75
573,31.01,29.75
548,31.01,29.75
465,31.01,29.75
729,31.01,29.75
617,31.01,29.75
517,31.01,29.75
556,31.01,29.75
355,31.01,29.75
599,31.01,29.75
347,31.01,29.75
656,31.01,29.75
120,31.01,29.75
640,31.01,29.75
248,31.01,29.75
665,31.01,29.75
515,31.01,29.75
370,31.01,29.75
563,31.01,29.75
553,31.01,29.75
581,31.01,29.75
286,31.01,29.75
464,31.01,29.75
676,31.01,29.75
380,31.01,29.75
358,31.01,29.75
543,31.01,29.75
154,31.01,29.75
559,31.01,29.75
120,31.01,29.75
587,31.01,29.75
529,31.01,29.75
246,31.01,29.75
796,31.01,29.75
347,31.01,29.75
441,31.01,29.75
470,31.01,29.75
407,31.01,29.75
194,31.01,29.75
593,31.01,29.75
431,31.01,29.75
730,31.01,29.75
409,31.01,29.75
424,31.01,29.75
516,31.01,29.71
268,31.01,29.71
294,31.01,29.71
509,31.01,29.71
552,31.01,29.71
412,31.01,29.71
753,31.01,29.71
551,31.01,29.71
726,31.01,29.71
274,31.01,29.71
784,31.01,29.71
774,31.01,29.71
376,31.01,29.71
511,31.01,29.71
511,31.01,29.71
686,31.01,29.71
254,31.01,29.71
878,31.01,29.71
508,31.01,29.71
638,31.01,29.71
455,31.01,29.71
808,31.01,29.71
461,31.01,29.71
434,31.01,29.71
672,31.01,29.71
701,31.01,29.71
406,31.01,29.71
599,31.01,29.71
682,31.01,29.71
589,31.01,29.71
731,31.01,29.71
373,31.01,29.71
687,31.01,29.71
301,31.01,29.71
876,31.01,29.71
626,31.01,29.71
716,31.07,29.71
324,31.07,29.71
611,31.07,29.71
577,31.07,29.71
235,31.07,29.71
669,31.07,29.71
585,31.07,29.71
456,31.07,29.71
470,31.07,29.71
651,31.07,29.71
624,31.07,29.71
712,31.07,29.71
573,31.07,29.71
611,31.07,29.71
463,31.07,29.71
654,31.07,29.71
351,31.07,29.71
555,31.07,29.71
644,31.07,29.71
272,31.07,29.71
840,31.07,29.71
228,31.07,29.71
503,31.07,29.71
667,31.07,29.71
784,31.07,29.79
291,31.07,29.79
744,31.07,29.79
402,31.07,29.79
523,31.07,29.79
700,31.07,29.79
452,31.07,29.79
764,31.07,29.79
124,31.07,29.79
430,31.07,29.79
254,31.07,29.79
497,31.07,29.79
506,31.07,29.79
409,31.07,29.79
321,31.07,29.79
433,31.07,29.79
376,31.07,29.79
595,31.07,29.79
402,31.07,29.79
272,31.07,29.79
640,31.07,29.79
383,31.07,29.79
546,31.07,29.79
226,31.07,29.79
693,31.07,29.79
128,31.07,29.79
571,31.07,29.79
486,31.07,29.79
259,31.07,29.79
565,31.07,29.79
428,31.07,29.79
495,31.07,29.79
408,31.07,29.79
651,31.07,29.79
531,31.07,29.79
532,31.07,29.79
484,31.05,29.79
624,31.05,29.79
182,31.05,29.79
573,31.05,29.79
275,31.05,29.79
442,31.05,29.79
319,31.05,29.79
168,31.05,29.79
430,31.05,29.79
296,31.05,29.79
387,31.05,29.79
118,31.05,29.79
843,31.05,29.79
180,31.05,29.79
755,31.05,29.79
576,31.05,29.79
577,31.05,29.79
601,31.05,29.79
352,31.05,29.79
860,31.05,29.79
246,31.05,29.79
340,31.05,29.79
357,31.05,29.79
534,31.05,29.91
451,31.05,29.91
339,31.05,29.91
127,31.05,29.91
654,31.05,29.91
233,31.05,29.91
383,31.05,29.91
606,31.05,29.91
208,31.05,29.91
288,31.05,29.91
361,31.05,29.91
334,31.05,29.91
119,31.05,29.91
852,31.05,29.91
262,31.05,29.91
583,31.05,29.91
208,31.05,29.91
350,31.05,29.91
370,31.05,29.91
210,31.05,29.91
470,31.05,29.91
363,31.05,29.91
693,31.05,29.91
306,31.05,29.91
671,31.05,29.91
