166,30.49,29.29
417,30.49,29.29
243,30.49,29.29
322,30.49,29.29
300,30.49,29.29
429,30.49,29.29
865,30.49,29.29
127,30.49,29.29
355,30.49,29.29
440,30.49,29.29
719,30.49,29.29
255,30.55,29.29
567,30.55,29.29
121,30.55,29.29
709,30.55,29.29
128,30.55,29.29
435,30.55,29.29
320,30.55,29.29
509,30.55,29.29
403,30.55,29.29
280,30.55,29.29
796,30.55,29.29
273,30.55,29.29
354,30.55,29.29
663,30.55,29.29
434,30.55,29.29
656,30.55,29.29
462,30.55,29.29
606,30.55,29.29
300,30.55,29.29
510,30.55,29.29
545,30.55,29.29
264,30.55,29.29
327,30.55,29.29
395,30.55,29.29
409,30.55,29.25
614,30.55,29.25
317,30.55,29.25
631,30.55,29.25
443,30.55,29.25
586,30.55,29.25
486,30.55,29.25
690,30.55,29.25
543,30.55,29.25
584,30.55,29.25
793,30.55,29.25
242,30.55,29.25
645,30.55,29.25
556,30.55,29.25
371,30.55,29.25
512,30.55,29.25
675,30.55,29.25
671,30.55,29.25
499,30.55,29.25
587,30.55,29.25
286,30.55,29.25
546,30.55,29.25
552,30.55,29.25
290,30.55,29.25
553,30.55,29.25
647,30.55,29.25
315,30.55,29.25
598,30.55,29.25
352,30.55,29.25
636,30.55,29.25
532,30.55,29.25
735,30.55,29.25
316,30.55,29.25
522,30.55,29.25
725,30.55,29.25
243,30.55,29.25
782,30.55,29.25
524,30.55,29.25
525,30.55,29.25
417,30.55,29.25
604,30.55,29.25
477,30.55,29.25
812,30.55,29.25
298,30.55,29.25
692,30.55,29.25
182,30.55,29.25
715,30.55,29.25
278,30.55,29.25
713,30.55,29.25
372,30.55,29.25
356,30.55,29.25
325,30.55,29.25
120,30.55,29.25
646,30.55,29.25
227,30.55,29.25
748,30.55,29.25
119,30.55,29.25
552,30.55,29.25
674,30.55,29.25
679,30.55,29.29
665,30.55,29.29
459,30.55,29.29
481,30.55,29.29
546,30.55,29.29
425,30.55,29.29
365,30.55,29.29
685,30.55,29.29
318,30.55,29.29
651,30.55,29.29
120,30.55,29.29
681,30.55,29.29
232,30.55,29.29
716,30.55,29.29
167,30.55,29.29
497,30.55,29.29
678,30.55,29.29
273,30.55,29.29
700,30.55,29.29
325,30.55,29.29
400,30.55,29.29
380,30.55,29.29
602,30.55,29.29
211,30.55,29.29
528,30.55,29.29
378,30.55,29.29
747,30.55,29.29
337,30.55,29.29
532,30.55,29.29
523,30.55,29.29
767,30.55,29.29
828,30.55,29.29
550,30.55,29.29
844,30.55,29.29
481,30.55,29.29
754,30.55,29.29
247,30.53,29.29
814,30.53,29.29
269,30.53,29.29
515,30.53,29.29
617,30.53,29.29
866,30.53,29.29
673,30.53,29.29
759,30.53,29.29
478,30.53,29.29
381,30.53,29.29
587,30.53,29.29
522,30.53,29.29
667,30.53,29.29
276,30.53,29.29
729,30.53,29.29
464,30.53,29.29
828,30.53,29.29
231,30.53,29.29
815,30.53,29.29
746,30.53,29.29
501,30.53,29.29
638,30.53,29.29
229,30.53,29.29
384,30.53,29.29
214,30.53,29.31
609,30.53,29.31
191,30.53,29.31
558,30.53,29.31
385,30.53,29.31
541,30.53,29.31
585,30.53,29.31
351,30.53,29.31
573,30.53,29.31
701,30.53,29.31
447,30.53,29.31
766,30.53,29.31
483,30.53,29.31
332,30.53,29.31
555,30.53,29.31
118,30.53,29.31
711,30.53,29.31
136,30.53,29.31
623,30.53,29.31
119,30.53,29.31
862,30.53,29.31
142,30.53,29.31
438,30.53,29.31
505,30.53,29.31
437,30.53,29.31
553,30.53,29.31
260,30.53,29.31
379,30.53,29.31
523,30.53,29.31
484,30.53,29.31
300,30.53,29.31
678,30.53,29.31
185,30.53,29.31
586,30.53,29.31
200,30.53,29.31
878,30.53,29.31
124,30.53,29.31
653,30.53,29.31
584,30.53,29.31
362,30.53,29.31
753,30.53,29.31
311,30.53,29.31
619,30.53,29.31
342,30.53,29.31
878,30.53,29.31
264,30.53,29.31
556,30.53,29.31
579,30.53,29.31
676,30.53,29.31
375,30.53,29.31
730,30.53,29.31
314,30.53,29.31
695,30.53,29.31
502,30.53,29.31
501,30.53,29.31
681,30.53,29.31
486,30.53,29.31
731,30.53,29.31
420,30.53,29.31
877,30.53,29.29
284,30.53,29.29
821,30.53,29.29
498,30.53,29.29
669,30.53,29.29
688,30.53,29.29
716,30.53,29.29
564,30.53,29.29
597,30.53,29.29
600,30.53,29.29
385,30.53,29.29
607,30.53,29.29
369,30.53,29.29
272,30.53,29.29
693,30.53,29.29
600,30.53,29.29
370,30.53,29.29
708,30.53,29.29
408,30.53,29.29
731,30.53,29.29
360,30.53,29.29
654,30.53,29.29
491,30.53,29.29
268,30.53,29.29
597,30.53,29.29
253,30.53,29.29
255,30.53,29.29
136,30.53,29.29
836,30.53,29.29
534,30.53,29.29
457,30.53,29.29
596,30.53,29.29
618,30.53,29.29
484,30.53,29.29
324,30.53,29.29
444,30.53,29.29
593,30.51,29.29
306,30.51,29.29
533,30.51,29.29
567,30.51,29.29
245,30.51,29.29
665,30.51,29.29
349,30.51,29.29
580,30.51,29.29
336,30.51,29.29
307,30.51,29.29
546,30.51,29.29
623,30.51,29.29
599,30.51,29.29
287,30.51,29.29
833,30.51,29.29
184,30.51,29.29
590,30.51,29.29
574,30.51,29.29
228,30.51,29.29
369,30.51,29.29
555,30.51,29.29
308,30.51,29.29
457,30.51,29.29
473,30.51,29.29
558,30.51,29.35
558,30.51,29.35
308,30.51,29.35
516,30.51,29.35
287,30.51,29.35
699,30.51,29.35
343,30.51,29.35
798,30.51,29.35
733,30.51,29.35
810,30.51,29.35
704,30.51,29.35
717,30.51,29.35
285,30.51,29.35
611,30.51,29.35
679,30.51,29.35
412,30.51,29.35
624,30.51,29.35
763,30.51,29.35
300,30.51,29.35
323,30.51,29.35
818,30.51,29.35
365,30.51,29.35
642,30.51,29.35
177,30.51,29.35
877,30.51,29.35
422,30.51,29.35
607,30.51,29.35
293,30.51,29.35
689,30.51,29.35
639,30.51,29.35
510,30.51,29.35
439,30.51,29.35
472,30.51,29.35
544,30.51,29.35
366,30.51,29.35
337,30.51,29.35
131,30.53,29.35
772,30.53,29.35
500,30.53,29.35
508,30.53,29.35
306,30.53,29.35
715,30.53,29.35
423,30.53,29.35
564,30.53,29.35
320,30.53,29.35
587,30.53,29.35
567,30.53,29.35
368,30.53,29.35
846,30.53,29.35
310,30.53,29.35
612,30.53,29.35
393,30.53,29.35
501,30.53,29.35
271,30.53,29.35
500,30.53,29.35
660,30.53,29.35
212,30.53,29.35
782,30.53,29.35
155,30.53,29.35
504,30.53,29.43
506,30.53,29.43
543,30.53,29.43
359,30.53,29.43
604,30.53,29.43
171,30.53,29.43
741,30.53,29.43
153,30.53,29.43
499,30.53,29.43
359,30.53,29.43
600,30.53,29.43
657,30.53,29.43
347,30.53,29.43
773,30.53,29.43
393,30.53,29.43
555,30.53,29.43
387,30.53,29.43
689,30.53,29.43
519,30.53,29.43
328,30.53,29.43
841,30.53,29.43
526,30.53,29.43
411,30.53,29.43
478,30.53,29.43
458,30.53,29.43
535,30.53,29.43
277,30.53,29.43
497,30.53,29.43
473,30.53,29.43
132,30.53,29.43
861,30.53,29.43
298,30.53,29.43
877,30.53,29.43
282,30.53,29.43
577,30.53,29.43
575,30.53,29.43
354,30.53,29.43
708,30.53,29.43
872,30.53,29.43
712,30.53,29.43
491,30.53,29.43
835,30.53,29.43
235,30.53,29.43
683,30.53,29.43
467,30.53,29.43
827,30.53,29.43
327,30.53,29.43
549,30.53,29.43
400,30.53,29.43
768,30.53,29.43
228,30.53,29.43
596,30.53,29.43
726,30.53,29.43
123,30.53,29.43
694,30.53,29.43
396,30.53,29.43
775,30.53,29.43
126,30.53,29.43
687,30.53,29.43
589,30.53,29.43
575,30.53,29.39
391,30.53,29.39
642,30.53,29.39
777,30.53,29.39
123,30.53,29.39
709,30.53,29.39
642,30.53,29.39
460,30.53,29.39
514,30.53,29.39
709,30.53,29.39
125,30.53,29.39
565,30.53,29.39
353,30.53,29.39
819,30.53,29.39
219,30.53,29.39
396,30.53,29.39
403,30.53,29.39
325,30.53,29.39
201,30.53,29.39
376,30.53,29.39
863,30.53,29.39
118,30.53,29.39
596,30.53,29.39
380,30.53,29.39
760,30.53,29.39
257,30.53,29.39
393,30.53,29.39
