353,30.79,29.49
357,30.79,29.49
123,30.79,29.49
825,30.79,29.49
879,30.79,29.49
308,30.79,29.49
640,30.79,29.49
555,30.79,29.49
318,30.79,29.49
805,30.79,29.49
122,30.79,29.49
835,30.79,29.49
774,30.79,29.49
546,30.79,29.49
878,30.79,29.49
231,30.79,29.49
578,30.79,29.49
454,30.79,29.49
665,30.79,29.49
200,30.79,29.49
494,30.79,29.49
420,30.79,29.49
312,30.79,29.49
757,30.79,29.49
650,30.79,29.49
719,30.79,29.49
286,30.79,29.49
727,30.79,29.49
528,30.79,29.49
443,30.79,29.49
693,30.79,29.49
523,30.79,29.49
561,30.79,29.49
495,30.79,29.49
470,30.79,29.49
504,30.79,29.49
751,30.79,29.49
517,30.79,29.49
641,30.79,29.49
300,30.79,29.49
794,30.79,29.49
470,30.79,29.49
713,30.79,29.49
468,30.79,29.49
436,30.79,29.49
677,30.79,29.49
123,30.79,29.49
722,30.79,29.49
200,30.79,29.49
677,30.79,29.49
295,30.79,29.49
685,30.79,29.49
401,30.79,29.49
695,30.79,29.49
638,30.79,29.49
491,30.79,29.49
523,30.79,29.49
612,30.79,29.49
174,30.79,29.49
572,30.79,29.49
310,30.79,29.49
152,30.79,29.49
843,30.79,29.49
119,30.79,29.49
539,30.79,29.49
289,30.79,29.49
553,30.79,29.49
506,30.79,29.49
547,30.79,29.49
568,30.79,29.49
570,30.79,29.49
496,30.79,29.49
569,30.79,29.49
879,30.79,29.49
256,30.79,29.49
447,30.79,29.49
590,30.79,29.49
330,30.79,29.49
257,30.79,29.49
715,30.79,29.49
359,30.79,29.49
515,30.79,29.49
428,30.79,29.49
829,30.79,29.49
687,30.79,29.49
545,30.79,29.49
554,30.79,29.49
304,30.79,29.63
541,30.79,29.63
219,30.79,29.63
563,30.79,29.63
440,30.79,29.63
514,30.79,29.63
244,30.79,29.63
646,30.79,29.63
300,30.79,29.63
461,30.79,29.63
335,30.79,29.63
700,30.79,29.63
385,30.79,29.63
565,30.79,29.63
527,30.79,29.63
439,30.79,29.63
427,30.79,29.63
299,30.79,29.63
607,30.79,29.63
119,30.79,29.63
765,30.79,29.63
132,30.79,29.63
774,30.79,29.63
267,30.79,29.63
740,30.79,29.63
528,30.79,29.63
528,30.79,29.63
353,30.79,29.63
637,30.79,29.63
626,30.79,29.63
358,30.79,29.63
544,30.79,29.63
580,30.79,29.63
496,30.79,29.63
388,30.79,29.63
558,30.79,29.63
126,30.79,29.63
765,30.79,29.63
541,30.79,29.63
573,30.79,29.63
436,30.79,29.63
735,30.79,29.63
401,30.79,29.63
460,30.79,29.63
864,30.79,29.63
453,30.79,29.63
698,30.79,29.63
491,30.79,29.63
570,30.79,29.63
407,30.79,29.63
746,30.79,29.63
381,30.79,29.63
590,30.79,29.63
611,30.79,29.63
714,30.79,29.63
246,30.79,29.63
737,30.79,29.63
214,30.79,29.63
501,30.79,29.63
476,30.79,29.63
399,30.79,29.63
504,30.79,29.63
443,30.79,29.63
879,30.79,29.63
342,30.79,29.63
545,30.79,29.63
363,30.79,29.63
740,30.79,29.63
438,30.79,29.63
529,30.79,29.63
362,30.79,29.63
559,30.79,29.63
280,30.79,29.63
422,30.79,29.63
506,30.79,29.63
432,30.79,29.63
626,30.79,29.63
408,30.79,29.63
254,30.79,29.63
375,30.79,29.63
596,30.79,29.63
121,30.79,29.63
695,30.79,29.63
357,30.79,29.63
436,30.79,29.63
610,30.79,29.63
365,30.79,29.63
602,30.79,29.63
304,30.79,29.63
363,30.79,29.63
646,30.79,29.63
435,30.79,29.63
799,30.79,29.63
465,30.79,29.63
383,30.79,29.63
529,30.79,29.63
788,30.79,29.63
294,30.79,29.63
628,30.79,29.63
514,30.79,29.63
634,30.79,29.63
431,30.79,29.63
520,30.79,29.63
310,30.79,29.63
653,30.79,29.63
170,30.79,29.63
571,30.79,29.63
623,30.79,29.63
169,30.79,29.63
584,30.79,29.63
483,30.79,29.63
878,30.79,29.63
399,30.79,29.63
680,30.79,29.63
556,30.79,29.63
591,30.79,29.63
420,30.79,29.63
654,30.79,29.63
598,30.79,29.63
611,30.79,29.43
464,30.79,29.43
656,30.79,29.43
368,30.79,29.43
574,30.79,29.43
646,30.79,29.43
289,30.79,29.43
585,30.79,29.43
288,30.79,29.43
824,30.79,29.43
259,30.79,29.43
747,30.79,29.43
552,30.79,29.43
607,30.79,29.43
297,30.79,29.43
814,30.79,29.43
616,30.79,29.43
611,30.79,29.43
574,30.79,29.43
633,30.79,29.43
469,30.79,29.43
559,30.79,29.43
675,30.79,29.43
444,30.79,29.43
795,30.79,29.43
170,30.79,29.43
858,30.79,29.43
142,30.79,29.43
498,30.79,29.43
385,30.79,29.43
644,30.79,29.43
420,30.79,29.43
353,30.79,29.43
746,30.79,29.43
250,30.79,29.43
615,30.79,29.43
437,30.79,29.43
562,30.79,29.43
415,30.79,29.43
449,30.79,29.43
300,30.79,29.43
785,30.79,29.43
126,30.79,29.43
510,30.79,29.43
568,30.79,29.43
514,30.79,29.43
695,30.79,29.43
685,30.79,29.43
570,30.79,29.43
328,30.79,29.43
764,30.79,29.43
251,30.79,29.43
599,30.79,29.43
123,30.79,29.43
625,30.79,29.43
207,30.79,29.43
605,30.79,29.43
638,30.79,29.43
463,30.79,29.43
439,30.79,29.71
398,30.79,29.71
377,30.79,29.71
686,30.79,29.71
418,30.79,29.71
484,30.79,29.71
797,30.79,29.71
566,30.79,29.71
398,30.79,29.71
444,30.79,29.71
714,30.79,29.71
203,30.79,29.71
867,30.79,29.71
364,30.79,29.71
546,30.79,29.71
523,30.79,29.71
385,30.79,29.71
697,30.79,29.71
483,30.79,29.71
649,30.79,29.71
515,30.79,29.71
747,30.79,29.71
527,30.79,29.71
608,30.79,29.71
476,30.79,29.71
713,30.79,29.71
350,30.79,29.71
822,30.79,29.71
281,30.79,29.71
612,30.79,29.71
520,30.79,29.71
570,30.79,29.71
634,30.79,29.71
373,30.79,29.71
758,30.79,29.71
273,30.79,29.71
680,30.83,29.71
366,30.83,29.71
659,30.83,29.71
758,30.83,29.71
424,30.83,29.71
399,30.83,29.71
408,30.83,29.71
640,30.83,29.71
304,30.83,29.71
304,30.83,29.71
797,30.83,29.71
352,30.83,29.71
124,30.83,29.71
578,30.83,29.71
320,30.83,29.71
727,30.83,29.71
119,30.83,29.71
360,30.83,29.71
349,30.83,29.71
499,30.83,29.71
354,30.83,29.71
293,30.83,29.71
733,30.83,29.71
126,30.83,29.71
671,30.83,29.65
217,30.83,29.65
334,30.83,29.65
507,30.83,29.65
498,30.83,29.65
507,30.83,29.65
526,30.83,29.65
277,30.83,29.65
785,30.83,29.65
399,30.83,29.65
335,30.83,29.65
485,30.83,29.65
155,30.83,29.65
594,30.83,29.65
438,30.83,29.65
731,30.83,29.65
165,30.83,29.65
737,30.83,29.65
411,30.83,29.65
737,30.83,29.65
134,30.83,29.65
328,30.83,29.65
612,30.83,29.65
119,30.83,29.65
417,30.83,29.65
618,30.83,29.65
608,30.83,29.65
446,30.83,29.65
876,30.83,29.65
372,30.83,29.65
775,30.83,29.65
119,30.83,29.65
774,30.83,29.65
424,30.83,29.65
877,30.83,29.65
119,30.83,29.65
772,30.85,29.65
400,30.85,29.65
449,30.85,29.65
802,30.85,29.65
235,30.85,29.65
635,30.85,29.65
423,30.85,29.65
755,30.85,29.65
119,30.85,29.65
596,30.85,29.65
541,30.85,29.65
722,30.85,29.65
563,30.85,29.65
603,30.85,29.65
579,30.85,29.65
646,30.85,29.65
385,30.85,29.65
800,30.85,29.65
750,30.85,29.65
222,30.85,29.65
776,30.85,29.65
315,30.85,29.65
879,30.85,29.65
205,30.85,29.63
743,30.85,29.63
656,30.85,29.63
487,30.85,29.63
531,30.85,29.63
469,30.85,29.63
632,30.85,29.63
353,30.85,29.63
767,30.85,29.63
120,30.85,29.63
553,30.85,29.63
558,30.85,29.63
480,30.85,29.63
352,30.85,29.63
567,30.85,29.63
122,30.85,29.63
837,30.85,29.63
420,30.85,29.63
443,30.85,29.63
687,30.85,29.63
400,30.85,29.63
533,30.85,29.63
400,30.85,29.63
601,30.85,29.63
328,30.85,29.63
641,30.85,29.63
138,30.85,29.63
484,30.85,29.63
335,30.85,29.63
367,30.85,29.63
345,30.85,29.63
427,30.85,29.63
576,30.85,29.63
384,30.85,29.63
