562,31.83,30.47
879,31.83,30.47
244,31.83,30.47
576,31.83,30.47
409,31.83,30.47
279,31.83,30.47
681,31.83,30.47
582,31.83,30.47
672,31.83,30.47
490,31.83,30.47
655,31.83,30.47
414,31.83,30.47
430,31.83,30.47
568,31.83,30.47
730,31.83,30.47
439,31.85,30.47
618,31.85,30.47
261,31.85,30.47
796,31.85,30.47
180,31.85,30.47
876,31.85,30.47
481,31.85,30.47
631,31.85,30.47
618,31.85,30.47
488,31.85,30.47
878,31.85,30.47
263,31.85,30.47
730,31.85,30.47
528,31.85,30.47
452,31.85,30.47
459,31.85,30.47
612,31.85,30.47
398,31.85,30.47
472,31.85,30.47
519,31.85,30.47
377,31.85,30.47
552,31.85,30.47
675,31.85,30.47
671,31.85,30.67
336,31.85,30.67
597,31.85,30.67
580,31.85,30.67
858,31.85,30.67
236,31.85,30.67
661,31.85,30.67
119,31.85,30.67
234,31.85,30.67
512,31.85,30.67
445,31.85,30.67
429,31.85,30.67
159,31.85,30.67
640,31.85,30.67
371,31.85,30.67
622,31.85,30.67
371,31.85,30.67
513,31.85,30.67
786,31.85,30.67
563,31.85,30.67
444,31.85,30.67
873,31.85,30.67
194,31.85,30.67
412,31.85,30.67
503,31.85,30.67
119,31.85,30.67
507,31.85,30.67
523,31.85,30.67
493,31.85,30.67
232,31.85,30.67
676,31.85,30.67
118,31.85,30.67
786,31.85,30.67
124,31.85,30.67
602,31.85,30.67
449,31.85,30.67
381,31.83,30.67
405,31.83,30.67
566,31.83,30.67
496,31.83,30.67
272,31.83,30.67
420,31.83,30.67
502,31.83,30.67
512,31.83,30.67
119,31.83,30.67
878,31.83,30.67
216,31.83,30.67
745,31.83,30.67
422,31.83,30.67
551,31.83,30.67
297,31.83,30.67
641,31.83,30.67
550,31.83,30.67
362,31.83,30.67
711,31.83,30.67
441,31.83,30.67
830,31.83,30.67
297,31.83,30.67
505,31.83,30.67
822,31.83,30.67
640,31.83,30.53
321,31.83,30.53
741,31.83,30.53
395,31.83,30.53
397,31.83,30.53
603,31.83,30.53
382,31.83,30.53
708,31.83,30.53
366,31.83,30.53
687,31.83,30.53
381,31.83,30.53
689,31.83,30.53
272,31.83,30.53
559,31.83,30.53
474,31.83,30.53
593,31.83,30.53
562,31.83,30.53
484,31.83,30.53
307,31.83,30.53
510,31.83,30.53
730,31.83,30.53
424,31.83,30.53
457,31.83,30.53
878,31.83,30.53
458,31.83,30.53
456,31.83,30.53
608,31.83,30.53
639,31.83,30.53
360,31.83,30.53
428,31.83,30.53
865,31.83,30.53
662,31.83,30.53
119,31.83,30.53
837,31.83,30.53
230,31.83,30.53
472,31.83,30.53
118,31.83,30.53
766,31.83,30.53
177,31.83,30.53
439,31.83,30.53
468,31.83,30.53
530,31.83,30.53
494,31.83,30.53
168,31.83,30.53
772,31.83,30.53
349,31.83,30.53
278,31.83,30.53
611,31.83,30.53
666,31.83,30.53
130,31.83,30.53
864,31.83,30.53
121,31.83,30.53
467,31.83,30.53
137,31.83,30.53
718,31.83,30.53
481,31.83,30.53
662,31.83,30.53
172,31.83,30.53
567,31.83,30.53
629,31.83,30.47
118,31.83,30.47
726,31.83,30.47
418,31.83,30.47
544,31.83,30.47
351,31.83,30.47
385,31.83,30.47
625,31.83,30.47
679,31.83,30.47
160,31.83,30.47
585,31.83,30.47
135,31.83,30.47
411,31.83,30.47
623,31.83,30.47
341,31.83,30.47
301,31.83,30.47
308,31.83,30.47
860,31.83,30.47
210,31.83,30.47
794,31.83,30.47
535,31.83,30.47
825,31.83,30.47
132,31.83,30.47
477,31.83,30.47
757,31.83,30.47
216,31.83,30.47
590,31.83,30.47
493,31.83,30.47
366,31.83,30.47
552,31.83,30.47
581,31.83,30.47
504,31.83,30.47
796,31.83,30.47
311,31.83,30.47
877,31.83,30.47
351,31.83,30.47
851,31.81,30.47
384,31.81,30.47
804,31.81,30.47
348,31.81,30.47
441,31.81,30.47
651,31.81,30.47
239,31.81,30.47
556,31.81,30.47
543,31.81,30.47
480,31.81,30.47
324,31.81,30.47
516,31.81,30.47
361,31.81,30.47
566,31.81,30.47
482,31.81,30.47
494,31.81,30.47
354,31.81,30.47
464,31.81,30.47
366,31.81,30.47
796,31.81,30.47
482,31.81,30.47
520,31.81,30.47
600,31.81,30.47
118,31.81,30.47
621,31.81,30.59
195,31.81,30.59
521,31.81,30.59
392,31.81,30.59
623,31.81,30.59
433,31.81,30.59
460,31.81,30.59
412,31.81,30.59
232,31.81,30.59
600,31.81,30.59
128,31.81,30.59
461,31.81,30.59
629,31.81,30.59
285,31.81,30.59
437,31.81,30.59
381,31.81,30.59
283,31.81,30.59
461,31.81,30.59
233,31.81,30.59
672,31.81,30.59
493,31.81,30.59
119,31.81,30.59
695,31.81,30.59
346,31.81,30.59
486,31.81,30.59
451,31.81,30.59
577,31.81,30.59
182,31.81,30.59
642,31.81,30.59
410,31.81,30.59
508,31.81,30.59
334,31.81,30.59
384,31.81,30.59
502,31.81,30.59
382,31.81,30.59
246,31.81,30.59
595,31.85,30.59
689,31.85,30.59
123,31.85,30.59
761,31.85,30.59
626,31.85,30.59
820,31.85,30.59
301,31.85,30.59
759,31.85,30.59
675,31.85,30.59
503,31.85,30.59
563,31.85,30.59
757,31.85,30.59
804,31.85,30.59
290,31.85,30.59
455,31.85,30.59
562,31.85,30.59
562,31.85,30.59
204,31.85,30.59
733,31.85,30.59
460,31.85,30.59
569,31.85,30.59
530,31.85,30.59
605,31.85,30.59
241,31.85,30.65
750,31.85,30.65
515,31.85,30.65
737,31.85,30.65
683,31.85,30.65
501,31.85,30.65
804,31.85,30.65
136,31.85,30.65
777,31.85,30.65
397,31.85,30.65
713,31.85,30.65
368,31.85,30.65
772,31.85,30.65
546,31.85,30.65
292,31.85,30.65
651,31.85,30.65
405,31.85,30.65
664,31.85,30.65
461,31.85,30.65
723,31.85,30.65
371,31.85,30.65
648,31.85,30.65
563,31.85,30.65
757,31.85,30.65
245,31.85,30.65
452,31.85,30.65
208,31.85,30.65
784,31.85,30.65
462,31.85,30.65
498,31.85,30.65
659,31.85,30.65
213,31.85,30.65
657,31.85,30.65
484,31.85,30.65
808,31.85,30.65
376,31.85,30.65
787,31.85,30.65
355,31.85,30.65
417,31.85,30.65
542,31.85,30.65
401,31.85,30.65
527,31.85,30.65
299,31.85,30.65
226,31.85,30.65
571,31.85,30.65
362,31.85,30.65
404,31.85,30.65
375,31.85,30.65
211,31.85,30.65
692,31.85,30.65
140,31.85,30.65
867,31.85,30.65
460,31.85,30.65
481,31.85,30.65
568,31.85,30.65
541,31.85,30.65
399,31.85,30.65
330,31.85,30.65
316,31.85,30.65
119,31.85,30.65
525,31.85,30.67
321,31.85,30.67
467,31.85,30.67
517,31.85,30.67
609,31.85,30.67
294,31.85,30.67
603,31.85,30.67
529,31.85,30.67
710,31.85,30.67
232,31.85,30.67
628,31.85,30.67
493,31.85,30.67
301,31.85,30.67
472,31.85,30.67
346,31.85,30.67
681,31.85,30.67
696,31.85,30.67
430,31.85,30.67
565,31.85,30.67
469,31.85,30.67
473,31.85,30.67
299,31.85,30.67
606,31.85,30.67
170,31.85,30.67
683,31.85,30.67
699,31.85,30.67
511,31.85,30.67
705,31.85,30.67
645,31.85,30.67
441,31.85,30.67
536,31.85,30.67
555,31.85,30.67
688,31.85,30.67
586,31.85,30.67
696,31.85,30.67
736,31.85,30.67
334,31.83,30.67
878,31.83,30.67
297,31.83,30.67
859,31.83,30.67
480,31.83,30.67
733,31.83,30.67
499,31.83,30.67
645,31.83,30.67
623,31.83,30.67
610,31.83,30.67
717,31.83,30.67
490,31.83,30.67
652,31.83,30.67
541,31.83,30.67
633,31.83,30.67
469,31.83,30.67
497,31.83,30.67
266,31.83,30.67
773,31.83,30.67
119,31.83,30.67
784,31.83,30.67
367,31.83,30.67
614,31.83,30.67
293,31.83,30.63
582,31.83,30.63
607,31.83,30.63
379,31.83,30.63
807,31.83,30.63
707,31.83,30.63
484,31.83,30.63
350,31.83,30.63
617,31.83,30.63
382,31.83,30.63
498,31.83,30.63
239,31.83,30.63
601,31.83,30.63
123,31.83,30.63
620,31.83,30.63
426,31.83,30.63
814,31.83,30.63
239,31.83,30.63
651,31.83,30.63
429,31.83,30.63
161,31.83,30.63
707,31.83,30.63
232,31.83,30.63
339,31.83,30.63
123,31.83,30.63
