821,31.79,30.51
539,31.79,30.51
568,31.79,30.51
122,31.79,30.51
295,31.79,30.51
599,31.79,30.51
716,31.79,30.51
588,31.79,30.51
879,31.79,30.51
266,31.79,30.51
629,31.79,30.51
192,31.79,30.51
354,31.79,30.51
461,31.79,30.51
530,31.79,30.73
545,31.79,30.73
556,31.79,30.73
487,31.79,30.73
202,31.79,30.73
771,31.79,30.73
141,31.79,30.73
435,31.79,30.73
511,31.79,30.73
298,31.79,30.73
528,31.79,30.73
570,31.79,30.73
525,31.79,30.73
181,31.79,30.73
611,31.79,30.73
405,31.79,30.73
458,31.79,30.73
476,31.79,30.73
769,31.79,30.73
361,31.79,30.73
666,31.79,30.73
397,31.79,30.73
571,31.79,30.73
446,31.79,30.73
362,31.79,30.73
751,31.79,30.73
241,31.79,30.73
724,31.79,30.73
318,31.79,30.73
675,31.79,30.73
359,31.79,30.73
655,31.79,30.73
406,31.79,30.73
597,31.79,30.73
353,31.79,30.73
558,31.79,30.73
565,31.79,30.73
413,31.79,30.73
377,31.79,30.73
677,31.79,30.73
639,31.79,30.73
404,31.79,30.73
873,31.79,30.73
467,31.79,30.73
417,31.79,30.73
476,31.79,30.73
646,31.79,30.73
372,31.79,30.73
806,31.79,30.73
277,31.79,30.73
570,31.79,30.73
577,31.79,30.73
469,31.79,30.73
751,31.79,30.73
313,31.79,30.73
481,31.79,30.73
624,31.79,30.73
512,31.79,30.73
616,31.79,30.73
754,31.79,30.73
416,31.79,30.51
618,31.79,30.51
370,31.79,30.51
756,31.79,30.51
290,31.79,30.51
564,31.79,30.51
532,31.79,30.51
442,31.79,30.51
405,31.79,30.51
332,31.79,30.51
836,31.79,30.51
128,31.79,30.51
653,31.79,30.51
363,31.79,30.51
500,31.79,30.51
396,31.79,30.51
438,31.79,30.51
641,31.79,30.51
490,31.79,30.51
309,31.79,30.51
569,31.79,30.51
315,31.79,30.51
119,31.79,30.51
575,31.79,30.51
128,31.79,30.51
668,31.79,30.51
142,31.79,30.51
737,31.79,30.51
224,31.79,30.51
691,31.79,30.51
480,31.79,30.51
563,31.79,30.51
485,31.79,30.51
118,31.79,30.51
671,31.79,30.51
121,31.79,30.51
642,31.77,30.51
640,31.77,30.51
498,31.77,30.51
388,31.77,30.51
353,31.77,30.51
398,31.77,30.51
794,31.77,30.51
213,31.77,30.51
677,31.77,30.51
521,31.77,30.51
520,31.77,30.51
405,31.77,30.51
411,31.77,30.51
775,31.77,30.51
426,31.77,30.51
713,31.77,30.51
225,31.77,30.51
709,31.77,30.51
118,31.77,30.51
755,31.77,30.51
287,31.77,30.51
561,31.77,30.51
583,31.77,30.51
462,31.77,30.45
322,31.77,30.45
461,31.77,30.45
505,31.77,30.45
715,31.77,30.45
502,31.77,30.45
638,31.77,30.45
827,31.77,30.45
175,31.77,30.45
878,31.77,30.45
255,31.77,30.45
700,31.77,30.45
287,31.77,30.45
879,31.77,30.45
121,31.77,30.45
774,31.77,30.45
754,31.77,30.45
677,31.77,30.45
859,31.77,30.45
241,31.77,30.45
648,31.77,30.45
598,31.77,30.45
493,31.77,30.45
444,31.77,30.45
544,31.77,30.45
412,31.77,30.45
537,31.77,30.45
367,31.77,30.45
547,31.77,30.45
340,31.77,30.45
639,31.77,30.45
294,31.77,30.45
436,31.77,30.45
500,31.77,30.45
211,31.77,30.45
900,31.77,30.45
353,31.77,30.45
564,31.77,30.45
400,31.77,30.45
588,31.77,30.45
440,31.77,30.45
386,31.77,30.45
530,31.77,30.45
467,31.77,30.45
409,31.77,30.45
651,31.77,30.45
467,31.77,30.45
622,31.77,30.45
177,31.77,30.45
397,31.77,30.45
598,31.77,30.45
426,31.77,30.45
425,31.77,30.45
444,31.77,30.45
519,31.77,30.45
651,31.77,30.45
519,31.77,30.45
515,31.77,30.45
529,31.77,30.45
364,31.77,30.45
263,31.77,30.47
446,31.77,30.47
223,31.77,30.47
288,31.77,30.47
423,31.77,30.47
452,31.77,30.47
654,31.77,30.47
250,31.77,30.47
712,31.77,30.47
426,31.77,30.47
520,31.77,30.47
646,31.77,30.47
584,31.77,30.47
522,31.77,30.47
511,31.77,30.47
422,31.77,30.47
879,31.77,30.47
126,31.77,30.47
457,31.77,30.47
767,31.77,30.47
355,31.77,30.47
241,31.77,30.47
534,31.77,30.47
784,31.77,30.47
159,31.77,30.47
680,31.77,30.47
468,31.77,30.47
277,31.77,30.47
573,31.77,30.47
700,31.77,30.47
439,31.77,30.47
571,31.77,30.47
348,31.77,30.47
866,31.77,30.47
424,31.77,30.47
836,31.77,30.47
877,31.79,30.47
218,31.79,30.47
556,31.79,30.47
336,31.79,30.47
815,31.79,30.47
256,31.79,30.47
550,31.79,30.47
759,31.79,30.47
876,31.79,30.47
279,31.79,30.47
370,31.79,30.47
758,31.79,30.47
303,31.79,30.47
684,31.79,30.47
591,31.79,30.47
560,31.79,30.47
393,31.79,30.47
541,31.79,30.47
543,31.79,30.47
417,31.79,30.47
203,31.79,30.47
655,31.79,30.47
235,31.79,30.47
485,31.79,30.53
397,31.79,30.53
548,31.79,30.53
484,31.79,30.53
396,31.79,30.53
878,31.79,30.53
318,31.79,30.53
742,31.79,30.53
618,31.79,30.53
684,31.79,30.53
232,31.79,30.53
577,31.79,30.53
514,31.79,30.53
405,31.79,30.53
423,31.79,30.53
473,31.79,30.53
426,31.79,30.53
266,31.79,30.53
264,31.79,30.53
711,31.79,30.53
572,31.79,30.53
120,31.79,30.53
558,31.79,30.53
243,31.79,30.53
672,31.79,30.53
387,31.79,30.53
583,31.79,30.53
228,31.79,30.53
119,31.79,30.53
372,31.79,30.53
266,31.79,30.53
478,31.79,30.53
498,31.79,30.53
755,31.79,30.53
520,31.79,30.53
343,31.79,30.53
407,31.77,30.53
567,31.77,30.53
313,31.77,30.53
519,31.77,30.53
418,31.77,30.53
826,31.77,30.53
247,31.77,30.53
572,31.77,30.53
664,31.77,30.53
295,31.77,30.53
689,31.77,30.53
423,31.77,30.53
564,31.77,30.53
566,31.77,30.53
660,31.77,30.53
212,31.77,30.53
696,31.77,30.53
556,31.77,30.53
529,31.77,30.53
747,31.77,30.53
505,31.77,30.53
847,31.77,30.53
702,31.77,30.53
310,31.77,30.53
879,31.77,30.39
720,31.77,30.39
710,31.77,30.39
631,31.77,30.39
493,31.77,30.39
808,31.77,30.39
172,31.77,30.39
749,31.77,30.39
764,31.77,30.39
433,31.77,30.39
816,31.77,30.39
535,31.77,30.39
743,31.77,30.39
628,31.77,30.39
872,31.77,30.39
311,31.77,30.39
654,31.77,30.39
309,31.77,30.39
870,31.77,30.39
232,31.77,30.39
458,31.77,30.39
301,31.77,30.39
645,31.77,30.39
120,31.77,30.39
540,31.77,30.39
238,31.77,30.39
362,31.77,30.39
377,31.77,30.39
377,31.77,30.39
690,31.77,30.39
339,31.77,30.39
879,31.77,30.39
432,31.77,30.39
629,31.77,30.39
233,31.77,30.39
607,31.77,30.39
197,31.79,30.39
532,31.79,30.39
344,31.79,30.39
673,31.79,30.39
187,31.79,30.39
632,31.79,30.39
513,31.79,30.39
340,31.79,30.39
483,31.79,30.39
463,31.79,30.39
407,31.79,30.39
119,31.79,30.39
837,31.79,30.39
119,31.79,30.39
783,31.79,30.39
118,31.79,30.39
444,31.79,30.39
340,31.79,30.39
453,31.79,30.39
273,31.79,30.39
860,31.79,30.39
572,31.79,30.39
123,31.79,30.39
710,31.79,30.63
589,31.79,30.63
408,31.79,30.63
328,31.79,30.63
390,31.79,30.63
421,31.79,30.63
663,31.79,30.63
241,31.79,30.63
761,31.79,30.63
335,31.79,30.63
735,31.79,30.63
528,31.79,30.63
454,31.79,30.63
628,31.79,30.63
561,31.79,30.63
649,31.79,30.63
320,31.79,30.63
433,31.79,30.63
772,31.79,30.63
629,31.79,30.63
478,31.79,30.63
862,31.79,30.63
611,31.79,30.63
600,31.79,30.63
577,31.79,30.63
839,31.79,30.63
639,31.79,30.63
533,31.79,30.63
579,31.79,30.63
541,31.79,30.63
651,31.79,30.63
444,31.79,30.63
606,31.79,30.63
505,31.79,30.63
376,31.79,30.63
701,31.79,30.63
623,31.77,30.63
686,31.77,30.63
525,31.77,30.63
729,31.77,30.63
790,31.77,30.63
480,31.77,30.63
680,31.77,30.63
874,31.77,30.63
230,31.77,30.63
469,31.77,30.63
526,31.77,30.63
