641,31.53,30.29
616,31.53,30.29
130,31.53,30.29
123,31.53,30.29
869,31.53,30.29
274,31.53,30.29
496,31.53,30.29
720,31.53,30.29
593,31.53,30.29
603,31.53,30.29
580,31.53,30.29
485,31.53,30.29
500,31.53,30.29
655,31.53,30.29
398,31.53,30.29
738,31.53,30.29
387,31.53,30.29
699,31.53,30.29
425,31.53,30.29
445,31.53,30.29
538,31.53,30.29
450,31.53,30.29
800,31.53,30.29
337,31.53,30.29
877,31.51,30.29
372,31.51,30.29
647,31.51,30.29
393,31.51,30.29
746,31.51,30.29
429,31.51,30.29
544,31.51,30.29
529,31.51,30.29
542,31.51,30.29
172,31.51,30.29
779,31.51,30.29
495,31.51,30.29
134,31.51,30.29
877,31.51,30.29
421,31.51,30.29
673,31.51,30.29
183,31.51,30.29
879,31.51,30.29
361,31.51,30.29
654,31.51,30.29
318,31.51,30.29
426,31.51,30.29
530,31.51,30.29
483,31.51,30.39
863,31.51,30.39
453,31.51,30.39
156,31.51,30.39
641,31.51,30.39
599,31.51,30.39
419,31.51,30.39
629,31.51,30.39
518,31.51,30.39
771,31.51,30.39
498,31.51,30.39
778,31.51,30.39
653,31.51,30.39
494,31.51,30.39
451,31.51,30.39
597,31.51,30.39
604,31.51,30.39
118,31.51,30.39
666,31.51,30.39
340,31.51,30.39
526,31.51,30.39
295,31.51,30.39
438,31.51,30.39
387,31.51,30.39
313,31.51,30.39
509,31.51,30.39
281,31.51,30.39
396,31.51,30.39
481,31.51,30.39
582,31.51,30.39
825,31.51,30.39
359,31.51,30.39
118,31.51,30.39
879,31.51,30.39
118,31.51,30.39
607,31.51,30.39
203,31.53,30.39
527,31.53,30.39
369,31.53,30.39
526,31.53,30.39
378,31.53,30.39
292,31.53,30.39
644,31.53,30.39
681,31.53,30.39
402,31.53,30.39
118,31.53,30.39
706,31.53,30.39
587,31.53,30.39
533,31.53,30.39
335,31.53,30.39
467,31.53,30.39
176,31.53,30.39
601,31.53,30.39
427,31.53,30.39
731,31.53,30.39
480,31.53,30.39
163,31.53,30.39
874,31.53,30.39
179,31.53,30.39
650,31.53,30.39
577,31.53,30.19
777,31.53,30.19
129,31.53,30.19
700,31.53,30.19
502,31.53,30.19
593,31.53,30.19
806,31.53,30.19
527,31.53,30.19
497,31.53,30.19
450,31.53,30.19
621,31.53,30.19
636,31.53,30.19
667,31.53,30.19
172,31.53,30.19
849,31.53,30.19
541,31.53,30.19
561,31.53,30.19
367,31.53,30.19
730,31.53,30.19
591,31.53,30.19
589,31.53,30.19
501,31.53,30.19
400,31.53,30.19
651,31.53,30.19
508,31.53,30.19
668,31.53,30.19
338,31.53,30.19
435,31.53,30.19
284,31.53,30.19
588,31.53,30.19
249,31.53,30.19
505,31.53,30.19
567,31.53,30.19
576,31.53,30.19
256,31.53,30.19
638,31.53,30.19
524,31.51,30.19
285,31.51,30.19
691,31.51,30.19
271,31.51,30.19
868,31.51,30.19
118,31.51,30.19
827,31.51,30.19
302,31.51,30.19
575,31.51,30.19
282,31.51,30.19
615,31.51,30.19
345,31.51,30.19
538,31.51,30.19
504,31.51,30.19
391,31.51,30.19
605,31.51,30.19
551,31.51,30.19
580,31.51,30.19
288,31.51,30.19
651,31.51,30.19
118,31.51,30.19
810,31.51,30.19
118,31.51,30.19
839,31.51,30.29
391,31.51,30.29
443,31.51,30.29
455,31.51,30.29
467,31.51,30.29
583,31.51,30.29
118,31.51,30.29
879,31.51,30.29
560,31.51,30.29
879,31.51,30.29
262,31.51,30.29
787,31.51,30.29
423,31.51,30.29
399,31.51,30.29
502,31.51,30.29
736,31.51,30.29
196,31.51,30.29
600,31.51,30.29
394,31.51,30.29
755,31.51,30.29
679,31.51,30.29
495,31.51,30.29
629,31.51,30.29
372,31.51,30.29
709,31.51,30.29
553,31.51,30.29
494,31.51,30.29
666,31.51,30.29
710,31.51,30.29
406,31.51,30.29
526,31.51,30.29
512,31.51,30.29
486,31.51,30.29
666,31.51,30.29
596,31.51,30.29
572,31.51,30.29
508,31.51,30.29
573,31.55,30.29
459,31.55,30.29
694,31.55,30.29
120,31.55,30.29
716,31.55,30.29
426,31.55,30.29
720,31.55,30.29
392,31.55,30.29
698,31.55,30.29
705,31.55,30.29
391,31.55,30.29
879,31.55,30.29
250,31.55,30.29
614,31.55,30.29
537,31.55,30.29
507,31.55,30.29
514,31.55,30.29
554,31.55,30.29
291,31.55,30.29
636,31.55,30.29
603,31.55,30.29
326,31.55,30.29
390,31.55,30.29
660,31.55,30.33
346,31.55,30.33
419,31.55,30.33
605,31.55,30.33
336,31.55,30.33
781,31.55,30.33
118,31.55,30.33
772,31.55,30.33
318,31.55,30.33
353,31.55,30.33
556,31.55,30.33
389,31.55,30.33
523,31.55,30.33
314,31.55,30.33
840,31.55,30.33
210,31.55,30.33
471,31.55,30.33
404,31.55,30.33
583,31.55,30.33
312,31.55,30.33
618,31.55,30.33
599,31.55,30.33
614,31.55,30.33
120,31.55,30.33
852,31.55,30.33
321,31.55,30.33
564,31.55,30.33
545,31.55,30.33
384,31.55,30.33
730,31.55,30.33
643,31.55,30.33
834,31.55,30.33
580,31.55,30.33
515,31.55,30.33
798,31.55,30.33
544,31.55,30.33
324,31.49,30.33
689,31.49,30.33
522,31.49,30.33
432,31.49,30.33
402,31.49,30.33
804,31.49,30.33
570,31.49,30.33
536,31.49,30.33
757,31.49,30.33
631,31.49,30.33
653,31.49,30.33
397,31.49,30.33
570,31.49,30.33
650,31.49,30.33
660,31.49,30.33
493,31.49,30.33
644,31.49,30.33
761,31.49,30.33
356,31.49,30.33
564,31.49,30.33
569,31.49,30.33
687,31.49,30.33
592,31.49,30.33
662,31.49,30.33
528,31.49,30.39
560,31.49,30.39
555,31.49,30.39
411,31.49,30.39
456,31.49,30.39
482,31.49,30.39
613,31.49,30.39
603,31.49,30.39
534,31.49,30.39
465,31.49,30.39
554,31.49,30.39
585,31.49,30.39
879,31.49,30.39
312,31.49,30.39
659,31.49,30.39
608,31.49,30.39
451,31.49,30.39
370,31.49,30.39
433,31.49,30.39
609,31.49,30.39
457,31.49,30.39
395,31.49,30.39
133,31.49,30.39
603,31.49,30.39
537,31.49,30.39
389,31.49,30.39
607,31.49,30.39
700,31.49,30.39
249,31.49,30.39
772,31.49,30.39
127,31.49,30.39
627,31.49,30.39
482,31.49,30.39
280,31.49,30.39
627,31.49,30.39
119,31.49,30.39
858,31.53,30.39
193,31.53,30.39
554,31.53,30.39
404,31.53,30.39
633,31.53,30.39
258,31.53,30.39
675,31.53,30.39
418,31.53,30.39
581,31.53,30.39
615,31.53,30.39
417,31.53,30.39
288,31.53,30.39
622,31.53,30.39
239,31.53,30.39
496,31.53,30.39
549,31.53,30.39
119,31.53,30.39
815,31.53,30.39
197,31.53,30.39
727,31.53,30.39
211,31.53,30.39
540,31.53,30.39
474,31.53,30.39
524,31.53,30.31
402,31.53,30.31
512,31.53,30.31
570,31.53,30.31
269,31.53,30.31
739,31.53,30.31
676,31.53,30.31
590,31.53,30.31
506,31.53,30.31
622,31.53,30.31
368,31.53,30.31
537,31.53,30.31
118,31.53,30.31
767,31.53,30.31
205,31.53,30.31
743,31.53,30.31
703,31.53,30.31
483,31.53,30.31
576,31.53,30.31
567,31.53,30.31
878,31.53,30.31
258,31.53,30.31
513,31.53,30.31
589,31.53,30.31
607,31.53,30.31
372,31.53,30.31
876,31.53,30.31
565,31.53,30.31
585,31.53,30.31
574,31.53,30.31
783,31.53,30.31
715,31.53,30.31
558,31.53,30.31
593,31.53,30.31
612,31.53,30.31
539,31.53,30.31
304,31.53,30.31
764,31.53,30.31
393,31.53,30.31
705,31.53,30.31
299,31.53,30.31
353,31.53,30.31
493,31.53,30.31
466,31.53,30.31
666,31.53,30.31
509,31.53,30.31
483,31.53,30.31
524,31.53,30.31
613,31.53,30.31
393,31.53,30.31
230,31.53,30.31
498,31.53,30.31
449,31.53,30.31
375,31.53,30.31
519,31.53,30.31
301,31.53,30.31
763,31.53,30.31
160,31.53,30.31
475,31.53,30.31
432,31.53,30.31
326,31.53,30.15
579,31.53,30.15
279,31.53,30.15
878,31.53,30.15
265,31.53,30.15
722,31.53,30.15
643,31.53,30.15
688,31.53,30.15
556,31.53,30.15
809,31.53,30.15
414,31.53,30.15
832,31.53,30.15
357,31.53,30.15
