539,30.61,29.29
593,30.61,29.29
223,30.61,29.23
284,30.61,29.23
171,30.61,29.23
856,30.61,29.23
550,30.61,29.23
125,30.61,29.23
859,30.61,29.23
422,30.61,29.23
347,30.61,29.23
602,30.61,29.23
581,30.61,29.23
657,30.61,29.23
226,30.61,29.23
468,30.61,29.23
522,30.61,29.23
462,30.61,29.23
552,30.61,29.23
495,30.61,29.23
268,30.61,29.23
394,30.61,29.23
134,30.61,29.23
878,30.61,29.23
287,30.61,29.23
781,30.61,29.23
330,30.61,29.23
806,30.61,29.23
121,30.61,29.23
650,30.61,29.23
519,30.61,29.23
496,30.61,29.23
775,30.61,29.23
368,30.61,29.23
365,30.61,29.23
527,30.61,29.23
702,30.61,29.23
497,30.61,29.23
616,30.65,29.23
183,30.65,29.23
862,30.65,29.23
143,30.65,29.23
715,30.65,29.23
345,30.65,29.23
423,30.65,29.23
422,30.65,29.23
467,30.65,29.23
610,30.65,29.23
119,30.65,29.23
542,30.65,29.23
548,30.65,29.23
726,30.65,29.23
196,30.65,29.23
747,30.65,29.23
397,30.65,29.23
347,30.65,29.23
281,30.65,29.23
399,30.65,29.23
286,30.65,29.23
768,30.65,29.23
222,30.65,29.23
677,30.65,29.23
615,30.65,29.49
123,30.65,29.49
877,30.65,29.49
311,30.65,29.49
517,30.65,29.49
122,30.65,29.49
773,30.65,29.49
119,30.65,29.49
671,30.65,29.49
509,30.65,29.49
439,30.65,29.49
399,30.65,29.49
659,30.65,29.49
423,30.65,29.49
378,30.65,29.49
343,30.65,29.49
665,30.65,29.49
657,30.65,29.49
388,30.65,29.49
723,30.65,29.49
397,30.65,29.49
699,30.65,29.49
121,30.65,29.49
643,30.65,29.49
334,30.65,29.49
330,30.65,29.49
560,30.65,29.49
169,30.65,29.49
663,30.65,29.49
119,30.65,29.49
749,30.65,29.49
191,30.65,29.49
486,30.65,29.49
398,30.65,29.49
581,30.65,29.49
361,30.65,29.49
626,30.61,29.49
707,30.61,29.49
565,30.61,29.49
468,30.61,29.49
350,30.61,29.49
611,30.61,29.49
714,30.61,29.49
504,30.61,29.49
251,30.61,29.49
877,30.61,29.49
329,30.61,29.49
749,30.61,29.49
450,30.61,29.49
371,30.61,29.49
535,30.61,29.49
546,30.61,29.49
776,30.61,29.49
159,30.61,29.49
878,30.61,29.49
526,30.61,29.49
696,30.61,29.49
327,30.61,29.49
618,30.61,29.49
614,30.61,29.19
604,30.61,29.19
524,30.61,29.19
667,30.61,29.19
246,30.61,29.19
699,30.61,29.19
319,30.61,29.19
474,30.61,29.19
624,30.61,29.19
464,30.61,29.19
677,30.61,29.19
275,30.61,29.19
696,30.61,29.19
321,30.61,29.19
666,30.61,29.19
300,30.61,29.19
629,30.61,29.19
378,30.61,29.19
360,30.61,29.19
525,30.61,29.19
354,30.61,29.19
336,30.61,29.19
289,30.61,29.19
215,30.61,29.19
529,30.61,29.19
505,30.61,29.19
334,30.61,29.19
448,30.61,29.19
318,30.61,29.19
695,30.61,29.19
254,30.61,29.19
691,30.61,29.19
389,30.61,29.19
516,30.61,29.19
596,30.61,29.19
339,30.61,29.19
591,30.57,29.19
273,30.57,29.19
506,30.57,29.19
118,30.57,29.19
812,30.57,29.19
538,30.57,29.19
429,30.57,29.19
553,30.57,29.19
447,30.57,29.19
653,30.57,29.19
586,30.57,29.19
521,30.57,29.19
462,30.57,29.19
602,30.57,29.19
332,30.57,29.19
544,30.57,29.19
231,30.57,29.19
463,30.57,29.19
473,30.57,29.19
787,30.57,29.19
286,30.57,29.19
422,30.57,29.19
787,30.57,29.19
417,30.57,29.19
351,30.57,29.37
459,30.57,29.37
846,30.57,29.37
123,30.57,29.37
719,30.57,29.37
482,30.57,29.37
461,30.57,29.37
338,30.57,29.37
460,30.57,29.37
479,30.57,29.37
687,30.57,29.37
270,30.57,29.37
697,30.57,29.37
578,30.57,29.37
210,30.57,29.37
452,30.57,29.37
339,30.57,29.37
479,30.57,29.37
417,30.57,29.37
591,30.57,29.37
430,30.57,29.37
698,30.57,29.37
510,30.57,29.37
659,30.57,29.37
445,30.57,29.37
592,30.57,29.37
557,30.57,29.37
641,30.57,29.37
309,30.57,29.37
423,30.57,29.37
441,30.57,29.37
470,30.57,29.37
530,30.57,29.37
359,30.57,29.37
726,30.57,29.37
216,30.57,29.37
879,30.61,29.37
334,30.61,29.37
501,30.61,29.37
262,30.61,29.37
598,30.61,29.37
612,30.61,29.37
332,30.61,29.37
679,30.61,29.37
668,30.61,29.37
401,30.61,29.37
252,30.61,29.37
184,30.61,29.37
417,30.61,29.37
577,30.61,29.37
450,30.61,29.37
424,30.61,29.37
296,30.61,29.37
368,30.61,29.37
724,30.61,29.37
560,30.61,29.37
368,30.61,29.37
592,30.61,29.37
658,30.61,29.37
188,30.61,29.23
824,30.61,29.23
473,30.61,29.23
341,30.61,29.23
508,30.61,29.23
600,30.61,29.23
740,30.61,29.23
566,30.61,29.23
716,30.61,29.23
443,30.61,29.23
733,30.61,29.23
244,30.61,29.23
583,30.61,29.23
655,30.61,29.23
367,30.61,29.23
611,30.61,29.23
509,30.61,29.23
119,30.61,29.23
821,30.61,29.23
199,30.61,29.23
800,30.61,29.23
331,30.61,29.23
519,30.61,29.23
593,30.61,29.23
256,30.61,29.23
562,30.61,29.23
762,30.61,29.23
517,30.61,29.23
516,30.61,29.23
800,30.61,29.23
533,30.61,29.23
779,30.61,29.23
514,30.61,29.23
559,30.61,29.23
416,30.61,29.23
787,30.61,29.23
345,30.57,29.23
793,30.57,29.23
265,30.57,29.23
607,30.57,29.23
584,30.57,29.23
272,30.57,29.23
749,30.57,29.23
281,30.57,29.23
868,30.57,29.23
435,30.57,29.23
578,30.57,29.23
172,30.57,29.23
737,30.57,29.23
505,30.57,29.23
648,30.57,29.23
378,30.57,29.23
526,30.57,29.23
747,30.57,29.23
358,30.57,29.23
462,30.57,29.23
562,30.57,29.23
593,30.57,29.23
368,30.57,29.23
651,30.57,29.23
428,30.57,29.19
492,30.57,29.19
435,30.57,29.19
450,30.57,29.19
522,30.57,29.19
274,30.57,29.19
761,30.57,29.19
284,30.57,29.19
659,30.57,29.19
247,30.57,29.19
662,30.57,29.19
494,30.57,29.19
371,30.57,29.19
453,30.57,29.19
716,30.57,29.19
388,30.57,29.19
339,30.57,29.19
545,30.57,29.19
680,30.57,29.19
524,30.57,29.19
502,30.57,29.19
445,30.57,29.19
400,30.57,29.19
343,30.57,29.19
121,30.57,29.19
501,30.57,29.19
124,30.57,29.19
483,30.57,29.19
121,30.57,29.19
121,30.57,29.19
670,30.57,29.19
470,30.57,29.19
628,30.57,29.19
555,30.57,29.19
121,30.57,29.19
531,30.57,29.19
510,30.65,29.19
351,30.65,29.19
499,30.65,29.19
604,30.65,29.19
622,30.65,29.19
369,30.65,29.19
746,30.65,29.19
121,30.65,29.19
638,30.65,29.19
534,30.65,29.19
397,30.65,29.19
877,30.65,29.19
120,30.65,29.19
876,30.65,29.19
688,30.65,29.19
421,30.65,29.19
603,30.65,29.19
497,30.65,29.19
365,30.65,29.19
689,30.65,29.19
469,30.65,29.19
838,30.65,29.19
229,30.65,29.19
588,30.65,29.51
237,30.65,29.51
495,30.65,29.51
481,30.65,29.51
191,30.65,29.51
875,30.65,29.51
120,30.65,29.51
852,30.65,29.51
362,30.65,29.51
763,30.65,29.51
618,30.65,29.51
366,30.65,29.51
709,30.65,29.51
121,30.65,29.51
811,30.65,29.51
771,30.65,29.51
508,30.65,29.51
547,30.65,29.51
398,30.65,29.51
611,30.65,29.51
854,30.65,29.51
154,30.65,29.51
692,30.65,29.51
245,30.65,29.51
595,30.65,29.51
121,30.65,29.51
572,30.65,29.51
442,30.65,29.51
699,30.65,29.51
745,30.65,29.51
335,30.65,29.51
738,30.65,29.51
334,30.65,29.51
641,30.65,29.51
388,30.65,29.51
254,30.65,29.51
490,30.61,29.51
122,30.61,29.51
384,30.61,29.51
443,30.61,29.51
123,30.61,29.51
586,30.61,29.51
123,30.61,29.51
406,30.61,29.51
666,30.61,29.51
364,30.61,29.51
582,30.61,29.51
494,30.61,29.51
755,30.61,29.51
120,30.61,29.51
698,30.61,29.51
311,30.61,29.51
487,30.61,29.51
373,30.61,29.51
359,30.61,29.51
879,30.61,29.51
334,30.61,29.51
693,30.61,29.51
367,30.61,29.51
