539,30.55,29.19
401,30.55,29.19
274,30.55,29.19
220,30.55,29.19
650,30.55,29.19
529,30.55,29.43
498,30.55,29.43
444,30.55,29.43
368,30.55,29.43
503,30.55,29.43
384,30.55,29.43
727,30.55,29.43
388,30.55,29.43
459,30.55,29.43
495,30.55,29.43
484,30.55,29.43
496,30.55,29.43
761,30.55,29.43
357,30.55,29.43
706,30.55,29.43
250,30.55,29.43
501,30.55,29.43
125,30.55,29.43
564,30.55,29.43
510,30.55,29.43
392,30.55,29.43
615,30.55,29.43
283,30.55,29.43
875,30.55,29.43
265,30.55,29.43
587,30.55,29.43
604,30.55,29.43
616,30.55,29.43
485,30.55,29.43
534,30.55,29.43
277,30.55,29.43
482,30.55,29.43
233,30.55,29.43
385,30.55,29.43
572,30.55,29.43
309,30.55,29.43
589,30.53,29.43
322,30.53,29.43
756,30.53,29.43
289,30.53,29.43
608,30.53,29.43
342,30.53,29.43
646,30.53,29.43
289,30.53,29.43
727,30.53,29.43
521,30.53,29.43
505,30.53,29.43
833,30.53,29.43
275,30.53,29.43
662,30.53,29.43
192,30.53,29.43
626,30.53,29.43
465,30.53,29.43
501,30.53,29.43
385,30.53,29.43
554,30.53,29.43
324,30.53,29.43
574,30.53,29.43
468,30.53,29.43
310,30.53,29.43
460,30.53,29.31
496,30.53,29.31
599,30.53,29.31
119,30.53,29.31
555,30.53,29.31
119,30.53,29.31
838,30.53,29.31
118,30.53,29.31
646,30.53,29.31
554,30.53,29.31
437,30.53,29.31
518,30.53,29.31
629,30.53,29.31
449,30.53,29.31
446,30.53,29.31
402,30.53,29.31
491,30.53,29.31
613,30.53,29.31
194,30.53,29.31
620,30.53,29.31
135,30.53,29.31
807,30.53,29.31
123,30.53,29.31
872,30.53,29.31
119,30.53,29.31
491,30.53,29.31
318,30.53,29.31
363,30.53,29.31
510,30.53,29.31
781,30.53,29.31
878,30.53,29.31
384,30.53,29.31
779,30.53,29.31
429,30.53,29.31
805,30.53,29.31
426,30.53,29.31
656,30.53,29.31
191,30.53,29.31
876,30.53,29.31
295,30.53,29.31
719,30.53,29.31
279,30.53,29.31
380,30.53,29.31
878,30.53,29.31
338,30.53,29.31
747,30.53,29.31
362,30.53,29.31
808,30.53,29.31
468,30.53,29.31
875,30.53,29.31
244,30.53,29.31
876,30.53,29.31
530,30.53,29.31
518,30.53,29.31
637,30.53,29.31
412,30.53,29.31
546,30.53,29.31
427,30.53,29.31
288,30.53,29.31
443,30.53,29.35
593,30.53,29.35
120,30.53,29.35
626,30.53,29.35
320,30.53,29.35
547,30.53,29.35
503,30.53,29.35
300,30.53,29.35
662,30.53,29.35
772,30.53,29.35
217,30.53,29.35
396,30.53,29.35
774,30.53,29.35
282,30.53,29.35
577,30.53,29.35
543,30.53,29.35
347,30.53,29.35
510,30.53,29.35
749,30.53,29.35
317,30.53,29.35
371,30.53,29.35
437,30.53,29.35
732,30.53,29.35
344,30.53,29.35
480,30.53,29.35
772,30.53,29.35
398,30.53,29.35
515,30.53,29.35
251,30.53,29.35
876,30.53,29.35
131,30.53,29.35
177,30.53,29.35
409,30.53,29.35
642,30.53,29.35
454,30.53,29.35
317,30.53,29.35
736,30.53,29.35
251,30.53,29.35
486,30.53,29.35
602,30.53,29.35
366,30.53,29.35
354,30.53,29.35
715,30.53,29.35
491,30.53,29.35
534,30.53,29.35
119,30.53,29.35
702,30.53,29.35
497,30.53,29.35
587,30.53,29.35
672,30.53,29.35
298,30.53,29.35
877,30.53,29.35
118,30.53,29.35
841,30.53,29.35
338,30.53,29.35
863,30.53,29.35
425,30.53,29.35
752,30.53,29.35
446,30.53,29.35
571,30.53,29.37
581,30.53,29.37
636,30.53,29.37
459,30.53,29.37
527,30.53,29.37
570,30.53,29.37
328,30.53,29.37
706,30.53,29.37
514,30.53,29.37
641,30.53,29.37
238,30.53,29.37
732,30.53,29.37
359,30.53,29.37
588,30.53,29.37
339,30.53,29.37
450,30.53,29.37
768,30.53,29.37
312,30.53,29.37
564,30.53,29.37
482,30.53,29.37
474,30.53,29.37
486,30.53,29.37
626,30.53,29.37
332,30.53,29.37
339,30.53,29.37
495,30.53,29.37
556,30.53,29.37
278,30.53,29.37
723,30.53,29.37
286,30.53,29.37
541,30.53,29.37
214,30.53,29.37
639,30.53,29.37
475,30.53,29.37
390,30.53,29.37
750,30.53,29.37
382,30.53,29.37
685,30.53,29.37
330,30.53,29.37
758,30.53,29.37
119,30.53,29.37
307,30.53,29.37
591,30.53,29.37
442,30.53,29.37
391,30.53,29.37
568,30.53,29.37
746,30.53,29.37
747,30.53,29.37
487,30.53,29.37
477,30.53,29.37
430,30.53,29.37
300,30.53,29.37
573,30.53,29.37
257,30.53,29.37
785,30.53,29.37
416,30.53,29.37
481,30.53,29.37
577,30.53,29.37
517,30.53,29.37
593,30.53,29.37
660,30.53,29.17
639,30.53,29.17
389,30.53,29.17
764,30.53,29.17
399,30.53,29.17
541,30.53,29.17
696,30.53,29.17
695,30.53,29.17
359,30.53,29.17
358,30.53,29.17
399,30.53,29.17
719,30.53,29.17
190,30.53,29.17
695,30.53,29.17
748,30.53,29.17
598,30.53,29.17
653,30.53,29.17
454,30.53,29.17
758,30.53,29.17
284,30.53,29.17
565,30.53,29.17
389,30.53,29.17
397,30.53,29.17
811,30.53,29.17
746,30.53,29.17
487,30.53,29.17
630,30.53,29.17
772,30.53,29.17
386,30.53,29.17
523,30.53,29.17
350,30.53,29.17
865,30.53,29.17
432,30.53,29.17
513,30.53,29.17
254,30.53,29.17
806,30.53,29.17
305,30.57,29.17
572,30.57,29.17
632,30.57,29.17
245,30.57,29.17
652,30.57,29.17
303,30.57,29.17
844,30.57,29.17
508,30.57,29.17
333,30.57,29.17
537,30.57,29.17
737,30.57,29.17
147,30.57,29.17
202,30.57,29.17
394,30.57,29.17
401,30.57,29.17
329,30.57,29.17
828,30.57,29.17
124,30.57,29.17
340,30.57,29.17
876,30.57,29.17
508,30.57,29.17
878,30.57,29.17
120,30.57,29.17
878,30.57,29.17
120,30.57,29.31
738,30.57,29.31
411,30.57,29.31
327,30.57,29.31
481,30.57,29.31
253,30.57,29.31
446,30.57,29.31
411,30.57,29.31
623,30.57,29.31
282,30.57,29.31
737,30.57,29.31
155,30.57,29.31
273,30.57,29.31
614,30.57,29.31
818,30.57,29.31
230,30.57,29.31
695,30.57,29.31
121,30.57,29.31
603,30.57,29.31
462,30.57,29.31
481,30.57,29.31
648,30.57,29.31
123,30.57,29.31
583,30.57,29.31
240,30.57,29.31
698,30.57,29.31
237,30.57,29.31
503,30.57,29.31
546,30.57,29.31
512,30.57,29.31
610,30.57,29.31
469,30.57,29.31
548,30.57,29.31
630,30.57,29.31
531,30.57,29.31
668,30.55,29.31
195,30.55,29.31
657,30.55,29.31
605,30.55,29.31
485,30.55,29.31
878,30.55,29.31
120,30.55,29.31
878,30.55,29.31
553,30.55,29.31
524,30.55,29.31
746,30.55,29.31
531,30.55,29.31
485,30.55,29.31
741,30.55,29.31
535,30.55,29.31
503,30.55,29.31
719,30.55,29.31
678,30.55,29.31
654,30.55,29.31
405,30.55,29.31
595,30.55,29.31
176,30.55,29.31
411,30.55,29.31
404,30.55,29.31
434,30.55,29.39
468,30.55,29.39
476,30.55,29.39
708,30.55,29.39
420,30.55,29.39
330,30.55,29.39
228,30.55,29.39
748,30.55,29.39
353,30.55,29.39
521,30.55,29.39
444,30.55,29.39
638,30.55,29.39
297,30.55,29.39
492,30.55,29.39
427,30.55,29.39
281,30.55,29.39
609,30.55,29.39
476,30.55,29.39
410,30.55,29.39
317,30.55,29.39
804,30.55,29.39
540,30.55,29.39
492,30.55,29.39
539,30.55,29.39
395,30.55,29.39
179,30.55,29.39
564,30.55,29.39
383,30.55,29.39
582,30.55,29.39
271,30.55,29.39
462,30.55,29.39
674,30.55,29.39
128,30.55,29.39
656,30.55,29.39
649,30.55,29.39
183,30.55,29.39
388,30.53,29.39
716,30.53,29.39
320,30.53,29.39
553,30.53,29.39
645,30.53,29.39
265,30.53,29.39
246,30.53,29.39
500,30.53,29.39
433,30.53,29.39
693,30.53,29.39
311,30.53,29.39
268,30.53,29.39
852,30.53,29.39
180,30.53,29.39
698,30.53,29.39
613,30.53,29.39
564,30.53,29.39
393,30.53,29.39
298,30.53,29.39
647,30.53,29.39
326,30.53,29.39
