350,31.41,30.17
475,31.41,30.23
438,31.41,30.23
366,31.41,30.23
351,31.41,30.23
663,31.41,30.23
351,31.41,30.23
657,31.41,30.23
387,31.41,30.23
456,31.41,30.23
156,31.41,30.23
492,31.41,30.23
593,31.41,30.23
369,31.41,30.23
360,31.41,30.23
397,31.41,30.23
504,31.41,30.23
421,31.41,30.23
499,31.41,30.23
155,31.41,30.23
479,31.41,30.23
138,31.41,30.23
822,31.41,30.23
430,31.41,30.23
379,31.41,30.23
592,31.41,30.23
391,31.41,30.23
612,31.41,30.23
297,31.41,30.23
420,31.41,30.23
334,31.41,30.23
521,31.41,30.23
572,31.41,30.23
610,31.41,30.23
486,31.41,30.23
447,31.41,30.23
777,31.41,30.23
363,31.47,30.23
259,31.47,30.23
587,31.47,30.23
424,31.47,30.23
550,31.47,30.23
514,31.47,30.23
379,31.47,30.23
695,31.47,30.23
325,31.47,30.23
751,31.47,30.23
207,31.47,30.23
753,31.47,30.23
328,31.47,30.23
556,31.47,30.23
760,31.47,30.23
457,31.47,30.23
438,31.47,30.23
748,31.47,30.23
310,31.47,30.23
733,31.47,30.23
303,31.47,30.23
509,31.47,30.23
623,31.47,30.23
500,31.47,30.23
805,31.47,30.23
212,31.47,30.23
726,31.47,30.23
122,31.47,30.23
734,31.47,30.23
198,31.47,30.23
718,31.47,30.23
697,31.47,30.23
652,31.47,30.23
520,31.47,30.23
526,31.47,30.23
584,31.47,30.23
399,31.47,30.23
690,31.47,30.23
364,31.47,30.23
625,31.47,30.23
201,31.47,30.23
691,31.47,30.23
433,31.47,30.23
659,31.47,30.23
573,31.47,30.23
789,31.47,30.23
257,31.47,30.23
463,31.47,30.23
399,31.47,30.23
360,31.47,30.23
523,31.47,30.23
290,31.47,30.23
819,31.47,30.23
439,31.47,30.23
128,31.47,30.23
456,31.47,30.23
308,31.47,30.23
348,31.47,30.23
854,31.47,30.23
283,31.47,30.23
447,31.47,30.23
692,31.47,30.23
559,31.47,30.23
568,31.47,30.23
446,31.47,30.23
525,31.47,30.23
481,31.47,30.23
459,31.47,30.23
127,31.47,30.23
712,31.47,30.23
437,31.47,30.23
504,31.47,30.23
483,31.47,30.23
212,31.47,30.23
625,31.47,30.23
172,31.47,30.23
567,31.47,30.23
466,31.47,30.23
394,31.47,30.23
558,31.47,30.23
510,31.47,30.23
498,31.47,30.23
609,31.47,30.23
340,31.47,30.11
363,31.47,30.11
402,31.47,30.11
705,31.47,30.11
264,31.47,30.11
363,31.47,30.11
486,31.47,30.11
118,31.47,30.11
554,31.47,30.11
370,31.47,30.11
772,31.47,30.11
444,31.47,30.11
451,31.47,30.11
474,31.47,30.11
378,31.47,30.11
628,31.47,30.11
342,31.47,30.11
854,31.47,30.11
421,31.47,30.11
601,31.47,30.11
445,31.47,30.11
658,31.47,30.11
365,31.47,30.11
794,31.47,30.11
381,31.47,30.11
820,31.47,30.11
178,31.47,30.11
851,31.47,30.11
514,31.47,30.11
573,31.47,30.11
622,31.47,30.11
615,31.47,30.11
794,31.47,30.11
338,31.47,30.11
849,31.47,30.11
397,31.47,30.11
782,31.49,30.11
571,31.49,30.11
659,31.49,30.11
525,31.49,30.11
817,31.49,30.11
605,31.49,30.11
551,31.49,30.11
144,31.49,30.11
636,31.49,30.11
636,31.49,30.11
285,31.49,30.11
802,31.49,30.11
658,31.49,30.11
558,31.49,30.11
251,31.49,30.11
785,31.49,30.11
438,31.49,30.11
695,31.49,30.11
160,31.49,30.11
629,31.49,30.11
504,31.49,30.11
479,31.49,30.11
701,31.49,30.11
378,31.49,30.23
469,31.49,30.23
301,31.49,30.23
478,31.49,30.23
535,31.49,30.23
412,31.49,30.23
426,31.49,30.23
680,31.49,30.23
289,31.49,30.23
767,31.49,30.23
527,31.49,30.23
720,31.49,30.23
302,31.49,30.23
520,31.49,30.23
469,31.49,30.23
272,31.49,30.23
490,31.49,30.23
124,31.49,30.23
714,31.49,30.23
366,31.49,30.23
511,31.49,30.23
381,31.49,30.23
306,31.49,30.23
508,31.49,30.23
497,31.49,30.23
462,31.49,30.23
400,31.49,30.23
503,31.49,30.23
595,31.49,30.23
235,31.49,30.23
270,31.49,30.23
731,31.49,30.23
122,31.49,30.23
685,31.49,30.23
475,31.49,30.23
800,31.49,30.23
476,31.49,30.23
427,31.43,30.23
561,31.43,30.23
389,31.43,30.23
620,31.43,30.23
442,31.43,30.23
667,31.43,30.23
281,31.43,30.23
575,31.43,30.23
635,31.43,30.23
362,31.43,30.23
418,31.43,30.23
510,31.43,30.23
421,31.43,30.23
649,31.43,30.23
716,31.43,30.23
584,31.43,30.23
373,31.43,30.23
248,31.43,30.23
726,31.43,30.23
478,31.43,30.23
778,31.43,30.23
473,31.43,30.23
866,31.43,30.23
314,31.43,30.09
498,31.43,30.09
607,31.43,30.09
453,31.43,30.09
678,31.43,30.09
463,31.43,30.09
682,31.43,30.09
429,31.43,30.09
580,31.43,30.09
731,31.43,30.09
668,31.43,30.09
160,31.43,30.09
643,31.43,30.09
541,31.43,30.09
638,31.43,30.09
273,31.43,30.09
625,31.43,30.09
413,31.43,30.09
692,31.43,30.09
470,31.43,30.09
699,31.43,30.09
729,31.43,30.09
143,31.43,30.09
879,31.43,30.09
344,31.43,30.09
399,31.43,30.09
532,31.43,30.09
347,31.43,30.09
178,31.43,30.09
418,31.43,30.09
693,31.43,30.09
285,31.43,30.09
477,31.43,30.09
376,31.43,30.09
551,31.43,30.09
472,31.43,30.09
829,31.49,30.09
348,31.49,30.09
806,31.49,30.09
119,31.49,30.09
738,31.49,30.09
127,31.49,30.09
544,31.49,30.09
330,31.49,30.09
613,31.49,30.09
566,31.49,30.09
370,31.49,30.09
779,31.49,30.09
356,31.49,30.09
405,31.49,30.09
119,31.49,30.09
555,31.49,30.09
249,31.49,30.09
514,31.49,30.09
388,31.49,30.09
782,31.49,30.09
120,31.49,30.09
717,31.49,30.09
363,31.49,30.09
353,31.49,30.25
481,31.49,30.25
200,31.49,30.25
841,31.49,30.25
438,31.49,30.25
744,31.49,30.25
340,31.49,30.25
767,31.49,30.25
297,31.49,30.25
723,31.49,30.25
377,31.49,30.25
367,31.49,30.25
455,31.49,30.25
619,31.49,30.25
590,31.49,30.25
421,31.49,30.25
629,31.49,30.25
353,31.49,30.25
407,31.49,30.25
465,31.49,30.25
521,31.49,30.25
534,31.49,30.25
499,31.49,30.25
476,31.49,30.25
753,31.49,30.25
430,31.49,30.25
794,31.49,30.25
457,31.49,30.25
634,31.49,30.25
772,31.49,30.25
631,31.49,30.25
614,31.49,30.25
316,31.49,30.25
791,31.49,30.25
359,31.49,30.25
528,31.49,30.25
580,31.49,30.25
457,31.47,30.25
602,31.47,30.25
237,31.47,30.25
389,31.47,30.25
724,31.47,30.25
421,31.47,30.25
648,31.47,30.25
684,31.47,30.25
455,31.47,30.25
683,31.47,30.25
254,31.47,30.25
856,31.47,30.25
437,31.47,30.25
739,31.47,30.25
619,31.47,30.25
575,31.47,30.25
671,31.47,30.25
249,31.47,30.25
768,31.47,30.25
229,31.47,30.25
490,31.47,30.25
457,31.47,30.25
627,31.47,30.25
432,31.47,30.05
373,31.47,30.05
431,31.47,30.05
535,31.47,30.05
308,31.47,30.05
490,31.47,30.05
387,31.47,30.05
265,31.47,30.05
591,31.47,30.05
286,31.47,30.05
729,31.47,30.05
136,31.47,30.05
661,31.47,30.05
247,31.47,30.05
476,31.47,30.05
365,31.47,30.05
565,31.47,30.05
666,31.47,30.05
118,31.47,30.05
589,31.47,30.05
279,31.47,30.05
511,31.47,30.05
386,31.47,30.05
475,31.47,30.05
407,31.47,30.05
798,31.47,30.05
170,31.47,30.05
433,31.47,30.05
210,31.47,30.05
857,31.47,30.05
527,31.47,30.05
604,31.47,30.05
745,31.47,30.05
407,31.47,30.05
662,31.47,30.05
276,31.47,30.05
751,31.43,30.05
232,31.43,30.05
738,31.43,30.05
119,31.43,30.05
715,31.43,30.05
391,31.43,30.05
290,31.43,30.05
472,31.43,30.05
603,31.43,30.05
118,31.43,30.05
564,31.43,30.05
514,31.43,30.05
458,31.43,30.05
374,31.43,30.05
637,31.43,30.05
877,31.43,30.05
374,31.43,30.05
857,31.43,30.05
252,31.43,30.05
827,31.43,30.05
420,31.43,30.05
618,31.43,30.05
393,31.43,30.05
566,31.43,30.05
444,31.43,30.29
