421,31.31,29.99
506,31.31,29.99
503,31.31,29.99
130,31.31,29.99
831,31.31,29.99
537,31.31,29.99
195,31.31,29.99
124,31.31,29.99
702,31.31,29.99
391,31.31,29.99
633,31.31,29.99
676,31.31,29.99
483,31.31,29.99
637,31.31,29.99
570,31.31,29.99
484,31.31,29.99
598,31.31,29.99
341,31.31,29.99
241,31.31,30.17
591,31.31,30.17
784,31.31,30.17
460,31.31,30.17
856,31.31,30.17
634,31.31,30.17
496,31.31,30.17
821,31.31,30.17
549,31.31,30.17
522,31.31,30.17
436,31.31,30.17
744,31.31,30.17
371,31.31,30.17
712,31.31,30.17
553,31.31,30.17
126,31.31,30.17
741,31.31,30.17
492,31.31,30.17
593,31.31,30.17
734,31.31,30.17
448,31.31,30.17
511,31.31,30.17
744,31.31,30.17
406,31.31,30.17
534,31.31,30.17
497,31.31,30.17
707,31.31,30.17
274,31.31,30.17
682,31.31,30.17
308,31.31,30.17
408,31.31,30.17
753,31.31,30.17
282,31.31,30.17
799,31.31,30.17
382,31.31,30.17
797,31.31,30.17
475,31.33,30.17
528,31.33,30.17
599,31.33,30.17
517,31.33,30.17
424,31.33,30.17
614,31.33,30.17
145,31.33,30.17
799,31.33,30.17
606,31.33,30.17
477,31.33,30.17
490,31.33,30.17
301,31.33,30.17
517,31.33,30.17
466,31.33,30.17
400,31.33,30.17
172,31.33,30.17
879,31.33,30.17
241,31.33,30.17
542,31.33,30.17
515,31.33,30.17
392,31.33,30.17
604,31.33,30.17
253,31.33,30.17
593,31.33,30.15
529,31.33,30.15
475,31.33,30.15
463,31.33,30.15
493,31.33,30.15
408,31.33,30.15
529,31.33,30.15
419,31.33,30.15
631,31.33,30.15
344,31.33,30.15
878,31.33,30.15
375,31.33,30.15
656,31.33,30.15
724,31.33,30.15
458,31.33,30.15
876,31.33,30.15
122,31.33,30.15
716,31.33,30.15
220,31.33,30.15
528,31.33,30.15
316,31.33,30.15
727,31.33,30.15
399,31.33,30.15
341,31.33,30.15
309,31.33,30.15
718,31.33,30.15
293,31.33,30.15
812,31.33,30.15
770,31.33,30.15
522,31.33,30.15
735,31.33,30.15
637,31.33,30.15
589,31.33,30.15
128,31.33,30.15
799,31.33,30.15
217,31.33,30.15
712,31.33,30.15
167,31.31,30.15
646,31.31,30.15
495,31.31,30.15
489,31.31,30.15
522,31.31,30.15
415,31.31,30.15
525,31.31,30.15
341,31.31,30.15
298,31.31,30.15
545,31.31,30.15
669,31.31,30.15
525,31.31,30.15
878,31.31,30.15
128,31.31,30.15
657,31.31,30.15
331,31.31,30.15
517,31.31,30.15
317,31.31,30.15
815,31.31,30.15
279,31.31,30.15
408,31.31,30.15
636,31.31,30.15
377,31.31,30.15
842,31.31,29.97
406,31.31,29.97
528,31.31,29.97
647,31.31,29.97
407,31.31,29.97
380,31.31,29.97
805,31.31,29.97
363,31.31,29.97
488,31.31,29.97
430,31.31,29.97
449,31.31,29.97
516,31.31,29.97
161,31.31,29.97
522,31.31,29.97
412,31.31,29.97
623,31.31,29.97
136,31.31,29.97
757,31.31,29.97
223,31.31,29.97
713,31.31,29.97
474,31.31,29.97
355,31.31,29.97
453,31.31,29.97
420,31.31,29.97
601,31.31,29.97
370,31.31,29.97
424,31.31,29.97
235,31.31,29.97
488,31.31,29.97
577,31.31,29.97
482,31.31,29.97
485,31.31,29.97
459,31.31,29.97
337,31.31,29.97
694,31.31,29.97
420,31.31,29.97
415,31.35,29.97
767,31.35,29.97
692,31.35,29.97
551,31.35,29.97
521,31.35,29.97
870,31.35,29.97
348,31.35,29.97
667,31.35,29.97
496,31.35,29.97
623,31.35,29.97
573,31.35,29.97
569,31.35,29.97
723,31.35,29.97
297,31.35,29.97
640,31.35,29.97
781,31.35,29.97
552,31.35,29.97
718,31.35,29.97
850,31.35,29.97
378,31.35,29.97
725,31.35,29.97
366,31.35,29.97
857,31.35,29.97
433,31.35,29.97
832,31.35,30.09
447,31.35,30.09
578,31.35,30.09
409,31.35,30.09
277,31.35,30.09
803,31.35,30.09
249,31.35,30.09
661,31.35,30.09
498,31.35,30.09
455,31.35,30.09
600,31.35,30.09
659,31.35,30.09
457,31.35,30.09
788,31.35,30.09
435,31.35,30.09
716,31.35,30.09
389,31.35,30.09
592,31.35,30.09
639,31.35,30.09
338,31.35,30.09
469,31.35,30.09
217,31.35,30.09
772,31.35,30.09
120,31.35,30.09
737,31.35,30.09
385,31.35,30.09
672,31.35,30.09
534,31.35,30.09
493,31.35,30.09
817,31.35,30.09
337,31.35,30.09
853,31.35,30.09
318,31.35,30.09
607,31.35,30.09
310,31.35,30.09
473,31.35,30.09
372,31.33,30.09
549,31.33,30.09
373,31.33,30.09
818,31.33,30.09
347,31.33,30.09
438,31.33,30.09
616,31.33,30.09
422,31.33,30.09
832,31.33,30.09
272,31.33,30.09
705,31.33,30.09
281,31.33,30.09
596,31.33,30.09
118,31.33,30.09
699,31.33,30.09
179,31.33,30.09
285,31.33,30.09
573,31.33,30.09
126,31.33,30.09
494,31.33,30.09
237,31.33,30.09
275,31.33,30.09
269,31.33,30.09
473,31.33,29.91
332,31.33,29.91
603,31.33,29.91
286,31.33,29.91
581,31.33,29.91
404,31.33,29.91
431,31.33,29.91
432,31.33,29.91
427,31.33,29.91
131,31.33,29.91
546,31.33,29.91
652,31.33,29.91
279,31.33,29.91
705,31.33,29.91
411,31.33,29.91
535,31.33,29.91
359,31.33,29.91
326,31.33,29.91
707,31.33,29.91
666,31.33,29.91
439,31.33,29.91
574,31.33,29.91
509,31.33,29.91
459,31.33,29.91
331,31.33,29.91
612,31.33,29.91
787,31.33,29.91
122,31.33,29.91
675,31.33,29.91
255,31.33,29.91
831,31.33,29.91
349,31.33,29.91
494,31.33,29.91
677,31.33,29.91
447,31.33,29.91
819,31.33,29.91
307,31.33,29.91
879,31.33,29.91
468,31.33,29.91
846,31.33,29.91
270,31.33,29.91
666,31.33,29.91
526,31.33,29.91
533,31.33,29.91
734,31.33,29.91
419,31.33,29.91
353,31.33,29.91
675,31.33,29.91
603,31.33,29.91
194,31.33,29.91
784,31.33,29.91
118,31.33,29.91
836,31.33,29.91
448,31.33,29.91
869,31.33,29.91
687,31.33,29.91
755,31.33,29.91
512,31.33,29.91
546,31.33,29.91
403,31.33,29.91
480,31.33,29.99
809,31.33,29.99
120,31.33,29.99
607,31.33,29.99
364,31.33,29.99
836,31.33,29.99
344,31.33,29.99
720,31.33,29.99
443,31.33,29.99
739,31.33,29.99
141,31.33,29.99
653,31.33,29.99
406,31.33,29.99
615,31.33,29.99
629,31.33,29.99
516,31.33,29.99
232,31.33,29.99
311,31.33,29.99
735,31.33,29.99
118,31.33,29.99
879,31.33,29.99
123,31.33,29.99
447,31.33,29.99
492,31.33,29.99
380,31.33,29.99
528,31.33,29.99
455,31.33,29.99
337,31.33,29.99
656,31.33,29.99
271,31.33,29.99
372,31.33,29.99
545,31.33,29.99
407,31.33,29.99
665,31.33,29.99
192,31.33,29.99
767,31.33,29.99
149,31.31,29.99
720,31.31,29.99
453,31.31,29.99
612,31.31,29.99
531,31.31,29.99
339,31.31,29.99
680,31.31,29.99
415,31.31,29.99
728,31.31,29.99
273,31.31,29.99
781,31.31,29.99
327,31.31,29.99
474,31.31,29.99
447,31.31,29.99
595,31.31,29.99
118,31.31,29.99
505,31.31,29.99
287,31.31,29.99
614,31.31,29.99
333,31.31,29.99
498,31.31,29.99
777,31.31,29.99
346,31.31,29.99
635,31.31,30.05
382,31.31,30.05
845,31.31,30.05
383,31.31,30.05
878,31.31,30.05
476,31.31,30.05
617,31.31,30.05
659,31.31,30.05
660,31.31,30.05
675,31.31,30.05
632,31.31,30.05
536,31.31,30.05
477,31.31,30.05
757,31.31,30.05
399,31.31,30.05
605,31.31,30.05
337,31.31,30.05
669,31.31,30.05
379,31.31,30.05
815,31.31,30.05
485,31.31,30.05
366,31.31,30.05
731,31.31,30.05
435,31.31,30.05
471,31.31,30.05
623,31.31,30.05
537,31.31,30.05
364,31.31,30.05
803,31.31,30.05
356,31.31,30.05
688,31.31,30.05
498,31.31,30.05
365,31.31,30.05
702,31.31,30.05
370,31.31,30.05
321,31.31,30.05
716,31.31,30.05
539,31.31,30.05
292,31.31,30.05
837,31.31,30.05
118,31.31,30.05
687,31.31,30.05
264,31.31,30.05
581,31.31,30.05
