171,31.07,29.71
208,31.07,29.71
264,31.07,29.71
381,31.07,29.71
453,31.07,29.71
515,31.09,29.71
879,31.09,29.71
453,31.09,29.71
391,31.09,29.71
460,31.09,29.71
230,31.09,29.71
532,31.09,29.71
541,31.09,29.71
434,31.09,29.71
609,31.09,29.71
259,31.09,29.71
527,31.09,29.71
739,31.09,29.71
450,31.09,29.71
319,31.09,29.71
670,31.09,29.71
416,31.09,29.71
365,31.09,29.71
563,31.09,29.71
338,31.09,29.71
799,31.09,29.71
535,31.09,29.71
326,31.09,29.71
574,31.09,29.71
119,31.09,29.89
646,31.09,29.89
206,31.09,29.89
544,31.09,29.89
379,31.09,29.89
598,31.09,29.89
578,31.09,29.89
376,31.09,29.89
756,31.09,29.89
352,31.09,29.89
730,31.09,29.89
215,31.09,29.89
535,31.09,29.89
523,31.09,29.89
588,31.09,29.89
120,31.09,29.89
785,31.09,29.89
147,31.09,29.89
376,31.09,29.89
424,31.09,29.89
561,31.09,29.89
400,31.09,29.89
398,31.09,29.89
741,31.09,29.89
118,31.09,29.89
817,31.09,29.89
290,31.09,29.89
839,31.09,29.89
291,31.09,29.89
663,31.09,29.89
410,31.09,29.89
362,31.09,29.89
590,31.09,29.89
366,31.09,29.89
500,31.09,29.89
120,31.09,29.89
542,31.09,29.89
231,31.09,29.89
590,31.09,29.89
147,31.09,29.89
317,31.09,29.89
513,31.09,29.89
435,31.09,29.89
242,31.09,29.89
876,31.09,29.89
771,31.09,29.89
300,31.09,29.89
722,31.09,29.89
281,31.09,29.89
783,31.09,29.89
123,31.09,29.89
786,31.09,29.89
118,31.09,29.89
807,31.09,29.89
134,31.09,29.89
666,31.09,29.89
600,31.09,29.89
119,31.09,29.89
853,31.09,29.89
461,31.09,29.89
676,31.09,29.89
245,31.09,29.89
722,31.09,29.89
370,31.09,29.89
671,31.09,29.89
488,31.09,29.89
607,31.09,29.89
371,31.09,29.89
644,31.09,29.89
580,31.09,29.89
646,31.09,29.89
722,31.09,29.89
323,31.09,29.89
582,31.09,29.89
287,31.09,29.89
766,31.09,29.89
478,31.09,29.89
637,31.09,29.89
385,31.09,29.89
527,31.09,29.89
456,31.09,29.89
349,31.09,29.89
504,31.09,29.89
176,31.09,29.89
723,31.09,29.89
138,31.09,29.89
510,31.09,29.89
556,31.09,29.89
269,31.09,29.89
480,31.09,29.89
508,31.09,29.89
212,31.09,29.89
570,31.09,29.89
483,31.09,29.89
413,31.09,29.89
731,31.09,29.89
476,31.07,29.89
548,31.07,29.89
596,31.07,29.89
369,31.07,29.89
265,31.07,29.89
447,31.07,29.89
423,31.07,29.89
504,31.07,29.89
621,31.07,29.89
119,31.07,29.89
718,31.07,29.89
246,31.07,29.89
870,31.07,29.89
414,31.07,29.89
436,31.07,29.89
608,31.07,29.89
294,31.07,29.89
749,31.07,29.89
387,31.07,29.89
577,31.07,29.89
610,31.07,29.89
393,31.07,29.89
498,31.07,29.89
454,31.07,29.89
499,31.07,29.63
581,31.07,29.63
498,31.07,29.63
498,31.07,29.63
519,31.07,29.63
725,31.07,29.63
572,31.07,29.63
718,31.07,29.63
563,31.07,29.63
446,31.07,29.63
878,31.07,29.63
319,31.07,29.63
878,31.07,29.63
318,31.07,29.63
649,31.07,29.63
730,31.07,29.63
529,31.07,29.63
683,31.07,29.63
406,31.07,29.63
568,31.07,29.63
445,31.07,29.63
641,31.07,29.63
657,31.07,29.63
766,31.07,29.63
469,31.07,29.63
598,31.07,29.63
583,31.07,29.63
628,31.07,29.63
306,31.07,29.63
794,31.07,29.63
321,31.07,29.63
596,31.07,29.63
465,31.07,29.63
210,31.07,29.63
375,31.07,29.63
311,31.07,29.63
814,31.07,29.63
458,31.07,29.63
675,31.07,29.63
293,31.07,29.63
733,31.07,29.63
686,31.07,29.63
411,31.07,29.63
504,31.07,29.63
745,31.07,29.63
727,31.07,29.63
407,31.07,29.63
482,31.07,29.63
564,31.07,29.63
700,31.07,29.63
287,31.07,29.63
650,31.07,29.63
193,31.07,29.63
748,31.07,29.63
259,31.07,29.63
544,31.07,29.63
300,31.07,29.63
387,31.07,29.63
514,31.07,29.63
328,31.07,29.89
654,31.07,29.89
223,31.07,29.89
754,31.07,29.89
157,31.07,29.89
416,31.07,29.89
596,31.07,29.89
478,31.07,29.89
174,31.07,29.89
425,31.07,29.89
379,31.07,29.89
606,31.07,29.89
403,31.07,29.89
553,31.07,29.89
395,31.07,29.89
421,31.07,29.89
475,31.07,29.89
395,31.07,29.89
476,31.07,29.89
118,31.07,29.89
662,31.07,29.89
451,31.07,29.89
618,31.07,29.89
180,31.07,29.89
295,31.07,29.89
445,31.07,29.89
481,31.07,29.89
467,31.07,29.89
475,31.07,29.89
219,31.07,29.89
473,31.07,29.89
360,31.07,29.89
490,31.07,29.89
443,31.07,29.89
662,31.07,29.89
615,31.07,29.89
357,31.07,29.89
494,31.07,29.89
537,31.07,29.89
596,31.07,29.89
349,31.07,29.89
498,31.07,29.89
606,31.07,29.89
402,31.07,29.89
869,31.07,29.89
561,31.07,29.89
525,31.07,29.89
602,31.07,29.89
286,31.07,29.89
510,31.07,29.89
415,31.07,29.89
533,31.07,29.89
501,31.07,29.89
674,31.07,29.89
206,31.07,29.89
583,31.07,29.89
553,31.07,29.89
322,31.07,29.89
505,31.07,29.89
263,31.07,29.89
637,31.07,29.69
270,31.07,29.69
723,31.07,29.69
383,31.07,29.69
641,31.07,29.69
396,31.07,29.69
601,31.07,29.69
570,31.07,29.69
536,31.07,29.69
450,31.07,29.69
523,31.07,29.69
758,31.07,29.69
236,31.07,29.69
886,31.07,29.69
258,31.07,29.69
660,31.07,29.69
375,31.07,29.69
876,31.07,29.69
186,31.07,29.69
732,31.07,29.69
621,31.07,29.69
363,31.07,29.69
771,31.07,29.69
523,31.07,29.69
716,31.07,29.69
457,31.07,29.69
717,31.07,29.69
222,31.07,29.69
871,31.07,29.69
382,31.07,29.69
792,31.07,29.69
121,31.07,29.69
878,31.07,29.69
165,31.07,29.69
823,31.07,29.69
555,31.07,29.69
337,31.09,29.69
879,31.09,29.69
389,31.09,29.69
526,31.09,29.69
118,31.09,29.69
878,31.09,29.69
119,31.09,29.69
875,31.09,29.69
303,31.09,29.69
596,31.09,29.69
658,31.09,29.69
328,31.09,29.69
606,31.09,29.69
528,31.09,29.69
689,31.09,29.69
442,31.09,29.69
680,31.09,29.69
317,31.09,29.69
752,31.09,29.69
230,31.09,29.69
856,31.09,29.69
236,31.09,29.69
750,31.09,29.69
703,31.09,29.71
698,31.09,29.71
314,31.09,29.71
628,31.09,29.71
852,31.09,29.71
218,31.09,29.71
797,31.09,29.71
361,31.09,29.71
751,31.09,29.71
169,31.09,29.71
573,31.09,29.71
665,31.09,29.71
575,31.09,29.71
703,31.09,29.71
462,31.09,29.71
737,31.09,29.71
465,31.09,29.71
555,31.09,29.71
690,31.09,29.71
352,31.09,29.71
119,31.09,29.71
856,31.09,29.71
276,31.09,29.71
270,31.09,29.71
358,31.09,29.71
635,31.09,29.71
451,31.09,29.71
698,31.09,29.71
682,31.09,29.71
321,31.09,29.71
627,31.09,29.71
240,31.09,29.71
549,31.09,29.71
558,31.09,29.71
287,31.09,29.71
845,31.09,29.71
604,31.09,29.71
509,31.09,29.71
593,31.09,29.71
675,31.09,29.71
512,31.09,29.71
488,31.09,29.71
369,31.09,29.71
670,31.09,29.71
292,31.09,29.71
551,31.09,29.71
689,31.09,29.71
597,31.09,29.71
233,31.09,29.71
648,31.09,29.71
413,31.09,29.71
393,31.09,29.71
498,31.09,29.71
298,31.09,29.71
712,31.09,29.71
368,31.09,29.71
602,31.09,29.71
231,31.09,29.71
407,31.09,29.71
348,31.09,29.71
349,31.09,29.71
506,31.09,29.71
247,31.09,29.71
603,31.09,29.71
379,31.09,29.71
453,31.09,29.71
357,31.09,29.71
536,31.09,29.71
409,31.09,29.71
356,31.09,29.71
405,31.09,29.71
665,31.09,29.71
369,31.09,29.71
387,31.09,29.71
501,31.09,29.71
490,31.09,29.71
297,31.09,29.71
214,31.09,29.71
595,31.09,29.71
119,31.09,29.71
664,31.09,29.71
329,31.09,29.71
215,31.09,29.71
780,31.09,29.71
129,31.09,29.71
745,31.09,29.71
657,31.09,29.71
385,31.09,29.71
418,31.09,29.71
596,31.09,29.71
146,31.09,29.71
484,31.09,29.71
