434,31.59,30.47
535,31.59,30.47
541,31.59,30.47
122,31.59,30.47
493,31.59,30.47
226,31.59,30.47
612,31.59,30.47
120,31.59,30.47
743,31.59,30.47
392,31.59,30.47
520,31.59,30.47
421,31.59,30.47
360,31.59,30.47
801,31.59,30.47
615,31.59,30.47
608,31.59,30.47
400,31.59,30.47
686,31.59,30.47
378,31.59,30.47
605,31.59,30.47
561,31.59,30.47
388,31.59,30.47
473,31.59,30.47
669,31.59,30.47
262,31.59,30.47
591,31.59,30.47
280,31.59,30.47
642,31.59,30.47
377,31.59,30.47
442,31.59,30.47
785,31.59,30.47
405,31.59,30.47
679,31.59,30.47
283,31.59,30.47
543,31.59,30.47
231,31.59,30.47
875,31.59,30.47
669,31.59,30.47
332,31.59,30.47
748,31.59,30.47
685,31.59,30.47
436,31.59,30.47
559,31.59,30.47
592,31.59,30.47
689,31.59,30.47
288,31.59,30.47
672,31.59,30.47
521,31.59,30.47
618,31.59,30.47
877,31.59,30.47
530,31.59,30.47
617,31.59,30.47
825,31.59,30.47
462,31.59,30.47
339,31.59,30.25
406,31.59,30.25
668,31.59,30.25
426,31.59,30.25
635,31.59,30.25
242,31.59,30.25
669,31.59,30.25
710,31.59,30.25
487,31.59,30.25
729,31.59,30.25
587,31.59,30.25
695,31.59,30.25
372,31.59,30.25
556,31.59,30.25
345,31.59,30.25
709,31.59,30.25
470,31.59,30.25
654,31.59,30.25
468,31.59,30.25
501,31.59,30.25
454,31.59,30.25
591,31.59,30.25
442,31.59,30.25
351,31.59,30.25
460,31.59,30.25
136,31.59,30.25
725,31.59,30.25
274,31.59,30.25
879,31.59,30.25
260,31.59,30.25
746,31.59,30.25
413,31.59,30.25
584,31.59,30.25
614,31.59,30.25
514,31.59,30.25
696,31.59,30.25
454,31.55,30.25
519,31.55,30.25
312,31.55,30.25
331,31.55,30.25
585,31.55,30.25
356,31.55,30.25
193,31.55,30.25
735,31.55,30.25
239,31.55,30.25
645,31.55,30.25
597,31.55,30.25
508,31.55,30.25
507,31.55,30.25
533,31.55,30.25
465,31.55,30.25
284,31.55,30.25
578,31.55,30.25
380,31.55,30.25
727,31.55,30.25
193,31.55,30.25
563,31.55,30.25
413,31.55,30.25
600,31.55,30.25
295,31.55,30.25
696,31.55,30.25
449,31.55,30.25
772,31.55,30.25
303,31.55,30.25
579,31.55,30.25
616,31.55,30.25
572,31.55,30.25
578,31.55,30.25
128,31.55,30.25
642,31.55,30.25
741,31.55,30.25
719,31.55,30.25
174,31.55,30.25
786,31.55,30.25
621,31.55,30.25
497,31.55,30.25
347,31.55,30.25
612,31.55,30.25
537,31.55,30.25
611,31.55,30.25
588,31.55,30.25
675,31.55,30.25
642,31.55,30.25
273,31.55,30.25
696,31.55,30.25
356,31.55,30.25
766,31.55,30.25
476,31.55,30.25
649,31.55,30.25
228,31.55,30.25
451,31.55,30.25
533,31.55,30.25
153,31.55,30.25
670,31.55,30.25
455,31.55,30.25
635,31.55,30.25
661,31.55,30.25
497,31.55,30.25
701,31.55,30.25
673,31.55,30.25
550,31.55,30.25
504,31.55,30.25
391,31.55,30.25
583,31.55,30.25
341,31.55,30.25
591,31.55,30.25
209,31.55,30.25
476,31.55,30.25
668,31.55,30.25
192,31.55,30.25
870,31.55,30.25
123,31.55,30.25
551,31.55,30.25
455,31.55,30.25
118,31.55,30.25
576,31.55,30.25
402,31.55,30.25
463,31.55,30.25
315,31.55,30.25
474,31.55,30.31
280,31.55,30.31
295,31.55,30.31
641,31.55,30.31
416,31.55,30.31
434,31.55,30.31
523,31.55,30.31
344,31.55,30.31
600,31.55,30.31
527,31.55,30.31
594,31.55,30.31
470,31.55,30.31
555,31.55,30.31
642,31.55,30.31
178,31.55,30.31
624,31.55,30.31
248,31.55,30.31
530,31.55,30.31
528,31.55,30.31
434,31.55,30.31
786,31.55,30.31
413,31.55,30.31
364,31.55,30.31
378,31.55,30.31
474,31.55,30.31
355,31.55,30.31
410,31.55,30.31
716,31.55,30.31
642,31.55,30.31
477,31.55,30.31
794,31.55,30.31
299,31.55,30.31
763,31.55,30.31
141,31.55,30.31
878,31.55,30.31
297,31.55,30.31
654,31.59,30.31
489,31.59,30.31
743,31.59,30.31
439,31.59,30.31
500,31.59,30.31
667,31.59,30.31
241,31.59,30.31
656,31.59,30.31
599,31.59,30.31
602,31.59,30.31
605,31.59,30.31
878,31.59,30.31
657,31.59,30.31
769,31.59,30.31
423,31.59,30.31
879,31.59,30.31
319,31.59,30.31
351,31.59,30.31
119,31.59,30.31
388,31.59,30.31
502,31.59,30.31
280,31.59,30.31
714,31.59,30.31
321,31.59,30.23
568,31.59,30.23
206,31.59,30.23
714,31.59,30.23
415,31.59,30.23
530,31.59,30.23
364,31.59,30.23
684,31.59,30.23
243,31.59,30.23
828,31.59,30.23
422,31.59,30.23
422,31.59,30.23
118,31.59,30.23
280,31.59,30.23
498,31.59,30.23
210,31.59,30.23
667,31.59,30.23
470,31.59,30.23
873,31.59,30.23
289,31.59,30.23
521,31.59,30.23
509,31.59,30.23
605,31.59,30.23
485,31.59,30.23
677,31.59,30.23
405,31.59,30.23
428,31.59,30.23
523,31.59,30.23
681,31.59,30.23
449,31.59,30.23
383,31.59,30.23
535,31.59,30.23
275,31.59,30.23
569,31.59,30.23
297,31.59,30.23
857,31.59,30.23
362,31.59,30.23
692,31.57,30.23
424,31.57,30.23
429,31.57,30.23
704,31.57,30.23
222,31.57,30.23
653,31.57,30.23
586,31.57,30.23
378,31.57,30.23
467,31.57,30.23
616,31.57,30.23
409,31.57,30.23
750,31.57,30.23
521,31.57,30.23
351,31.57,30.23
435,31.57,30.23
590,31.57,30.23
489,31.57,30.23
593,31.57,30.23
697,31.57,30.23
681,31.57,30.23
664,31.57,30.23
260,31.57,30.23
880,31.57,30.23
294,31.57,30.37
798,31.57,30.37
358,31.57,30.37
655,31.57,30.37
551,31.57,30.37
494,31.57,30.37
840,31.57,30.37
504,31.57,30.37
422,31.57,30.37
794,31.57,30.37
523,31.57,30.37
374,31.57,30.37
799,31.57,30.37
399,31.57,30.37
633,31.57,30.37
367,31.57,30.37
878,31.57,30.37
360,31.57,30.37
602,31.57,30.37
443,31.57,30.37
526,31.57,30.37
348,31.57,30.37
409,31.57,30.37
728,31.57,30.37
434,31.57,30.37
675,31.57,30.37
186,31.57,30.37
310,31.57,30.37
294,31.57,30.37
224,31.57,30.37
482,31.57,30.37
678,31.57,30.37
527,31.57,30.37
836,31.57,30.37
231,31.57,30.37
464,31.57,30.37
383,31.61,30.37
440,31.61,30.37
373,31.61,30.37
174,31.61,30.37
750,31.61,30.37
152,31.61,30.37
574,31.61,30.37
422,31.61,30.37
580,31.61,30.37
672,31.61,30.37
341,31.61,30.37
752,31.61,30.37
592,31.61,30.37
386,31.61,30.37
256,31.61,30.37
526,31.61,30.37
299,31.61,30.37
434,31.61,30.37
527,31.61,30.37
549,31.61,30.37
227,31.61,30.37
755,31.61,30.37
119,31.61,30.37
375,31.61,30.37
439,31.61,30.33
628,31.61,30.33
684,31.61,30.33
306,31.61,30.33
798,31.61,30.33
557,31.61,30.33
659,31.61,30.33
185,31.61,30.33
630,31.61,30.33
386,31.61,30.33
269,31.61,30.33
719,31.61,30.33
511,31.61,30.33
431,31.61,30.33
535,31.61,30.33
653,31.61,30.33
619,31.61,30.33
374,31.61,30.33
489,31.61,30.33
824,31.61,30.33
261,31.61,30.33
598,31.61,30.33
568,31.61,30.33
774,31.61,30.33
316,31.61,30.33
772,31.61,30.33
502,31.61,30.33
434,31.61,30.33
335,31.61,30.33
496,31.61,30.33
716,31.61,30.33
510,31.61,30.33
451,31.61,30.33
691,31.61,30.33
438,31.61,30.33
423,31.61,30.33
811,31.61,30.33
179,31.61,30.33
559,31.61,30.33
462,31.61,30.33
694,31.61,30.33
449,31.61,30.33
605,31.61,30.33
734,31.61,30.33
525,31.61,30.33
222,31.61,30.33
325,31.61,30.33
645,31.61,30.33
127,31.61,30.33
565,31.61,30.33
203,31.61,30.33
583,31.61,30.33
351,31.61,30.33
348,31.61,30.33
556,31.61,30.33
194,31.61,30.33
278,31.61,30.33
547,31.61,30.33
208,31.61,30.33
307,31.61,30.37
721,31.61,30.37
519,31.61,30.37
533,31.61,30.37
121,31.61,30.37
692,31.61,30.37
459,31.61,30.37
