378,31.19,30.03
837,31.19,30.03
124,31.19,30.03
701,31.19,30.03
878,31.19,30.03
879,31.19,30.03
620,31.19,30.03
669,31.19,30.03
313,31.19,30.03
736,31.19,30.03
283,31.19,30.03
692,31.19,30.03
561,31.19,30.03
508,31.19,30.03
621,31.19,30.03
638,31.19,30.03
498,31.19,30.03
300,31.19,30.03
824,31.19,30.03
119,31.19,30.03
788,31.19,30.03
322,31.19,30.03
487,31.19,30.03
400,31.19,30.03
151,31.19,30.03
565,31.19,30.03
298,31.19,30.03
410,31.19,30.03
402,31.17,30.03
652,31.17,30.03
246,31.17,30.03
713,31.17,30.03
630,31.17,30.03
468,31.17,30.03
170,31.17,30.03
703,31.17,30.03
459,31.17,30.03
518,31.17,30.03
206,31.17,30.03
755,31.17,30.03
234,31.17,30.03
211,31.17,30.03
580,31.17,30.03
207,31.17,30.03
734,31.17,30.03
198,31.17,30.03
437,31.17,30.03
446,31.17,30.03
384,31.17,30.03
394,31.17,30.03
499,31.17,30.03
476,31.17,29.99
463,31.17,29.99
404,31.17,29.99
575,31.17,29.99
238,31.17,29.99
606,31.17,29.99
608,31.17,29.99
325,31.17,29.99
512,31.17,29.99
524,31.17,29.99
848,31.17,29.99
153,31.17,29.99
878,31.17,29.99
617,31.17,29.99
528,31.17,29.99
670,31.17,29.99
635,31.17,29.99
595,31.17,29.99
454,31.17,29.99
443,31.17,29.99
523,31.17,29.99
531,31.17,29.99
338,31.17,29.99
823,31.17,29.99
673,31.17,29.99
394,31.17,29.99
641,31.17,29.99
827,31.17,29.99
201,31.17,29.99
664,31.17,29.99
688,31.17,29.99
258,31.17,29.99
683,31.17,29.99
500,31.17,29.99
678,31.17,29.99
387,31.17,29.99
869,31.21,29.99
517,31.21,29.99
622,31.21,29.99
737,31.21,29.99
358,31.21,29.99
597,31.21,29.99
475,31.21,29.99
689,31.21,29.99
378,31.21,29.99
596,31.21,29.99
522,31.21,29.99
839,31.21,29.99
723,31.21,29.99
677,31.21,29.99
653,31.21,29.99
726,31.21,29.99
521,31.21,29.99
380,31.21,29.99
539,31.21,29.99
441,31.21,29.99
377,31.21,29.99
320,31.21,29.99
774,31.21,29.99
216,31.21,29.99
878,31.21,29.91
429,31.21,29.91
665,31.21,29.91
475,31.21,29.91
352,31.21,29.91
803,31.21,29.91
546,31.21,29.91
514,31.21,29.91
701,31.21,29.91
736,31.21,29.91
280,31.21,29.91
499,31.21,29.91
544,31.21,29.91
402,31.21,29.91
204,31.21,29.91
717,31.21,29.91
121,31.21,29.91
877,31.21,29.91
128,31.21,29.91
797,31.21,29.91
410,31.21,29.91
378,31.21,29.91
514,31.21,29.91
492,31.21,29.91
312,31.21,29.91
768,31.21,29.91
455,31.21,29.91
347,31.21,29.91
444,31.21,29.91
407,31.21,29.91
450,31.21,29.91
187,31.21,29.91
653,31.21,29.91
400,31.21,29.91
754,31.21,29.91
402,31.21,29.91
644,31.17,29.91
558,31.17,29.91
506,31.17,29.91
796,31.17,29.91
412,31.17,29.91
773,31.17,29.91
600,31.17,29.91
672,31.17,29.91
379,31.17,29.91
801,31.17,29.91
667,31.17,29.91
737,31.17,29.91
123,31.17,29.91
789,31.17,29.91
505,31.17,29.91
620,31.17,29.91
382,31.17,29.91
701,31.17,29.91
548,31.17,29.91
450,31.17,29.91
503,31.17,29.91
130,31.17,29.91
784,31.17,29.91
556,31.17,29.85
747,31.17,29.85
387,31.17,29.85
617,31.17,29.85
414,31.17,29.85
676,31.17,29.85
457,31.17,29.85
648,31.17,29.85
613,31.17,29.85
417,31.17,29.85
174,31.17,29.85
743,31.17,29.85
480,31.17,29.85
446,31.17,29.85
777,31.17,29.85
401,31.17,29.85
627,31.17,29.85
151,31.17,29.85
676,31.17,29.85
285,31.17,29.85
403,31.17,29.85
272,31.17,29.85
351,31.17,29.85
569,31.17,29.85
218,31.17,29.85
712,31.17,29.85
135,31.17,29.85
375,31.17,29.85
418,31.17,29.85
618,31.17,29.85
444,31.17,29.85
576,31.17,29.85
271,31.17,29.85
849,31.17,29.85
361,31.17,29.85
667,31.17,29.85
334,31.19,29.85
450,31.19,29.85
377,31.19,29.85
444,31.19,29.85
753,31.19,29.85
187,31.19,29.85
872,31.19,29.85
323,31.19,29.85
723,31.19,29.85
400,31.19,29.85
620,31.19,29.85
749,31.19,29.85
273,31.19,29.85
623,31.19,29.85
300,31.19,29.85
355,31.19,29.85
380,31.19,29.85
502,31.19,29.85
845,31.19,29.85
425,31.19,29.85
443,31.19,29.85
877,31.19,29.85
350,31.19,29.85
692,31.19,29.85
246,31.19,29.77
684,31.19,29.77
333,31.19,29.77
550,31.19,29.77
842,31.19,29.77
412,31.19,29.77
670,31.19,29.77
437,31.19,29.77
559,31.19,29.77
333,31.19,29.77
737,31.19,29.77
776,31.19,29.77
575,31.19,29.77
630,31.19,29.77
829,31.19,29.77
252,31.19,29.77
535,31.19,29.77
295,31.19,29.77
568,31.19,29.77
650,31.19,29.77
389,31.19,29.77
639,31.19,29.77
612,31.19,29.77
634,31.19,29.77
359,31.19,29.77
877,31.19,29.77
119,31.19,29.77
847,31.19,29.77
485,31.19,29.77
374,31.19,29.77
637,31.19,29.77
456,31.19,29.77
536,31.19,29.77
228,31.19,29.77
537,31.19,29.77
461,31.19,29.77
548,31.23,29.77
379,31.23,29.77
694,31.23,29.77
247,31.23,29.77
699,31.23,29.77
126,31.23,29.77
716,31.23,29.77
542,31.23,29.77
503,31.23,29.77
224,31.23,29.77
363,31.23,29.77
507,31.23,29.77
312,31.23,29.77
544,31.23,29.77
119,31.23,29.77
537,31.23,29.77
445,31.23,29.77
281,31.23,29.77
533,31.23,29.77
348,31.23,29.77
458,31.23,29.77
427,31.23,29.77
201,31.23,29.77
477,31.23,29.91
443,31.23,29.91
463,31.23,29.91
598,31.23,29.91
224,31.23,29.91
864,31.23,29.91
297,31.23,29.91
723,31.23,29.91
179,31.23,29.91
761,31.23,29.91
590,31.23,29.91
358,31.23,29.91
592,31.23,29.91
658,31.23,29.91
529,31.23,29.91
496,31.23,29.91
572,31.23,29.91
496,31.23,29.91
467,31.23,29.91
790,31.23,29.91
566,31.23,29.91
302,31.23,29.91
689,31.23,29.91
235,31.23,29.91
721,31.23,29.91
561,31.23,29.91
402,31.23,29.91
768,31.23,29.91
587,31.23,29.91
501,31.23,29.91
223,31.23,29.91
834,31.23,29.91
342,31.23,29.91
558,31.23,29.91
665,31.23,29.91
679,31.23,29.91
472,31.19,29.91
557,31.19,29.91
675,31.19,29.91
362,31.19,29.91
497,31.19,29.91
286,31.19,29.91
610,31.19,29.91
372,31.19,29.91
597,31.19,29.91
269,31.19,29.91
765,31.19,29.91
126,31.19,29.91
811,31.19,29.91
617,31.19,29.91
547,31.19,29.91
607,31.19,29.91
553,31.19,29.91
466,31.19,29.91
124,31.19,29.91
750,31.19,29.91
120,31.19,29.91
492,31.19,29.91
119,31.19,29.91
587,31.19,29.91
336,31.19,29.83
550,31.19,29.83
412,31.19,29.83
752,31.19,29.83
134,31.19,29.83
669,31.19,29.83
455,31.19,29.83
498,31.19,29.83
490,31.19,29.83
404,31.19,29.83
616,31.19,29.83
127,31.19,29.83
786,31.19,29.83
119,31.19,29.83
720,31.19,29.83
119,31.19,29.83
552,31.19,29.83
594,31.19,29.83
311,31.19,29.83
323,31.19,29.83
506,31.19,29.83
579,31.19,29.83
300,31.19,29.83
412,31.19,29.83
454,31.19,29.83
531,31.19,29.83
442,31.19,29.83
681,31.19,29.83
122,31.19,29.83
682,31.19,29.83
313,31.19,29.83
682,31.19,29.83
394,31.19,29.83
334,31.19,29.83
733,31.19,29.83
297,31.19,29.83
739,31.19,29.83
288,31.19,29.83
878,31.19,29.83
433,31.19,29.83
879,31.19,29.83
456,31.19,29.83
830,31.19,29.83
551,31.19,29.83
252,31.19,29.83
597,31.19,29.83
375,31.19,29.83
474,31.19,29.83
793,31.19,29.83
248,31.19,29.83
721,31.19,29.83
601,31.19,29.83
127,31.19,29.83
748,31.19,29.83
202,31.19,29.83
758,31.19,29.83
707,31.19,29.83
818,31.19,29.83
472,31.19,29.83
782,31.19,29.85
574,31.19,29.85
527,31.19,29.85
653,31.19,29.85
215,31.19,29.85
694,31.19,29.85
419,31.19,29.85
502,31.19,29.85
660,31.19,29.85
376,31.19,29.85
