760,31.79,30.63
482,31.79,30.63
671,31.79,30.63
536,31.79,30.63
355,31.79,30.63
737,31.79,30.63
684,31.79,30.63
797,31.79,30.63
805,31.79,30.63
527,31.79,30.63
862,31.81,30.63
360,31.81,30.63
721,31.81,30.63
444,31.81,30.63
612,31.81,30.63
748,31.81,30.63
294,31.81,30.63
634,31.81,30.63
492,31.81,30.63
753,31.81,30.63
397,31.81,30.63
488,31.81,30.63
660,31.81,30.63
363,31.81,30.63
435,31.81,30.63
281,31.81,30.63
395,31.81,30.63
429,31.81,30.63
256,31.81,30.63
427,31.81,30.63
482,31.81,30.63
211,31.81,30.63
745,31.81,30.63
366,31.81,30.63
583,31.81,30.65
312,31.81,30.65
738,31.81,30.65
174,31.81,30.65
651,31.81,30.65
567,31.81,30.65
416,31.81,30.65
762,31.81,30.65
345,31.81,30.65
614,31.81,30.65
126,31.81,30.65
340,31.81,30.65
362,31.81,30.65
323,31.81,30.65
686,31.81,30.65
400,31.81,30.65
425,31.81,30.65
577,31.81,30.65
367,31.81,30.65
777,31.81,30.65
427,31.81,30.65
590,31.81,30.65
553,31.81,30.65
262,31.81,30.65
856,31.81,30.65
431,31.81,30.65
504,31.81,30.65
272,31.81,30.65
642,31.81,30.65
229,31.81,30.65
449,31.81,30.65
521,31.81,30.65
159,31.81,30.65
633,31.81,30.65
438,31.81,30.65
449,31.81,30.65
732,31.77,30.65
632,31.77,30.65
729,31.77,30.65
618,31.77,30.65
316,31.77,30.65
737,31.77,30.65
448,31.77,30.65
682,31.77,30.65
279,31.77,30.65
878,31.77,30.65
334,31.77,30.65
545,31.77,30.65
560,31.77,30.65
366,31.77,30.65
821,31.77,30.65
417,31.77,30.65
879,31.77,30.65
404,31.77,30.65
729,31.77,30.65
731,31.77,30.65
784,31.77,30.65
485,31.77,30.65
775,31.77,30.65
344,31.77,30.57
509,31.77,30.57
387,31.77,30.57
673,31.77,30.57
479,31.77,30.57
192,31.77,30.57
826,31.77,30.57
411,31.77,30.57
739,31.77,30.57
350,31.77,30.57
853,31.77,30.57
497,31.77,30.57
882,31.77,30.57
649,31.77,30.57
573,31.77,30.57
443,31.77,30.57
172,31.77,30.57
672,31.77,30.57
317,31.77,30.57
532,31.77,30.57
339,31.77,30.57
674,31.77,30.57
288,31.77,30.57
454,31.77,30.57
254,31.77,30.57
710,31.77,30.57
374,31.77,30.57
606,31.77,30.57
878,31.77,30.57
186,31.77,30.57
580,31.77,30.57
369,31.77,30.57
568,31.77,30.57
260,31.77,30.57
803,31.77,30.57
404,31.77,30.57
691,31.75,30.57
118,31.75,30.57
591,31.75,30.57
589,31.75,30.57
355,31.75,30.57
265,31.75,30.57
780,31.75,30.57
179,31.75,30.57
425,31.75,30.57
370,31.75,30.57
575,31.75,30.57
437,31.75,30.57
118,31.75,30.57
739,31.75,30.57
165,31.75,30.57
681,31.75,30.57
326,31.75,30.57
787,31.75,30.57
167,31.75,30.57
636,31.75,30.57
595,31.75,30.57
485,31.75,30.57
453,31.75,30.57
457,31.75,30.67
815,31.75,30.67
431,31.75,30.67
623,31.75,30.67
583,31.75,30.67
550,31.75,30.67
463,31.75,30.67
829,31.75,30.67
450,31.75,30.67
607,31.75,30.67
575,31.75,30.67
693,31.75,30.67
407,31.75,30.67
421,31.75,30.67
791,31.75,30.67
335,31.75,30.67
639,31.75,30.67
298,31.75,30.67
825,31.75,30.67
479,31.75,30.67
464,31.75,30.67
701,31.75,30.67
519,31.75,30.67
633,31.75,30.67
606,31.75,30.67
797,31.75,30.67
432,31.75,30.67
592,31.75,30.67
787,31.75,30.67
290,31.75,30.67
416,31.75,30.67
673,31.75,30.67
438,31.75,30.67
782,31.75,30.67
419,31.75,30.67
606,31.75,30.67
708,31.77,30.67
378,31.77,30.67
451,31.77,30.67
394,31.77,30.67
731,31.77,30.67
467,31.77,30.67
687,31.77,30.67
254,31.77,30.67
336,31.77,30.67
657,31.77,30.67
353,31.77,30.67
546,31.77,30.67
428,31.77,30.67
643,31.77,30.67
729,31.77,30.67
482,31.77,30.67
616,31.77,30.67
544,31.77,30.67
391,31.77,30.67
697,31.77,30.67
174,31.77,30.67
434,31.77,30.67
322,31.77,30.67
716,31.77,30.67
219,31.77,30.47
575,31.77,30.47
385,31.77,30.47
283,31.77,30.47
666,31.77,30.47
118,31.77,30.47
706,31.77,30.47
261,31.77,30.47
322,31.77,30.47
734,31.77,30.47
439,31.77,30.47
397,31.77,30.47
292,31.77,30.47
494,31.77,30.47
783,31.77,30.47
123,31.77,30.47
371,31.77,30.47
450,31.77,30.47
443,31.77,30.47
469,31.77,30.47
166,31.77,30.47
706,31.77,30.47
118,31.77,30.47
749,31.77,30.47
568,31.77,30.47
622,31.77,30.47
350,31.77,30.47
631,31.77,30.47
605,31.77,30.47
542,31.77,30.47
553,31.77,30.47
527,31.77,30.47
343,31.77,30.47
451,31.77,30.47
460,31.77,30.47
625,31.77,30.47
650,31.77,30.47
496,31.77,30.47
822,31.77,30.47
315,31.77,30.47
603,31.77,30.47
560,31.77,30.47
423,31.77,30.47
417,31.77,30.47
606,31.77,30.47
796,31.77,30.47
373,31.77,30.47
393,31.77,30.47
749,31.77,30.47
507,31.77,30.47
225,31.77,30.47
617,31.77,30.47
278,31.77,30.47
560,31.77,30.47
186,31.77,30.47
601,31.77,30.47
293,31.77,30.47
613,31.77,30.47
393,31.77,30.47
879,31.77,30.65
238,31.77,30.65
443,31.77,30.65
642,31.77,30.65
241,31.77,30.65
590,31.77,30.65
709,31.77,30.65
787,31.77,30.65
203,31.77,30.65
607,31.77,30.65
350,31.77,30.65
388,31.77,30.65
321,31.77,30.65
610,31.77,30.65
745,31.77,30.65
312,31.77,30.65
241,31.77,30.65
673,31.77,30.65
543,31.77,30.65
378,31.77,30.65
548,31.77,30.65
128,31.77,30.65
665,31.77,30.65
264,31.77,30.65
665,31.77,30.65
423,31.77,30.65
298,31.77,30.65
338,31.77,30.65
187,31.77,30.65
409,31.77,30.65
329,31.77,30.65
661,31.77,30.65
293,31.77,30.65
377,31.77,30.65
557,31.77,30.65
420,31.77,30.65
534,31.75,30.65
727,31.75,30.65
566,31.75,30.65
566,31.75,30.65
310,31.75,30.65
467,31.75,30.65
282,31.75,30.65
610,31.75,30.65
566,31.75,30.65
492,31.75,30.65
497,31.75,30.65
455,31.75,30.65
806,31.75,30.65
379,31.75,30.65
461,31.75,30.65
746,31.75,30.65
268,31.75,30.65
686,31.75,30.65
566,31.75,30.65
490,31.75,30.65
714,31.75,30.65
550,31.75,30.65
615,31.75,30.65
447,31.75,30.65
501,31.75,30.57
589,31.75,30.57
520,31.75,30.57
572,31.75,30.57
329,31.75,30.57
776,31.75,30.57
377,31.75,30.57
544,31.75,30.57
654,31.75,30.57
431,31.75,30.57
878,31.75,30.57
355,31.75,30.57
713,31.75,30.57
742,31.75,30.57
481,31.75,30.57
258,31.75,30.57
879,31.75,30.57
365,31.75,30.57
458,31.75,30.57
752,31.75,30.57
310,31.75,30.57
126,31.75,30.57
648,31.75,30.57
475,31.75,30.57
381,31.75,30.57
491,31.75,30.57
545,31.75,30.57
831,31.75,30.57
119,31.75,30.57
879,31.75,30.57
319,31.75,30.57
575,31.75,30.57
213,31.75,30.57
742,31.75,30.57
516,31.75,30.57
163,31.75,30.57
431,31.77,30.57
694,31.77,30.57
596,31.77,30.57
129,31.77,30.57
652,31.77,30.57
149,31.77,30.57
304,31.77,30.57
525,31.77,30.57
588,31.77,30.57
276,31.77,30.57
859,31.77,30.57
428,31.77,30.57
556,31.77,30.57
226,31.77,30.57
531,31.77,30.57
470,31.77,30.57
120,31.77,30.57
572,31.77,30.57
427,31.77,30.57
591,31.77,30.57
259,31.77,30.57
507,31.77,30.57
705,31.77,30.57
527,31.77,30.51
376,31.77,30.51
554,31.77,30.51
480,31.77,30.51
528,31.77,30.51
281,31.77,30.51
644,31.77,30.51
459,31.77,30.51
464,31.77,30.51
431,31.77,30.51
544,31.77,30.51
638,31.77,30.51
527,31.77,30.51
615,31.77,30.51
141,31.77,30.51
504,31.77,30.51
755,31.77,30.51
421,31.77,30.51
330,31.77,30.51
725,31.77,30.51
503,31.77,30.51
474,31.77,30.51
512,31.77,30.51
752,31.77,30.51
660,31.77,30.51
447,31.77,30.51
627,31.77,30.51
467,31.77,30.51
213,31.77,30.51
