605,30.61,29.39
339,30.61,29.39
323,30.61,29.39
125,30.61,29.39
320,30.61,29.39
878,30.61,29.39
121,30.61,29.39
704,30.61,29.39
724,30.61,29.39
361,30.61,29.39
708,30.61,29.39
123,30.61,29.39
651,30.61,29.39
753,30.61,29.39
425,30.61,29.39
593,30.61,29.39
484,30.61,29.39
224,30.61,29.39
502,30.61,29.39
368,30.61,29.39
596,30.61,29.49
201,30.61,29.49
468,30.61,29.49
134,30.61,29.49
456,30.61,29.49
212,30.61,29.49
494,30.61,29.49
700,30.61,29.49
124,30.61,29.49
877,30.61,29.49
120,30.61,29.49
395,30.61,29.49
481,30.61,29.49
359,30.61,29.49
376,30.61,29.49
557,30.61,29.49
577,30.61,29.49
423,30.61,29.49
416,30.61,29.49
322,30.61,29.49
546,30.61,29.49
444,30.61,29.49
440,30.61,29.49
577,30.61,29.49
675,30.61,29.49
457,30.61,29.49
667,30.61,29.49
294,30.61,29.49
681,30.61,29.49
293,30.61,29.49
285,30.61,29.49
336,30.61,29.49
357,30.61,29.49
586,30.61,29.49
552,30.61,29.49
845,30.61,29.49
314,30.61,29.49
460,30.61,29.49
362,30.61,29.49
578,30.61,29.49
395,30.61,29.49
683,30.61,29.49
341,30.61,29.49
871,30.61,29.49
670,30.61,29.49
584,30.61,29.49
479,30.61,29.49
477,30.61,29.49
324,30.61,29.49
499,30.61,29.49
506,30.61,29.49
126,30.61,29.49
878,30.61,29.49
344,30.61,29.49
633,30.61,29.49
412,30.61,29.49
486,30.61,29.49
583,30.61,29.49
722,30.61,29.49
601,30.61,29.37
125,30.61,29.37
687,30.61,29.37
490,30.61,29.37
740,30.61,29.37
447,30.61,29.37
661,30.61,29.37
374,30.61,29.37
566,30.61,29.37
369,30.61,29.37
549,30.61,29.37
345,30.61,29.37
731,30.61,29.37
580,30.61,29.37
561,30.61,29.37
537,30.61,29.37
196,30.61,29.37
742,30.61,29.37
273,30.61,29.37
683,30.61,29.37
120,30.61,29.37
652,30.61,29.37
540,30.61,29.37
302,30.61,29.37
415,30.61,29.37
603,30.61,29.37
264,30.61,29.37
659,30.61,29.37
187,30.61,29.37
527,30.61,29.37
433,30.61,29.37
566,30.61,29.37
523,30.61,29.37
314,30.61,29.37
662,30.61,29.37
131,30.61,29.37
595,30.61,29.37
119,30.61,29.37
631,30.61,29.37
293,30.61,29.37
284,30.61,29.37
598,30.61,29.37
529,30.61,29.37
306,30.61,29.37
516,30.61,29.37
236,30.61,29.37
491,30.61,29.37
351,30.61,29.37
521,30.61,29.37
782,30.61,29.37
533,30.61,29.37
731,30.61,29.37
319,30.61,29.37
845,30.61,29.37
333,30.61,29.37
627,30.61,29.37
573,30.61,29.37
286,30.61,29.37
707,30.61,29.37
258,30.61,29.37
816,30.61,29.45
321,30.61,29.45
565,30.61,29.45
132,30.61,29.45
347,30.61,29.45
647,30.61,29.45
234,30.61,29.45
865,30.61,29.45
566,30.61,29.45
436,30.61,29.45
730,30.61,29.45
389,30.61,29.45
587,30.61,29.45
727,30.61,29.45
614,30.61,29.45
620,30.61,29.45
136,30.61,29.45
564,30.61,29.45
344,30.61,29.45
612,30.61,29.45
346,30.61,29.45
672,30.61,29.45
684,30.61,29.45
159,30.61,29.45
785,30.61,29.45
295,30.61,29.45
602,30.61,29.45
260,30.61,29.45
631,30.61,29.45
559,30.61,29.45
515,30.61,29.45
287,30.61,29.45
736,30.61,29.45
120,30.61,29.45
629,30.61,29.45
434,30.61,29.45
462,30.57,29.45
361,30.57,29.45
510,30.57,29.45
418,30.57,29.45
168,30.57,29.45
738,30.57,29.45
317,30.57,29.45
779,30.57,29.45
206,30.57,29.45
744,30.57,29.45
356,30.57,29.45
601,30.57,29.45
356,30.57,29.45
469,30.57,29.45
416,30.57,29.45
315,30.57,29.45
621,30.57,29.45
355,30.57,29.45
450,30.57,29.45
189,30.57,29.45
727,30.57,29.45
278,30.57,29.45
551,30.57,29.45
118,30.57,29.45
653,30.57,29.45
145,30.57,29.45
799,30.57,29.45
310,30.57,29.45
345,30.57,29.45
576,30.57,29.45
539,30.57,29.45
433,30.57,29.45
306,30.57,29.45
457,30.57,29.45
395,30.57,29.45
243,30.57,29.45
633,30.57,29.45
513,30.57,29.45
388,30.57,29.45
516,30.57,29.45
283,30.57,29.45
580,30.57,29.45
378,30.57,29.45
487,30.57,29.45
696,30.57,29.45
260,30.57,29.45
540,30.57,29.45
334,30.57,29.45
723,30.57,29.45
148,30.57,29.45
720,30.57,29.45
749,30.57,29.45
410,30.57,29.45
701,30.57,29.45
509,30.57,29.45
776,30.57,29.45
596,30.57,29.45
620,30.57,29.45
624,30.57,29.45
514,30.57,29.45
559,30.57,29.45
690,30.57,29.45
335,30.57,29.45
649,30.57,29.45
147,30.57,29.45
735,30.57,29.45
543,30.57,29.45
476,30.57,29.45
792,30.57,29.45
585,30.57,29.45
533,30.57,29.45
295,30.57,29.45
878,30.57,29.45
326,30.57,29.45
721,30.57,29.45
373,30.57,29.45
785,30.57,29.45
603,30.57,29.45
678,30.57,29.45
638,30.57,29.45
538,30.57,29.45
287,30.57,29.45
414,30.57,29.45
752,30.57,29.35
300,30.57,29.35
624,30.57,29.35
270,30.57,29.35
772,30.57,29.35
118,30.57,29.35
836,30.57,29.35
360,30.57,29.35
723,30.57,29.35
385,30.57,29.35
641,30.57,29.35
417,30.57,29.35
287,30.57,29.35
552,30.57,29.35
232,30.57,29.35
709,30.57,29.35
119,30.57,29.35
626,30.57,29.35
385,30.57,29.35
549,30.57,29.35
489,30.57,29.35
748,30.57,29.35
119,30.57,29.35
845,30.57,29.35
453,30.57,29.35
612,30.57,29.35
505,30.57,29.35
592,30.57,29.35
504,30.57,29.35
291,30.57,29.35
572,30.57,29.35
187,30.57,29.35
806,30.57,29.35
168,30.57,29.35
728,30.57,29.35
332,30.57,29.35
525,30.63,29.35
339,30.63,29.35
799,30.63,29.35
549,30.63,29.35
558,30.63,29.35
572,30.63,29.35
581,30.63,29.35
450,30.63,29.35
438,30.63,29.35
591,30.63,29.35
175,30.63,29.35
767,30.63,29.35
270,30.63,29.35
693,30.63,29.35
180,30.63,29.35
790,30.63,29.35
237,30.63,29.35
396,30.63,29.35
832,30.63,29.35
411,30.63,29.35
878,30.63,29.35
411,30.63,29.35
819,30.63,29.35
523,30.63,29.45
824,30.63,29.45
213,30.63,29.45
767,30.63,29.45
609,30.63,29.45
776,30.63,29.45
558,30.63,29.45
717,30.63,29.45
303,30.63,29.45
696,30.63,29.45
506,30.63,29.45
460,30.63,29.45
808,30.63,29.45
208,30.63,29.45
879,30.63,29.45
645,30.63,29.45
612,30.63,29.45
370,30.63,29.45
787,30.63,29.45
345,30.63,29.45
509,30.63,29.45
440,30.63,29.45
696,30.63,29.45
337,30.63,29.45
659,30.63,29.45
475,30.63,29.45
727,30.63,29.45
308,30.63,29.45
594,30.63,29.45
531,30.63,29.45
322,30.63,29.45
683,30.63,29.45
320,30.63,29.45
459,30.63,29.45
756,30.63,29.45
397,30.63,29.45
462,30.61,29.45
562,30.61,29.45
511,30.61,29.45
388,30.61,29.45
484,30.61,29.45
253,30.61,29.45
779,30.61,29.45
384,30.61,29.45
633,30.61,29.45
710,30.61,29.45
409,30.61,29.45
508,30.61,29.45
681,30.61,29.45
566,30.61,29.45
503,30.61,29.45
664,30.61,29.45
424,30.61,29.45
445,30.61,29.45
192,30.61,29.45
532,30.61,29.45
119,30.61,29.45
442,30.61,29.45
393,30.61,29.45
683,30.61,29.45
339,30.61,29.23
430,30.61,29.23
615,30.61,29.23
353,30.61,29.23
704,30.61,29.23
371,30.61,29.23
524,30.61,29.23
390,30.61,29.23
590,30.61,29.23
567,30.61,29.23
591,30.61,29.23
259,30.61,29.23
849,30.61,29.23
471,30.61,29.23
575,30.61,29.23
486,30.61,29.23
479,30.61,29.23
433,30.61,29.23
255,30.61,29.23
879,30.61,29.23
370,30.61,29.23
735,30.61,29.23
501,30.61,29.23
878,30.61,29.23
482,30.61,29.23
545,30.61,29.23
877,30.61,29.23
632,30.61,29.23
628,30.61,29.23
557,30.61,29.23
590,30.61,29.23
538,30.61,29.23
472,30.61,29.23
795,30.61,29.23
648,30.61,29.23
121,30.61,29.23
773,30.63,29.23
406,30.63,29.23
771,30.63,29.23
307,30.63,29.23
818,30.63,29.23
661,30.63,29.23
