509,30.53,29.23
683,30.53,29.23
137,30.53,29.23
348,30.53,29.23
878,30.53,29.23
122,30.53,29.23
523,30.53,29.23
707,30.53,29.23
846,30.53,29.23
451,30.53,29.23
692,30.53,29.23
336,30.53,29.23
877,30.53,29.23
411,30.53,29.23
628,30.53,29.23
392,30.53,29.23
793,30.53,29.23
341,30.53,29.23
563,30.53,29.23
564,30.53,29.23
270,30.53,29.23
730,30.53,29.23
559,30.53,29.23
773,30.53,29.23
181,30.53,29.23
878,30.53,29.23
449,30.55,29.23
515,30.55,29.23
560,30.55,29.23
863,30.55,29.23
577,30.55,29.23
576,30.55,29.23
474,30.55,29.23
876,30.55,29.23
333,30.55,29.23
554,30.55,29.23
708,30.55,29.23
119,30.55,29.23
605,30.55,29.23
191,30.55,29.23
732,30.55,29.23
280,30.55,29.23
422,30.55,29.23
533,30.55,29.23
433,30.55,29.23
435,30.55,29.23
743,30.55,29.23
545,30.55,29.23
481,30.55,29.23
631,30.55,29.23
446,30.55,29.19
628,30.55,29.19
421,30.55,29.19
660,30.55,29.19
345,30.55,29.19
358,30.55,29.19
435,30.55,29.19
867,30.55,29.19
260,30.55,29.19
609,30.55,29.19
739,30.55,29.19
361,30.55,29.19
495,30.55,29.19
257,30.55,29.19
676,30.55,29.19
414,30.55,29.19
281,30.55,29.19
372,30.55,29.19
394,30.55,29.19
243,30.55,29.19
579,30.55,29.19
470,30.55,29.19
393,30.55,29.19
551,30.55,29.19
529,30.55,29.19
441,30.55,29.19
419,30.55,29.19
558,30.55,29.19
523,30.55,29.19
750,30.55,29.19
242,30.55,29.19
760,30.55,29.19
445,30.55,29.19
462,30.55,29.19
396,30.55,29.19
421,30.55,29.19
555,30.57,29.19
471,30.57,29.19
781,30.57,29.19
448,30.57,29.19
710,30.57,29.19
563,30.57,29.19
287,30.57,29.19
480,30.57,29.19
415,30.57,29.19
566,30.57,29.19
775,30.57,29.19
313,30.57,29.19
873,30.57,29.19
499,30.57,29.19
629,30.57,29.19
877,30.57,29.19
351,30.57,29.19
634,30.57,29.19
123,30.57,29.19
836,30.57,29.19
390,30.57,29.19
637,30.57,29.19
430,30.57,29.19
491,30.57,29.43
542,30.57,29.43
429,30.57,29.43
635,30.57,29.43
290,30.57,29.43
835,30.57,29.43
677,30.57,29.43
501,30.57,29.43
562,30.57,29.43
688,30.57,29.43
390,30.57,29.43
879,30.57,29.43
121,30.57,29.43
695,30.57,29.43
124,30.57,29.43
702,30.57,29.43
446,30.57,29.43
407,30.57,29.43
877,30.57,29.43
309,30.57,29.43
707,30.57,29.43
552,30.57,29.43
141,30.57,29.43
177,30.57,29.43
490,30.57,29.43
466,30.57,29.43
208,30.57,29.43
830,30.57,29.43
766,30.57,29.43
654,30.57,29.43
821,30.57,29.43
120,30.57,29.43
566,30.57,29.43
379,30.57,29.43
380,30.57,29.43
878,30.57,29.43
120,30.55,29.43
338,30.55,29.43
378,30.55,29.43
802,30.55,29.43
310,30.55,29.43
207,30.55,29.43
737,30.55,29.43
145,30.55,29.43
335,30.55,29.43
728,30.55,29.43
121,30.55,29.43
583,30.55,29.43
594,30.55,29.43
517,30.55,29.43
239,30.55,29.43
219,30.55,29.43
748,30.55,29.43
593,30.55,29.43
725,30.55,29.43
121,30.55,29.43
873,30.55,29.43
669,30.55,29.43
610,30.55,29.43
622,30.55,29.43
130,30.55,29.43
578,30.55,29.43
453,30.55,29.43
463,30.55,29.43
518,30.55,29.43
603,30.55,29.43
522,30.55,29.43
664,30.55,29.43
513,30.55,29.43
622,30.55,29.43
484,30.55,29.43
579,30.55,29.43
539,30.55,29.43
680,30.55,29.43
598,30.55,29.43
622,30.55,29.43
799,30.55,29.43
523,30.55,29.43
558,30.55,29.43
367,30.55,29.43
735,30.55,29.43
430,30.55,29.43
488,30.55,29.43
501,30.55,29.43
513,30.55,29.43
584,30.55,29.43
287,30.55,29.43
725,30.55,29.43
445,30.55,29.43
236,30.55,29.43
443,30.55,29.43
607,30.55,29.43
330,30.55,29.43
459,30.55,29.43
411,30.55,29.43
652,30.55,29.43
333,30.53,29.43
379,30.53,29.43
236,30.53,29.43
396,30.53,29.43
615,30.53,29.43
530,30.53,29.43
370,30.53,29.43
144,30.53,29.43
878,30.53,29.43
225,30.53,29.43
663,30.53,29.43
347,30.53,29.43
524,30.53,29.43
459,30.53,29.43
284,30.53,29.43
422,30.53,29.43
517,30.53,29.43
348,30.53,29.43
414,30.53,29.43
420,30.53,29.43
269,30.53,29.43
297,30.53,29.43
531,30.53,29.43
548,30.53,29.17
211,30.53,29.17
653,30.53,29.17
398,30.53,29.17
685,30.53,29.17
252,30.53,29.17
488,30.53,29.17
472,30.53,29.17
308,30.53,29.17
621,30.53,29.17
334,30.53,29.17
501,30.53,29.17
118,30.53,29.17
516,30.53,29.17
568,30.53,29.17
411,30.53,29.17
587,30.53,29.17
855,30.53,29.17
404,30.53,29.17
463,30.53,29.17
216,30.53,29.17
392,30.53,29.17
453,30.53,29.17
444,30.53,29.17
787,30.53,29.17
191,30.53,29.17
729,30.53,29.17
137,30.53,29.17
858,30.53,29.17
118,30.53,29.17
845,30.53,29.17
237,30.53,29.17
672,30.53,29.17
657,30.53,29.17
691,30.53,29.17
647,30.53,29.17
605,30.57,29.17
569,30.57,29.17
657,30.57,29.17
716,30.57,29.17
464,30.57,29.17
691,30.57,29.17
572,30.57,29.17
738,30.57,29.17
428,30.57,29.17
878,30.57,29.17
238,30.57,29.17
821,30.57,29.17
441,30.57,29.17
655,30.57,29.17
549,30.57,29.17
462,30.57,29.17
879,30.57,29.17
293,30.57,29.17
202,30.57,29.17
719,30.57,29.17
706,30.57,29.17
534,30.57,29.17
809,30.57,29.17
380,30.57,29.17
472,30.57,29.43
299,30.57,29.43
535,30.57,29.43
446,30.57,29.43
712,30.57,29.43
296,30.57,29.43
474,30.57,29.43
491,30.57,29.43
120,30.57,29.43
833,30.57,29.43
320,30.57,29.43
624,30.57,29.43
499,30.57,29.43
759,30.57,29.43
521,30.57,29.43
619,30.57,29.43
834,30.57,29.43
470,30.57,29.43
434,30.57,29.43
370,30.57,29.43
295,30.57,29.43
437,30.57,29.43
351,30.57,29.43
259,30.57,29.43
722,30.57,29.43
301,30.57,29.43
492,30.57,29.43
561,30.57,29.43
443,30.57,29.43
472,30.57,29.43
619,30.57,29.43
493,30.57,29.43
119,30.57,29.43
637,30.57,29.43
256,30.57,29.43
530,30.55,29.43
119,30.55,29.43
379,30.55,29.43
607,30.55,29.43
312,30.55,29.43
671,30.55,29.43
371,30.55,29.43
377,30.55,29.43
328,30.55,29.43
303,30.55,29.43
504,30.55,29.43
513,30.55,29.43
382,30.55,29.43
763,30.55,29.43
308,30.55,29.43
658,30.55,29.43
336,30.55,29.43
640,30.55,29.43
285,30.55,29.43
649,30.55,29.43
587,30.55,29.43
265,30.55,29.43
878,30.55,29.43
121,30.55,29.43
737,30.55,29.23
211,30.55,29.23
708,30.55,29.23
629,30.55,29.23
521,30.55,29.23
657,30.55,29.23
819,30.55,29.23
263,30.55,29.23
651,30.55,29.23
380,30.55,29.23
740,30.55,29.23
359,30.55,29.23
634,30.55,29.23
700,30.55,29.23
220,30.55,29.23
848,30.55,29.23
306,30.55,29.23
697,30.55,29.23
441,30.55,29.23
638,30.55,29.23
411,30.55,29.23
447,30.55,29.23
669,30.55,29.23
632,30.55,29.23
503,30.55,29.23
292,30.55,29.23
558,30.55,29.23
376,30.55,29.23
591,30.55,29.23
367,30.55,29.23
541,30.55,29.23
122,30.55,29.23
714,30.55,29.23
347,30.55,29.23
696,30.55,29.23
119,30.55,29.23
723,30.55,29.23
479,30.55,29.23
371,30.55,29.23
410,30.55,29.23
605,30.55,29.23
853,30.55,29.23
413,30.55,29.23
703,30.55,29.23
121,30.55,29.23
710,30.55,29.23
142,30.55,29.23
607,30.55,29.23
466,30.55,29.23
541,30.55,29.23
187,30.55,29.23
878,30.55,29.23
460,30.55,29.23
560,30.55,29.23
705,30.55,29.23
561,30.55,29.23
428,30.55,29.23
413,30.55,29.23
784,30.55,29.23
119,30.55,29.23
634,30.55,29.23
571,30.55,29.23
671,30.55,29.23
285,30.55,29.23
502,30.55,29.23
626,30.55,29.23
297,30.55,29.23
507,30.55,29.23
696,30.55,29.23
552,30.55,29.23
476,30.55,29.23
602,30.55,29.23
