411,30.87,29.75
418,30.87,29.75
125,30.87,29.75
127,30.87,29.75
782,30.87,29.75
123,30.87,29.75
391,30.87,29.75
520,30.87,29.75
699,30.87,29.75
508,30.87,29.75
578,30.87,29.75
725,30.83,29.75
120,30.83,29.75
867,30.83,29.75
340,30.83,29.75
471,30.83,29.75
619,30.83,29.75
507,30.83,29.75
622,30.83,29.75
406,30.83,29.75
448,30.83,29.75
124,30.83,29.75
721,30.83,29.75
429,30.83,29.75
498,30.83,29.75
782,30.83,29.75
121,30.83,29.75
680,30.83,29.75
720,30.83,29.75
120,30.83,29.75
371,30.83,29.75
396,30.83,29.75
589,30.83,29.75
606,30.83,29.75
465,30.83,29.45
387,30.83,29.45
120,30.83,29.45
814,30.83,29.45
120,30.83,29.45
878,30.83,29.45
390,30.83,29.45
457,30.83,29.45
523,30.83,29.45
587,30.83,29.45
699,30.83,29.45
340,30.83,29.45
507,30.83,29.45
226,30.83,29.45
627,30.83,29.45
489,30.83,29.45
703,30.83,29.45
320,30.83,29.45
660,30.83,29.45
324,30.83,29.45
571,30.83,29.45
383,30.83,29.45
681,30.83,29.45
146,30.83,29.45
676,30.83,29.45
858,30.83,29.45
566,30.83,29.45
666,30.83,29.45
407,30.83,29.45
878,30.83,29.45
517,30.83,29.45
629,30.83,29.45
417,30.83,29.45
733,30.83,29.45
311,30.83,29.45
698,30.83,29.45
556,30.91,29.45
435,30.91,29.45
510,30.91,29.45
707,30.91,29.45
262,30.91,29.45
790,30.91,29.45
419,30.91,29.45
394,30.91,29.45
728,30.91,29.45
299,30.91,29.45
874,30.91,29.45
442,30.91,29.45
504,30.91,29.45
615,30.91,29.45
630,30.91,29.45
234,30.91,29.45
334,30.91,29.45
519,30.91,29.45
282,30.91,29.45
747,30.91,29.45
281,30.91,29.45
770,30.91,29.45
529,30.91,29.45
773,30.91,29.45
251,30.91,29.65
529,30.91,29.65
118,30.91,29.65
665,30.91,29.65
297,30.91,29.65
762,30.91,29.65
400,30.91,29.65
558,30.91,29.65
565,30.91,29.65
247,30.91,29.65
715,30.91,29.65
179,30.91,29.65
854,30.91,29.65
266,30.91,29.65
877,30.91,29.65
119,30.91,29.65
532,30.91,29.65
669,30.91,29.65
666,30.91,29.65
507,30.91,29.65
486,30.91,29.65
481,30.91,29.65
441,30.91,29.65
362,30.91,29.65
479,30.91,29.65
575,30.91,29.65
242,30.91,29.65
500,30.91,29.65
483,30.91,29.65
713,30.91,29.65
119,30.91,29.65
249,30.91,29.65
503,30.91,29.65
126,30.91,29.65
501,30.91,29.65
544,30.91,29.65
569,30.83,29.65
339,30.83,29.65
582,30.83,29.65
243,30.83,29.65
658,30.83,29.65
401,30.83,29.65
531,30.83,29.65
474,30.83,29.65
681,30.83,29.65
426,30.83,29.65
714,30.83,29.65
349,30.83,29.65
784,30.83,29.65
694,30.83,29.65
607,30.83,29.65
661,30.83,29.65
568,30.83,29.65
764,30.83,29.65
276,30.83,29.65
736,30.83,29.65
308,30.83,29.65
703,30.83,29.65
262,30.83,29.65
691,30.83,29.93
445,30.83,29.93
294,30.83,29.93
617,30.83,29.93
345,30.83,29.93
332,30.83,29.93
368,30.83,29.93
656,30.83,29.93
772,30.83,29.93
547,30.83,29.93
379,30.83,29.93
878,30.83,29.93
408,30.83,29.93
700,30.83,29.93
459,30.83,29.93
320,30.83,29.93
679,30.83,29.93
492,30.83,29.93
650,30.83,29.93
314,30.83,29.93
752,30.83,29.93
241,30.83,29.93
745,30.83,29.93
329,30.83,29.93
312,30.83,29.93
661,30.83,29.93
390,30.83,29.93
638,30.83,29.93
618,30.83,29.93
475,30.83,29.93
525,30.83,29.93
465,30.83,29.93
435,30.83,29.93
479,30.83,29.93
371,30.83,29.93
763,30.83,29.93
368,30.87,29.93
671,30.87,29.93
545,30.87,29.93
565,30.87,29.93
658,30.87,29.93
537,30.87,29.93
515,30.87,29.93
262,30.87,29.93
555,30.87,29.93
371,30.87,29.93
479,30.87,29.93
118,30.87,29.93
317,30.87,29.93
465,30.87,29.93
215,30.87,29.93
407,30.87,29.93
571,30.87,29.93
121,30.87,29.93
693,30.87,29.93
371,30.87,29.93
366,30.87,29.93
331,30.87,29.93
302,30.87,29.93
605,30.87,29.93
392,30.87,29.63
614,30.87,29.63
454,30.87,29.63
865,30.87,29.63
177,30.87,29.63
860,30.87,29.63
403,30.87,29.63
561,30.87,29.63
593,30.87,29.63
504,30.87,29.63
578,30.87,29.63
217,30.87,29.63
756,30.87,29.63
566,30.87,29.63
557,30.87,29.63
543,30.87,29.63
744,30.87,29.63
259,30.87,29.63
843,30.87,29.63
207,30.87,29.63
842,30.87,29.63
426,30.87,29.63
502,30.87,29.63
731,30.87,29.63
519,30.87,29.63
879,30.87,29.63
271,30.87,29.63
812,30.87,29.63
257,30.87,29.63
591,30.87,29.63
635,30.87,29.63
650,30.87,29.63
486,30.87,29.63
824,30.87,29.63
650,30.87,29.63
398,30.87,29.63
580,30.85,29.63
600,30.85,29.63
530,30.85,29.63
558,30.85,29.63
568,30.85,29.63
122,30.85,29.63
826,30.85,29.63
119,30.85,29.63
615,30.85,29.63
651,30.85,29.63
159,30.85,29.63
719,30.85,29.63
401,30.85,29.63
643,30.85,29.63
296,30.85,29.63
645,30.85,29.63
410,30.85,29.63
578,30.85,29.63
320,30.85,29.63
754,30.85,29.63
596,30.85,29.63
403,30.85,29.63
358,30.85,29.63
520,30.85,29.71
460,30.85,29.71
643,30.85,29.71
737,30.85,29.71
347,30.85,29.71
690,30.85,29.71
174,30.85,29.71
878,30.85,29.71
175,30.85,29.71
646,30.85,29.71
425,30.85,29.71
399,30.85,29.71
489,30.85,29.71
674,30.85,29.71
602,30.85,29.71
119,30.85,29.71
594,30.85,29.71
221,30.85,29.71
590,30.85,29.71
121,30.85,29.71
597,30.85,29.71
360,30.85,29.71
770,30.85,29.71
172,30.85,29.71
749,30.85,29.71
421,30.85,29.71
552,30.85,29.71
259,30.85,29.71
270,30.85,29.71
547,30.85,29.71
476,30.85,29.71
739,30.85,29.71
119,30.85,29.71
877,30.85,29.71
122,30.85,29.71
708,30.85,29.71
191,30.87,29.71
530,30.87,29.71
433,30.87,29.71
480,30.87,29.71
655,30.87,29.71
285,30.87,29.71
596,30.87,29.71
577,30.87,29.71
630,30.87,29.71
460,30.87,29.71
635,30.87,29.71
283,30.87,29.71
660,30.87,29.71
118,30.87,29.71
791,30.87,29.71
307,30.87,29.71
595,30.87,29.71
501,30.87,29.71
528,30.87,29.71
410,30.87,29.71
427,30.87,29.71
702,30.87,29.71
448,30.87,29.71
875,30.87,29.71
438,30.87,29.65
878,30.87,29.65
468,30.87,29.65
484,30.87,29.65
632,30.87,29.65
500,30.87,29.65
414,30.87,29.65
827,30.87,29.65
199,30.87,29.65
748,30.87,29.65
495,30.87,29.65
461,30.87,29.65
688,30.87,29.65
249,30.87,29.65
616,30.87,29.65
554,30.87,29.65
493,30.87,29.65
377,30.87,29.65
568,30.87,29.65
764,30.87,29.65
604,30.87,29.65
547,30.87,29.65
294,30.87,29.65
579,30.87,29.65
339,30.87,29.65
321,30.87,29.65
577,30.87,29.65
509,30.87,29.65
455,30.87,29.65
699,30.87,29.65
400,30.87,29.65
527,30.87,29.65
439,30.87,29.65
645,30.87,29.65
582,30.87,29.65
247,30.87,29.65
475,30.85,29.65
323,30.85,29.65
713,30.85,29.65
306,30.85,29.65
681,30.85,29.65
183,30.85,29.65
319,30.85,29.65
306,30.85,29.65
262,30.85,29.65
398,30.85,29.65
618,30.85,29.65
464,30.85,29.65
473,30.85,29.65
486,30.85,29.65
317,30.85,29.65
529,30.85,29.65
452,30.85,29.65
848,30.85,29.65
423,30.85,29.65
878,30.85,29.65
182,30.85,29.65
851,30.85,29.65
476,30.85,29.65
446,30.85,29.75
470,30.85,29.75
420,30.85,29.75
583,30.85,29.75
118,30.85,29.75
750,30.85,29.75
306,30.85,29.75
654,30.85,29.75
235,30.85,29.75
798,30.85,29.75
572,30.85,29.75
665,30.85,29.75
597,30.85,29.75
261,30.85,29.75
184,30.85,29.75
579,30.85,29.75
119,30.85,29.75
333,30.85,29.75
624,30.85,29.75
119,30.85,29.75
847,30.85,29.75
210,30.85,29.75
615,30.85,29.75
385,30.85,29.75
661,30.85,29.75
290,30.85,29.75
532,30.85,29.75
486,30.85,29.75
