436,31.63,30.39
279,31.63,30.39
121,31.63,30.39
343,31.63,30.39
429,31.63,30.39
497,31.63,30.39
683,31.63,30.39
886,31.63,30.39
247,31.63,30.39
625,31.63,30.39
220,31.63,30.39
731,31.63,30.39
257,31.63,30.39
687,31.63,30.39
218,31.63,30.39
651,31.63,30.39
358,31.63,30.39
446,31.63,30.39
624,31.63,30.39
225,31.63,30.39
780,31.63,30.39
558,31.63,30.39
409,31.63,30.39
515,31.63,30.17
678,31.63,30.17
316,31.63,30.17
644,31.63,30.17
261,31.63,30.17
795,31.63,30.17
179,31.63,30.17
674,31.63,30.17
286,31.63,30.17
806,31.63,30.17
463,31.63,30.17
634,31.63,30.17
490,31.63,30.17
527,31.63,30.17
871,31.63,30.17
390,31.63,30.17
681,31.63,30.17
455,31.63,30.17
581,31.63,30.17
359,31.63,30.17
593,31.63,30.17
264,31.63,30.17
562,31.63,30.17
495,31.63,30.17
611,31.63,30.17
382,31.63,30.17
596,31.63,30.17
551,31.63,30.17
657,31.63,30.17
591,31.63,30.17
485,31.63,30.17
641,31.63,30.17
570,31.63,30.17
700,31.63,30.17
645,31.63,30.17
248,31.63,30.17
670,31.63,30.17
459,31.63,30.17
640,31.63,30.17
319,31.63,30.17
597,31.63,30.17
390,31.63,30.17
517,31.63,30.17
448,31.63,30.17
387,31.63,30.17
309,31.63,30.17
446,31.63,30.17
327,31.63,30.17
714,31.63,30.17
567,31.63,30.17
453,31.63,30.17
728,31.63,30.17
225,31.63,30.17
500,31.63,30.17
130,31.63,30.17
569,31.63,30.17
371,31.63,30.17
630,31.63,30.17
145,31.63,30.17
531,31.63,30.43
619,31.63,30.43
303,31.63,30.43
581,31.63,30.43
324,31.63,30.43
354,31.63,30.43
198,31.63,30.43
568,31.63,30.43
472,31.63,30.43
545,31.63,30.43
376,31.63,30.43
556,31.63,30.43
374,31.63,30.43
694,31.63,30.43
640,31.63,30.43
514,31.63,30.43
527,31.63,30.43
230,31.63,30.43
531,31.63,30.43
343,31.63,30.43
480,31.63,30.43
119,31.63,30.43
645,31.63,30.43
118,31.63,30.43
435,31.63,30.43
514,31.63,30.43
608,31.63,30.43
453,31.63,30.43
705,31.63,30.43
588,31.63,30.43
540,31.63,30.43
686,31.63,30.43
441,31.63,30.43
714,31.63,30.43
225,31.63,30.43
760,31.63,30.43
335,31.61,30.43
636,31.61,30.43
186,31.61,30.43
876,31.61,30.43
229,31.61,30.43
804,31.61,30.43
673,31.61,30.43
470,31.61,30.43
762,31.61,30.43
482,31.61,30.43
580,31.61,30.43
309,31.61,30.43
645,31.61,30.43
777,31.61,30.43
582,31.61,30.43
399,31.61,30.43
732,31.61,30.43
377,31.61,30.43
874,31.61,30.43
453,31.61,30.43
874,31.61,30.43
584,31.61,30.43
321,31.61,30.43
610,31.61,30.43
449,31.61,30.37
687,31.61,30.37
305,31.61,30.37
592,31.61,30.37
303,31.61,30.37
596,31.61,30.37
255,31.61,30.37
735,31.61,30.37
293,31.61,30.37
519,31.61,30.37
326,31.61,30.37
355,31.61,30.37
344,31.61,30.37
545,31.61,30.37
215,31.61,30.37
505,31.61,30.37
593,31.61,30.37
251,31.61,30.37
879,31.61,30.37
373,31.61,30.37
633,31.61,30.37
289,31.61,30.37
415,31.61,30.37
286,31.61,30.37
539,31.61,30.37
315,31.61,30.37
456,31.61,30.37
664,31.61,30.37
500,31.61,30.37
454,31.61,30.37
492,31.61,30.37
330,31.61,30.37
670,31.61,30.37
345,31.61,30.37
524,31.61,30.37
653,31.61,30.37
220,31.61,30.37
734,31.61,30.37
352,31.61,30.37
146,31.61,30.37
339,31.61,30.37
433,31.61,30.37
469,31.61,30.37
317,31.61,30.37
701,31.61,30.37
507,31.61,30.37
531,31.61,30.37
336,31.61,30.37
471,31.61,30.37
568,31.61,30.37
397,31.61,30.37
721,31.61,30.37
555,31.61,30.37
262,31.61,30.37
791,31.61,30.37
606,31.61,30.37
424,31.61,30.37
483,31.61,30.37
703,31.61,30.37
489,31.61,30.43
287,31.61,30.43
725,31.61,30.43
500,31.61,30.43
488,31.61,30.43
563,31.61,30.43
759,31.61,30.43
660,31.61,30.43
669,31.61,30.43
858,31.61,30.43
406,31.61,30.43
679,31.61,30.43
375,31.61,30.43
732,31.61,30.43
703,31.61,30.43
347,31.61,30.43
769,31.61,30.43
544,31.61,30.43
231,31.61,30.43
618,31.61,30.43
718,31.61,30.43
445,31.61,30.43
417,31.61,30.43
353,31.61,30.43
692,31.61,30.43
428,31.61,30.43
879,31.61,30.43
214,31.61,30.43
662,31.61,30.43
123,31.61,30.43
735,31.61,30.43
608,31.61,30.43
335,31.61,30.43
267,31.61,30.43
465,31.61,30.43
732,31.61,30.43
181,31.57,30.43
520,31.57,30.43
625,31.57,30.43
393,31.57,30.43
328,31.57,30.43
847,31.57,30.43
123,31.57,30.43
727,31.57,30.43
275,31.57,30.43
880,31.57,30.43
526,31.57,30.43
529,31.57,30.43
675,31.57,30.43
419,31.57,30.43
193,31.57,30.43
413,31.57,30.43
576,31.57,30.43
369,31.57,30.43
494,31.57,30.43
480,31.57,30.43
601,31.57,30.43
118,31.57,30.43
613,31.57,30.43
399,31.57,30.43
559,31.57,30.31
129,31.57,30.31
632,31.57,30.31
336,31.57,30.31
432,31.57,30.31
188,31.57,30.31
427,31.57,30.31
510,31.57,30.31
124,31.57,30.31
603,31.57,30.31
645,31.57,30.31
255,31.57,30.31
298,31.57,30.31
641,31.57,30.31
763,31.57,30.31
377,31.57,30.31
587,31.57,30.31
560,31.57,30.31
297,31.57,30.31
534,31.57,30.31
580,31.57,30.31
565,31.57,30.31
463,31.57,30.31
637,31.57,30.31
524,31.57,30.31
231,31.57,30.31
682,31.57,30.31
395,31.57,30.31
527,31.57,30.31
341,31.57,30.31
533,31.57,30.31
704,31.57,30.31
312,31.57,30.31
880,31.57,30.31
518,31.57,30.31
587,31.57,30.31
679,31.65,30.31
677,31.65,30.31
323,31.65,30.31
703,31.65,30.31
592,31.65,30.31
488,31.65,30.31
630,31.65,30.31
565,31.65,30.31
503,31.65,30.31
639,31.65,30.31
430,31.65,30.31
677,31.65,30.31
666,31.65,30.31
124,31.65,30.31
879,31.65,30.31
253,31.65,30.31
744,31.65,30.31
540,31.65,30.31
493,31.65,30.31
503,31.65,30.31
445,31.65,30.31
511,31.65,30.31
554,31.65,30.31
179,31.65,30.31
317,31.65,30.43
879,31.65,30.43
395,31.65,30.43
457,31.65,30.43
670,31.65,30.43
456,31.65,30.43
333,31.65,30.43
519,31.65,30.43
380,31.65,30.43
750,31.65,30.43
527,31.65,30.43
585,31.65,30.43
374,31.65,30.43
210,31.65,30.43
388,31.65,30.43
244,31.65,30.43
594,31.65,30.43
117,31.65,30.43
666,31.65,30.43
533,31.65,30.43
319,31.65,30.43
776,31.65,30.43
638,31.65,30.43
415,31.65,30.43
318,31.65,30.43
456,31.65,30.43
634,31.65,30.43
324,31.65,30.43
284,31.65,30.43
642,31.65,30.43
168,31.65,30.43
670,31.65,30.43
318,31.65,30.43
730,31.65,30.43
310,31.65,30.43
637,31.65,30.43
298,31.61,30.43
392,31.61,30.43
570,31.61,30.43
334,31.61,30.43
621,31.61,30.43
512,31.61,30.43
522,31.61,30.43
719,31.61,30.43
713,31.61,30.43
408,31.61,30.43
759,31.61,30.43
460,31.61,30.43
623,31.61,30.43
489,31.61,30.43
797,31.61,30.43
377,31.61,30.43
621,31.61,30.43
600,31.61,30.43
313,31.61,30.43
595,31.61,30.43
228,31.61,30.43
804,31.61,30.43
315,31.61,30.43
486,31.61,30.39
656,31.61,30.39
521,31.61,30.39
375,31.61,30.39
752,31.61,30.39
274,31.61,30.39
619,31.61,30.39
160,31.61,30.39
633,31.61,30.39
696,31.61,30.39
429,31.61,30.39
519,31.61,30.39
620,31.61,30.39
585,31.61,30.39
198,31.61,30.39
879,31.61,30.39
290,31.61,30.39
647,31.61,30.39
417,31.61,30.39
577,31.61,30.39
467,31.61,30.39
582,31.61,30.39
686,31.61,30.39
461,31.61,30.39
359,31.61,30.39
404,31.61,30.39
606,31.61,30.39
389,31.61,30.39
244,31.61,30.39
372,31.61,30.39
762,31.61,30.39
309,31.61,30.39
520,31.61,30.39
362,31.61,30.39
647,31.61,30.39
122,31.61,30.39
552,31.61,30.39
282,31.61,30.39
277,31.61,30.39
