659,31.61,30.39
300,31.61,30.39
626,31.61,30.39
190,31.61,30.39
530,31.61,30.39
574,31.61,30.39
878,31.61,30.39
634,31.61,30.39
465,31.61,30.39
437,31.61,30.39
845,31.61,30.39
176,31.61,30.39
787,31.61,30.39
413,31.61,30.39
118,31.61,30.39
541,31.61,30.39
152,31.61,30.39
639,31.61,30.39
325,31.61,30.39
542,31.61,30.39
322,31.61,30.39
743,31.61,30.39
351,31.61,30.39
429,31.61,30.39
832,31.61,30.39
550,31.61,30.39
606,31.61,30.39
705,31.61,30.39
467,31.61,30.39
631,31.61,30.39
403,31.61,30.39
548,31.61,30.39
427,31.61,30.39
133,31.61,30.39
752,31.63,30.39
191,31.63,30.39
603,31.63,30.39
540,31.63,30.39
417,31.63,30.39
328,31.63,30.39
531,31.63,30.39
660,31.63,30.39
303,31.63,30.39
282,31.63,30.39
357,31.63,30.39
627,31.63,30.39
441,31.63,30.39
452,31.63,30.39
275,31.63,30.39
437,31.63,30.39
192,31.63,30.39
541,31.63,30.39
283,31.63,30.39
609,31.63,30.39
450,31.63,30.39
457,31.63,30.39
447,31.63,30.39
122,31.63,30.45
774,31.63,30.45
344,31.63,30.45
817,31.63,30.45
461,31.63,30.45
678,31.63,30.45
526,31.63,30.45
700,31.63,30.45
419,31.63,30.45
545,31.63,30.45
480,31.63,30.45
535,31.63,30.45
481,31.63,30.45
645,31.63,30.45
550,31.63,30.45
622,31.63,30.45
626,31.63,30.45
511,31.63,30.45
535,31.63,30.45
438,31.63,30.45
662,31.63,30.45
563,31.63,30.45
562,31.63,30.45
412,31.63,30.45
481,31.63,30.45
836,31.63,30.45
606,31.63,30.45
502,31.63,30.45
672,31.63,30.45
655,31.63,30.45
388,31.63,30.45
695,31.63,30.45
665,31.63,30.45
126,31.63,30.45
636,31.63,30.45
636,31.63,30.45
462,31.61,30.45
714,31.61,30.45
401,31.61,30.45
753,31.61,30.45
408,31.61,30.45
558,31.61,30.45
703,31.61,30.45
532,31.61,30.45
616,31.61,30.45
402,31.61,30.45
702,31.61,30.45
121,31.61,30.45
484,31.61,30.45
654,31.61,30.45
365,31.61,30.45
526,31.61,30.45
733,31.61,30.45
535,31.61,30.45
429,31.61,30.45
652,31.61,30.45
587,31.61,30.45
652,31.61,30.45
531,31.61,30.45
678,31.61,30.45
210,31.61,30.37
374,31.61,30.37
192,31.61,30.37
583,31.61,30.37
460,31.61,30.37
315,31.61,30.37
564,31.61,30.37
291,31.61,30.37
609,31.61,30.37
183,31.61,30.37
701,31.61,30.37
413,31.61,30.37
562,31.61,30.37
367,31.61,30.37
447,31.61,30.37
119,31.61,30.37
627,31.61,30.37
528,31.61,30.37
601,31.61,30.37
367,31.61,30.37
719,31.61,30.37
412,31.61,30.37
374,31.61,30.37
432,31.61,30.37
427,31.61,30.37
729,31.61,30.37
237,31.61,30.37
879,31.61,30.37
364,31.61,30.37
723,31.61,30.37
444,31.61,30.37
457,31.61,30.37
353,31.61,30.37
749,31.61,30.37
122,31.61,30.37
846,31.61,30.37
252,31.63,30.37
800,31.63,30.37
492,31.63,30.37
526,31.63,30.37
347,31.63,30.37
588,31.63,30.37
742,31.63,30.37
200,31.63,30.37
878,31.63,30.37
284,31.63,30.37
853,31.63,30.37
203,31.63,30.37
695,31.63,30.37
604,31.63,30.37
408,31.63,30.37
578,31.63,30.37
747,31.63,30.37
547,31.63,30.37
605,31.63,30.37
546,31.63,30.37
395,31.63,30.37
480,31.63,30.37
254,31.63,30.37
765,31.63,30.47
743,31.63,30.47
545,31.63,30.47
399,31.63,30.47
832,31.63,30.47
525,31.63,30.47
729,31.63,30.47
726,31.63,30.47
443,31.63,30.47
713,31.63,30.47
645,31.63,30.47
719,31.63,30.47
465,31.63,30.47
554,31.63,30.47
679,31.63,30.47
372,31.63,30.47
634,31.63,30.47
431,31.63,30.47
614,31.63,30.47
428,31.63,30.47
458,31.63,30.47
564,31.63,30.47
640,31.63,30.47
594,31.63,30.47
618,31.63,30.47
319,31.63,30.47
462,31.63,30.47
387,31.63,30.47
606,31.63,30.47
414,31.63,30.47
316,31.63,30.47
608,31.63,30.47
359,31.63,30.47
730,31.63,30.47
148,31.63,30.47
743,31.63,30.47
402,31.63,30.47
399,31.63,30.47
312,31.63,30.47
293,31.63,30.47
578,31.63,30.47
815,31.63,30.47
162,31.63,30.47
666,31.63,30.47
435,31.63,30.47
398,31.63,30.47
421,31.63,30.47
511,31.63,30.47
552,31.63,30.47
492,31.63,30.47
814,31.63,30.47
226,31.63,30.47
879,31.63,30.47
237,31.63,30.47
810,31.63,30.47
334,31.63,30.47
551,31.63,30.47
753,31.63,30.47
493,31.63,30.47
627,31.63,30.47
751,31.63,30.43
472,31.63,30.43
418,31.63,30.43
755,31.63,30.43
315,31.63,30.43
808,31.63,30.43
548,31.63,30.43
408,31.63,30.43
638,31.63,30.43
819,31.63,30.43
552,31.63,30.43
849,31.63,30.43
510,31.63,30.43
486,31.63,30.43
721,31.63,30.43
388,31.63,30.43
875,31.63,30.43
422,31.63,30.43
520,31.63,30.43
500,31.63,30.43
636,31.63,30.43
325,31.63,30.43
697,31.63,30.43
313,31.63,30.43
506,31.63,30.43
498,31.63,30.43
768,31.63,30.43
449,31.63,30.43
661,31.63,30.43
648,31.63,30.43
806,31.63,30.43
538,31.63,30.43
321,31.63,30.43
878,31.63,30.43
223,31.63,30.43
446,31.63,30.43
422,31.63,30.43
522,31.63,30.43
707,31.63,30.43
312,31.63,30.43
569,31.63,30.43
465,31.63,30.43
526,31.63,30.43
539,31.63,30.43
519,31.63,30.43
504,31.63,30.43
266,31.63,30.43
432,31.63,30.43
563,31.63,30.43
144,31.63,30.43
870,31.63,30.43
228,31.63,30.43
225,31.63,30.43
484,31.63,30.43
215,31.63,30.43
370,31.63,30.43
358,31.63,30.43
309,31.63,30.43
343,31.63,30.43
735,31.63,30.39
119,31.63,30.39
576,31.63,30.39
393,31.63,30.39
252,31.63,30.39
481,31.63,30.39
404,31.63,30.39
338,31.63,30.39
444,31.63,30.39
246,31.63,30.39
470,31.63,30.39
723,31.63,30.39
263,31.63,30.39
623,31.63,30.39
327,31.63,30.39
580,31.63,30.39
290,31.63,30.39
770,31.63,30.39
174,31.63,30.39
727,31.63,30.39
524,31.63,30.39
577,31.63,30.39
646,31.63,30.39
176,31.63,30.39
772,31.63,30.39
315,31.63,30.39
513,31.63,30.39
534,31.63,30.39
413,31.63,30.39
581,31.63,30.39
526,31.63,30.39
309,31.63,30.39
521,31.63,30.39
448,31.63,30.39
622,31.63,30.39
647,31.63,30.39
455,31.65,30.39
788,31.65,30.39
809,31.65,30.39
656,31.65,30.39
555,31.65,30.39
622,31.65,30.39
369,31.65,30.39
724,31.65,30.39
475,31.65,30.39
337,31.65,30.39
683,31.65,30.39
448,31.65,30.39
639,31.65,30.39
273,31.65,30.39
635,31.65,30.39
339,31.65,30.39
575,31.65,30.39
540,31.65,30.39
621,31.65,30.39
568,31.65,30.39
628,31.65,30.39
483,31.65,30.39
777,31.65,30.39
429,31.65,30.39
245,31.65,30.59
644,31.65,30.59
180,31.65,30.59
574,31.65,30.59
252,31.65,30.59
798,31.65,30.59
120,31.65,30.59
762,31.65,30.59
208,31.65,30.59
284,31.65,30.59
479,31.65,30.59
526,31.65,30.59
594,31.65,30.59
397,31.65,30.59
481,31.65,30.59
604,31.65,30.59
469,31.65,30.59
363,31.65,30.59
816,31.65,30.59
166,31.65,30.59
695,31.65,30.59
122,31.65,30.59
753,31.65,30.59
119,31.65,30.59
807,31.65,30.59
451,31.65,30.59
521,31.65,30.59
790,31.65,30.59
517,31.65,30.59
682,31.65,30.59
347,31.65,30.59
434,31.65,30.59
511,31.65,30.59
320,31.65,30.59
484,31.65,30.59
722,31.65,30.59
554,31.61,30.59
707,31.61,30.59
201,31.61,30.59
549,31.61,30.59
563,31.61,30.59
477,31.61,30.59
719,31.61,30.59
613,31.61,30.59
536,31.61,30.59
383,31.61,30.59
746,31.61,30.59
259,31.61,30.59
652,31.61,30.59
383,31.61,30.59
465,31.61,30.59
473,31.61,30.59
439,31.61,30.59
659,31.61,30.59
666,31.61,30.59
347,31.61,30.59
273,31.61,30.59
803,31.61,30.59
666,31.61,30.59
478,31.61,30.33
759,31.61,30.33
781,31.61,30.33
262,31.61,30.33
879,31.61,30.33
617,31.61,30.33
