281,31.29,30.15
775,31.33,30.15
121,31.33,30.15
365,31.33,30.15
308,31.33,30.15
876,31.33,30.15
558,31.33,30.15
879,31.33,30.15
121,31.33,30.15
574,31.33,30.15
521,31.33,30.15
310,31.33,30.15
597,31.33,30.15
711,31.33,30.15
709,31.33,30.15
749,31.33,30.15
411,31.33,30.15
826,31.33,30.15
796,31.33,30.15
218,31.33,30.15
879,31.33,30.15
159,31.33,30.15
761,31.33,30.15
737,31.33,30.15
498,31.33,30.17
414,31.33,30.17
439,31.33,30.17
510,31.33,30.17
398,31.33,30.17
699,31.33,30.17
397,31.33,30.17
873,31.33,30.17
527,31.33,30.17
736,31.33,30.17
578,31.33,30.17
746,31.33,30.17
420,31.33,30.17
488,31.33,30.17
127,31.33,30.17
519,31.33,30.17
395,31.33,30.17
372,31.33,30.17
532,31.33,30.17
197,31.33,30.17
804,31.33,30.17
219,31.33,30.17
754,31.33,30.17
400,31.33,30.17
405,31.33,30.17
259,31.33,30.17
619,31.33,30.17
333,31.33,30.17
399,31.33,30.17
310,31.33,30.17
205,31.33,30.17
539,31.33,30.17
121,31.33,30.17
259,31.33,30.17
328,31.33,30.17
878,31.33,30.17
333,31.33,30.17
650,31.33,30.17
250,31.33,30.17
677,31.33,30.17
119,31.33,30.17
708,31.33,30.17
382,31.33,30.17
418,31.33,30.17
522,31.33,30.17
573,31.33,30.17
492,31.33,30.17
435,31.33,30.17
709,31.33,30.17
228,31.33,30.17
483,31.33,30.17
279,31.33,30.17
703,31.33,30.17
374,31.33,30.17
543,31.33,30.17
881,31.33,30.17
526,31.33,30.17
531,31.33,30.17
833,31.33,30.17
579,31.33,30.17
482,31.33,30.15
417,31.33,30.15
376,31.33,30.15
693,31.33,30.15
185,31.33,30.15
879,31.33,30.15
500,31.33,30.15
433,31.33,30.15
303,31.33,30.15
469,31.33,30.15
491,31.33,30.15
122,31.33,30.15
702,31.33,30.15
406,31.33,30.15
689,31.33,30.15
495,31.33,30.15
749,31.33,30.15
573,31.33,30.15
548,31.33,30.15
403,31.33,30.15
737,31.33,30.15
214,31.33,30.15
811,31.33,30.15
428,31.33,30.15
454,31.33,30.15
393,31.33,30.15
538,31.33,30.15
656,31.33,30.15
230,31.33,30.15
619,31.33,30.15
394,31.33,30.15
664,31.33,30.15
712,31.33,30.15
878,31.33,30.15
607,31.33,30.15
468,31.33,30.15
580,31.31,30.15
471,31.31,30.15
502,31.31,30.15
375,31.31,30.15
333,31.31,30.15
492,31.31,30.15
387,31.31,30.15
208,31.31,30.15
828,31.31,30.15
119,31.31,30.15
698,31.31,30.15
459,31.31,30.15
664,31.31,30.15
119,31.31,30.15
545,31.31,30.15
683,31.31,30.15
483,31.31,30.15
291,31.31,30.15
369,31.31,30.15
674,31.31,30.15
121,31.31,30.15
625,31.31,30.15
121,31.31,30.15
453,31.31,30.15
331,31.31,29.93
472,31.31,29.93
270,31.31,29.93
676,31.31,29.93
375,31.31,29.93
765,31.31,29.93
166,31.31,29.93
532,31.31,29.93
426,31.31,29.93
383,31.31,29.93
551,31.31,29.93
278,31.31,29.93
462,31.31,29.93
470,31.31,29.93
711,31.31,29.93
501,31.31,29.93
478,31.31,29.93
316,31.31,29.93
584,31.31,29.93
432,31.31,29.93
291,31.31,29.93
427,31.31,29.93
695,31.31,29.93
592,31.31,29.93
568,31.31,29.93
674,31.31,29.93
347,31.31,29.93
735,31.31,29.93
323,31.31,29.93
846,31.31,29.93
334,31.31,29.93
348,31.31,29.93
665,31.31,29.93
442,31.31,29.93
547,31.31,29.93
498,31.31,29.93
604,31.31,29.93
529,31.31,29.93
661,31.31,29.93
440,31.31,29.93
732,31.31,29.93
422,31.31,29.93
653,31.31,29.93
570,31.31,29.93
597,31.31,29.93
559,31.31,29.93
671,31.31,29.93
330,31.31,29.93
282,31.31,29.93
601,31.31,29.93
387,31.31,29.93
723,31.31,29.93
403,31.31,29.93
721,31.31,29.93
125,31.31,29.93
536,31.31,29.93
365,31.31,29.93
450,31.31,29.93
494,31.31,29.93
611,31.31,29.97
451,31.31,29.97
735,31.31,29.97
560,31.31,29.97
623,31.31,29.97
510,31.31,29.97
351,31.31,29.97
779,31.31,29.97
316,31.31,29.97
617,31.31,29.97
156,31.31,29.97
864,31.31,29.97
233,31.31,29.97
618,31.31,29.97
155,31.31,29.97
455,31.31,29.97
636,31.31,29.97
227,31.31,29.97
732,31.31,29.97
504,31.31,29.97
430,31.31,29.97
228,31.31,29.97
425,31.31,29.97
408,31.31,29.97
595,31.31,29.97
348,31.31,29.97
535,31.31,29.97
304,31.31,29.97
548,31.31,29.97
514,31.31,29.97
587,31.31,29.97
280,31.31,29.97
626,31.31,29.97
574,31.31,29.97
152,31.31,29.97
736,31.31,29.97
290,31.27,29.97
600,31.27,29.97
356,31.27,29.97
586,31.27,29.97
501,31.27,29.97
550,31.27,29.97
374,31.27,29.97
589,31.27,29.97
427,31.27,29.97
445,31.27,29.97
767,31.27,29.97
432,31.27,29.97
402,31.27,29.97
677,31.27,29.97
764,31.27,29.97
339,31.27,29.97
729,31.27,29.97
217,31.27,29.97
674,31.27,29.97
475,31.27,29.97
645,31.27,29.97
415,31.27,29.97
407,31.27,29.97
743,31.27,29.97
539,31.27,30.03
728,31.27,30.03
187,31.27,30.03
447,31.27,30.03
661,31.27,30.03
508,31.27,30.03
620,31.27,30.03
681,31.27,30.03
685,31.27,30.03
562,31.27,30.03
559,31.27,30.03
562,31.27,30.03
504,31.27,30.03
352,31.27,30.03
569,31.27,30.03
297,31.27,30.03
618,31.27,30.03
636,31.27,30.03
788,31.27,30.03
347,31.27,30.03
607,31.27,30.03
491,31.27,30.03
467,31.27,30.03
559,31.27,30.03
416,31.27,30.03
648,31.27,30.03
160,31.27,30.03
570,31.27,30.03
438,31.27,30.03
575,31.27,30.03
492,31.27,30.03
725,31.27,30.03
123,31.27,30.03
200,31.27,30.03
498,31.27,30.03
815,31.27,30.03
475,31.31,30.03
584,31.31,30.03
529,31.31,30.03
573,31.31,30.03
657,31.31,30.03
305,31.31,30.03
755,31.31,30.03
393,31.31,30.03
476,31.31,30.03
518,31.31,30.03
505,31.31,30.03
627,31.31,30.03
550,31.31,30.03
332,31.31,30.03
371,31.31,30.03
394,31.31,30.03
118,31.31,30.03
613,31.31,30.03
294,31.31,30.03
728,31.31,30.03
383,31.31,30.03
578,31.31,30.03
203,31.31,30.03
788,31.31,29.93
311,31.31,29.93
513,31.31,29.93
410,31.31,29.93
287,31.31,29.93
465,31.31,29.93
301,31.31,29.93
599,31.31,29.93
276,31.31,29.93
727,31.31,29.93
355,31.31,29.93
760,31.31,29.93
390,31.31,29.93
381,31.31,29.93
545,31.31,29.93
540,31.31,29.93
316,31.31,29.93
683,31.31,29.93
458,31.31,29.93
421,31.31,29.93
635,31.31,29.93
532,31.31,29.93
807,31.31,29.93
290,31.31,29.93
820,31.31,29.93
443,31.31,29.93
879,31.31,29.93
230,31.31,29.93
691,31.31,29.93
494,31.31,29.93
309,31.31,29.93
703,31.31,29.93
598,31.31,29.93
512,31.31,29.93
534,31.31,29.93
582,31.31,29.93
395,31.33,29.93
664,31.33,29.93
214,31.33,29.93
879,31.33,29.93
192,31.33,29.93
877,31.33,29.93
529,31.33,29.93
614,31.33,29.93
244,31.33,29.93
783,31.33,29.93
359,31.33,29.93
426,31.33,29.93
696,31.33,29.93
553,31.33,29.93
879,31.33,29.93
274,31.33,29.93
810,31.33,29.93
436,31.33,29.93
489,31.33,29.93
646,31.33,29.93
604,31.33,29.93
123,31.33,29.93
728,31.33,29.93
242,31.33,29.93
655,31.33,29.97
229,31.33,29.97
566,31.33,29.97
715,31.33,29.97
489,31.33,29.97
592,31.33,29.97
298,31.33,29.97
619,31.33,29.97
121,31.33,29.97
695,31.33,29.97
514,31.33,29.97
333,31.33,29.97
500,31.33,29.97
391,31.33,29.97
441,31.33,29.97
392,31.33,29.97
299,31.33,29.97
431,31.33,29.97
209,31.33,29.97
412,31.33,29.97
367,31.33,29.97
164,31.33,29.97
453,31.33,29.97
506,31.33,29.97
731,31.33,29.97
245,31.33,29.97
478,31.33,29.97
244,31.33,29.97
559,31.33,29.97
596,31.33,29.97
355,31.33,29.97
492,31.33,29.97
533,31.33,29.97
686,31.33,29.97
656,31.33,29.97
303,31.33,29.97
