880,31.69,30.37
384,31.69,30.37
282,31.69,30.37
431,31.69,30.37
373,31.69,30.37
444,31.69,30.37
522,31.69,30.37
759,31.69,30.37
239,31.69,30.37
604,31.69,30.37
561,31.69,30.37
477,31.69,30.37
616,31.69,30.37
412,31.69,30.37
835,31.69,30.37
311,31.69,30.37
336,31.69,30.37
629,31.69,30.37
289,31.69,30.37
451,31.69,30.37
573,31.69,30.37
119,31.69,30.37
728,31.69,30.37
118,31.69,30.37
567,31.69,30.37
516,31.69,30.37
204,31.69,30.37
376,31.69,30.37
501,31.69,30.37
447,31.69,30.37
119,31.69,30.37
734,31.69,30.37
547,31.69,30.37
508,31.69,30.37
613,31.69,30.37
324,31.69,30.37
149,31.69,30.37
753,31.69,30.37
320,31.69,30.39
770,31.69,30.39
120,31.69,30.39
704,31.69,30.39
802,31.69,30.39
427,31.69,30.39
630,31.69,30.39
120,31.69,30.39
754,31.69,30.39
240,31.69,30.39
723,31.69,30.39
585,31.69,30.39
803,31.69,30.39
354,31.69,30.39
583,31.69,30.39
527,31.69,30.39
391,31.69,30.39
523,31.69,30.39
878,31.69,30.39
238,31.69,30.39
773,31.69,30.39
436,31.69,30.39
450,31.69,30.39
818,31.69,30.39
281,31.69,30.39
879,31.69,30.39
345,31.69,30.39
878,31.69,30.39
598,31.69,30.39
741,31.69,30.39
486,31.69,30.39
317,31.69,30.39
651,31.69,30.39
608,31.69,30.39
718,31.69,30.39
483,31.69,30.39
702,31.71,30.39
692,31.71,30.39
429,31.71,30.39
560,31.71,30.39
430,31.71,30.39
503,31.71,30.39
757,31.71,30.39
315,31.71,30.39
638,31.71,30.39
489,31.71,30.39
635,31.71,30.39
829,31.71,30.39
357,31.71,30.39
733,31.71,30.39
174,31.71,30.39
846,31.71,30.39
548,31.71,30.39
386,31.71,30.39
376,31.71,30.39
122,31.71,30.39
404,31.71,30.39
301,31.71,30.39
705,31.71,30.39
119,31.71,30.39
721,31.71,30.39
647,31.71,30.39
498,31.71,30.39
633,31.71,30.39
282,31.71,30.39
554,31.71,30.39
702,31.71,30.39
119,31.71,30.39
696,31.71,30.39
119,31.71,30.39
493,31.71,30.39
367,31.71,30.39
219,31.71,30.39
567,31.71,30.39
162,31.71,30.39
646,31.71,30.39
673,31.71,30.39
337,31.71,30.39
236,31.71,30.39
879,31.71,30.39
773,31.71,30.39
338,31.71,30.39
399,31.71,30.39
612,31.71,30.39
505,31.71,30.39
755,31.71,30.39
119,31.71,30.39
851,31.71,30.39
333,31.71,30.39
576,31.71,30.39
711,31.71,30.39
127,31.71,30.39
790,31.71,30.39
228,31.71,30.39
736,31.71,30.39
396,31.71,30.39
411,31.69,30.39
497,31.69,30.39
356,31.69,30.39
300,31.69,30.39
493,31.69,30.39
695,31.69,30.39
257,31.69,30.39
632,31.69,30.39
624,31.69,30.39
395,31.69,30.39
309,31.69,30.39
761,31.69,30.39
387,31.69,30.39
841,31.69,30.39
171,31.69,30.39
447,31.69,30.39
398,31.69,30.39
474,31.69,30.39
605,31.69,30.39
417,31.69,30.39
739,31.69,30.39
326,31.69,30.39
878,31.69,30.39
528,31.69,30.47
488,31.69,30.47
867,31.69,30.47
568,31.69,30.47
398,31.69,30.47
374,31.69,30.47
550,31.69,30.47
583,31.69,30.47
543,31.69,30.47
469,31.69,30.47
559,31.69,30.47
644,31.69,30.47
432,31.69,30.47
697,31.69,30.47
526,31.69,30.47
491,31.69,30.47
547,31.69,30.47
120,31.69,30.47
688,31.69,30.47
692,31.69,30.47
239,31.69,30.47
556,31.69,30.47
124,31.69,30.47
780,31.69,30.47
553,31.69,30.47
253,31.69,30.47
505,31.69,30.47
304,31.69,30.47
735,31.69,30.47
436,31.69,30.47
473,31.69,30.47
443,31.69,30.47
673,31.69,30.47
712,31.69,30.47
121,31.69,30.47
516,31.69,30.47
541,31.69,30.47
371,31.69,30.47
690,31.69,30.47
120,31.69,30.47
777,31.69,30.47
206,31.69,30.47
764,31.69,30.47
673,31.69,30.47
413,31.69,30.47
509,31.69,30.47
253,31.69,30.47
594,31.69,30.47
787,31.69,30.47
539,31.69,30.47
253,31.69,30.47
706,31.69,30.47
503,31.69,30.47
415,31.69,30.47
424,31.69,30.47
713,31.69,30.47
123,31.69,30.47
879,31.69,30.47
358,31.69,30.47
608,31.69,30.47
691,31.69,30.45
568,31.69,30.45
744,31.69,30.45
277,31.69,30.45
765,31.69,30.45
422,31.69,30.45
857,31.69,30.45
644,31.69,30.45
838,31.69,30.45
386,31.69,30.45
527,31.69,30.45
631,31.69,30.45
348,31.69,30.45
319,31.69,30.45
615,31.69,30.45
444,31.69,30.45
684,31.69,30.45
307,31.69,30.45
379,31.69,30.45
758,31.69,30.45
222,31.69,30.45
870,31.69,30.45
466,31.69,30.45
879,31.69,30.45
288,31.69,30.45
700,31.69,30.45
411,31.69,30.45
329,31.69,30.45
306,31.69,30.45
316,31.69,30.45
514,31.69,30.45
505,31.69,30.45
196,31.69,30.45
447,31.69,30.45
392,31.69,30.45
525,31.69,30.45
473,31.73,30.45
491,31.73,30.45
644,31.73,30.45
336,31.73,30.45
705,31.73,30.45
147,31.73,30.45
607,31.73,30.45
494,31.73,30.45
374,31.73,30.45
477,31.73,30.45
434,31.73,30.45
718,31.73,30.45
338,31.73,30.45
401,31.73,30.45
450,31.73,30.45
338,31.73,30.45
277,31.73,30.45
855,31.73,30.45
247,31.73,30.45
650,31.73,30.45
479,31.73,30.45
785,31.73,30.45
156,31.73,30.45
721,31.73,30.45
290,31.73,30.53
646,31.73,30.53
553,31.73,30.53
214,31.73,30.53
814,31.73,30.53
335,31.73,30.53
838,31.73,30.53
498,31.73,30.53
479,31.73,30.53
566,31.73,30.53
457,31.73,30.53
712,31.73,30.53
629,31.73,30.53
309,31.73,30.53
708,31.73,30.53
343,31.73,30.53
801,31.73,30.53
712,31.73,30.53
497,31.73,30.53
195,31.73,30.53
552,31.73,30.53
734,31.73,30.53
208,31.73,30.53
692,31.73,30.53
622,31.73,30.53
617,31.73,30.53
779,31.73,30.53
536,31.73,30.53
729,31.73,30.53
375,31.73,30.53
796,31.73,30.53
483,31.73,30.53
121,31.73,30.53
663,31.73,30.53
653,31.73,30.53
651,31.73,30.53
699,31.69,30.53
210,31.69,30.53
810,31.69,30.53
378,31.69,30.53
606,31.69,30.53
528,31.69,30.53
678,31.69,30.53
620,31.69,30.53
640,31.69,30.53
563,31.69,30.53
331,31.69,30.53
750,31.69,30.53
587,31.69,30.53
528,31.69,30.53
730,31.69,30.53
347,31.69,30.53
473,31.69,30.53
390,31.69,30.53
578,31.69,30.53
308,31.69,30.53
555,31.69,30.53
365,31.69,30.53
764,31.69,30.53
408,31.69,30.43
762,31.69,30.43
119,31.69,30.43
879,31.69,30.43
462,31.69,30.43
643,31.69,30.43
393,31.69,30.43
789,31.69,30.43
303,31.69,30.43
246,31.69,30.43
708,31.69,30.43
119,31.69,30.43
532,31.69,30.43
426,31.69,30.43
699,31.69,30.43
440,31.69,30.43
202,31.69,30.43
649,31.69,30.43
433,31.69,30.43
517,31.69,30.43
635,31.69,30.43
485,31.69,30.43
426,31.69,30.43
259,31.69,30.43
629,31.69,30.43
648,31.69,30.43
291,31.69,30.43
537,31.69,30.43
127,31.69,30.43
735,31.69,30.43
158,31.69,30.43
788,31.69,30.43
549,31.69,30.43
350,31.69,30.43
562,31.69,30.43
515,31.69,30.43
441,31.69,30.43
868,31.69,30.43
775,31.69,30.43
566,31.69,30.43
306,31.69,30.43
728,31.69,30.43
498,31.69,30.43
583,31.69,30.43
801,31.69,30.43
137,31.69,30.43
685,31.69,30.43
301,31.69,30.43
848,31.69,30.43
734,31.69,30.43
588,31.69,30.43
255,31.69,30.43
662,31.69,30.43
777,31.69,30.43
170,31.69,30.43
783,31.69,30.43
572,31.69,30.43
281,31.69,30.43
774,31.69,30.43
221,31.69,30.43
515,31.69,30.53
672,31.69,30.53
679,31.69,30.53
655,31.69,30.53
490,31.69,30.53
712,31.69,30.53
456,31.69,30.53
567,31.69,30.53
842,31.69,30.53
419,31.69,30.53
668,31.69,30.53
290,31.69,30.53
571,31.69,30.53
286,31.69,30.53
468,31.69,30.53
668,31.69,30.53
198,31.69,30.53
606,31.69,30.53
119,31.69,30.53
658,31.69,30.53
344,31.69,30.53
327,31.69,30.53
468,31.69,30.53
