493,31.81,30.63
492,31.81,30.63
407,31.81,30.63
700,31.81,30.63
275,31.81,30.63
773,31.81,30.63
548,31.81,30.63
506,31.81,30.63
257,31.81,30.63
474,31.81,30.63
450,31.81,30.63
476,31.81,30.63
324,31.81,30.63
465,31.81,30.63
738,31.81,30.63
284,31.81,30.63
625,31.81,30.63
621,31.81,30.63
483,31.81,30.63
781,31.81,30.63
776,31.81,30.63
341,31.81,30.63
577,31.81,30.63
452,31.81,30.63
364,31.81,30.63
464,31.81,30.63
371,31.81,30.63
649,31.81,30.63
207,31.81,30.63
627,31.81,30.63
413,31.81,30.63
475,31.81,30.63
253,31.81,30.63
502,31.81,30.63
749,31.81,30.63
502,31.81,30.63
635,31.81,30.63
533,31.81,30.45
639,31.81,30.45
509,31.81,30.45
613,31.81,30.45
559,31.81,30.45
664,31.81,30.45
349,31.81,30.45
797,31.81,30.45
118,31.81,30.45
788,31.81,30.45
279,31.81,30.45
699,31.81,30.45
282,31.81,30.45
620,31.81,30.45
656,31.81,30.45
364,31.81,30.45
458,31.81,30.45
408,31.81,30.45
531,31.81,30.45
323,31.81,30.45
426,31.81,30.45
535,31.81,30.45
628,31.81,30.45
375,31.81,30.45
571,31.81,30.45
299,31.81,30.45
455,31.81,30.45
466,31.81,30.45
688,31.81,30.45
627,31.81,30.45
267,31.81,30.45
555,31.81,30.45
459,31.81,30.45
603,31.81,30.45
251,31.81,30.45
754,31.81,30.45
250,31.79,30.45
560,31.79,30.45
562,31.79,30.45
262,31.79,30.45
497,31.79,30.45
844,31.79,30.45
118,31.79,30.45
538,31.79,30.45
485,31.79,30.45
233,31.79,30.45
615,31.79,30.45
315,31.79,30.45
374,31.79,30.45
532,31.79,30.45
742,31.79,30.45
122,31.79,30.45
735,31.79,30.45
442,31.79,30.45
337,31.79,30.45
655,31.79,30.45
239,31.79,30.45
501,31.79,30.45
582,31.79,30.45
378,31.79,30.57
614,31.79,30.57
630,31.79,30.57
405,31.79,30.57
597,31.79,30.57
479,31.79,30.57
568,31.79,30.57
707,31.79,30.57
713,31.79,30.57
273,31.79,30.57
511,31.79,30.57
615,31.79,30.57
443,31.79,30.57
690,31.79,30.57
202,31.79,30.57
283,31.79,30.57
600,31.79,30.57
501,31.79,30.57
442,31.79,30.57
489,31.79,30.57
704,31.79,30.57
522,31.79,30.57
618,31.79,30.57
492,31.79,30.57
548,31.79,30.57
362,31.79,30.57
550,31.79,30.57
524,31.79,30.57
598,31.79,30.57
319,31.79,30.57
879,31.79,30.57
551,31.79,30.57
499,31.79,30.57
274,31.79,30.57
721,31.79,30.57
483,31.79,30.57
654,31.83,30.57
408,31.83,30.57
479,31.83,30.57
603,31.83,30.57
346,31.83,30.57
622,31.83,30.57
118,31.83,30.57
586,31.83,30.57
419,31.83,30.57
629,31.83,30.57
369,31.83,30.57
495,31.83,30.57
124,31.83,30.57
569,31.83,30.57
159,31.83,30.57
636,31.83,30.57
519,31.83,30.57
285,31.83,30.57
241,31.83,30.57
560,31.83,30.57
477,31.83,30.57
348,31.83,30.57
878,31.83,30.57
354,31.83,30.57
803,31.83,30.63
394,31.83,30.63
533,31.83,30.63
459,31.83,30.63
483,31.83,30.63
417,31.83,30.63
121,31.83,30.63
558,31.83,30.63
119,31.83,30.63
653,31.83,30.63
610,31.83,30.63
534,31.83,30.63
269,31.83,30.63
595,31.83,30.63
492,31.83,30.63
606,31.83,30.63
279,31.83,30.63
552,31.83,30.63
314,31.83,30.63
593,31.83,30.63
477,31.83,30.63
334,31.83,30.63
849,31.83,30.63
249,31.83,30.63
793,31.83,30.63
178,31.83,30.63
573,31.83,30.63
695,31.83,30.63
516,31.83,30.63
530,31.83,30.63
733,31.83,30.63
594,31.83,30.63
538,31.83,30.63
477,31.83,30.63
543,31.83,30.63
550,31.83,30.63
310,31.81,30.63
750,31.81,30.63
432,31.81,30.63
749,31.81,30.63
350,31.81,30.63
759,31.81,30.63
239,31.81,30.63
441,31.81,30.63
451,31.81,30.63
139,31.81,30.63
659,31.81,30.63
568,31.81,30.63
839,31.81,30.63
411,31.81,30.63
471,31.81,30.63
482,31.81,30.63
687,31.81,30.63
473,31.81,30.63
485,31.81,30.63
323,31.81,30.63
605,31.81,30.63
245,31.81,30.63
415,31.81,30.63
530,31.81,30.63
532,31.81,30.63
609,31.81,30.63
258,31.81,30.63
525,31.81,30.63
177,31.81,30.63
677,31.81,30.63
305,31.81,30.63
558,31.81,30.63
343,31.81,30.63
626,31.81,30.63
336,31.81,30.63
547,31.81,30.63
500,31.81,30.63
204,31.81,30.63
124,31.81,30.63
705,31.81,30.63
262,31.81,30.63
593,31.81,30.63
657,31.81,30.63
196,31.81,30.63
489,31.81,30.63
364,31.81,30.63
677,31.81,30.63
228,31.81,30.63
579,31.81,30.63
363,31.81,30.63
474,31.81,30.63
437,31.81,30.63
708,31.81,30.63
536,31.81,30.63
195,31.81,30.63
432,31.81,30.63
788,31.81,30.63
435,31.81,30.63
654,31.81,30.63
480,31.79,30.63
636,31.79,30.63
502,31.79,30.63
522,31.79,30.63
568,31.79,30.63
649,31.79,30.63
760,31.79,30.63
710,31.79,30.63
563,31.79,30.63
823,31.79,30.63
592,31.79,30.63
808,31.79,30.63
269,31.79,30.63
607,31.79,30.63
381,31.79,30.63
372,31.79,30.63
684,31.79,30.63
399,31.79,30.63
707,31.79,30.63
497,31.79,30.63
621,31.79,30.63
751,31.79,30.63
666,31.79,30.63
706,31.79,30.63
831,31.79,30.67
244,31.79,30.67
629,31.79,30.67
379,31.79,30.67
794,31.79,30.67
445,31.79,30.67
502,31.79,30.67
376,31.79,30.67
518,31.79,30.67
448,31.79,30.67
298,31.79,30.67
730,31.79,30.67
121,31.79,30.67
809,31.79,30.67
297,31.79,30.67
811,31.79,30.67
368,31.79,30.67
621,31.79,30.67
393,31.79,30.67
407,31.79,30.67
264,31.79,30.67
707,31.79,30.67
119,31.79,30.67
449,31.79,30.67
468,31.79,30.67
438,31.79,30.67
564,31.79,30.67
216,31.79,30.67
707,31.79,30.67
285,31.79,30.67
654,31.79,30.67
117,31.79,30.67
660,31.79,30.67
319,31.79,30.67
297,31.79,30.67
608,31.79,30.67
285,31.79,30.67
386,31.79,30.67
312,31.79,30.67
221,31.79,30.67
344,31.79,30.67
602,31.79,30.67
359,31.79,30.67
417,31.79,30.67
315,31.79,30.67
598,31.79,30.67
454,31.79,30.67
748,31.79,30.67
194,31.79,30.67
485,31.79,30.67
526,31.79,30.67
227,31.79,30.67
669,31.79,30.67
305,31.79,30.67
805,31.79,30.67
277,31.79,30.67
796,31.79,30.67
447,31.79,30.67
737,31.79,30.67
350,31.79,30.53
553,31.79,30.53
435,31.79,30.53
378,31.79,30.53
429,31.79,30.53
620,31.79,30.53
680,31.79,30.53
760,31.79,30.53
685,31.79,30.53
477,31.79,30.53
830,31.79,30.53
174,31.79,30.53
771,31.79,30.53
213,31.79,30.53
787,31.79,30.53
825,31.79,30.53
625,31.79,30.53
453,31.79,30.53
505,31.79,30.53
302,31.79,30.53
643,31.79,30.53
751,31.79,30.53
474,31.79,30.53
597,31.79,30.53
176,31.79,30.53
598,31.79,30.53
470,31.79,30.53
736,31.79,30.53
634,31.79,30.53
847,31.79,30.53
292,31.79,30.53
647,31.79,30.53
879,31.79,30.53
184,31.79,30.53
638,31.79,30.53
429,31.79,30.53
554,31.81,30.53
501,31.81,30.53
701,31.81,30.53
507,31.81,30.53
410,31.81,30.53
551,31.81,30.53
330,31.81,30.53
572,31.81,30.53
640,31.81,30.53
656,31.81,30.53
724,31.81,30.53
120,31.81,30.53
369,31.81,30.53
631,31.81,30.53
366,31.81,30.53
655,31.81,30.53
120,31.81,30.53
878,31.81,30.53
373,31.81,30.53
510,31.81,30.53
847,31.81,30.53
409,31.81,30.53
361,31.81,30.53
614,31.81,30.53
483,31.81,30.57
120,31.81,30.57
402,31.81,30.57
428,31.81,30.57
463,31.81,30.57
346,31.81,30.57
125,31.81,30.57
416,31.81,30.57
755,31.81,30.57
177,31.81,30.57
855,31.81,30.57
222,31.81,30.57
629,31.81,30.57
638,31.81,30.57
572,31.81,30.57
637,31.81,30.57
120,31.81,30.57
604,31.81,30.57
549,31.81,30.57
631,31.81,30.57
432,31.81,30.57
385,31.81,30.57
335,31.81,30.57
279,31.81,30.57
