532,30.49,29.19
620,30.49,29.19
545,30.49,29.19
128,30.49,29.19
286,30.49,29.19
877,30.49,29.19
262,30.49,29.19
687,30.49,29.19
514,30.49,29.19
731,30.49,29.19
481,30.49,29.19
561,30.49,29.19
578,30.49,29.19
849,30.49,29.19
279,30.49,29.19
738,30.49,29.19
332,30.49,29.19
310,30.49,29.19
727,30.49,29.19
398,30.49,29.25
767,30.49,29.25
191,30.49,29.25
842,30.49,29.25
443,30.49,29.25
665,30.49,29.25
131,30.49,29.25
787,30.49,29.25
286,30.49,29.25
242,30.49,29.25
580,30.49,29.25
336,30.49,29.25
530,30.49,29.25
320,30.49,29.25
539,30.49,29.25
535,30.49,29.25
328,30.49,29.25
405,30.49,29.25
856,30.49,29.25
119,30.49,29.25
690,30.49,29.25
450,30.49,29.25
563,30.49,29.25
196,30.49,29.25
589,30.49,29.25
692,30.49,29.25
520,30.49,29.25
372,30.49,29.25
453,30.49,29.25
600,30.49,29.25
126,30.49,29.25
583,30.49,29.25
280,30.49,29.25
372,30.49,29.25
421,30.49,29.25
481,30.49,29.25
417,30.51,29.25
516,30.51,29.25
502,30.51,29.25
836,30.51,29.25
282,30.51,29.25
404,30.51,29.25
445,30.51,29.25
299,30.51,29.25
608,30.51,29.25
433,30.51,29.25
620,30.51,29.25
437,30.51,29.25
769,30.51,29.25
707,30.51,29.25
327,30.51,29.25
567,30.51,29.25
433,30.51,29.25
589,30.51,29.25
235,30.51,29.25
560,30.51,29.25
687,30.51,29.25
540,30.51,29.25
617,30.51,29.25
771,30.51,29.25
274,30.51,29.17
633,30.51,29.17
341,30.51,29.17
816,30.51,29.17
430,30.51,29.17
571,30.51,29.17
717,30.51,29.17
407,30.51,29.17
688,30.51,29.17
528,30.51,29.17
546,30.51,29.17
300,30.51,29.17
638,30.51,29.17
468,30.51,29.17
661,30.51,29.17
342,30.51,29.17
646,30.51,29.17
541,30.51,29.17
470,30.51,29.17
343,30.51,29.17
532,30.51,29.17
365,30.51,29.17
198,30.51,29.17
628,30.51,29.17
270,30.51,29.17
816,30.51,29.17
297,30.51,29.17
637,30.51,29.17
121,30.51,29.17
594,30.51,29.17
534,30.51,29.17
500,30.51,29.17
564,30.51,29.17
432,30.51,29.17
614,30.51,29.17
216,30.49,29.17
171,30.49,29.17
595,30.49,29.17
602,30.49,29.17
118,30.49,29.17
328,30.49,29.17
287,30.49,29.17
573,30.49,29.17
119,30.49,29.17
878,30.49,29.17
224,30.49,29.17
577,30.49,29.17
494,30.49,29.17
387,30.49,29.17
605,30.49,29.17
399,30.49,29.17
758,30.49,29.17
436,30.49,29.17
119,30.49,29.17
465,30.49,29.17
590,30.49,29.17
464,30.49,29.17
571,30.49,29.17
459,30.49,29.17
520,30.49,29.31
312,30.49,29.31
591,30.49,29.31
467,30.49,29.31
574,30.49,29.31
264,30.49,29.31
455,30.49,29.31
709,30.49,29.31
118,30.49,29.31
878,30.49,29.31
443,30.49,29.31
560,30.49,29.31
280,30.49,29.31
443,30.49,29.31
735,30.49,29.31
355,30.49,29.31
641,30.49,29.31
693,30.49,29.31
485,30.49,29.31
343,30.49,29.31
710,30.49,29.31
645,30.49,29.31
355,30.49,29.31
652,30.49,29.31
621,30.49,29.31
130,30.49,29.31
649,30.49,29.31
653,30.49,29.31
470,30.49,29.31
329,30.49,29.31
447,30.49,29.31
488,30.49,29.31
168,30.49,29.31
844,30.49,29.31
334,30.49,29.31
534,30.49,29.31
120,30.49,29.31
579,30.49,29.31
675,30.49,29.31
717,30.49,29.31
458,30.49,29.31
693,30.49,29.31
516,30.49,29.31
710,30.49,29.31
659,30.49,29.31
628,30.49,29.31
451,30.49,29.31
667,30.49,29.31
512,30.49,29.31
202,30.49,29.31
752,30.49,29.31
468,30.49,29.31
644,30.49,29.31
515,30.49,29.31
422,30.49,29.31
668,30.49,29.31
506,30.49,29.31
755,30.49,29.31
491,30.49,29.31
767,30.49,29.31
456,30.49,29.31
411,30.49,29.31
687,30.49,29.31
461,30.49,29.31
279,30.49,29.31
724,30.49,29.31
487,30.49,29.31
249,30.49,29.31
495,30.49,29.31
386,30.49,29.31
492,30.49,29.31
499,30.49,29.31
390,30.49,29.31
438,30.49,29.31
683,30.49,29.31
200,30.49,29.31
694,30.49,29.31
298,30.49,29.31
129,30.49,29.31
635,30.49,29.31
238,30.49,29.31
553,30.49,29.31
533,30.49,29.31
564,30.49,29.31
382,30.49,29.31
600,30.49,29.31
206,30.49,29.31
392,30.49,29.31
363,30.49,29.31
552,30.49,29.31
559,30.49,29.31
521,30.49,29.31
121,30.49,29.31
695,30.49,29.31
513,30.49,29.31
477,30.51,29.31
736,30.51,29.31
197,30.51,29.31
781,30.51,29.31
246,30.51,29.31
833,30.51,29.31
449,30.51,29.31
430,30.51,29.31
520,30.51,29.31
686,30.51,29.31
471,30.51,29.31
516,30.51,29.31
707,30.51,29.31
412,30.51,29.31
577,30.51,29.31
798,30.51,29.31
288,30.51,29.31
537,30.51,29.31
672,30.51,29.31
529,30.51,29.31
829,30.51,29.31
127,30.51,29.31
877,30.51,29.31
218,30.51,29.31
667,30.51,29.29
366,30.51,29.29
782,30.51,29.29
606,30.51,29.29
625,30.51,29.29
857,30.51,29.29
653,30.51,29.29
577,30.51,29.29
811,30.51,29.29
521,30.51,29.29
470,30.51,29.29
750,30.51,29.29
255,30.51,29.29
754,30.51,29.29
302,30.51,29.29
735,30.51,29.29
511,30.51,29.29
460,30.51,29.29
251,30.51,29.29
616,30.51,29.29
438,30.51,29.29
139,30.51,29.29
783,30.51,29.29
320,30.51,29.29
819,30.51,29.29
307,30.51,29.29
682,30.51,29.29
385,30.51,29.29
564,30.51,29.29
575,30.51,29.29
695,30.51,29.29
125,30.51,29.29
652,30.51,29.29
650,30.51,29.29
482,30.51,29.29
659,30.51,29.29
312,30.47,29.29
536,30.47,29.29
260,30.47,29.29
479,30.47,29.29
147,30.47,29.29
669,30.47,29.29
155,30.47,29.29
507,30.47,29.29
437,30.47,29.29
157,30.47,29.29
468,30.47,29.29
243,30.47,29.29
547,30.47,29.29
273,30.47,29.29
554,30.47,29.29
523,30.47,29.29
698,30.47,29.29
263,30.47,29.29
819,30.47,29.29
551,30.47,29.29
597,30.47,29.29
466,30.47,29.29
683,30.47,29.29
122,30.47,29.29
546,30.47,29.23
542,30.47,29.23
239,30.47,29.23
569,30.47,29.23
372,30.47,29.23
667,30.47,29.23
262,30.47,29.23
599,30.47,29.23
579,30.47,29.23
654,30.47,29.23
472,30.47,29.23
435,30.47,29.23
669,30.47,29.23
297,30.47,29.23
702,30.47,29.23
566,30.47,29.23
437,30.47,29.23
168,30.47,29.23
877,30.47,29.23
267,30.47,29.23
792,30.47,29.23
509,30.47,29.23
590,30.47,29.23
354,30.47,29.23
752,30.47,29.23
313,30.47,29.23
726,30.47,29.23
692,30.47,29.23
565,30.47,29.23
879,30.47,29.23
515,30.47,29.23
703,30.47,29.23
556,30.47,29.23
718,30.47,29.23
581,30.47,29.23
808,30.47,29.23
552,30.51,29.23
676,30.51,29.23
401,30.51,29.23
561,30.51,29.23
658,30.51,29.23
467,30.51,29.23
786,30.51,29.23
371,30.51,29.23
319,30.51,29.23
495,30.51,29.23
681,30.51,29.23
239,30.51,29.23
716,30.51,29.23
270,30.51,29.23
423,30.51,29.23
344,30.51,29.23
335,30.51,29.23
449,30.51,29.23
200,30.51,29.23
325,30.51,29.23
432,30.51,29.23
637,30.51,29.23
186,30.51,29.23
709,30.51,29.51
354,30.51,29.51
368,30.51,29.51
276,30.51,29.51
722,30.51,29.51
365,30.51,29.51
638,30.51,29.51
120,30.51,29.51
571,30.51,29.51
351,30.51,29.51
311,30.51,29.51
535,30.51,29.51
433,30.51,29.51
529,30.51,29.51
268,30.51,29.51
771,30.51,29.51
724,30.51,29.51
304,30.51,29.51
720,30.51,29.51
858,30.51,29.51
418,30.51,29.51
814,30.51,29.51
365,30.51,29.51
773,30.51,29.51
815,30.51,29.51
217,30.51,29.51
687,30.51,29.51
274,30.51,29.51
728,30.51,29.51
300,30.51,29.51
685,30.51,29.51
130,30.51,29.51
736,30.51,29.51
570,30.51,29.51
126,30.51,29.51
603,30.51,29.51
620,30.49,29.51
592,30.49,29.51
309,30.49,29.51
652,30.49,29.51
507,30.49,29.51
708,30.49,29.51
621,30.49,29.51
