270,31.29,30.03
659,31.29,30.03
120,31.29,30.03
364,31.29,30.03
817,31.29,30.03
677,31.29,30.03
217,31.29,30.03
454,31.29,30.03
364,31.29,30.03
470,31.29,30.03
395,31.29,30.03
458,31.29,30.03
699,31.29,30.03
357,31.29,30.03
313,31.29,30.03
352,31.29,30.03
588,31.29,30.03
123,31.29,30.03
775,31.29,30.03
609,31.29,30.03
526,31.29,30.03
473,31.29,30.03
591,31.27,30.03
580,31.27,30.03
272,31.27,30.03
412,31.27,30.03
484,31.27,30.03
636,31.27,30.03
279,31.27,30.03
825,31.27,30.03
199,31.27,30.03
459,31.27,30.03
267,31.27,30.03
785,31.27,30.03
350,31.27,30.03
675,31.27,30.03
578,31.27,30.03
763,31.27,30.03
509,31.27,30.03
365,31.27,30.03
639,31.27,30.03
400,31.27,30.03
732,31.27,30.03
481,31.27,30.03
652,31.27,30.03
303,31.27,30.03
702,31.27,30.03
363,31.27,30.03
809,31.27,30.03
424,31.27,30.03
662,31.27,30.03
361,31.27,30.03
616,31.27,30.03
690,31.27,30.03
439,31.27,30.03
679,31.27,30.03
317,31.27,30.03
741,31.27,30.03
398,31.27,30.03
783,31.27,30.03
580,31.27,30.03
879,31.27,30.03
618,31.27,30.03
692,31.27,30.03
568,31.27,30.03
486,31.27,30.03
610,31.27,30.03
536,31.27,30.03
351,31.27,30.03
348,31.27,30.03
395,31.27,30.03
405,31.27,30.03
761,31.27,30.03
179,31.27,30.03
671,31.27,30.03
285,31.27,30.03
654,31.27,30.03
591,31.27,30.03
745,31.27,30.03
620,31.27,30.03
294,31.27,30.03
673,31.27,30.03
120,31.27,30.03
415,31.27,30.03
561,31.27,30.03
463,31.27,30.03
376,31.27,30.03
194,31.27,30.03
350,31.27,30.03
541,31.27,30.03
449,31.27,30.03
614,31.27,30.03
161,31.27,30.03
568,31.27,30.03
336,31.27,30.03
729,31.27,30.03
694,31.27,30.03
120,31.27,30.03
729,31.27,30.03
120,31.27,30.03
315,31.27,30.03
499,31.27,30.03
710,31.27,30.03
595,31.27,30.03
289,31.27,30.03
820,31.27,30.11
121,31.27,30.11
529,31.27,30.11
610,31.27,30.11
685,31.27,30.11
494,31.27,30.11
227,31.27,30.11
572,31.27,30.11
816,31.27,30.11
200,31.27,30.11
793,31.27,30.11
120,31.27,30.11
762,31.27,30.11
650,31.27,30.11
659,31.27,30.11
724,31.27,30.11
120,31.27,30.11
795,31.27,30.11
648,31.27,30.11
687,31.27,30.11
388,31.27,30.11
878,31.27,30.11
457,31.27,30.11
357,31.27,30.11
539,31.27,30.11
463,31.27,30.11
497,31.27,30.11
722,31.27,30.11
348,31.27,30.11
500,31.27,30.11
120,31.27,30.11
561,31.27,30.11
696,31.27,30.11
276,31.27,30.11
649,31.27,30.11
220,31.27,30.11
622,31.23,30.11
525,31.23,30.11
615,31.23,30.11
626,31.23,30.11
225,31.23,30.11
560,31.23,30.11
326,31.23,30.11
491,31.23,30.11
493,31.23,30.11
565,31.23,30.11
691,31.23,30.11
123,31.23,30.11
354,31.23,30.11
436,31.23,30.11
566,31.23,30.11
477,31.23,30.11
209,31.23,30.11
796,31.23,30.11
219,31.23,30.11
361,31.23,30.11
595,31.23,30.11
192,31.23,30.11
561,31.23,30.11
278,31.23,30.11
745,31.23,30.03
309,31.23,30.03
596,31.23,30.03
511,31.23,30.03
433,31.23,30.03
405,31.23,30.03
474,31.23,30.03
605,31.23,30.03
687,31.23,30.03
432,31.23,30.03
699,31.23,30.03
541,31.23,30.03
489,31.23,30.03
384,31.23,30.03
523,31.23,30.03
617,31.23,30.03
119,31.23,30.03
878,31.23,30.03
119,31.23,30.03
859,31.23,30.03
491,31.23,30.03
449,31.23,30.03
378,31.23,30.03
312,31.23,30.03
595,31.23,30.03
583,31.23,30.03
124,31.23,30.03
552,31.23,30.03
865,31.23,30.03
432,31.23,30.03
220,31.23,30.03
562,31.23,30.03
402,31.23,30.03
120,31.23,30.03
765,31.23,30.03
328,31.23,30.03
757,31.29,30.03
385,31.29,30.03
510,31.29,30.03
388,31.29,30.03
252,31.29,30.03
778,31.29,30.03
274,31.29,30.03
349,31.29,30.03
725,31.29,30.03
689,31.29,30.03
731,31.29,30.03
528,31.29,30.03
391,31.29,30.03
650,31.29,30.03
693,31.29,30.03
127,31.29,30.03
663,31.29,30.03
375,31.29,30.03
565,31.29,30.03
615,31.29,30.03
587,31.29,30.03
453,31.29,30.03
810,31.29,30.03
181,31.29,29.93
715,31.29,29.93
309,31.29,29.93
877,31.29,29.93
581,31.29,29.93
371,31.29,29.93
879,31.29,29.93
527,31.29,29.93
795,31.29,29.93
648,31.29,29.93
612,31.29,29.93
541,31.29,29.93
536,31.29,29.93
359,31.29,29.93
336,31.29,29.93
485,31.29,29.93
444,31.29,29.93
694,31.29,29.93
693,31.29,29.93
438,31.29,29.93
678,31.29,29.93
816,31.29,29.93
402,31.29,29.93
851,31.29,29.93
208,31.29,29.93
765,31.29,29.93
121,31.29,29.93
693,31.29,29.93
458,31.29,29.93
119,31.29,29.93
613,31.29,29.93
355,31.29,29.93
785,31.29,29.93
312,31.29,29.93
768,31.29,29.93
492,31.29,29.93
647,31.27,29.93
738,31.27,29.93
519,31.27,29.93
443,31.27,29.93
549,31.27,29.93
352,31.27,29.93
619,31.27,29.93
120,31.27,29.93
495,31.27,29.93
594,31.27,29.93
716,31.27,29.93
525,31.27,29.93
257,31.27,29.93
718,31.27,29.93
123,31.27,29.93
879,31.27,29.93
763,31.27,29.93
273,31.27,29.93
521,31.27,29.93
362,31.27,29.93
289,31.27,29.93
794,31.27,29.93
558,31.27,29.93
311,31.27,29.93
483,31.27,29.93
628,31.27,29.93
252,31.27,29.93
457,31.27,29.93
739,31.27,29.93
236,31.27,29.93
879,31.27,29.93
119,31.27,29.93
558,31.27,29.93
644,31.27,29.93
526,31.27,29.93
409,31.27,29.93
330,31.27,29.93
593,31.27,29.93
400,31.27,29.93
686,31.27,29.93
553,31.27,29.93
566,31.27,29.93
461,31.27,29.93
452,31.27,29.93
392,31.27,29.93
412,31.27,29.93
501,31.27,29.93
761,31.27,29.93
264,31.27,29.93
645,31.27,29.93
638,31.27,29.93
714,31.27,29.93
616,31.27,29.93
425,31.27,29.93
878,31.27,29.93
131,31.27,29.93
614,31.27,29.93
656,31.27,29.93
771,31.27,29.93
603,31.23,29.93
371,31.23,29.93
588,31.23,29.93
477,31.23,29.93
270,31.23,29.93
811,31.23,29.93
153,31.23,29.93
612,31.23,29.93
161,31.23,29.93
671,31.23,29.93
635,31.23,29.93
265,31.23,29.93
335,31.23,29.93
267,31.23,29.93
515,31.23,29.93
212,31.23,29.93
561,31.23,29.93
444,31.23,29.93
124,31.23,29.93
642,31.23,29.93
317,31.23,29.93
521,31.23,29.93
532,31.23,29.93
149,31.23,29.93
512,31.23,29.97
400,31.23,29.97
470,31.23,29.97
875,31.23,29.97
336,31.23,29.97
877,31.23,29.97
683,31.23,29.97
617,31.23,29.97
119,31.23,29.97
703,31.23,29.97
123,31.23,29.97
497,31.23,29.97
693,31.23,29.97
120,31.23,29.97
656,31.23,29.97
121,31.23,29.97
764,31.23,29.97
508,31.23,29.97
317,31.23,29.97
530,31.23,29.97
553,31.23,29.97
531,31.23,29.97
878,31.23,29.97
258,31.23,29.97
781,31.23,29.97
279,31.23,29.97
741,31.23,29.97
818,31.23,29.97
535,31.23,29.97
527,31.23,29.97
569,31.23,29.97
849,31.23,29.97
235,31.23,29.97
868,31.23,29.97
286,31.23,29.97
634,31.23,29.97
676,31.27,29.97
514,31.27,29.97
673,31.27,29.97
329,31.27,29.97
858,31.27,29.97
751,31.27,29.97
429,31.27,29.97
618,31.27,29.97
340,31.27,29.97
554,31.27,29.97
733,31.27,29.97
351,31.27,29.97
541,31.27,29.97
227,31.27,29.97
546,31.27,29.97
377,31.27,29.97
355,31.27,29.97
458,31.27,29.97
601,31.27,29.97
827,31.27,29.97
119,31.27,29.97
719,31.27,29.97
326,31.27,29.97
569,31.27,30.25
218,31.27,30.25
422,31.27,30.25
642,31.27,30.25
119,31.27,30.25
511,31.27,30.25
608,31.27,30.25
373,31.27,30.25
231,31.27,30.25
526,31.27,30.25
482,31.27,30.25
678,31.27,30.25
126,31.27,30.25
879,31.27,30.25
120,31.27,30.25
804,31.27,30.25
266,31.27,30.25
